tree
version=v4
num_class=1
num_tree_per_iteration=1
label_index=0
max_feature_idx=44
objective=binary sigmoid:1
feature_names=age_group gender month season day_of_year_sin day_of_year_cos weather_code_current temperature_mean_current temperature_max_current temperature_min_current humidity_mean_current humidity_max_current humidity_min_current wind_speed_mean_current wind_speed_max_current precipitation_sum_current rain_sum_current wind_gust_max_current rain_day_current temperature_mean_3d temperature_max_3d temperature_min_3d humidity_mean_3d humidity_max_3d humidity_min_3d wind_speed_mean_3d wind_speed_max_3d precipitation_sum_3d rain_sum_3d rain_days_3d rain_max_daily_3d wind_gust_max_3d temperature_mean_7d temperature_max_7d temperature_min_7d humidity_mean_7d humidity_max_7d humidity_min_7d wind_speed_mean_7d wind_speed_max_7d precipitation_sum_7d rain_sum_7d rain_days_7d rain_max_daily_7d wind_gust_max_7d
feature_infos=-1:0:1:2:3:4:5 -1:0:1 [1:12] -1:1:0 [-0.99999942202469239:0.99998555065071859] [-0.99997919295908244:0.9999907524084426] [0:61] [23.658332999999999:32.533332999999999] [25.899999999999999:39.200000000000003] [17.899999999999999:29.300000000000001] [48.958333000000003:91.625] [63:100] [23:86] [2.8541669999999999:19.695833] [6.4000000000000004:30.100000000000001] [0:63.100000000000001] [0:63.100000000000001] [14:56.899999999999999] [0:1] [23.766667000000002:32.427778000000004] [27.699999999999999:39.200000000000003] [17.899999999999999:28.100000000000001] [52.569443999999997:90.694444000000004] [73:100] [23:79] [4.125:17.329167000000002] [9.6999999999999993:30.100000000000001] [0:93.900000000000006] [0:93.900000000000006] [0:3] [0:63.100000000000001] [17.300000000000001:56.899999999999999] [24.365476000000001:32.235118999999997] [28.699999999999999:39.200000000000003] [17.899999999999999:27.5] [55.767856999999999:89.523809999999997] [77:100] [23:72] [4.5327380000000002:15.469643] [11.6:30.100000000000001] [0:163.90000000000001] [0:163.90000000000001] [0:7] [0:63.100000000000001] [23:56.899999999999999]
tree_sizes=1666 1696 1718 1719 1687 1719 1755 1705 1481 1684 1476

Tree=0
num_leaves=15
num_cat=4
split_feature=0 1 2 19 36 0 32 5 38 34 5 19 1 4
split_gain=486.462 297.504 308.119 116.519 78.2504 63.5144 85.6408 40.6915 54.7309 52.132 28.7816 17.679 10.8624 17.9039
threshold=0 1 5.5000000000000009 26.709722000000003 95.500000000000014 2 29.350893000000003 -0.7444366621422277 10.886607000000003 23.850000000000005 -0.61236746317008228 30.675694500000002 3 0.78325454425165997
decision_type=1 1 2 2 2 1 2 2 2 2 2 2 1 2
left_child=1 7 4 -4 -3 6 10 9 -9 -1 -2 -8 -7 -14
right_child=5 2 3 -5 -6 12 11 8 -10 -11 -12 -13 13 -15
leaf_value=-2.4162779392108398 -2.6197008382806035 -2.6103549558385635 -2.4917022853012831 -2.3651361584751052 -2.5059528154112276 -2.6331024778913461 -2.4725242597888339 -2.6092774949121469 -2.5213728664277149 -2.5622261589938846 -2.5858745704242159 -2.5619447929863357 -2.6231775276930671 -2.5831011819105085
leaf_weight=6.6149144098162642 93.787697374820709 33.795008271932602 31.830182209610939 49.513616770505905 36.283787950873375 151.29160679876804 16.111573711037639 92.215836524963379 20.892650462687016 32.747101038694382 188.23033677041531 8.8417172804474813 116.12122028321028 36.807741567492485
leaf_count=101 1432 516 486 756 554 2310 246 1408 319 500 2874 135 1773 562
internal_value=-2.58029 -2.52964 -2.4786 -2.41299 -2.55602 -2.60591 -2.58898 -2.57739 -2.59267 -2.53426 -2.59723 -2.50231 -2.62206 -2.61362
internal_weight=915.085 303.893 151.423 81.3438 70.0788 611.192 306.971 152.471 113.108 39.362 282.018 24.9533 304.221 152.929
internal_count=13972 4640 2312 1242 1070 9332 4687 2328 1727 601 4306 381 4645 2335
cat_boundaries=0 1 2 3 4
cat_threshold=6 1 9 1
is_linear=0
shrinkage=1


Tree=1
num_leaves=15
num_cat=5
split_feature=0 1 36 0 0 33 5 34 38 5 19 39 1 4
split_gain=441.948 245.861 235.953 99.0914 60.9538 76.5482 45.9282 58.602 52.3506 29.7522 21.7305 18.1295 14.0018 17.1167
threshold=0 1 95.500000000000014 2 3 36.850000000000001 -0.7444366621422277 23.850000000000005 10.886607000000003 -0.61236746317008228 30.604166500000002 24.450000000000003 4 0.78325454425165997
decision_type=1 1 2 1 1 2 2 2 2 2 2 2 1 2
left_child=1 6 11 -4 5 9 7 -1 -8 -2 -7 -3 -6 -14
right_child=4 2 3 -5 12 10 8 -9 -10 -11 -12 -13 13 -15
leaf_value=0.16506941925615637 -0.038367170699107445 -0.047474759340213057 0.16314977852040935 0.046210796186589402 -0.053229520769938969 0.11835655385566334 -0.030844675964520785 0.017333314870712629 0.055271939681679809 -0.0039812217079749261 0.018023314734684624 0.026984388315177989 -0.040572014711866299 -0.00085149763681112835
leaf_weight=7.4473424255847922 94.043120041489601 23.757865339517593 65.306262321770191 64.049470536410809 146.54066915810108 12.938257455825807 88.93675085157156 34.171487614512444 20.996803566813469 186.84890531748533 9.4846926480531675 11.4174712523818 110.33300182968378 35.9156284481287
leaf_count=99 1480 372 887 871 2343 184 1393 514 305 2863 142 173 1749 550
internal_value=0.000618947 0.0474586 0.0910835 0.122108 -0.0246378 -0.00813118 0.00292209 0.0470223 -0.0140468 -0.015589 0.0784979 -0.0232284 -0.0408242 -0.0308895
internal_weight=912.188 316.083 164.531 129.356 596.104 303.315 151.552 41.6188 109.934 280.892 22.423 35.1753 292.789 146.249
internal_count=13925 4614 2303 1758 9311 4669 2311 613 1698 4343 326 545 4642 2299
cat_boundaries=0 1 2 3 4 5
cat_threshold=6 1 2 9 1
is_linear=0
shrinkage=0.05


Tree=2
num_leaves=15
num_cat=4
split_feature=0 1 23 44 0 32 5 32 34 5 33 39 1 14
split_gain=394.617 196.086 173.481 66.5117 52.7154 64.9843 37.8655 50.0872 39.4028 22.7933 19.6239 16.7225 13.0361 11.7016
threshold=0 1 94.500000000000014 45.20000000000001 2 29.217262000000002 -0.7444366621422277 28.479464000000004 23.850000000000005 -0.61236746317008228 35.900000000000006 25.250000000000004 3 17.050000000000004
decision_type=1 1 2 2 1 2 2 2 2 2 2 2 1 2
left_child=1 6 11 -4 5 9 8 -8 -1 -2 -7 -3 -6 -14
right_child=4 2 3 -5 12 10 7 -9 -10 -11 -12 -13 13 -15
leaf_value=0.12780231562022445 -0.039235258990649335 -0.019911752838867491 0.12004771227783495 0.0078113641900362648 -0.053024612336264022 -0.042928547427421304 -0.033965427585770085 0.040502166137866356 0.015108942412808296 -0.0081667279436555603 0.067541715822402884 0.057375808254663679 -0.043749397753532683 -0.015046729834933182
leaf_weight=9.1344025433063489 86.848594151437283 37.325095385313034 117.94481900334358 15.010389678180216 138.84020503610373 3.9226687029004088 80.583359755575657 30.283724226057529 34.547107696533203 182.23648702353239 30.228158473968506 7.5709989070892325 81.183185048401356 65.244255684316158
leaf_count=106 1419 561 1471 184 2325 59 1282 452 512 2804 419 113 1320 1044
internal_value=-0.000641534 0.0421115 0.0790196 0.107529 -0.0251083 -0.0096912 0.00211075 -0.0134441 0.0410076 -0.0183024 0.0539925 -0.00591231 -0.0405282 -0.031149
internal_weight=920.903 332.4 177.851 132.955 588.504 303.236 154.549 110.867 43.6815 269.085 34.1508 44.8961 285.268 146.427
internal_count=14071 4681 2329 1655 9390 4701 2352 1734 618 4223 478 674 4689 2364
cat_boundaries=0 1 2 3 4
cat_threshold=6 1 9 1
is_linear=0
shrinkage=0.05


Tree=3
num_leaves=15
num_cat=4
split_feature=0 1 36 39 0 32 2 38 39 33 2 1 4 44
split_gain=355.3 146.958 145.624 63.9192 55.6571 55.8296 30.9597 25.0421 17.4223 15.9539 15.018 11.2558 16.9688 8.8103
threshold=0 1 95.500000000000014 18.650000000000002 2 29.248512000000002 8.5000000000000018 6.2892860000000015 24.450000000000003 36.750000000000007 4.5000000000000009 3 0.79383249484937135 32.600000000000001
decision_type=1 1 2 2 1 2 2 2 2 2 2 1 2 2
left_child=1 6 8 -4 5 10 7 -1 -3 -7 -2 -6 -13 -8
right_child=4 2 3 -5 11 9 13 -9 -10 -11 -12 12 -14 -15
leaf_value=0.096528139860344836 -0.00040542578060822493 -0.047089139502417492 0.049159021678106277 0.11565250325527195 -0.052831646654100395 -0.0072979778536443373 -0.00012508515476702327 0.0094773696560534818 0.024433243088339045 0.070079987941918914 -0.025318247549929403 -0.041748372041874718 -0.0013986516838502866 -0.051474498258037474
leaf_weight=7.9812838062643996 91.893027849495411 22.989494509994984 62.170716792345047 94.049267202615738 132.42778853699565 8.7083603739738447 12.192115642130373 107.76158135011792 12.422329053282736 25.092106260359287 176.22175820171833 106.82503128051758 34.452575445175171 25.564284197986126
leaf_count=115 1422 378 712 1084 2323 126 202 1599 179 324 2852 1805 539 420
internal_value=-0.000588171 0.0388202 0.069025 0.0896711 -0.0244915 -0.0088424 0.00342194 0.0162556 -0.0220174 0.0505075 -0.0168129 -0.040745 -0.0319875 -0.0353241
internal_weight=920.752 345.131 191.632 156.22 575.621 301.915 153.499 115.743 35.4118 33.8005 268.115 273.705 141.278 37.7564
internal_count=14080 4689 2353 1796 9391 4724 2336 1714 557 450 4274 4667 2344 622
cat_boundaries=0 1 2 3 4
cat_threshold=6 1 9 1
is_linear=0
shrinkage=0.05


Tree=4
num_leaves=15
num_cat=6
split_feature=0 1 36 0 0 32 33 38 5 33 22 5 1 0
split_gain=313.151 135.182 121.517 72.7584 54.2948 61.1469 35.0455 26.9211 23.4711 21.3148 21.049 15.3001 13.3574 19.4212
threshold=0 1 95.500000000000014 2 3 29.144940500000001 32.550000000000004 6.2892860000000015 -0.52765736634565841 35.900000000000006 84.270833500000023 -0.75013812021657655 4 5
decision_type=1 1 2 1 1 2 2 2 2 2 2 2 1 1
left_child=1 6 10 -4 5 8 11 -8 -2 -7 -3 -1 -6 -14
right_child=4 2 3 -5 12 9 7 -9 -10 -11 -12 -13 13 -15
leaf_value=0.0091425921705535606 -0.037475956933158798 -0.029996411476284898 0.11168391597196103 0.030542698186477063 -0.052650837193046189 -0.043853454646220646 0.11233186668012879 0.014648895580631569 -0.0058408639413750144 0.064960401245989924 0.13106740584216922 -0.039829008880170068 -0.0055436207170229098 -0.045933857995006155
leaf_weight=23.382767952978611 87.619049586355686 33.047838293015957 86.483931206166744 78.583414748311043 127.32633747160435 4.4786240421235552 6.8097380921244612 78.520045906305313 174.66455578804016 32.845752507448196 1.1755381524562825 47.095760341733694 68.214293405413628 68.127616532146931
leaf_count=311 1505 534 884 882 2340 71 90 1174 2736 412 14 789 1163 1161
internal_value=1.93772e-05 0.0361564 0.0643431 0.082036 -0.0230185 -0.00769053 0.0022287 0.0236554 -0.0165112 0.0511 -0.0209001 -0.023681 -0.0394303 -0.0296615
internal_weight=918.375 355.099 199.291 165.067 563.276 299.608 155.808 85.3298 262.284 37.3244 34.2234 70.4785 263.668 136.342
internal_count=14066 4678 2314 1766 9388 4724 2364 1264 4241 483 548 1100 4664 2324
cat_boundaries=0 1 2 3 4 5 6
cat_threshold=6 1 2 9 1 32
is_linear=0
shrinkage=0.05


Tree=5
num_leaves=15
num_cat=4
split_feature=0 1 22 4 0 33 5 32 36 5 39 19 1 4
split_gain=287.207 108.717 107.202 67.2996 51.6197 52.6204 32.3377 44.1747 31.3537 29.1142 28.9238 25.6378 12.5238 22.5148
threshold=0 1 79.868055500000011 -0.98523971305672664 2 37.100000000000009 -0.75581183015052977 28.374107000000006 95.500000000000014 -0.59867820553660911 24.650000000000002 30.675694500000002 3 0.78325454425165997
decision_type=1 1 2 2 1 2 2 2 2 2 2 2 1 2
left_child=1 6 8 -4 5 9 10 -8 -3 -2 -1 -7 -6 -14
right_child=4 2 3 -5 12 11 7 -9 -10 -11 -12 -13 13 -15
leaf_value=0.057950805310172486 -0.038573082364509292 -0.028496950867371303 -0.034250816355106677 0.094032032185947759 -0.052473316994916967 0.10674608527082348 -0.032748374186600003 0.035136939233066787 0.036694961457592226 -0.003370427414114491 -0.038718618432099491 0.0040832828493277571 -0.041656884353688917 0.0053632049526827069
leaf_weight=35.844456061720848 84.614985890686512 31.212403364479542 10.621073864400385 126.24168586730957 120.94344099238515 12.88407449424267 76.466383740305901 33.761001959443092 42.250926345586777 187.7750543281436 9.0392257869243604 10.967590920627115 99.312907077372074 33.835749212652445
leaf_count=463 1497 523 108 1254 2329 140 1276 479 452 2930 130 137 1781 542
internal_value=-0.000143504 0.0336493 0.0579006 0.0839006 -0.0228 -0.00783666 0.00276059 -0.0118271 0.00898611 -0.0144068 0.0380628 0.061603 -0.0391964 -0.0297572
internal_weight=915.771 365.437 210.326 136.863 550.334 296.242 155.111 110.227 73.4633 272.39 44.8837 23.8517 254.092 133.149
internal_count=14041 4685 2337 1362 9356 4704 2348 1755 975 4427 593 277 4652 2323
cat_boundaries=0 1 2 3 4
cat_threshold=6 1 9 1
is_linear=0
shrinkage=0.05


Tree=6
num_leaves=15
num_cat=1
split_feature=1 4 31 5 44 32 38 22 35 2 37 34 39 39
split_gain=88.0478 48.6358 47.2241 57.7444 50.1534 26.1547 23.7873 36.7081 19.9491 22.9702 14.2576 13.9559 10.3149 27.5292
threshold=0 0.97508442350096225 35.100000000000001 -0.23537842981696172 45.20000000000001 26.779762000000002 6.2892860000000015 71.208333500000009 61.232142500000009 4.5000000000000009 25.500000000000004 22.350000000000005 25.100000000000005 22.850000000000005
decision_type=1 2 2 2 2 2 2 2 2 2 2 2 2 2
left_child=1 6 8 4 -4 -5 7 -1 10 -10 -2 -8 13 -3
right_child=2 12 3 5 -6 -7 11 -9 9 -11 -12 -13 -14 -15
leaf_value=0.127705875993783 -0.033870742088090426 0.054702330132988954 0.072492245590802404 -0.037131328721567235 0.0012824901816966309 0.017967398890976014 -0.049123721172137327 -0.0055680592994863526 -0.025128207985630091 0.0070531657764492054 0.11255387503593989 -0.022326140639840383 0.076987005949314083 -0.048461982156396514
leaf_weight=4.8116984069347373 1.7311797477304924 17.455918483436111 91.107516828924417 27.991009503602982 33.849994741380215 82.853994656354189 59.750018984079361 45.942040577530861 79.53129655122757 177.11944339051843 5.3291887976229191 269.88397009298205 10.438609756529329 9.0325082018971425
leaf_count=79 29 275 1251 401 480 1224 1044 782 1153 2434 82 4560 147 142
internal_value=-0.000155511 -0.0170858 0.0139946 0.0302021 0.0533654 0.00384607 -0.0224214 0.00929038 -0.00055696 -0.00297807 0.0769031 -0.0273174 0.0370187 0.0190402
internal_weight=916.828 417.315 499.514 235.803 124.958 110.845 380.388 50.7537 263.711 256.651 7.06037 329.634 36.927 26.4884
internal_count=14083 7029 7054 3356 1731 1625 6465 861 3698 3587 111 5604 564 417
cat_boundaries=0 1
cat_threshold=1
is_linear=0
shrinkage=0.05


Tree=7
num_leaves=15
num_cat=5
split_feature=0 1 22 44 0 32 36 5 4 5 33 1 0 44
split_gain=250.174 73.9088 86.4309 54.375 52.2224 52.718 28.2701 25.6708 25.3932 24.2314 13.7837 12.2671 17.8308 11.7902
threshold=0 1 79.625000000000014 45.20000000000001 2 29.217262000000002 95.500000000000014 0.64414586362404946 -0.9354548908432756 -0.61236746317008228 35.900000000000006 3 4 31.150000000000002
decision_type=1 1 2 2 1 2 2 2 2 2 2 1 1 2
left_child=1 7 6 -4 5 9 -3 8 -1 -2 -7 -6 -13 -9
right_child=4 2 3 -5 11 10 -8 13 -10 -11 -12 12 -14 -15
leaf_value=-0.049101244378855269 -0.038837503635779466 -0.030960620472470599 0.083475287282269814 -0.0054390348252793402 -0.052253648056876184 -0.041371792805227348 0.031127464247872827 0.010464705244438259 0.023936652023513329 -0.005246434803100504 0.054433936947680762 -0.0061206731940806648 -0.045503696442541992 -0.051194152605107929
leaf_weight=12.46160804107785 76.53328562527895 30.363870032131672 128.66263135522604 19.687531195580959 113.70979591086507 3.4408884942531577 43.173308253288269 10.780066695064304 105.19075358659029 175.83443282917142 36.783612936735153 68.20266442745924 65.376735661178827 24.142493557184935
leaf_count=231 1408 516 1173 196 2331 58 448 180 1509 2799 418 1184 1177 418
internal_value=-0.000205507 0.0306958 0.0498685 0.0717181 -0.0218199 -0.00680507 0.00541955 0.0046687 0.0158519 -0.0155464 0.0454337 -0.038539 -0.0294265 -0.0323995
internal_weight=914.344 374.462 221.887 148.35 539.881 292.592 73.5372 152.575 117.652 252.368 40.2245 247.289 133.579 34.9226
internal_count=14046 4671 2333 1369 9375 4683 964 2338 1740 4207 476 4692 2361 598
cat_boundaries=0 1 2 3 4 5
cat_threshold=6 1 9 1 32
is_linear=0
shrinkage=0.05


Tree=8
num_leaves=13
num_cat=5
split_feature=0 0 1 30 4 38 0 38 1 5 4 32
split_gain=216.85 70.5148 106.457 63.9351 39.177 28.5119 25.176 31.3036 35.25 23.1306 17.0745 11.8184
threshold=0 1 2 1.0500000000000003 0.96904697354198299 5.2648805000000012 3 10.114881000000002 4 0.95936279103287792 -0.96235977360714686 29.851785500000002
decision_type=1 1 1 2 2 2 1 2 1 2 2 2
left_child=1 2 4 -4 -1 10 7 11 -9 -7 -3 -2
right_child=6 5 3 -5 -6 9 -8 8 -10 -11 -12 -13
leaf_value=-0.01308531513899982 -0.030963951737495235 -0.014642973760731721 0.0028340013367300094 0.092847850526793368 0.098619906199240839 0.0075778784873088319 -0.048261592859364232 -0.027198914573045879 0.040966696960181841 -0.043549407266100834 0.1671727605620007 0.056170516764594038
leaf_weight=68.852037470787764 190.43956021592021 1.6318322643637655 24.815133187919855 96.439265854656696 7.842877183109521 303.74074134230614 116.63426746428013 35.067848235368729 39.070950325578451 22.860087316483259 3.290264055132865 3.0894630663096896
leaf_count=1066 3447 24 315 842 104 4307 2335 609 602 337 42 41
internal_value=-0.00018603 0.0204027 0.0434471 0.0746001 -0.000539961 0.00568976 -0.0283259 -0.0180769 0.00879131 0.00387727 0.114601 -0.0292914
internal_weight=913.774 529.472 197.949 121.254 76.6949 331.523 384.302 267.668 74.1388 326.601 4.9221 193.529
internal_count=14071 7037 2327 1157 1170 4710 7034 4699 1211 4644 66 3488
cat_boundaries=0 1 2 3 4 5
cat_threshold=7 2 1 40 1
is_linear=0
shrinkage=0.05


Tree=9
num_leaves=15
num_cat=6
split_feature=0 1 2 4 0 32 5 32 0 36 37 33 1 0
split_gain=228.643 71.6989 75.7353 52.5696 44.3814 39.0439 28.6568 33.159 30.7356 26.226 19.3354 11.7546 11.4545 14.8955
threshold=0 1 5.5000000000000009 -0.98523971305672664 2 29.217262000000002 -0.7444366621422277 28.335714500000005 3 95.500000000000014 68.500000000000014 35.900000000000006 4 5
decision_type=1 1 2 2 1 2 2 2 1 2 2 2 1 1
left_child=1 6 9 -4 5 10 8 -8 -1 -3 -2 -7 -6 -14
right_child=4 2 3 -5 12 11 7 -9 -10 -11 -12 -13 13 -15
leaf_value=0.0591182786762878 -0.018926351461235433 -0.02815059712708326 -0.03562668271555864 0.074682615479977607 -0.051979329378319887 -0.041625808195047437 -0.032206117588763662 0.026405033631459504 -0.013845050946976179 0.028317829598352391 0.044188541814872882 0.044965663312603703 -0.007006222793229766 -0.044666890887199939
leaf_weight=24.982154861092567 234.18494142219424 30.859716907143593 11.098226100206373 143.34128030389547 104.58014263957739 3.5840123221278182 70.561580635607243 35.511771861463785 23.258135706186295 57.159110270440578 11.8635634817183 37.226600125432014 66.540663339197636 59.860162924975157
leaf_count=317 3982 528 107 1196 2328 63 1258 475 302 549 210 403 1173 1172
internal_value=-0.000152848 0.027984 0.0455882 0.0665774 -0.0218422 -0.00790541 0.00201059 -0.0125206 0.033568 0.00842597 -0.0157166 0.0365474 -0.0380045 -0.0291079
internal_weight=914.612 396.772 242.458 154.44 517.84 286.859 154.314 106.073 48.2403 88.0188 246.049 40.8106 230.981 126.401
internal_count=14063 4732 2380 1303 9331 4658 2352 1733 619 1077 4192 466 4673 2345
cat_boundaries=0 1 2 3 4 5 6
cat_threshold=6 1 9 4 1 32
is_linear=0
shrinkage=0.05


Tree=10
num_leaves=13
num_cat=5
split_feature=0 0 1 19 4 38 34 8 1 0 44 4
split_gain=191.799 69.2099 94.4913 44.4068 31.6152 30.5587 24.3268 22.1054 19.7998 18.6544 23.7593 8.30335
threshold=0 1 2 29.302777500000005 0.98372640911059162 5.2648805000000012 26.550000000000004 33.750000000000007 3 4 44.45000000000001 -0.95244167294248061
decision_type=1 1 1 2 2 2 2 2 1 1 2 2
left_child=1 2 4 -4 -1 11 9 -7 -8 10 -2 -3
right_child=6 5 3 -5 -6 7 8 -9 -10 -11 -12 -13
leaf_value=-0.012082438146426773 -0.026430787776450634 0.0183654830619021 0.075371038811394037 -0.038777753108897521 0.094543211810793115 -0.0047582260605909497 -0.036405923157231741 0.025494589157388805 0.14206673408080128 -0.047563873734475522 0.016635840298881821 0.15971366363427644
leaf_weight=69.690267439931631 217.28372771665454 1.8005868121981619 126.00730360299349 8.5375149808824045 6.7105976715683928 251.6852998919785 2.0545940622687331 78.352937087416649 2.8295654319226742 104.85987412929535 36.831384643912315 2.9560215063393107
leaf_count=1102 3967 25 1065 118 79 3549 35 1087 37 2291 656 33
internal_value=0.000399467 0.0190065 0.0409006 0.0678951 -0.0016166 0.0043494 -0.0272581 0.00247928 0.0735617 -0.0295876 -0.019388 0.118692
internal_weight=909.6 545.741 210.946 134.545 76.4009 334.795 363.859 330.038 4.88416 358.975 254.115 4.75661
internal_count=14044 7058 2364 1183 1181 4694 6986 4636 72 6914 4623 58
cat_boundaries=0 1 2 3 4 5
cat_threshold=7 2 1 1 40
is_linear=0
shrinkage=0.05


end of trees

feature_importances:
age_group=28
gender=21
day_of_year_cos=15
day_of_year_sin=12
temperature_mean_7d=11
temperature_max_7d=8
wind_speed_mean_7d=8
humidity_max_7d=7
wind_speed_max_7d=7
wind_gust_max_7d=6
month=5
temperature_mean_3d=5
temperature_min_7d=5
humidity_mean_3d=4
humidity_min_7d=2
temperature_max_current=1
wind_speed_max_current=1
humidity_max_3d=1
rain_max_daily_3d=1
wind_gust_max_3d=1
humidity_mean_7d=1

parameters:
[boosting: gbdt]
[objective: binary]
[metric: binary_logloss]
[tree_learner: serial]
[device_type: cpu]
[data_sample_strategy: bagging]
[data: ]
[valid: ]
[num_iterations: 11]
[learning_rate: 0.05]
[num_leaves: 15]
[num_threads: 8]
[seed: 42]
[deterministic: 0]
[force_col_wise: 0]
[force_row_wise: 0]
[histogram_pool_size: -1]
[max_depth: 4]
[min_data_in_leaf: 20]
[min_sum_hessian_in_leaf: 0.001]
[bagging_fraction: 0.9]
[pos_bagging_fraction: 1]
[neg_bagging_fraction: 1]
[bagging_freq: 1]
[bagging_seed: 400]
[bagging_by_query: 0]
[feature_fraction: 0.9]
[feature_fraction_bynode: 1]
[feature_fraction_seed: 30056]
[extra_trees: 0]
[extra_seed: 12879]
[early_stopping_round: 0]
[early_stopping_min_delta: 0]
[first_metric_only: 0]
[max_delta_step: 0]
[lambda_l1: 0]
[lambda_l2: 1]
[linear_lambda: 0]
[min_gain_to_split: 0]
[drop_rate: 0.1]
[max_drop: 50]
[skip_drop: 0.5]
[xgboost_dart_mode: 0]
[uniform_drop: 0]
[drop_seed: 17869]
[top_rate: 0.2]
[other_rate: 0.1]
[min_data_per_group: 100]
[max_cat_threshold: 32]
[cat_l2: 10]
[cat_smooth: 10]
[max_cat_to_onehot: 4]
[top_k: 20]
[monotone_constraints: ]
[monotone_constraints_method: basic]
[monotone_penalty: 0]
[feature_contri: ]
[forcedsplits_filename: ]
[refit_decay_rate: 0.9]
[cegb_tradeoff: 1]
[cegb_penalty_split: 0]
[cegb_penalty_feature_lazy: ]
[cegb_penalty_feature_coupled: ]
[path_smooth: 0]
[interaction_constraints: ]
[verbosity: -1]
[saved_feature_importance_type: 0]
[use_quantized_grad: 0]
[num_grad_quant_bins: 4]
[quant_train_renew_leaf: 0]
[stochastic_rounding: 1]
[linear_tree: 0]
[max_bin: 255]
[max_bin_by_feature: ]
[min_data_in_bin: 3]
[bin_construct_sample_cnt: 200000]
[data_random_seed: 175]
[is_enable_sparse: 1]
[enable_bundle: 1]
[use_missing: 1]
[zero_as_missing: 0]
[feature_pre_filter: 1]
[pre_partition: 0]
[two_round: 0]
[header: 0]
[label_column: ]
[weight_column: ]
[group_column: ]
[ignore_column: ]
[categorical_feature: 0,1,3]
[forcedbins_filename: ]
[precise_float_parser: 0]
[parser_config_file: ]
[objective_seed: 16083]
[num_class: 1]
[is_unbalance: 0]
[scale_pos_weight: 1]
[sigmoid: 1]
[boost_from_average: 1]
[reg_sqrt: 0]
[alpha: 0.9]
[fair_c: 1]
[poisson_max_delta_step: 0.7]
[tweedie_variance_power: 1.5]
[lambdarank_truncation_level: 30]
[lambdarank_norm: 1]
[label_gain: ]
[lambdarank_position_bias_regularization: 0]
[eval_at: ]
[multi_error_top_k: 1]
[auc_mu_weights: ]
[num_machines: 1]
[local_listen_port: 12400]
[time_out: 120]
[machine_list_filename: ]
[machines: ]
[gpu_platform_id: -1]
[gpu_device_id: -1]
[gpu_device_id_list: ]
[gpu_use_dp: 0]
[num_gpu: 1]

end of parameters

pandas_categorical:[]
