tree
version=v4
num_class=1
num_tree_per_iteration=1
label_index=0
max_feature_idx=44
objective=binary sigmoid:1
feature_names=age_group gender month season day_of_year_sin day_of_year_cos weather_code_current temperature_mean_current temperature_max_current temperature_min_current humidity_mean_current humidity_max_current humidity_min_current wind_speed_mean_current wind_speed_max_current precipitation_sum_current rain_sum_current wind_gust_max_current rain_day_current temperature_mean_3d temperature_max_3d temperature_min_3d humidity_mean_3d humidity_max_3d humidity_min_3d wind_speed_mean_3d wind_speed_max_3d precipitation_sum_3d rain_sum_3d rain_days_3d rain_max_daily_3d wind_gust_max_3d temperature_mean_7d temperature_max_7d temperature_min_7d humidity_mean_7d humidity_max_7d humidity_min_7d wind_speed_mean_7d wind_speed_max_7d precipitation_sum_7d rain_sum_7d rain_days_7d rain_max_daily_7d wind_gust_max_7d
feature_infos=-1:0:1:2:3:4:5 -1:0:1 [1:12] -1:1:0 [-0.99999942202469239:0.99998555065071859] [-0.99997919295908244:0.9999907524084426] [0:61] [23.658332999999999:32.533332999999999] [25.899999999999999:39.200000000000003] [17.899999999999999:29.300000000000001] [48.958333000000003:91.625] [63:100] [23:86] [2.8541669999999999:19.695833] [6.4000000000000004:30.100000000000001] [0:63.100000000000001] [0:63.100000000000001] [14:56.899999999999999] [0:1] [23.766667000000002:32.427778000000004] [27.699999999999999:39.200000000000003] [17.899999999999999:28.100000000000001] [52.569443999999997:90.694444000000004] [73:100] [23:79] [4.125:17.329167000000002] [9.6999999999999993:30.100000000000001] [0:93.900000000000006] [0:93.900000000000006] [0:3] [0:63.100000000000001] [17.300000000000001:56.899999999999999] [24.365476000000001:32.235118999999997] [28.699999999999999:39.200000000000003] [17.899999999999999:27.5] [55.767856999999999:89.523809999999997] [77:100] [23:72] [4.5327380000000002:15.469643] [11.6:30.100000000000001] [0:163.90000000000001] [0:163.90000000000001] [0:7] [0:63.100000000000001] [23:56.899999999999999]
tree_sizes=1656 1688 1685 1720 1720 1708 1756 1708 1716 1620 1727 1730 1727 1610 1718 1733 1713 1739 1707 1730 1721 1508 1629 1724 1699 1539 1635 1641 1738 1698 1732 1715 1745 1647 1716 1748 1738 1724 1740 1752 1729 1412 1731 1404 1700 1395 1304 1436 1300 1324 1762

Tree=0
num_leaves=15
num_cat=4
split_feature=0 0 4 1 2 32 32 0 37 43 4 44 38 38
split_gain=1477.85 436.866 162.253 111.738 126.367 120.149 41.8843 40.5425 39.1045 16.1034 15.6241 12.4961 10.7336 6.44608
threshold=0 1 0.94978112945126536 2 7.5000000000000009 29.217262000000002 28.845238000000005 3 32.500000000000007 0.35000000000000003 0.9916835347852474 38.70000000000001 10.886607000000003 5.3982145000000008
decision_type=1 1 2 1 2 2 2 1 2 2 2 2 2 2
left_child=2 6 3 4 -1 -5 8 -8 -2 -4 13 -11 -12 -3
right_child=1 10 9 5 -6 -7 7 -9 -10 11 12 -13 -14 -15
leaf_value=-2.0715580662498549 -2.2337014158360584 -2.2136197448483044 -2.0963706669780611 -2.1163473916140192 -1.9463076842623233 -1.8954802111360369 -2.1194107177418657 -2.2003337773734017 -2.1844289189326958 -2.1704734469628795 -2.2498642356078769 -2.2428113302079491 -2.1895861310776037 -2.2531352372971925
leaf_weight=54.561558619141579 45.30317223072052 11.415680304169653 2.5168429017066982 88.538937792181969 35.865011349320412 5.8426710218191138 32.808844968676567 32.718957722187042 309.48178966343403 9.7977098673582095 11.415680304169657 12.494327262043951 17.617900311946869 585.52552363276482
leaf_count=607 504 127 28 985 399 65 365 364 3443 109 127 139 196 6514
internal_value=-2.19908 -2.22364 -2.08136 -2.05975 -2.01966 -2.09964 -2.18429 -2.14753 -2.1908 -2.196 -2.24985 -2.21117 -2.2142 -2.25241
internal_weight=1255.9 1046.29 209.617 184.808 90.4266 94.3816 420.313 65.5278 354.785 24.8089 625.975 22.292 29.0336 596.941
internal_count=13972 11640 2332 2056 1006 1050 4676 729 3947 276 6964 248 323 6641
cat_boundaries=0 1 2 3 4
cat_threshold=1 12 1 8
is_linear=0
shrinkage=1


Tree=1
num_leaves=15
num_cat=4
split_feature=0 0 0 34 21 1 33 4 19 4 43 27 4 38
split_gain=1277.27 221.43 170.944 114.237 106.627 102.055 101.369 79.3321 49.2559 44.2461 41.3163 33.344 15.8152 8.93893
threshold=0 1 2 25.150000000000002 24.250000000000004 3 35.900000000000006 -0.69057362043749781 27.104861500000002 0.90892735371523092 18.950000000000003 0.45000000000000007 0.9916835347852474 10.886607000000003
decision_type=1 1 1 2 2 1 2 2 2 2 2 2 2 2
left_child=1 4 7 8 5 -1 -6 10 -3 -5 -2 -9 -4 -14
right_child=2 3 12 9 6 -7 -8 11 -10 -11 -12 -13 13 -15
leaf_value=0.17487154083321205 0.1166761728658158 -0.010393179620953442 -0.053241953060878415 0.079450331511927208 0.030366171945250948 0.087289992186625143 0.151069793347887 0.028695159938666545 0.03987404171191964 0.24251628279734605 0.020117234938753364 -0.025695604577240291 -0.050209608753175629 0.0066041515794056788
leaf_weight=72.662492163479328 18.184934556484222 90.912049435079098 572.09597537666559 13.817708604037763 66.620579406619072 67.784487962722778 22.902539893984795 35.294416151940823 103.21817875653505 6.2222799658775321 27.459251180291176 126.27388469129801 9.9207532033324259 18.381888560950756
leaf_count=702 200 1003 6645 146 678 709 234 396 1132 65 302 1395 115 203
internal_value=0.000261904 0.0674059 -0.0370763 0.02722 0.10188 0.133518 0.0625733 0.00266731 0.0164011 0.139201 0.0602636 -0.0137106 -0.050594 -0.0143443
internal_weight=1251.75 444.14 807.611 214.17 229.97 140.447 89.5231 207.212 194.13 20.04 45.6442 161.568 600.399 28.3026
internal_count=13925 4669 9256 2346 2323 1411 912 2293 2135 211 502 1791 6963 318
cat_boundaries=0 1 2 3 4
cat_threshold=9 1 4 1
is_linear=0
shrinkage=0.05


Tree=2
num_leaves=15
num_cat=5
split_feature=0 0 0 19 43 1 34 23 32 5 39 1 38 5
split_gain=1115 174.124 168.864 92.0613 78.8407 70.8778 52.8863 50.068 48.1749 26.0068 20.5266 19.4396 7.59013 9.66219
threshold=0 1 2 27.374305500000002 0.35000000000000003 3 20.250000000000004 98.500000000000014 29.670238000000005 -0.99628250747696534 22.550000000000004 4 5.3982145000000008 -0.6523320455745395
decision_type=1 1 1 2 2 1 2 2 2 2 2 1 2 2
left_child=1 4 7 9 6 -6 -1 10 -5 -3 -2 -9 13 -4
right_child=2 3 12 8 5 -7 -8 11 -10 -11 -12 -13 -14 -15
leaf_value=0.010345733245734077 0.0011744079939657549 0.11805238816758834 0.039721911627428691 0.043805063602443926 0.10880948467489558 0.051972238835460517 0.20419472981603307 0.064932091186284902 0.13868148574462139 -0.010851004246687257 -0.037407733652117685 0.010790398611873801 -0.051496403766255167 -0.047344805892631618
leaf_weight=4.2848543226718929 90.744258925318718 3.0602689981460562 4.8499459102749825 92.305979460477829 119.00336851924658 107.3278733715415 21.977795615792274 33.433521717786789 15.132096529006956 108.62717922031879 54.53535234183073 32.895144671201706 570.79154746234417 6.0411606952548009
leaf_count=39 1008 33 57 975 1060 1053 200 362 141 1200 610 356 6906 71
internal_value=0.000105924 0.0601766 -0.0359501 0.0243965 0.0889025 0.082204 0.174107 0.00283851 0.0583236 -0.00630275 -0.0134654 0.03864 -0.0498516 -0.00849302
internal_weight=1265.01 471.719 793.291 219.126 252.594 226.331 26.2626 211.608 107.438 111.687 145.28 66.3287 581.683 10.8911
internal_count=14071 4701 9370 2349 2352 2113 239 2336 1116 1233 1618 718 7034 128
cat_boundaries=0 1 2 3 4 5
cat_threshold=9 1 4 1 1
is_linear=0
shrinkage=0.05


Tree=3
num_leaves=15
num_cat=3
split_feature=0 0 4 33 1 19 2 4 43 38 38 39 37 39
split_gain=988.372 274.034 108.002 87.9376 39.9195 48.936 29.9267 14.8301 10.9442 10.4283 5.25089 4.7409 2.78092 1.94361
threshold=0 1 0.94704596667653973 36.600000000000009 2 27.501389000000003 9.5000000000000018 0.9916835347852474 0.35000000000000003 11.088988000000002 5.6142855000000003 21.950000000000003 36.500000000000007 29.850000000000005
decision_type=1 1 2 2 1 2 2 2 2 2 2 2 2 2
left_child=1 2 3 -1 5 -3 -6 10 -4 -9 11 -2 -11 -12
right_child=7 4 8 -5 6 -7 -8 9 -10 12 13 -13 -14 -15
leaf_value=0.083121403132039556 -0.034200211015991092 0.0073984716233419269 0.068091925341665513 0.21293704600161842 0.007521720578178708 0.055008361984364575 -0.037986994210122305 -0.046922604450152776 -0.020393447744780222 0.027935509308975578 -0.053841429760162089 0.031847783593638511 -0.014435718122857386 -0.0027073995356364233
leaf_weight=227.16686492413282 13.689256533980371 123.44378098845482 3.0133271068334606 13.39080874621868 175.08008179813623 95.412809334695339 44.452249087393284 12.19379658997059 26.71187861263752 9.8701546862721425 510.14461264014244 2.5036004260182372 5.2407900989055625 1.9742438569664944
leaf_count=1970 167 1343 24 107 1886 1004 484 151 257 113 6460 29 60 25
internal_value=-0.000604654 0.0382953 0.0772817 0.0911993 0.0129554 0.0283103 -0.00182363 -0.0499899 -0.00949922 -0.0143267 -0.052747 -0.02273 0.0132564 -0.05365
internal_weight=1264.29 708.672 270.283 240.558 438.389 218.857 219.532 555.616 29.7252 27.3047 528.312 16.1929 15.1109 512.119
internal_count=14080 7075 2358 2077 4717 2347 2370 7005 281 324 6681 196 173 6485
cat_boundaries=0 1 2 3
cat_threshold=13 1 1
is_linear=0
shrinkage=0.05


Tree=4
num_leaves=15
num_cat=3
split_feature=0 0 44 4 1 5 5 21 4 38 38 5 39 39
split_gain=908.699 208.76 82.603 74.7612 34.8533 58.2289 39.8373 24.6998 16.8465 10.2367 5.41342 7.63877 5.32613 1.7492
threshold=0 1 44.45000000000001 0.95242846126021108 2 -0.89404254237865755 -0.031174269516803247 24.150000000000002 0.9916835347852474 10.886607000000003 5.5770835000000014 -0.6523320455745395 22.450000000000003 29.850000000000005
decision_type=1 1 2 2 1 2 2 2 2 2 2 2 2 2
left_child=1 2 3 -1 5 -3 -6 -4 10 -10 11 -2 -11 -12
right_child=8 4 7 -5 6 -7 -8 -9 9 12 13 -13 -14 -15
leaf_value=0.090081291766630878 0.024943053095300663 -0.030161713027542027 0.057547380955605555 -0.007333515570475466 0.019645595848980291 0.038527790954009072 -0.023055334299040844 -0.023400681026784418 -0.049369799325619718 0.040372235858308049 -0.053358455962513485 -0.048294353391360581 -0.013493936213321229 -0.0052466221722172997
leaf_weight=225.92455615103245 5.3013554066419601 36.10678718239069 13.267070099711416 21.40930263698101 113.52852896600962 187.77505891770124 103.4210077226162 26.781514070928097 9.5438566058874148 7.9303896054625538 491.72856384515762 7.5016214400529844 8.6781722381710988 2.127412721514701
leaf_count=1820 62 383 107 207 1208 1965 1136 231 125 90 6511 95 99 27
internal_value=-0.000322504 0.035774 0.0685303 0.0816535 0.0132713 0.027365 -0.000722553 0.004164 -0.0493768 -0.0107027 -0.0523207 -0.0183587 0.0130586 -0.0531622
internal_weight=1261.03 728.214 287.382 247.334 440.831 223.882 216.95 40.0486 532.811 26.1524 506.659 12.803 16.6086 493.856
internal_count=14066 7057 2365 2027 4692 2348 2344 338 7009 314 6695 157 189 6538
cat_boundaries=0 1 2 3
cat_threshold=13 1 1
is_linear=0
shrinkage=0.05


Tree=5
num_leaves=15
num_cat=4
split_feature=0 0 4 44 1 5 5 4 38 5 38 1 37 39
split_gain=845.184 194.171 61.9507 48.9609 29.448 53.8006 31.8052 11.6322 8.25734 9.15637 7.20424 5.79829 3.1137 1.8091
threshold=0 1 0.96687895796550427 44.45000000000001 2 -0.89404254237865755 -0.031174269516803247 0.9916835347852474 5.3982145000000008 -0.6523320455745395 11.088988000000002 3 36.500000000000007 29.850000000000005
decision_type=1 1 2 2 1 2 2 2 2 2 2 1 2 2
left_child=1 2 3 -1 5 -3 -6 8 9 -2 -9 -4 -12 -10
right_child=7 4 11 -5 6 -7 -8 10 13 -11 12 -13 -14 -15
leaf_value=0.080823971032872158 0.03864463467380707 -0.030366010910086057 0.011000609432190956 0.018074283136766227 0.016686837789100333 0.035051789291993589 -0.021707554195115039 -0.045923908217931769 -0.052970144723947767 -0.046542049952885252 0.020670708183068438 -0.038860205437913735 -0.02314246280401595 -0.0038031800965025869
leaf_weight=243.22174301743507 4.900875948369503 36.671519689261913 10.871727578341961 36.389743164181709 115.24611846357584 193.90645492076874 99.636609017848969 11.206726953387262 470.37014332413673 5.8113351464271528 10.218869067728518 10.77264254540205 5.3817231729626647 2.039739951491355
leaf_count=1848 55 399 102 302 1207 1968 1114 149 6512 76 113 108 62 26
internal_value=-1.15172e-05 0.0336946 0.0643315 0.072751 0.0119246 0.0245614 -0.00113392 -0.0490382 -0.0517826 -0.00759688 -0.017131 -0.0144359 0.0050729 -0.0527663
internal_weight=1256.65 746.717 301.256 279.611 445.461 230.578 214.883 509.929 483.122 10.7122 26.8073 21.6444 15.6006 472.41
internal_count=14041 7048 2360 2150 4688 2367 2321 6993 6669 131 324 210 175 6538
cat_boundaries=0 1 2 3 4
cat_threshold=13 1 1 1
is_linear=0
shrinkage=0.05


Tree=6
num_leaves=15
num_cat=1
split_feature=1 2 38 37 39 21 32 44 35 36 4 4 33 42
split_gain=58.7146 45.7548 55.298 44.5033 38.8921 28.6364 27.2445 25.9259 23.6925 23.2421 31.765 21.8101 17.9361 14.3163
threshold=0 9.5000000000000018 6.3017855000000003 52.500000000000007 19.450000000000003 23.050000000000004 29.116071500000004 48.800000000000004 85.386905000000013 99.500000000000014 -0.52766804058324157 0.95242846126021108 31.950000000000003 2.5000000000000004
decision_type=1 2 2 2 2 2 2 2 2 2 2 2 2 2
left_child=1 2 12 13 9 -5 8 -4 -6 -2 -11 -8 -1 -3
right_child=4 3 7 5 6 -7 11 -9 -10 10 -12 -13 -14 -15
leaf_value=-0.043387764712732001 -0.039175408955589006 0.036652768066814737 0.002337374751545085 -0.020516217555593897 -0.017936513240883259 0.03726770643786436 0.053035433001389937 -0.04465822670881249 0.010049641128469282 -0.034896077695236956 0.023586706199611673 -0.0059868219630169897 0.069843090593315088 0.11370643583234935
leaf_weight=3.1912256777286521 143.27293882519007 10.316359877586367 440.97420030087233 29.30878584086895 189.48077326267958 73.803742550313473 37.097818315029144 30.434157684445381 124.58216846734285 47.274981379508972 43.783527843654156 26.251738823950291 36.573079094290733 19.815929271280766
leaf_count=34 1651 114 4836 315 2201 786 392 343 1452 553 507 298 391 210
internal_value=0.000351487 0.0108755 0.0040448 0.0368552 -0.0107343 0.0208039 -0.000785181 -0.000784775 -0.00683833 -0.0266869 -0.00682513 0.028864 0.0599145 0.0893504
internal_weight=1256.16 644.417 511.173 133.245 611.744 103.113 377.412 471.408 314.063 234.331 91.0585 63.3496 39.7643 30.1323
internal_count=14083 7029 5604 1425 7054 1101 4343 5179 3653 2711 1060 690 425 324
cat_boundaries=0 1
cat_threshold=1
is_linear=0
shrinkage=0.05


Tree=7
num_leaves=15
num_cat=3
split_feature=0 0 4 21 35 0 4 38 37 5 44 38 5 26
split_gain=731.957 171.455 54.6537 46.7102 23.7969 22.7602 15.8991 8.54205 7.0056 6.79529 5.84854 5.67068 7.51886 0.302815
threshold=0 1 0.97875492728876534 24.250000000000004 87.764881000000017 2 0.9916835347852474 10.886607000000003 36.500000000000007 0.77652048701313048 38.70000000000001 5.6142855000000003 -0.6652727025667432 11.65
decision_type=1 1 2 2 2 1 2 2 2 2 2 2 2 2
left_child=1 2 3 -1 5 -3 11 -8 -9 -6 -4 12 -2 -13
right_child=6 4 10 -5 9 -7 7 8 -10 -11 -12 13 -14 -15
leaf_value=0.079123502891522673 0.019924353655749998 0.023109746592278321 0.0056444702694227189 0.036926883917790684 -0.035581794296887619 -0.00037353483575150199 -0.048670456326240917 0.03234181145688788 -0.028709976195281817 0.03576436989082437 -0.050778244040834655 -0.034325085661911774 -0.048408893737438112 -0.053006880814215757
leaf_weight=187.88092713803053 6.3629860728979102 213.14653851091862 7.918931886553767 104.98151805996895 33.869005724787712 199.97163631021976 8.9640315398573893 10.999210156500341 6.7763354852795592 2.8908377215266219 9.3690765872597677 9.3447058871388418 8.2541737556457502 440.45999009162188
leaf_count=1340 72 2159 76 811 365 2137 128 121 81 32 96 135 114 6379
internal_value=-0.0015932 0.0290287 0.0572389 0.0641745 0.00867825 0.0123181 -0.048544 -0.0115408 0.00877832 -0.0291725 -0.0260379 -0.0516881 -0.0192917 -0.0526958
internal_weight=1251.19 760.028 310.15 292.862 449.878 413.118 491.161 26.7396 17.7755 36.7598 17.288 464.422 14.6172 449.805
internal_count=14046 7016 2323 2151 4693 4296 7030 330 202 397 172 6700 186 6514
cat_boundaries=0 1 2 3
cat_threshold=13 1 8
is_linear=0
shrinkage=0.05


Tree=8
num_leaves=15
num_cat=3
split_feature=0 0 4 39 34 0 43 4 38 38 5 44 34 25
split_gain=712.366 141.522 44.6025 44.6593 27.0079 24.7376 24.4191 14.8543 8.73655 8.37211 7.58896 6.60186 3.02778 1.7664
threshold=0 1 0.97875492728876534 19.550000000000004 25.250000000000004 2 29.550000000000004 0.9916835347852474 11.088988000000002 5.3982145000000008 -0.6523320455745395 38.70000000000001 23.950000000000003 4.7361110000000002
decision_type=1 1 2 2 2 1 2 2 2 2 2 2 2 2
left_child=1 2 3 -1 6 -6 -3 9 -9 10 -2 -4 -10 -11
right_child=7 4 11 -5 5 -7 -8 8 12 13 -12 -13 -14 -15
leaf_value=0.037452737861129314 0.032624688543621959 0.011176630734427456 0.0096827890952062047 0.076264897947384849 0.067860858141682648 -0.011505682952617904 -0.024413813822555357 -0.045098434500315719 0.032547265426725855 -0.004809275532055679 -0.045423761664077786 -0.050219884798113269 -0.0095377500881699412 -0.05289754770963212
leaf_weight=134.33537028729916 5.2717646881937981 360.37922466546297 8.1305020526051539 174.78391533344984 22.95289409160614 16.367701351642609 54.655140593647957 10.568375810980799 7.552753843367098 2.1291334331035605 5.2142739146947843 8.8312125131487829 7.845109187066555 431.3178072348237
leaf_count=935 55 3771 78 1243 185 174 578 152 81 31 74 94 90 6530
internal_value=-0.000439551 0.0287313 0.0536058 0.0595733 0.0100341 0.0493343 0.00644237 -0.048428 -0.0121526 -0.0516061 -0.00676137 -0.0225654 0.0118312 -0.0526729
internal_weight=1250.34 780.436 326.081 309.119 454.355 39.3206 415.034 469.899 25.9662 443.933 10.486 16.9617 15.3979 433.447
internal_count=14071 7058 2350 2178 4708 359 4349 7013 323 6690 129 172 171 6561
cat_boundaries=0 1 2 3
cat_threshold=13 1 8
is_linear=0
shrinkage=0.05


Tree=9
num_leaves=14
num_cat=3
split_feature=0 0 43 4 2 32 36 0 4 40 39 39 25
split_gain=651.681 121.937 48.1895 51.7802 32.7258 26.2585 34.283 28.2588 17.3917 7.6617 4.22922 1.96948 1.98696
threshold=0 1 0.35000000000000003 0.89404822654372251 2.5000000000000004 28.923512000000006 94.500000000000014 2 0.9916835347852474 11.850000000000003 22.450000000000003 29.850000000000005 5.7694445000000014
decision_type=1 1 2 2 2 2 2 1 2 2 2 2 2
left_child=1 2 4 -4 -1 6 -3 -7 11 10 -10 12 -2
right_child=8 5 3 -5 -6 7 -8 -9 9 -11 -12 -13 -14
leaf_value=0.057276697613645192 -0.039320865103292468 -0.035602470188231136 0.052011011683939616 -0.011348784484720462 0.15645941411081629 0.057124968791653623 0.0099795654072832949 -0.0056082084623645433 0.032738095759569104 -0.047639680209649503 -0.012955379370499082 0.00051321259313172503 -0.052691652048256626
leaf_weight=19.578220799565315 46.856722347438335 45.987134553492069 261.64460714906454 36.392482094466686 16.363442741334438 41.291236460208893 337.51928056776524 32.084333620965481 8.6611005365848595 7.6353334337472907 9.808465398848055 1.8215681314468373 376.81423678249121
leaf_count=124 696 489 1779 320 101 341 3536 344 93 115 120 26 5979
internal_value=-0.000354492 0.0269153 0.0496592 0.0442622 0.105445 0.00951293 0.00443534 0.0369141 -0.0476075 -0.00867468 0.00905301 -0.0510864 -0.051309
internal_weight=1242.46 790.861 333.979 298.037 35.9417 456.882 383.506 73.3756 451.597 26.1049 18.4696 425.493 423.671
internal_count=14063 7034 2324 2099 225 4710 4025 685 7029 328 213 6701 6675
cat_boundaries=0 1 2 3
cat_threshold=13 1 8
is_linear=0
shrinkage=0.05


Tree=10
num_leaves=15
num_cat=3
split_feature=0 0 21 33 34 1 5 5 4 38 38 4 34 39
split_gain=609.483 93.4742 41.6806 61.5076 33.0485 24.5409 49.2031 28.0721 16.3485 8.16026 6.99407 9.48631 2.0106 1.80133
threshold=0 1 24.250000000000004 35.900000000000006 20.250000000000004 2 -0.89404254237865755 -0.031174269516803247 0.9916835347852474 11.088988000000002 5.6142855000000003 0.14250626876356548 23.950000000000003 29.850000000000005
decision_type=1 1 2 2 2 1 2 2 2 2 2 2 2 2
left_child=1 2 4 -4 -1 6 -3 -7 10 -10 11 -2 -11 -12
right_child=8 5 3 -5 -6 7 -8 -9 9 12 13 -13 -14 -15
leaf_value=-0.019336071673668555 -0.047909957461592441 -0.033113121049110739 0.0021052059237005164 0.079222094982628055 0.064195939443452144 0.014996518610805873 0.030711235444919577 -0.02086882425495256 -0.043630255261986196 0.029698720569008148 -0.052164747958150709 0.029361476341267557 -0.0044841161332736003 -0.0032682674099927776
leaf_weight=12.122351631522177 8.154831148684023 34.561820268630981 93.652307011187077 34.748047344386578 207.80073653906584 115.37410069257021 204.16284567862749 101.72249235212803 9.1924089342355746 7.8055372908711416 391.38497180864215 6.126992765814065 7.965633399784565 2.0314842686057082
leaf_count=78 125 376 697 242 1332 1173 1965 1153 141 80 6491 69 93 29
internal_value=-2.00627e-05 0.0256476 0.0450339 0.0234257 0.0595249 0.0101211 0.0213714 -0.00182713 -0.0471785 -0.00860387 -0.050668 -0.0150079 0.0131959 -0.0519212
internal_weight=1236.81 804.145 348.323 128.4 219.923 455.821 238.725 217.097 432.662 24.9636 407.698 14.2818 15.7712 393.416
internal_count=14044 7016 2349 939 1410 4667 2341 2326 7028 314 6714 194 173 6520
cat_boundaries=0 1 2 3
cat_threshold=13 1 1
is_linear=0
shrinkage=0.05


Tree=11
num_leaves=15
num_cat=3
split_feature=0 0 32 44 34 1 5 5 4 40 34 25 5 39
split_gain=559.051 80.1763 36.9457 37.053 37.0063 26.4345 42.7798 25.0358 11.5866 5.48708 6.6719 3.13027 11.3427 0.548534
threshold=0 1 26.350297500000003 44.45000000000001 20.250000000000004 2 -0.89404254237865755 -0.03976928634766979 0.9893236546938301 11.250000000000002 23.950000000000003 5.5895835000000007 -0.90161545992537195 29.850000000000005
decision_type=1 1 2 2 2 1 2 2 2 2 2 2 2 2
left_child=1 2 4 -4 -1 6 -3 -7 11 10 -10 12 -2 -13
right_child=8 5 3 -5 -6 7 -8 -9 9 -11 -12 13 -14 -15
leaf_value=-0.014770916840915048 0.015775886774908248 -0.030960705514484439 0.042724233075563209 -0.0079626222640462856 0.10310040598613178 0.012203335200713509 0.029001443823006998 -0.021768667703257336 0.028719534868650844 -0.047734172450260279 -0.027406474812026984 -0.051871284602271507 -0.051063504371343896 -0.010682687638165364
leaf_weight=7.7147447168827048 8.2730422802269477 33.77063611894846 266.99484784156084 41.330522932112217 38.903692483901978 117.73706550896168 210.60657531023026 98.861257344484329 9.091886825859552 8.2128606215119344 10.140379279851912 356.32523431628942 21.642142552882433 1.3979344815015782
leaf_count=50 109 378 1735 307 233 1181 1978 1139 95 134 132 6181 362 20
internal_value=-0.000480515 0.0235013 0.0412582 0.035926 0.0836937 0.00918589 0.0206228 -0.00333118 -0.0469994 -0.0160046 -0.000765323 -0.0503564 -0.0326667 -0.0517406
internal_weight=1231 815.919 354.944 308.325 46.6184 460.976 244.377 216.598 415.083 27.4451 19.2323 387.638 29.9152 357.723
internal_count=14034 7001 2325 2042 283 4676 2356 2320 7033 361 227 6672 471 6201
cat_boundaries=0 1 2 3
cat_threshold=13 1 1
is_linear=0
shrinkage=0.05


Tree=12
num_leaves=15
num_cat=3
split_feature=0 0 4 43 1 5 39 4 38 4 38 43 37 39
split_gain=508.911 82.2867 49.4491 52.8798 21.5012 40.8432 23.3895 15.8295 8.54404 10.0176 7.26082 6.28387 3.27844 1.86211
threshold=0 1 0.94978112945126536 23.500000000000004 2 -0.88620506325989179 19.450000000000003 0.9916835347852474 5.6142855000000003 0.14250626876356548 11.088988000000002 0.35000000000000003 36.500000000000007 29.850000000000005
decision_type=1 1 2 2 1 2 2 2 2 2 2 2 2 2
left_child=1 2 3 -1 5 -3 -6 8 9 -2 -9 -4 -12 -10
right_child=7 4 11 -5 6 -7 -8 10 13 -11 12 -13 -14 -15
leaf_value=0.05707850390732299 -0.047198584337226714 -0.031015726271482347 0.03172394551894183 0.010798622835155642 -0.025085438547165492 0.025993796828331396 0.0087270962416391932 -0.042857559686874727 -0.051835448277871933 0.032338842058350817 0.025519633336176253 -0.031412751180110464 -0.020171894895393304 -0.0018707216984829933
leaf_weight=254.76599038392305 7.5367457494139654 36.01126529276371 3.8242535144090679 82.066202528774738 80.802986599504948 211.07713072001934 135.56564878672361 8.6933499649167079 354.60472221672535 6.4427531734108925 11.310771591961386 24.622705370187759 4.890703633427619 1.9512627348303784
leaf_count=1561 125 409 22 521 889 1937 1436 143 6439 71 116 232 60 28
internal_value=-0.000385544 0.0218502 0.0394492 0.0458682 0.00738637 0.0175936 -0.00395753 -0.0463075 -0.0500644 -0.0108303 -0.00849952 -0.0221359 0.011356 -0.051568
internal_weight=1224.17 828.736 365.279 336.832 463.457 247.088 216.369 395.43 370.535 13.9795 24.8948 28.447 16.2015 356.556
internal_count=13989 7007 2336 2082 4671 2346 2325 6982 6663 196 319 254 176 6467
cat_boundaries=0 1 2 3
cat_threshold=13 1 1
is_linear=0
shrinkage=0.05


Tree=13
num_leaves=14
num_cat=3
split_feature=0 0 32 38 38 19 0 23 38 5 32 5 26
split_gain=490.037 73.6045 34.5919 42.2447 33.9988 23.2321 52.4255 23.1396 7.67334 6.34453 5.13111 6.8029 0.515227
threshold=0 1 26.350297500000003 6.0776785000000002 7.5636905000000008 27.383333000000004 2 97.500000000000014 5.3982145000000008 -0.6523320455745395 28.845238000000005 -0.11692317777808839 11.65
decision_type=1 1 2 2 2 2 1 2 2 2 2 2 2
left_child=1 2 4 -4 -1 7 -7 -3 9 -2 12 -12 -10
right_child=8 5 3 -5 -6 6 -8 -9 10 -11 11 -13 -14
leaf_value=0.03407394084769285 0.030692603915181599 -0.024508704297202231 0.087838198239334642 0.026652601351129408 0.11813063565031355 0.03892020217513821 -0.0076603017503160883 0.0081846789011103711 -0.030668402462104477 -0.043252387608956305 -0.051320962103085968 -0.018240240926591759 -0.051790182539462243
leaf_weight=24.78541211783886 5.391406461596489 81.933288142085075 30.531243741512299 294.8647767752409 24.669568255543709 126.93234307318926 107.05649699270725 154.87133283168077 8.0405394285917264 4.3171380273997766 30.856158878654242 33.739507354795933 298.54008355736732
leaf_count=141 54 879 176 1886 139 1132 1125 1586 146 75 581 505 5661
internal_value=0.000147053 0.0213313 0.0377508 0.032645 0.0775141 0.00769453 0.0189967 -0.00318257 -0.0461688 -0.00315729 -0.0485228 -0.0345838 -0.0513377
internal_weight=1226.53 845.644 374.851 325.396 49.455 470.793 233.989 236.805 380.885 9.70854 371.176 64.5957 306.581
internal_count=14086 7064 2342 2062 280 4722 2257 2465 7022 129 6893 1086 5807
cat_boundaries=0 1 2 3
cat_threshold=13 1 8
is_linear=0
shrinkage=0.05


Tree=14
num_leaves=15
num_cat=3
split_feature=0 0 43 4 2 34 0 43 4 38 38 39 4 7
split_gain=449.111 49.1147 31.3565 36.7531 33.3387 22.8698 30.9957 24.6241 15.007 6.54037 6.29223 4.57756 4.47551 0.496321
threshold=0 1 0.35000000000000003 -0.22701068973476937 2.5000000000000004 25.150000000000002 2 27.300000000000001 0.99700008544936913 5.3982145000000008 11.149702000000001 29.850000000000005 0.15951094710994368 30.372916500000006
decision_type=1 1 2 2 2 2 1 2 2 2 2 2 2 2
left_child=1 2 4 -4 -1 7 -7 -3 9 12 -10 -11 -2 -12
right_child=8 5 3 -5 -6 6 -8 -9 10 11 13 -13 -14 -15
leaf_value=0.029217960091479169 -0.042635296911937341 0.010016016938912541 0.046812920606768449 0.013756158621923724 0.11831697239277771 0.061594656114857628 -0.014192370709110108 -0.022087557312898774 -0.037235999441386856 -0.050933128245268244 0.012554441869575231 0.0081478439473838746 0.019994334713036147 0.038185530551342522
leaf_weight=22.241273179650307 4.0572671480476838 348.71266864985228 150.61432779580355 191.53078543394804 20.49625164270401 29.254805155098438 20.434749290347099 71.062186881899834 5.4124168157577506 337.56514733284712 5.6131947413086873 3.0515004172921172 5.6180950701236725 3.8657654821872711
leaf_count=122 73 3523 885 1244 106 208 213 740 94 6649 56 40 55 44
internal_value=-0.00028806 0.0195446 0.0327583 0.028402 0.0736766 0.00820955 0.0401137 0.00454174 -0.0458936 -0.049231 0.00189122 -0.0503815 -0.00780242 0.025654
internal_weight=1219.53 854.347 384.883 342.145 42.7375 469.464 49.6896 419.775 365.183 350.292 14.8914 340.617 9.67536 9.47896
internal_count=14052 7041 2357 2129 228 4684 421 4263 7011 6817 194 6689 128 100
cat_boundaries=0 1 2 3
cat_threshold=13 1 8
is_linear=0
shrinkage=0.05


Tree=15
num_leaves=15
num_cat=3
split_feature=0 0 30 19 19 0 33 4 39 40 34 5 13 39
split_gain=406.13 48.202 33.5855 36.181 21.3541 37.1379 19.6502 17.0432 15.281 6.40842 4.38244 3.59703 12.6163 2.14087
threshold=0 1 23.050000000000004 26.989583500000006 27.394444500000002 2 33.250000000000007 0.9916835347852474 19.550000000000004 11.850000000000003 23.950000000000003 -0.90892157495189674 6.0270835000000007 29.850000000000005
decision_type=1 1 2 2 2 1 2 2 2 2 2 2 2 2
left_child=1 2 3 -1 6 -6 -3 11 -4 10 -9 12 -2 -13
right_child=7 4 8 -5 5 -7 -8 9 -10 -11 -12 13 -14 -15
leaf_value=0.059475219565517691 0.0034894222876905795 0.0017905023775082126 -0.036353319331777871 0.025100513603785863 0.033748889354302876 -0.0055090189130494842 -0.0419264393169516 0.03208921813564905 0.019182723743544156 -0.045708840637758222 -0.014532620594036809 -0.052114135933671563 -0.050264770476815934 0.0023489648347319982
leaf_weight=118.95295007526875 14.681018736213444 210.10744035243988 22.619817584753036 219.77938778698444 132.26751711219549 105.07571829855442 28.276521667838097 9.2505549639463478 25.119625180959702 6.2586439661681643 9.0695151574909669 271.03121218085289 40.202470846474171 1.7314768657088269
leaf_count=666 237 2171 134 1371 1127 1109 309 94 155 118 120 5629 829 25
internal_value=-0.000552304 0.0179392 0.0309916 0.0373114 0.00687487 0.0176034 -0.00354857 -0.0449742 -0.00733724 -0.00583252 0.0094511 -0.0492523 -0.0360807 -0.0517611
internal_weight=1214.42 862.199 386.472 338.732 475.727 237.343 238.384 352.225 47.7394 24.5787 18.3201 327.646 54.8835 272.763
internal_count=14094 7042 2326 2037 4716 2236 2480 7052 289 332 214 6720 1066 5654
cat_boundaries=0 1 2 3
cat_threshold=13 1 8
is_linear=0
shrinkage=0.05


Tree=16
num_leaves=15
num_cat=3
split_feature=0 0 5 43 38 43 32 40 4 38 1 38 37 26
split_gain=384.568 47.4727 30.4386 35.0144 21.2461 18.3353 32.0802 21.5495 16.2475 7.14065 7.23411 6.03178 2.32861 0.764995
threshold=0 1 -0.99052477729077237 23.500000000000004 6.4910715000000012 29.550000000000004 28.981547500000005 26.450000000000003 0.99274428880883148 5.6142855000000003 2 10.886607000000003 36.500000000000007 11.65
decision_type=1 1 2 2 2 2 2 2 2 2 1 2 2 2
left_child=1 2 4 -4 -1 7 -7 -3 9 10 -2 -10 -13 -11
right_child=8 5 3 -5 -6 6 -8 -9 11 13 -12 12 -14 -15
leaf_value=0.057209662596941074 0.022365892964978224 -0.0012953578701376351 0.041890074613629508 0.005356218018843081 -0.058657542583676017 -0.032296010409376769 0.087957263228669424 0.021280015218427289 -0.0447233118018458 -0.026865848526374428 -0.046999894312999058 0.024268339130630694 -0.013846464767311396 -0.051029866686819449
leaf_weight=4.4282671511173275 6.8455098904669267 212.10228702425957 293.6371601074934 84.77467218786478 14.501353204250334 52.012395709753036 5.2279711514711371 209.51994260400534 5.5443805456161526 6.8433337844908229 6.3174123391509056 10.854499042034151 5.2607198655605307 295.72328829392791
leaf_count=25 100 2052 1719 513 91 555 47 2079 111 141 97 109 71 6421
internal_value=-0.000304621 0.0171805 0.0298845 0.0337412 -0.0300418 0.00620486 -0.0199912 0.009947 -0.0448137 -0.0490037 -0.0118934 -0.00404624 0.0117439 -0.0505736
internal_weight=1213.59 876.204 397.341 378.412 18.9296 478.863 57.2404 421.622 337.389 315.73 13.1629 21.6596 16.1152 302.567
internal_count=14131 7081 2348 2232 116 4733 602 4131 7050 6759 197 291 180 6562
cat_boundaries=0 1 2 3
cat_threshold=13 1 1
is_linear=0
shrinkage=0.05


Tree=17
num_leaves=15
num_cat=2
split_feature=0 0 44 44 32 35 44 4 21 40 39 25 5 39
split_gain=370.701 43.2923 35.5542 51.7762 21.8261 18.3124 19.4974 15.7496 8.28604 5.55025 4.45397 3.32392 10.4309 0.373619
threshold=0 1 44.45000000000001 37.250000000000007 26.419940500000006 87.910714500000026 46.600000000000001 0.9916835347852474 23.650000000000002 10.850000000000003 22.450000000000003 5.8131945000000007 -0.90161545992537195 29.850000000000005
decision_type=1 1 2 2 2 2 2 2 2 2 2 2 2 2
left_child=1 2 3 -1 -4 6 -3 11 -7 10 -9 12 -2 -13
right_child=7 5 4 -5 -6 8 -8 9 -10 -11 -12 13 -14 -15
leaf_value=0.018775336405536126 0.0062456172197906182 0.012289091402159761 0.064868020235683638 0.057829817068787141 -0.02257681990332612 0.0071041165579645432 -0.025977794988606463 0.031312826621978887 -0.046640395706374467 -0.045161134938161707 -0.015857946865217389 -0.05144651561270052 -0.05054796101399002 -0.01464578854151154
leaf_weight=200.18785805255175 11.374876029789446 407.521878041327 7.4957652240991584 148.26317917555571 43.975557900965214 10.189700298011305 35.307760842144489 8.7411069124937111 21.442129351198673 5.8639869317412368 9.3887076415121538 262.18290374800563 25.332829888910055 1.6499474868178357
leaf_count=1141 166 3959 41 844 301 109 359 86 234 117 124 5993 553 25
internal_value=4.39507e-05 0.0170038 0.0290686 0.0355106 -0.00884867 0.00640617 0.00918633 -0.0447112 -0.0296403 -0.00678998 0.00733295 -0.0491889 -0.03325 -0.0512725
internal_weight=1198.92 874.384 399.922 348.451 51.4713 474.461 442.83 324.534 31.6318 23.9938 18.1298 300.541 36.7077 263.833
internal_count=14052 6988 2327 1985 342 4661 4318 7064 343 327 210 6737 719 6018
cat_boundaries=0 1 2
cat_threshold=13 1
is_linear=0
shrinkage=0.05


Tree=18
num_leaves=15
num_cat=4
split_feature=0 1 2 33 39 38 5 36 4 38 1 38 1 39
split_gain=327.175 39.1276 52.8474 59.4411 47.2657 39.6512 30.3005 26.319 10.015 8.96076 8.02822 6.14937 12.5225 2.06489
threshold=0 1 7.5000000000000009 31.250000000000004 19.450000000000003 6.4422620000000004 0.80798785254895478 99.500000000000014 0.98667101781630184 5.6142855000000003 2 12.262500000000001 3 22.450000000000003
decision_type=1 1 2 2 2 2 2 2 2 2 1 2 1 2
left_child=1 2 5 -4 7 -1 -6 -3 9 10 -2 13 -13 -10
right_child=8 4 3 -5 6 -7 -8 -9 11 -11 -12 12 -14 -15
leaf_value=0.067131352770121208 0.028096661231353695 -0.033960427476110451 -0.010814362308672972 0.060695637655362657 0.023121317294826887 0.0055016511211519866 -0.029795166427742908 0.0074965061717871722 -0.014627922471019959 -0.050256907055679381 -0.046161661001175407 -0.040986920035602843 0.08715184533320218 -0.047203776571476029
leaf_weight=28.006860584020615 6.8941426835954172 95.895602121949196 36.123010560870171 142.07663108408451 229.32201454788446 262.88242107629776 29.78408470749855 62.781619817018509 13.885592315346008 268.92036721110344 5.7794897593557835 2.8786173425614825 2.8991913795471191 7.9062758013606063
leaf_count=205 100 834 258 990 1904 2047 252 528 195 6405 96 36 36 148
internal_value=-0.000698762 0.0147876 0.02485 0.0462203 0.00381022 0.011645 0.0169474 -0.0176135 -0.0440831 -0.0483256 -0.00666637 -0.0160067 0.0266825 -0.0279992
internal_weight=1196.04 886.872 469.089 178.2 417.783 290.889 259.106 158.677 309.164 281.594 12.6736 27.5697 5.77781 21.7919
internal_count=14034 7018 3500 1248 3518 2252 2156 1362 7016 6601 196 415 72 343
cat_boundaries=0 1 2 3 4
cat_threshold=13 1 1 1
is_linear=0
shrinkage=0.05


Tree=19
num_leaves=15
num_cat=1
split_feature=1 32 44 2 38 33 41 4 43 36 4 34 25 20
split_gain=43.3324 37.2626 33.1931 32.2 48.132 39.2362 20.6306 24.6836 23.1029 20.1667 7.26725 6.22539 3.77503 1.91623
threshold=0 29.851785500000002 48.800000000000004 7.5000000000000009 6.044642500000001 31.250000000000004 0.65000000000000002 0.48314048284850658 15.15 91.500000000000014 0.98372640911059162 25.950000000000003 8.7194445000000034 36.550000000000004
decision_type=1 2 2 2 2 2 2 2 2 2 2 2 2 2
left_child=2 6 3 4 -1 -5 7 -2 -8 11 -4 -3 -11 -12
right_child=1 9 10 5 -6 -7 8 -9 -10 12 13 -13 -14 -15
leaf_value=0.071804107750143717 -0.026184849191347809 -0.050162639364033937 -0.055062593426865702 -0.015380933017957763 -0.0023222934358521469 0.036464591016820973 -0.028009262121792517 0.04592886490142585 -0.0059453214229169583 0.010806881026943917 0.038586198011849503 0.01481609448263811 0.080329652056065265 -0.018672781355687562
leaf_weight=22.338007941842079 18.933873310685158 3.8101418614387539 22.938534468412403 45.052605502307415 354.45041348785162 180.80574789643288 236.48133432120085 28.666119836270809 238.4577200524509 2.5814329683780697 2.2383850589394561 14.77413886785507 16.449675276875496 1.8376218788325784
leaf_count=211 242 37 293 497 4100 1888 2972 345 3028 27 28 157 162 21
internal_value=-0.00023229 -0.0103392 0.00876112 0.0112176 0.00225074 0.0261006 -0.013819 0.0172956 -0.0169672 0.0371057 -0.0444822 -0.000386957 0.0719097 0.0141786
internal_weight=1189.82 560.154 629.661 602.647 376.788 225.858 522.539 47.6 474.939 37.6154 27.0145 18.5843 19.0311 4.07601
internal_count=14008 6970 7038 6696 4311 2385 6587 587 6000 383 342 194 189 49
cat_boundaries=0 1
cat_threshold=1
is_linear=0
shrinkage=0.05


Tree=20
num_leaves=15
num_cat=2
split_feature=0 1 2 37 34 34 4 4 38 33 20 38 37 26
split_gain=299.133 40.0387 43.799 37.7508 28.5599 26.4603 20.2593 17.1478 7.00665 7.06982 6.89223 6.5515 3.7298 0.989064
threshold=0 1 9.5000000000000018 52.500000000000007 25.150000000000002 25.850000000000005 0.98049069993378934 0.98667101781630184 5.6142855000000003 32.550000000000004 36.750000000000007 10.886607000000003 36.500000000000007 11.65
decision_type=1 1 2 2 2 2 2 2 2 2 2 2 2 2
left_child=1 2 4 -4 -1 6 -3 8 9 -2 -7 -9 -13 -10
right_child=7 5 3 -5 -6 10 -8 11 13 -11 -12 12 -14 -15
leaf_value=0.010753604688322472 -0.045820384349781675 0.0027032327598977115 0.10536744993302716 0.034952384987506108 0.052818306438894874 0.092513576576599421 -0.045593513351998467 -0.045599149976613657 -0.023645915081090808 0.023215932522904967 0.030299056091501547 0.022773382324171618 -0.020573998282962982 -0.05058564045963039
leaf_weight=329.05945562571287 6.3106877170503122 371.72260218113661 24.834845684468746 79.948946371674538 45.158246412873268 7.6914045885205296 22.056585431098938 6.6671552471816566 6.0360692404210559 6.6303483843803406 12.355611823499201 13.66662021353841 6.5819977708160868 250.94973854348063
leaf_count=2495 124 3158 155 542 316 51 220 151 139 73 85 156 101 6284
internal_value=-0.00045096 0.0140557 0.0240392 0.0524798 0.0159569 0.00280855 -0.000110631 -0.0430117 -0.048239 -0.0113215 0.0574302 -0.00614703 0.00837779 -0.050047
internal_weight=1189.67 892.828 479.001 104.784 374.218 413.826 393.779 296.843 269.927 12.941 20.047 26.9158 20.2486 256.986
internal_count=14050 7022 3508 697 2811 3514 3378 7028 6620 197 136 408 257 6423
cat_boundaries=0 1 2
cat_threshold=13 1
is_linear=0
shrinkage=0.05


Tree=21
num_leaves=13
num_cat=3
split_feature=0 34 0 2 35 4 5 40 1 34 5 25
split_gain=282.082 37.705 36.59 37.2572 18.6555 15.7627 13.3287 5.98977 5.52687 4.58257 3.91642 11.1604
threshold=0 20.250000000000004 1 11.500000000000002 87.910714500000026 0.98667101781630184 0.99138911339924218 11.250000000000002 2 23.950000000000003 -0.90892157495189674 5.9791670000000012
decision_type=1 2 1 2 2 2 2 2 1 2 2 2
left_child=1 6 3 -3 -4 10 -1 9 -8 -7 11 -2
right_child=5 2 4 -5 -6 7 8 -9 -10 -11 -12 -13
leaf_value=-0.058112202766309344 0.0080215414760726727 0.02291755667512483 0.0081226208485746538 0.08860680028624951 -0.031128756997383596 0.028669865416261806 0.054415111985644783 -0.045439867053239186 -0.02890591264719037 -0.017026024073615233 -0.051148797544705353 -0.047662480734117073
leaf_weight=23.378134943544868 11.802503038197754 380.91845116764307 447.35720066726208 22.064091235399246 31.485999472439289 10.23447229340673 3.7050453275442115 6.54876360669732 2.6157293617725372 9.7990572378039342 213.1219996213913 33.661369916051626
leaf_count=194 178 2180 4235 108 341 107 24 153 25 147 5556 891
internal_value=-0.000454641 0.0131831 0.015209 0.0260791 0.00537026 -0.0429021 -0.0412118 -0.00742466 0.0206958 0.00657169 -0.0481591 -0.0333453
internal_weight=1196.69 911.525 881.826 402.983 478.843 285.168 29.6989 26.5823 6.32077 20.0335 258.586 45.4639
internal_count=14139 7107 6864 2288 4576 7032 243 407 49 254 6625 1069
cat_boundaries=0 1 2 3
cat_threshold=13 1 1
is_linear=0
shrinkage=0.05


Tree=22
num_leaves=14
num_cat=2
split_feature=0 34 44 1 4 5 7 40 5 25 39 11 39
split_gain=252.804 32.8455 31.5768 35.2986 20.1973 11.0787 7.62321 5.89661 4.48522 13.4733 2.27296 2.20346 2.10071
threshold=0 20.250000000000004 48.800000000000004 1 0.9916835347852474 0.99138911339924218 29.635417000000004 11.850000000000003 -0.90892157495189674 5.9791670000000012 29.850000000000005 82.500000000000014 22.450000000000003
decision_type=1 2 2 1 2 2 2 2 2 2 2 2 2
left_child=1 5 3 -3 8 -1 -4 12 9 -2 -10 -7 -6
right_child=4 2 6 -5 7 11 -8 -9 10 -11 -12 -13 -14
leaf_value=-0.057335549332768944 0.01436904835530399 0.025351127264039649 -0.037035901991347812 0.0047735348974066831 0.029717139832980743 0.042123556177099709 0.036384325492878275 -0.043202083774605965 -0.051245098634277335 -0.047503026352500519 0.0054033553321579993 -0.01133799039051675 -0.0031422640495499194
leaf_weight=21.229465134441856 11.32639070227742 453.53541998565197 34.8113197311759 385.90820748358965 9.4765358194708877 2.9052307307720175 3.1269291192293158 4.7281403839588156 204.33073714748025 33.145223658531904 1.6030106842517842 3.1512060463428497 8.7550210021436197
leaf_count=183 168 3234 316 3222 92 22 23 112 5587 917 26 25 119
internal_value=-0.000749043 0.0120531 0.0138821 0.0159082 -0.0419172 -0.0409074 -0.0302055 0.00138617 -0.0475448 -0.0317755 -0.0507802 0.0166424 0.0145948
internal_weight=1178.03 904.668 877.382 839.444 273.365 27.2859 37.9382 22.9597 250.405 44.4716 205.934 6.05644 18.2316
internal_count=14046 7025 6795 6456 7021 230 339 323 6698 1085 5613 47 211
cat_boundaries=0 1 2
cat_threshold=13 1
is_linear=0
shrinkage=0.05


Tree=23
num_leaves=15
num_cat=2
split_feature=0 0 4 39 34 5 4 38 4 40 34 44 26 11
split_gain=247.11 31.5728 27.1323 28.8121 16.4104 18.7889 15.5939 9.22966 7.88244 5.18614 4.5527 3.52556 1.06308 0.185907
threshold=0 1 0.97875492728876534 19.550000000000004 20.250000000000004 0.99803555425430601 0.98667101781630184 5.6142855000000003 0.14250626876356548 11.250000000000002 23.950000000000003 38.70000000000001 11.65 75.500000000000014
decision_type=1 1 2 2 2 2 2 2 2 2 2 2 2 2
left_child=1 2 3 -1 13 -6 7 8 -2 10 -8 -4 -9 -3
right_child=6 4 11 -5 5 -7 9 12 -10 -11 -12 -13 -14 -15
leaf_value=0.010138749256436137 -0.044341548558031268 -0.016633198277431985 -0.0092442596266016138 0.037326401449770542 0.0040199218642831538 0.084085262066104352 0.025772097664707623 -0.022394546414313581 0.031094205498504481 -0.044690567262867326 -0.018419941047023134 -0.052059295748974388 -0.050272250754078734 -0.051385470499961665
leaf_weight=170.70001502335072 5.4598639532923681 1.6680684536695469 9.2425989359617251 229.19009432941675 475.1975766941905 6.4464008137583724 11.170437663793569 5.7820262797176829 6.4775838553905487 5.9770570322871199 10.224549949169157 10.35404960811138 217.83760017156601 11.930104024708269
leaf_count=925 126 18 74 1238 4482 59 109 146 66 152 155 97 6265 137
internal_value=5.65536e-05 0.0123998 0.02241 0.0257751 0.00361805 0.00526353 -0.0416611 -0.0473766 -0.00416858 -0.00722213 0.00477349 -0.0332952 -0.0496543 -0.0485539
internal_weight=1177.66 914.729 419.487 399.89 495.242 481.644 262.929 235.557 11.9374 27.372 21.395 19.5966 223.62 13.5982
internal_count=14049 7030 2334 2163 4696 4541 7019 6603 192 416 264 171 6411 155
cat_boundaries=0 1 2
cat_threshold=13 1
is_linear=0
shrinkage=0.05


Tree=24
num_leaves=15
num_cat=5
split_feature=0 34 41 1 4 5 0 38 1 38 1 11 39 37
split_gain=234.333 30.9914 35.1879 36.3644 16.0057 10.3525 9.96581 6.96735 6.50448 5.72009 4.27529 1.49041 1.42217 0.867735
threshold=0 20.250000000000004 0.65000000000000002 1 0.99374995976406788 0.99138911339924218 2 5.6142855000000003 3 11.120238000000002 4 97.500000000000014 29.850000000000005 36.500000000000007
decision_type=1 2 2 1 2 2 1 2 1 2 1 2 2 2
left_child=1 5 6 -4 7 -1 -3 8 -2 11 -7 -6 -9 -11
right_child=4 2 3 -5 9 10 -8 12 -10 13 -12 -13 -14 -15
leaf_value=-0.057188041579754684 0.022250443557708 0.053750975999839239 0.020134437524756486 -0.0009418975833939418 -0.044729324633920015 0.044004533924976247 -0.00012036188016963259 -0.049319078736010435 -0.045801811220366598 0.025667112880939986 -0.029122930102839024 0.0062096078396246656 -0.005778921425212559 -0.0035949893723028429
leaf_weight=20.284749269485477 6.7718069441616517 52.817248672246933 443.14433498680592 379.38985852152109 5.4148618057370212 3.6853818744420996 19.811077192425728 219.48659777268767 5.4631566666066647 9.9466599971055967 2.5847280025482178 1.5627985447645185 2.1773145459592333 3.0034972280263892
leaf_count=180 95 341 3130 3169 120 24 175 6559 99 92 24 28 32 40
internal_value=-0.000105998 0.0116813 0.0134025 0.0104237 -0.0416125 -0.0404812 0.0465382 -0.0468953 -0.00930098 -0.000212245 0.0139998 -0.0339722 -0.0489193 0.0191092
internal_weight=1175.54 921.717 895.163 822.534 253.827 26.5549 72.6283 233.899 12.235 19.9278 6.27011 6.97766 221.664 12.9502
internal_count=14108 7043 6815 6299 7065 228 516 6785 194 280 48 148 6591 132
cat_boundaries=0 1 2 3 4 5
cat_threshold=13 1 5 1 1
is_linear=0
shrinkage=0.05


Tree=25
num_leaves=13
num_cat=1
split_feature=0 44 39 4 5 4 4 36 25 25 5 34
split_gain=214.644 26.4807 33.3135 52.0066 48.0457 15.918 7.22044 7.47525 4.68292 3.22191 8.34076 2.35746
threshold=0 48.800000000000004 19.550000000000004 -0.51297808981038739 0.87291090774974645 0.98667101781630184 -0.37447345805034538 91.500000000000014 10.402083500000002 5.8131945000000007 -0.90161545992537195 23.950000000000003
decision_type=1 2 2 2 2 2 2 2 2 2 2 2
left_child=1 2 4 -4 -1 9 -3 -8 -7 10 -2 -10
right_child=5 6 3 -5 -6 8 7 -9 11 -11 -12 -13
leaf_value=-0.0090731733917499245 0.0048157971706218822 -0.054958163497612823 0.047522001884399381 0.011233832077033233 0.03260005990646167 -0.043998015448052083 -0.037287319633285264 0.018653095562621697 0.019150195605224931 -0.050082031708464342 -0.04931842273599224 -0.012666623039766983
leaf_weight=283.7764954008162 10.73109255358577 15.555949933826922 132.57309936732054 382.3486490175128 90.351403720676899 5.4076281785964992 11.40416055172682 10.646140843629835 11.55499852076173 185.75474741123617 19.19449127279222 9.9241960570216161
leaf_count=2166 157 136 939 2922 667 142 107 98 113 5877 559 165
internal_value=-0.000494935 0.010551 0.0124132 0.0206507 0.00105093 -0.0413003 -0.0299217 -0.0106411 -0.00644982 -0.047501 -0.0303783 0.00454011
internal_weight=1169.22 926.656 889.05 514.922 374.128 242.567 37.6063 22.0503 26.8868 215.68 29.9256 21.4792
internal_count=14048 7035 6694 3861 2833 7013 341 205 420 6593 716 278
cat_boundaries=0 1
cat_threshold=13
is_linear=0
shrinkage=0.05


Tree=26
num_leaves=14
num_cat=2
split_feature=0 34 30 26 39 4 5 38 1 38 43 9 38
split_gain=204.704 27.4223 31.6542 35.8415 28.3179 18.498 10.9533 8.32992 6.43221 5.56586 1.77461 1.39085 0.893715
threshold=0 20.250000000000004 0.35000000000000003 18.350000000000005 19.550000000000004 0.9893236546938301 0.99138911339924218 5.3982145000000008 1 10.886607000000003 0.55000000000000016 20.950000000000003 5.8788690000000008
decision_type=1 2 2 2 2 2 2 2 1 2 2 2 2
left_child=1 6 3 -3 -4 7 -1 8 -2 -7 -11 -8 -9
right_child=5 2 4 -5 -6 9 11 12 -10 10 -12 -13 -14
leaf_value=-0.056425137936124997 0.034054604042659642 0.066312019930093155 -0.0035620129676000724 0.016157070005436446 0.016228660939470799 -0.043499383358079284 0.035429622138141881 -0.028690502634632215 -0.043187193980683741 -0.019041232035321879 0.017210375479968839 -0.0058959283981242479 -0.050054388962990776
leaf_weight=19.735907770693306 5.1363319456577283 51.586973413825035 309.81205675750971 113.42173679172993 431.87173637002707 5.1336486563086536 3.0784813165664664 9.7351582348346692 3.806258499622345 3.2944159656763103 16.754332028329372 3.5821893140673637 190.21687564440072
leaf_count=185 65 355 2356 824 3264 142 21 266 65 47 188 27 6261
internal_value=0.000239928 0.0108053 0.0123981 0.0321421 0.00796814 -0.0404806 -0.0384188 -0.0470609 0.000140963 -0.00164317 0.0106319 0.0153358 -0.0491622
internal_weight=1167.17 933.089 906.693 165.009 741.684 234.077 26.3966 208.895 8.94259 25.1824 20.0487 6.66067 199.952
internal_count=14066 7032 6799 1179 5620 7034 233 6657 130 377 235 48 6527
cat_boundaries=0 1 2
cat_threshold=13 1
is_linear=0
shrinkage=0.05


Tree=27
num_leaves=14
num_cat=2
split_feature=0 0 4 40 44 39 43 4 7 5 25 40 34
split_gain=175.404 29.8235 44.4665 29.1601 27.159 34.0044 21.5993 16.5814 7.23008 6.20461 13.5219 5.08492 2.63468
threshold=0 1 -0.69057362043749781 0.55000000000000016 48.800000000000004 18.850000000000005 18.950000000000003 0.98667101781630184 26.787500000000005 -0.90892157495189674 5.9791670000000012 11.250000000000002 23.950000000000003
decision_type=1 1 2 2 2 2 2 2 2 2 2 2 2
left_child=1 4 6 -4 5 -1 -3 9 -6 10 -2 12 -9
right_child=7 2 3 -5 8 -7 -8 11 -10 -11 -12 -13 -14
leaf_value=0.001048588981564285 0.01797380513579127 0.065403681199190447 0.036431196134851969 -0.025691427420353026 0.024331371611806651 0.024657759796547031 0.0036695430061820171 0.023083343441794718 -0.04454011471314627 -0.050310081412505592 -0.045880902105428639 -0.043486219746286567 -0.011048892986961444
leaf_weight=235.56282282993197 11.348907161504028 25.222449257969856 20.495914150029421 161.03491553664207 3.8683618679642704 432.08607329428196 31.098905876278877 11.518966592848306 23.003893814980984 160.93066413328052 25.840874955058098 5.1789025869220486 9.4803463034331781
leaf_count=1602 171 207 202 1622 32 2844 292 109 190 5543 900 151 151
internal_value=-0.000710418 0.00893533 -0.00621635 -0.0185162 0.0141403 0.0163419 0.0319747 -0.0393193 -0.0341086 -0.0459836 -0.0264345 -0.00351435 0.00787222
internal_weight=1156.67 932.373 237.852 181.531 694.521 667.649 56.3214 224.299 26.8723 198.12 37.1898 26.1782 20.9993
internal_count=14016 6991 2323 1824 4668 4446 499 7025 222 6614 1071 411 260
cat_boundaries=0 1 2
cat_threshold=13 9
is_linear=0
shrinkage=0.05


Tree=28
num_leaves=15
num_cat=2
split_feature=0 35 34 32 39 34 5 44 38 32 38 1 5 25
split_gain=178.559 30.3759 28.6665 36.7532 15.179 10.3908 9.92612 8.13683 4.99115 6.26661 5.86791 5.20386 6.04055 1.08015
threshold=0 87.645833500000023 20.250000000000004 26.409821500000003 19.350000000000005 23.550000000000004 0.99138911339924218 34.400000000000013 5.5770835000000014 28.845238000000005 10.886607000000003 1 -0.6523320455745395 4.7361110000000002
decision_type=1 2 2 2 2 2 2 2 2 2 2 1 2 2
left_child=1 2 6 -4 7 -6 -1 -3 11 13 -11 12 -2 -10
right_child=8 4 3 -5 5 -7 -8 -9 9 10 -12 -13 -14 -15
leaf_value=-0.056297788042166001 0.052892016668043988 -0.0020886289956168519 0.043752339899366222 0.010019534619088296 0.036194184305421616 -0.014383439257884691 0.014240537529136125 -0.059394589810152137 0.0042886326649841638 -0.048674331973964084 -0.011416921907999819 -0.044298508119573282 -0.036063352386128261 -0.048720258232623638
leaf_weight=19.196379598230127 4.0088635310530663 8.3099330514669401 89.941331706941128 732.81312028318644 12.335837863385676 41.610376223921776 6.1599339395761481 24.221852689981461 0.81064494326710601 16.912068525329232 27.868901778012514 4.4192307200282812 2.2088130339980108 160.3418650906533
leaf_count=181 33 66 632 5456 85 324 46 196 23 587 520 80 51 5738
internal_value=-0.000430963 0.00914628 0.012126 0.0137558 -0.0188355 -0.00236966 -0.0392714 -0.0452552 -0.0401861 -0.0437547 -0.0262435 -0.00780753 0.0206726 -0.0484288
internal_weight=1151.16 934.589 848.111 822.754 86.478 53.9462 25.3563 32.5318 216.57 205.933 44.781 10.6369 6.21768 161.153
internal_count=14018 6986 6315 6088 671 409 227 262 7032 6868 1107 164 84 5761
cat_boundaries=0 1 2
cat_threshold=13 1
is_linear=0
shrinkage=0.05


Tree=29
num_leaves=15
num_cat=4
split_feature=0 35 44 0 4 33 44 1 38 7 1 38 26 7
split_gain=165.473 29.1493 28.6669 28.2671 16.5384 12.5227 8.87855 7.00015 6.85816 6.45624 4.77023 4.24632 1.56758 1.13092
threshold=0 87.764881000000017 48.050000000000004 1 0.9916835347852474 30.750000000000004 47.350000000000009 2 5.6142855000000003 29.635417000000004 3 10.886607000000003 11.65 30.372916500000006
decision_type=1 2 2 1 2 2 2 1 2 2 1 2 2 2
left_child=1 2 3 -1 8 7 -7 -3 10 -4 -2 -6 -10 -13
right_child=4 5 9 -5 11 6 -8 -9 12 -11 -12 13 -14 -15
leaf_value=0.018866763119984649 0.015924871920549612 0.075999215529387654 -0.032872240007397677 -0.0025300514330122374 -0.041614088373773589 -0.033660390586686954 0.024618522275769182 -0.014234342727341604 -0.015070759791303172 0.033791553393053446 -0.044019363009918544 0.0014776761605334952 -0.049363287849323888 0.027525239574837441
leaf_weight=613.46670650690794 7.3780052885413152 3.9361446946859351 40.776738561689854 208.96781498938799 4.1055058967322138 60.731894746422768 6.5881875902414313 3.3310399428009987 4.4987059291452161 3.1769914329051963 4.5482230465859175 13.726237520575525 169.59272537194192 5.062682580202817
leaf_count=3993 103 25 376 1998 127 489 53 26 143 22 95 151 6385 55
internal_value=-0.000193894 0.0088399 0.0115208 0.0136321 -0.0392817 -0.0208715 -0.0276801 0.0379202 -0.0460636 -0.0274092 -0.00857254 -0.000997035 -0.0485683 0.00953248
internal_weight=1149.89 940.976 866.388 822.435 208.912 74.5873 67.3201 7.26718 186.018 43.9537 11.9262 22.8944 174.091 18.7889
internal_count=14041 6982 6389 5991 7059 593 542 51 6726 398 198 333 6528 206
cat_boundaries=0 1 2 3 4
cat_threshold=13 9 1 1
is_linear=0
shrinkage=0.05


Tree=30
num_leaves=15
num_cat=2
split_feature=0 1 5 4 34 32 4 42 38 4 4 25 34 26
split_gain=154.941 23.9679 32.1931 32.4856 20.749 19.9601 16.1644 10.3205 6.71378 8.61039 6.6067 4.36677 1.68954 0.730719
threshold=0 1 -0.99052477729077237 0.34235194516023087 25.950000000000003 27.921726000000003 0.98667101781630184 6.5000000000000009 5.8788690000000008 0.10837544681456417 0.091259403071267911 10.402083500000002 23.950000000000003 11.65
decision_type=1 1 2 2 2 2 2 2 2 2 2 2 2 2
left_child=1 2 10 -4 5 -3 8 -6 9 -2 -1 -8 -13 -10
right_child=6 4 3 -5 7 -7 11 -9 13 -11 -12 12 -14 -15
leaf_value=-0.05527653467400339 -0.046669512924566309 0.0042448947318001994 0.030121882751457038 0.0042807225568175155 0.022389791457287356 -0.020345372882678115 -0.04246731455656394 0.09763050135491666 -0.019553339184110306 0.020744365283240886 0.0096865579565523809 0.019376963525111722 -0.0084527788916900718 -0.050023551929552171
leaf_weight=17.461885839700702 9.0529441889375466 300.00537244603038 273.48909198492765 219.06360813230276 15.608952343463899 112.71279287338257 4.5361068993806866 6.0034761875867835 3.723151169717311 8.1345723886042816 4.6249734014272681 11.463193219155075 8.9112610314041358 152.75721414759755
leaf_count=138 289 2465 1802 1516 102 927 141 34 123 105 35 108 155 6075
internal_value=0.000107157 0.00860857 0.0159882 0.0186609 4.55535e-05 -0.00250362 -0.0388441 0.0466833 -0.0461648 -0.0153773 -0.041843 -0.00298652 0.00737896 -0.0494273
internal_weight=1147.55 948.97 514.64 492.553 434.331 412.718 198.578 21.6124 173.668 17.1875 22.0869 24.9106 20.3745 156.48
internal_count=14015 7019 3491 3318 3528 3392 6996 136 6592 394 173 404 263 6198
cat_boundaries=0 1 2
cat_threshold=13 1
is_linear=0
shrinkage=0.05


Tree=31
num_leaves=15
num_cat=3
split_feature=0 1 39 36 2 33 33 4 4 38 1 38 34 26
split_gain=137.256 22.7996 26.0034 26.485 24.5493 31.7664 30.0622 24.1667 15.165 5.56262 4.37892 4.21112 2.6539 1.54541
threshold=0 1 19.450000000000003 99.500000000000014 7.5000000000000009 32.95000000000001 31.250000000000004 0.98049069993378934 0.98667101781630184 5.6142855000000003 2 10.886607000000003 23.950000000000003 11.65
decision_type=1 1 2 2 2 2 2 2 2 2 1 2 2 2
left_child=1 4 3 -3 5 -1 -6 -4 9 10 -2 -10 -13 -11
right_child=8 2 7 -5 6 -7 -8 -9 11 13 -12 12 -14 -15
leaf_value=-0.018888889570843809 0.014138955485103877 -0.034190615786890567 0.012728857089125842 0.007331078070757082 -0.011874180474464445 0.015514346924688694 0.037082240039482239 -0.039070552705031805 -0.042424502781124682 -0.014774316245860775 -0.044062696390048284 0.02090381726515414 -0.013621039688895451 -0.048963951037193039
leaf_weight=93.698308236896992 6.8555106595158559 94.347513142973185 244.27355176582932 63.804361931979656 38.270717330276966 229.51964078098536 162.82400086522102 23.821683622896671 4.6267889644950655 4.4598570168018332 4.5840424988418818 11.849354181438686 8.9146618228405696 150.9863461907953
leaf_count=718 95 829 1884 527 263 1576 979 230 157 146 99 114 146 6272
internal_value=-0.00087341 0.00703401 -0.00148076 -0.0174984 0.0140797 0.00551362 0.0277526 0.00799812 -0.0381877 -0.0456114 -0.0108508 -0.00398477 0.00613639 -0.0480837
internal_weight=1142.84 950.56 426.247 158.152 524.313 323.218 201.095 268.095 192.277 166.886 11.4396 25.3908 20.764 155.446
internal_count=14035 7006 3470 1356 3536 2294 1242 2114 7029 6612 194 417 260 6418
cat_boundaries=0 1 2 3
cat_threshold=13 1 1
is_linear=0
shrinkage=0.05


Tree=32
num_leaves=15
num_cat=2
split_feature=0 0 44 44 32 37 32 40 4 25 5 8 34 9
split_gain=141.64 22.5812 22.5099 35.0429 22.9427 12.6502 24.5217 19.4349 12.1198 3.28786 5.08829 3.03396 1.83096 0.361787
threshold=0 1 42.300000000000004 37.250000000000007 26.971428500000005 32.500000000000007 28.878274000000001 3.3500000000000001 0.98667101781630184 5.5895835000000007 -0.90161545992537195 34.250000000000007 23.950000000000003 25.550000000000004
decision_type=1 1 2 2 2 2 2 2 2 2 2 2 2 2
left_child=1 2 3 -1 -4 6 -3 -7 9 10 -2 13 -13 -10
right_child=8 5 4 -5 -6 7 -8 -9 11 -11 -12 12 -14 -15
leaf_value=0.0089410475894309178 0.0057533915711331122 -0.038614003985841208 0.03164844801843987 0.041190282899542109 -0.023256528703569042 0.030239900334977872 0.01670069169428565 -0.0005623707087102788 -0.043098518035493825 -0.048812808176833124 -0.046614752757991838 0.015761028869153398 -0.013781363885318724 -0.0053153054909126666
leaf_weight=216.21218832582235 7.9744013249874142 51.310348570346832 26.371940329670906 137.79360232502222 61.560167409479618 58.375632297247648 31.735678628087044 372.13129227235913 4.416722813621166 143.20669206976891 9.4689942970871908 10.047702800482513 8.9981350824236852 1.067084079608321
leaf_count=1143 110 515 140 692 381 494 255 3379 131 6202 348 101 157 16
internal_value=-0.000438606 0.00743191 0.0156101 0.0215744 -0.00661913 0.000214414 -0.0175285 0.00367474 -0.0391662 -0.046245 -0.0236603 -0.00815149 0.00181261 -0.0377001
internal_weight=1140.67 955.491 441.938 354.006 87.9321 513.553 83.046 430.507 185.18 160.65 17.4434 24.5296 19.0458 5.48381
internal_count=14064 6999 2356 1835 521 4643 770 3873 7065 6660 458 405 258 147
cat_boundaries=0 1 2
cat_threshold=13 1
is_linear=0
shrinkage=0.05


Tree=33
num_leaves=14
num_cat=1
split_feature=0 34 35 32 4 39 5 5 13 40 30 13 2
split_gain=116.889 21.3416 22.391 23.4302 14.1112 13.8985 10.6401 5.66023 11.4332 3.9485 1.53582 1.18251 0.362466
threshold=0 20.250000000000004 87.764881000000017 26.409821500000003 0.98667101781630184 21.450000000000003 0.99138911339924218 -0.90892157495189674 6.2562500000000005 10.850000000000003 0.55000000000000016 7.7500000000000009 11.500000000000002
decision_type=1 2 2 2 2 2 2 2 2 2 2 2 2
left_child=1 6 3 -3 7 -4 -1 8 -2 10 -6 -8 -9
right_child=4 2 5 -5 9 -7 11 12 -10 -11 -12 -13 -14
leaf_value=-0.056192414841881859 0.012005195330525272 0.032679919594875477 -0.041047884405517654 0.0066722920130143195 -0.0098371412819210323 0.0012610302264439363 -0.0081487051960368925 -0.050722509734369509 -0.048636644354359736 -0.04225716298854218 0.016334201757292579 0.030502368678540261 -0.032119474557954025
leaf_weight=19.103319685906175 12.539259407669308 96.914393551647663 35.162168696522713 758.82502934336662 8.9198940191417986 41.778827264904976 2.795397460460662 112.95408559776843 18.12632429599762 4.4604687709361306 12.097430871799586 3.775438591837883 9.5479452740401012
leaf_count=186 271 652 291 5525 124 311 21 5117 814 155 137 27 423
internal_value=-0.00103398 0.00600838 0.00732496 0.00965242 -0.0369159 -0.0183528 -0.0380488 -0.0446691 -0.0242439 -0.00432027 0.0052846 0.0151548 -0.0495444
internal_weight=1137 958.355 932.68 855.739 178.645 76.941 25.6742 153.168 30.6656 25.4778 21.0173 6.57084 122.502
internal_count=14054 7013 6779 6177 7041 602 234 6625 1085 416 261 48 5540
cat_boundaries=0 1
cat_threshold=13
is_linear=0
shrinkage=0.05


Tree=34
num_leaves=15
num_cat=3
split_feature=0 0 4 32 41 34 34 4 38 1 38 38 26 37
split_gain=108.185 21.1856 40.1901 31.9003 22.6156 20.3416 19.1189 15.1538 7.08844 5.47956 3.17249 2.39656 1.82007 1.69377
threshold=0 1 -0.69057362043749781 29.670238000000005 0.55000000000000016 24.450000000000003 24.150000000000002 0.9916835347852474 5.6142855000000003 2 10.886607000000003 10.791369000000001 11.65 36.500000000000007
decision_type=1 1 2 2 2 2 2 2 2 1 2 2 2 2
left_child=1 3 6 5 -4 -1 -3 8 9 -2 -9 -5 -10 -12
right_child=7 2 4 11 -6 -7 -8 10 12 -11 13 -13 -14 -15
leaf_value=0.010654806559761613 0.022139834433964913 0.038067475770723308 0.028212940376830906 0.061004859710575232 -0.025710325708653253 -0.012442316472297408 -0.044811877818054346 -0.039493845534483568 -0.010758879362925812 -0.043684007478463099 0.016759379939712812 0.036018357158210272 -0.048534810506569798 -0.014294109481307367
leaf_weight=554.7063906788826 6.6752385050058347 52.729389540851116 21.262659627944231 20.781321838498116 160.9253047183156 114.1861664429307 7.1381101980805388 3.2936101295053986 3.9349303133785716 4.3947152122855186 13.866497561335565 31.578929856419563 134.40934896096587 5.3545100167393676
leaf_count=3625 94 446 202 107 1632 793 62 120 140 100 124 174 6363 82
internal_value=-0.00137874 0.00527099 -0.00732803 0.00954584 -0.0192974 0.00669923 0.0276118 -0.036638 -0.0444831 -0.00544611 -0.000478424 0.0468927 -0.0475453 0.00782954
internal_weight=1135.24 963.308 242.055 721.253 182.188 668.893 59.8675 171.929 149.414 11.07 22.5146 52.3603 138.344 19.221
internal_count=14064 7041 2342 4699 1834 4418 508 7023 6697 194 326 281 6503 206
cat_boundaries=0 1 2 3
cat_threshold=13 9 1
is_linear=0
shrinkage=0.05


Tree=35
num_leaves=15
num_cat=2
split_feature=0 22 43 30 43 4 39 20 38 34 1 38 36 43
split_gain=109.886 20.0726 21.0727 25.9774 23.7554 12.7765 8.55276 10.3838 6.61717 5.05001 4.32629 3.99441 1.66603 1.50013
threshold=0 88.270833500000023 29.550000000000004 13.550000000000002 33.250000000000007 0.98667101781630184 22.450000000000003 29.100000000000005 5.6142855000000003 23.850000000000005 1 11.088988000000002 99.500000000000014 0.55000000000000016
decision_type=1 2 2 2 2 2 2 2 2 2 1 2 2 2
left_child=1 2 3 -1 -4 8 7 -3 10 -8 -2 -7 -10 -13
right_child=5 6 4 -5 -6 11 9 -9 12 -11 -12 13 -14 -15
leaf_value=0.0061468085743470353 0.015932768599547398 0.043189003166969948 -0.040758928457443361 0.026772216245415967 0.0087381495108476304 -0.037429756200341897 0.035923937851069912 -0.040958714074455504 -0.050549076677188248 -0.011953972501563864 -0.042848846089048105 -0.019661377117395313 -0.033681837651648339 0.013395561229579142
leaf_weight=598.59829034656286 7.3133803680539113 3.2380231544375411 42.441093854606152 204.35883658379316 54.205808207392693 5.9274801742285517 7.3655782267451313 37.777597643435001 101.85921816527843 15.195290565490721 4.0524671673774719 3.4024283513426807 27.670939680188894 15.415002612397073
leaf_count=4296 100 23 355 1454 418 193 48 292 5114 123 97 57 1301 163
internal_value=0.000196371 0.00677184 0.00876668 0.0114229 -0.0131926 -0.0360909 -0.0201051 -0.0334458 -0.0440405 0.00453831 -0.00679591 -0.00489275 -0.0472314 0.00672793
internal_weight=1128.82 963.181 899.604 802.957 96.6469 165.641 63.5765 41.0156 140.896 22.5609 11.3658 24.7449 129.53 18.8174
internal_count=14034 7009 6523 5750 773 7025 486 315 6612 171 197 413 6415 220
cat_boundaries=0 1 2
cat_threshold=13 1
is_linear=0
shrinkage=0.05


Tree=36
num_leaves=15
num_cat=2
split_feature=0 35 34 34 39 4 34 5 13 5 0 44 9 2
split_gain=96.3343 27.2848 26.3313 25.7037 14.4963 12.3641 10.4658 8.26099 13.8968 5.7926 5.6955 5.65156 5.61164 0.483284
threshold=0 87.764881000000017 20.250000000000004 20.850000000000005 21.650000000000002 0.98667101781630184 23.550000000000004 -0.90892157495189674 6.3375000000000012 0.99138911339924218 1 34.400000000000013 25.350000000000005 11.500000000000002
decision_type=1 2 2 2 2 2 2 2 2 2 1 2 2 2
left_child=1 2 9 -4 11 7 -6 8 -2 -1 12 -3 -7 -9
right_child=5 4 3 -5 6 10 -8 13 -10 -11 -12 -13 -14 -15
leaf_value=-0.05568388587986875 0.0215369776383732 -0.0051752203431192668 0.048638187850612982 0.0080973972680729502 0.037870098042485895 -0.012266385775176547 -0.017157978824959667 -0.050507371605292672 -0.047865809801940162 0.00033814275118909507 -0.023326742248651822 -0.055515645675486641 0.044090941194388888 -0.030294880991280221
leaf_weight=17.930433779954914 12.116056038066747 7.1871394142508498 40.089505530893803 832.29977735877037 10.888612963259218 7.2455421946942833 30.647612757980824 97.899911401793361 15.33354229852557 6.0854700580239287 7.9807893969118622 27.774735271930695 9.0714084673672897 8.6809320859611017
leaf_count=181 269 61 262 5946 73 150 235 5082 810 44 138 242 127 430
internal_value=6.54543e-05 0.00605928 0.008574 0.010014 -0.0223567 -0.0347706 -0.00218134 -0.0428629 -0.0175517 -0.0420422 -0.0039468 -0.0455988 0.0125532 -0.049158
internal_weight=1131.23 972.903 896.405 872.389 76.4981 158.328 41.5362 134.03 27.4496 24.0159 24.2977 34.9619 16.317 106.581
internal_count=14050 7044 6433 6208 611 7006 308 6591 1079 225 415 303 277 5512
cat_boundaries=0 1 2
cat_threshold=13 34
is_linear=0
shrinkage=0.05


Tree=37
num_leaves=15
num_cat=3
split_feature=0 0 4 33 4 19 0 37 38 33 39 39 9 8
split_gain=96.8831 18.8269 18.5962 24.5553 14.3526 14.2261 23.823 16.0579 5.51805 6.60657 4.74916 4.20383 3.25083 1.32456
threshold=0 1 0.98049069993378934 36.600000000000009 0.99466373373798567 27.501389000000003 2 33.500000000000007 5.8788690000000008 32.550000000000004 29.850000000000005 22.350000000000005 24.550000000000004 35.95000000000001
decision_type=1 1 2 2 2 2 1 2 2 2 2 2 2 2
left_child=1 2 3 -1 8 7 -7 -3 9 -2 -10 -4 -6 -14
right_child=4 5 11 -5 12 6 -8 -9 10 -11 -12 -13 13 -15
leaf_value=0.012354684772296821 -0.04566661593982551 -0.046363507893157595 -0.0034751949462346965 0.059349316736042712 -0.038476615900191947 0.021037503885243627 -0.00984421169473477 -0.004608916072714399 -0.048545743317718187 0.016885032698657688 0.014550551823292983 -0.049835498004823862 0.0021444765744069185 0.032124199959875581
leaf_weight=391.23918408900499 7.1870304290205222 24.277507148683071 8.0470513030886668 29.046104557812214 2.5897047743201282 135.19541142135859 102.25882576406002 262.57271367684007 118.68852367065847 7.9140013009309769 2.6416891925036898 12.125748306512831 9.2915892805904132 5.2804522663354865
leaf_count=2010 272 264 60 139 85 995 1008 2402 6347 120 38 107 116 53
internal_value=-0.000337241 0.0056546 0.0131654 0.0157357 -0.0358158 -0.000795988 0.0082223 -0.0082916 -0.0435181 -0.0138725 -0.0470643 -0.0323797 0.00471898 0.0143735
internal_weight=1118.36 964.763 440.458 420.285 153.593 524.304 237.454 286.85 136.431 15.101 121.33 20.1728 17.1617 14.572
internal_count=14016 6985 2316 2149 7031 4669 2003 2666 6777 392 6385 167 254 169
cat_boundaries=0 1 2 3
cat_threshold=13 1 8
is_linear=0
shrinkage=0.05


Tree=38
num_leaves=15
num_cat=1
split_feature=0 44 22 34 40 4 43 4 38 4 39 15 38 26
split_gain=86.9583 23.8182 23.4075 23.6447 13.9239 12.1322 9.26142 8.32134 7.09787 7.263 6.70047 3.7842 1.60685 1.07548
threshold=0 45.20000000000001 88.270833500000023 20.250000000000004 66.450000000000017 0.98667101781630184 30.050000000000004 0.91248814248966259 5.8788690000000008 0.10837544681456417 22.850000000000005 1.5500000000000003 10.886607000000003 11.65
decision_type=1 2 2 2 2 2 2 2 2 2 2 2 2 2
left_child=1 2 3 -1 7 8 -6 -3 9 -2 -4 12 -7 -10
right_child=5 4 10 -5 6 11 -8 -9 13 -11 -12 -13 -14 -15
leaf_value=-0.03813590444659487 -0.044899307228762252 -0.049988003566290608 -0.034224531349457923 0.011217006120222941 0.017271556809145792 -0.032164167238324555 -0.02990775041214614 -0.011492087153189045 -0.012154136498621083 0.021120124263532807 0.014771509644568463 -0.043508823998111706 0.0092518563365909506 -0.048583263248267262
leaf_weight=24.07252049446106 6.8167866449803105 32.509057279676199 39.729190621525049 795.76145488023758 32.955375552177429 1.669577656313783 14.003318946808575 25.460823427885771 2.8623760323971501 8.0217322558164579 7.8263399377465239 4.0721139628440133 18.877117440104485 106.83249938674271
leaf_count=235 285 279 320 5563 260 64 118 216 120 105 53 123 224 6143
internal_value=-0.000617131 0.00495889 0.00773565 0.00972318 -0.0173834 -0.0347724 0.00287219 -0.0335619 -0.0433847 -0.010129 -0.026023 -0.00478735 0.00454991 -0.0477511
internal_weight=1121.47 972.318 867.39 819.834 104.929 149.152 46.9587 57.9699 124.533 14.8385 47.5555 24.6188 20.5467 109.695
internal_count=14108 7044 6171 5798 873 7064 378 495 6653 390 373 411 288 6263
cat_boundaries=0 1
cat_threshold=13
is_linear=0
shrinkage=0.05


Tree=39
num_leaves=15
num_cat=1
split_feature=1 37 43 5 5 31 44 32 32 42 26 4 43 34
split_gain=21.7931 24.3351 29.0684 25.4512 21.9708 21.0758 18.0564 16.2278 25.7551 14.3258 11.3423 21.1989 10.2305 8.38355
threshold=0 32.500000000000007 0.95000000000000007 0.89309379682046119 -0.99465740988130902 34.000000000000007 26.800000000000004 29.116071500000004 28.1711305 6.5000000000000009 16.350000000000005 0.67167992559793654 16.850000000000005 20.250000000000004
decision_type=1 2 2 2 2 2 2 2 2 2 2 2 2 2
left_child=1 10 3 -3 -4 6 13 8 -7 -9 -1 -12 -8 -2
right_child=5 2 4 -5 -6 7 12 9 -10 -11 11 -13 -14 -15
leaf_value=0.049889834418371803 -0.03857635002935475 0.0067265617918989109 -0.045176667268420984 0.0804863863191283 0.0083731222346295417 0.0037542786817996777 -0.033040903976952675 0.013503285187200467 -0.03626433729921482 0.083449998403608547 -0.060269362007981886 -0.006636680398545718 -0.010871779950953675 0.057529359948881566
leaf_weight=4.9889503587037316 2.133170509710907 21.624812779948115 19.035624386742711 24.988196896389127 441.23211804311723 181.27320679929107 118.16638124920428 43.737581476569176 50.609505680389702 7.9413629565387955 24.541225338354707 67.21257827617228 94.896400642581284 9.5710680875927192
leaf_count=56 38 222 261 250 5099 2527 1672 500 685 85 331 781 1354 130
internal_value=-0.00088174 0.00553788 0.00992675 0.0471275 0.00606529 -0.00850073 -0.0198995 0.000572744 -0.00509819 0.0256319 -0.0173237 -0.0214768 -0.0232639 0.0383557
internal_weight=1111.95 603.624 506.881 46.613 460.268 508.329 224.767 283.562 231.883 51.6789 96.7428 91.7538 213.063 11.7042
internal_count=13991 7000 5832 472 5360 6991 3194 3797 3212 585 1168 1112 3026 168
cat_boundaries=0 1
cat_threshold=1
is_linear=0
shrinkage=0.05


Tree=40
num_leaves=15
num_cat=2
split_feature=0 44 35 34 40 4 43 43 37 38 4 0 25 26
split_gain=79.756 20.7666 24.6627 21.4898 15.0119 13.2558 11.0959 10.5652 10.1196 7.99341 6.95677 6.71234 5.33576 0.999595
threshold=0 45.20000000000001 88.062500000000014 20.250000000000004 66.450000000000017 0.98667101781630184 26.900000000000002 0.45000000000000007 70.500000000000014 5.8788690000000008 0.10837544681456417 1 10.402083500000002 11.65
decision_type=1 2 2 2 2 2 2 2 2 2 2 1 2 2
left_child=1 2 3 -1 7 9 -6 -3 -4 10 -2 -7 -13 -11
right_child=5 4 8 -5 6 11 -8 -9 -10 13 -12 12 -14 -15
leaf_value=-0.037089287848999224 -0.04440791473247932 0.011165047670123865 -0.045383852376379083 0.01074971545207578 0.030029547740740681 -0.02376531596275748 -0.017942169027689858 -0.043916680708425929 0.020177812666985515 -0.013183516520856108 0.020152242511768923 -0.035969987147330233 0.035583753370743681 -0.048413366163590724
leaf_weight=23.21162236109376 6.3371443990617982 10.315326146781443 28.632849019020796 814.59647352993488 21.82891995459795 8.1788452006876469 24.582440886646509 44.728797577321529 6.7255028560757628 2.9657682459801427 8.7537021376192552 2.3201354444026974 13.726684805005787 101.22859976068139
leaf_count=235 278 72 243 5642 168 136 206 412 49 124 111 93 177 6109
internal_value=-0.000140181 0.00509839 0.0076421 0.00938169 -0.0161571 -0.0335379 0.00477813 -0.0335793 -0.0327014 -0.0426551 -0.00803366 -0.00202912 0.0149594 -0.0475454
internal_weight=1118.13 974.622 873.166 837.808 101.455 143.511 46.4114 55.0441 35.3584 119.285 15.0908 24.2257 16.0468 104.194
internal_count=14055 7027 6169 5877 858 7028 374 484 292 6622 389 406 270 6233
cat_boundaries=0 1 2
cat_threshold=13 16
is_linear=0
shrinkage=0.05


Tree=41
num_leaves=12
num_cat=3
split_feature=0 0 5 38 30 19 38 37 4 1 35
split_gain=77.0505 25.9399 19.5746 29.1113 19.6816 14.9971 26.0917 13.2187 5.97535 7.82399 10.6201
threshold=0 1 -0.98801846520836334 6.112797500000001 23.050000000000004 27.501389000000003 7.9761905000000004 33.500000000000007 0.99274428880883148 2 68.827381000000017
decision_type=1 1 2 2 2 2 2 2 2 1 2
left_child=8 2 3 -2 -4 7 -7 -3 -1 10 -10
right_child=1 5 4 -5 -6 6 -8 -9 9 -11 -12
leaf_value=-0.050840407255379798 0.076175991041088839 -0.045445403646360932 0.019477335955885092 -0.058722607809271833 -0.013683206185086906 0.031788998669866723 -0.0036624033324649178 -0.0074475107338225037 -0.041112021458442366 -0.048745886059881172 0.071583993723766642
leaf_weight=79.022802529856563 4.1364424675703075 23.981330059468746 378.70467822253704 18.185670405626297 50.00722099095583 69.293888321146369 197.72086152527481 283.51002409216017 2.8730533365160209 6.4778407532721758 3.7289009485393763
leaf_count=4474 19 389 1962 106 271 796 2228 3599 38 98 61
internal_value=-3.45854e-05 0.00406635 0.0129045 -0.0315305 0.0155865 -0.00298443 0.00562199 -0.0105487 -0.0412562 -0.0131557 0.023584
internal_weight=1117.64 1025.54 451.034 22.3221 428.712 574.506 267.015 307.491 92.1026 13.0798 6.60195
internal_count=14041 9370 2358 125 2233 7012 3024 3988 4671 197 99
cat_boundaries=0 1 2 3
cat_threshold=48 1 1
is_linear=0
shrinkage=0.05


Tree=42
num_leaves=15
num_cat=3
split_feature=0 0 43 4 33 4 26 19 19 38 1 38 34 36
split_gain=72.9428 18.0017 20.9582 21.3123 18.4891 11.062 9.68986 23.6281 12.6112 7.90787 5.02688 2.47448 1.90765 1.51714
threshold=0 1 0.35000000000000003 0.89404822654372251 35.100000000000009 0.9893236546938301 22.850000000000005 29.705555500000006 27.406250000000004 5.5770835000000014 2 10.886607000000003 23.950000000000003 99.500000000000014
decision_type=1 1 2 2 2 2 2 2 2 2 1 2 2 2
left_child=1 2 4 -4 -1 9 8 -8 -3 10 -2 -7 -13 -11
right_child=5 6 3 -5 -6 11 7 -9 -10 13 -12 12 -14 -15
leaf_value=0.063767114840701342 0.026744105866990189 -0.0071554604260666305 0.011880247705505574 -0.024605835294607387 0.0019864683238336798 -0.039174831685498873 -0.028630751116197624 0.046213327821264305 0.0096735454763518212 -0.050186616698474851 -0.041394573602963509 0.014745570852349005 -0.015197288834126266 -0.032317120489909985
leaf_weight=32.524596661329269 6.1502653006464225 233.41763654723763 354.6890189871192 44.156033329665661 19.061953499913216 3.2487674318254021 70.624472007155418 11.44242190569639 211.00398883223534 79.450606572441757 3.3561506532132626 12.124734712764623 7.9664977584034196 23.169013845734298
leaf_count=151 81 2181 1798 306 85 143 681 79 1743 5170 82 107 122 1354
internal_value=-0.000652865 0.00424123 0.0114691 0.00778945 0.0414102 -0.0335702 -0.00205063 -0.0177647 0.000838451 -0.0424987 0.00103808 -0.0044856 0.00271512 -0.0465029
internal_weight=1112.39 976.92 450.432 398.845 51.5866 135.466 526.489 82.0669 444.422 112.126 9.50642 23.34 20.0912 102.62
internal_count=14083 7024 2340 2104 236 7059 4684 760 3924 6687 163 372 229 6524
cat_boundaries=0 1 2 3
cat_threshold=13 1 1
is_linear=0
shrinkage=0.05


Tree=43
num_leaves=12
num_cat=3
split_feature=0 35 36 0 34 39 34 4 1 34 44
split_gain=65.9985 21.8561 24.2976 23.6624 19.0825 12.0095 10.9703 8.19243 10.1653 13.2312 6.12595
threshold=0 87.764881000000017 99.500000000000014 1 24.550000000000004 21.450000000000003 23.550000000000004 0.99274428880883148 2 24.150000000000002 34.400000000000013
decision_type=1 2 2 1 2 2 2 2 1 2 2
left_child=7 2 3 -2 -4 10 -7 -1 9 -9 -3
right_child=1 5 4 -5 -6 6 -8 8 -10 -11 -12
leaf_value=-0.050623489860572718 0.007412545189312671 -0.002597322040997396 0.024310580580408955 -0.012146645241435994 -0.054024504868423834 0.036775405191833546 -0.018595452722233452 0.08380083957166122 -0.048680437456373085 -0.040418393356633109 -0.05309676015277074
leaf_weight=71.577435974031687 528.69330587983131 7.7357728350907555 197.16161947790533 206.08728941064328 7.1716169752180567 11.427695767022668 30.963783586397767 3.9825624767690879 6.5395132414996624 2.9535341374576092 27.604706206358969
leaf_count=4473 3364 83 1685 3395 66 99 319 49 101 54 317
internal_value=0.000251445 0.00395071 0.00610519 0.0018533 0.0213115 -0.0213237 -0.00316531 -0.0393887 -0.00754921 0.0324779 -0.0424185
internal_weight=1101.9 1016.85 939.114 734.781 204.333 77.732 42.3915 85.053 13.4756 6.9361 35.3405
internal_count=14005 9328 8510 6759 1751 818 418 4677 204 103 400
cat_boundaries=0 1 2 3
cat_threshold=48 9 1
is_linear=0
shrinkage=0.05


Tree=44
num_leaves=15
num_cat=5
split_feature=0 40 1 5 2 0 33 34 4 38 4 8 1 1
split_gain=65.1924 17.2316 19.1768 25.0902 21.7134 15.0937 21.2795 14.9256 13.7581 7.01099 6.02785 3.02383 12.2833 8.79269
threshold=0 0.65000000000000002 1 -0.065537083312030939 7.5000000000000009 2 34.95000000000001 20.250000000000004 0.99374995976406788 5.8788690000000008 0.10837544681456417 35.95000000000001 3 4
decision_type=1 2 1 2 2 1 2 2 2 2 2 2 1 1
left_child=1 5 4 -4 -3 7 -7 -1 9 10 -2 13 -13 -10
right_child=8 2 3 -5 -6 6 -8 -9 11 -11 -12 12 -14 -15
leaf_value=-0.020567455342262203 -0.043685385351933725 4.9196593954090956e-05 0.0050243172523567426 -0.020246692329982538 0.021436342632960109 -0.054375846391882122 0.037493446947290836 0.048658370862972922 -0.048088620341973753 -0.04665674203983531 0.018458951901066358 -0.040985643826147743 0.085860083127350662 0.028874179976540473
leaf_weight=8.4170887395739538 5.7618789607658973 286.14464836195111 227.84933480620384 171.23430823907256 201.78100181370974 13.501865338534119 10.228081315755842 57.390532247722149 6.2721455153077841 93.675097079016268 8.317900422960518 2.6439789980649939 3.2486441358923912 6.6354261711239833
leaf_count=70 286 2010 1746 1434 1207 129 74 332 114 6373 106 27 31 107
internal_value=-0.00013663 0.00435785 0.00227886 -0.00584219 0.00891958 0.0251822 -0.0105837 0.0344693 -0.0323829 -0.041751 -0.00818292 0.00435336 0.0312563 -0.00929284
internal_weight=1103.1 976.547 887.009 399.084 487.926 89.5376 23.7299 65.8076 126.555 107.755 14.0798 18.8002 5.89262 12.9076
internal_count=14046 7002 6397 3180 3217 605 203 402 7044 6765 392 279 58 221
cat_boundaries=0 1 2 3 4 5
cat_threshold=13 1 5 1 2
is_linear=0
shrinkage=0.05


Tree=45
num_leaves=12
num_cat=4
split_feature=0 0 4 33 33 37 21 4 1 39 1
split_gain=57.8382 17.1083 19.7011 34.4804 13.121 26.2091 19.2534 7.95986 9.68386 9.89227 6.29803
threshold=0 1 0.94704596667653973 36.600000000000009 36.050000000000004 32.500000000000007 26.950000000000003 0.99274428880883148 2 22.450000000000003 3
decision_type=1 1 2 2 2 2 2 2 1 2 1
left_child=7 2 3 -2 5 -3 -6 -1 9 -9 -4
right_child=1 4 10 -5 6 -7 -8 8 -10 -11 -12
leaf_value=-0.050538590859808434 0.0098635589995855737 -0.041347623147669023 -0.0051224710282333176 0.069718154628706092 0.023873520170456058 -0.0021345394613032959 -0.048199215778153594 0.069997419946668152 -0.048427561207420165 -0.039038745887351352 -0.045683299250598317
leaf_weight=65.98499317932874 388.66205651313066 46.179294185712934 21.524869777262211 24.703287288546562 75.359245867468417 441.5904761729762 9.6035106685012561 4.5076195634901506 6.4413836635649204 2.529962033033371 16.658998467028141
leaf_count=4498 1948 689 145 106 779 5463 85 58 101 44 136
internal_value=-0.000333326 0.00302308 0.0101899 0.0136002 -0.00271288 -0.00592401 0.0152611 -0.0386671 -0.00778054 0.0308195 -0.0235328
internal_weight=1103.75 1024.28 451.549 413.365 572.733 487.77 84.9628 79.464 13.479 7.03758 38.1839
internal_count=14052 9351 2335 2054 7016 6152 864 4701 203 102 281
cat_boundaries=0 1 2 3 4
cat_threshold=48 1 1 1
is_linear=0
shrinkage=0.05


Tree=46
num_leaves=11
num_cat=3
split_feature=0 22 1 25 39 4 1 32 10 20
split_gain=52.6608 20.6037 16.2886 32.0673 23.8849 8.94371 8.99179 9.83208 7.61117 6.47417
threshold=0 88.520833500000023 1 7.9111110000000009 19.450000000000003 0.99274428880883148 2 29.308928500000004 91.500000000000014 29.100000000000005
decision_type=1 2 1 2 2 2 1 2 2 2
left_child=5 2 3 -2 -4 -1 7 -7 9 -3
right_child=1 8 4 -5 -6 6 -8 -9 -10 -11
leaf_value=-0.050449877869923471 0.022637763497766743 0.030441763535852553 -0.018245974202238179 -0.0017531561413634312 0.0057471603394925463 0.064832275183237295 -0.047649696063627227 -0.04003066359025631 0.044021457970715328 -0.041269565272045283
leaf_weight=63.130407170392573 257.47462619189173 2.7118739439174524 161.98262071050704 281.25287422630936 284.41284560412169 5.12638629414141 5.9919168883934617 2.6848338078707457 2.3698437316343179 38.451215356588364
leaf_count=4506 2050 23 1729 2409 2761 68 103 39 23 416
internal_value=-0.000598826 0.00255488 0.0040796 0.00992437 -0.0029805 -0.0377427 -0.00563945 0.0283367 -0.0306917 -0.0359352
internal_weight=1105.59 1028.66 985.123 538.728 446.395 76.9335 13.8031 7.81122 43.5329 41.1631
internal_count=14127 9411 8949 4459 4490 4716 210 107 462 439
cat_boundaries=0 1 2 3
cat_threshold=48 1 1
is_linear=0
shrinkage=0.05


Tree=47
num_leaves=12
num_cat=1
split_feature=44 1 39 2 5 4 2 4 5 25 40
split_gain=18.0411 17.9862 28.865 21.8511 21.32 27.86 19.0746 5.86422 4.2189 4.07204 3.5079
threshold=48.800000000000004 0 18.650000000000002 10.500000000000002 -0.99465740988130902 0.39036257410962039 11.500000000000002 0.9893236546938301 -0.95242240592625282 5.4958335000000007 0.65000000000000002
decision_type=2 1 2 2 2 2 2 2 2 2 2
left_child=1 4 6 -4 9 -6 -3 8 -2 -1 -10
right_child=7 2 3 -5 5 -7 -8 -9 10 -11 -12
leaf_value=0.011687488049435948 0.018654244641788508 -0.031842105822448744 0.0052834738605101877 -0.046082829125090707 0.018269240761875586 -0.0041791331841537173 0.020825694414044929 0.018250733439299716 -0.0028599635683700681 -0.053235837191017876 -0.049975101048982236
leaf_weight=2.4381910376250771 2.3984014643356195 125.93615531362593 310.78612213023007 21.178284584544599 319.55486028641462 242.43154248408973 19.178935026749969 4.4547595214098683 4.6913007367402306 16.11190390214324 29.141623009927571
leaf_count=27 41 1918 4181 292 3583 2836 307 53 54 234 516
internal_value=-0.000352842 0.000917972 -0.00626757 0.00187791 0.00682361 0.00859517 -0.0247864 -0.0326166 -0.0391932 -0.0445411 -0.0437117
internal_weight=1098.3 1057.62 477.079 331.964 580.536 561.986 145.115 40.6861 36.2313 18.5501 33.8329
internal_count=14042 13378 6698 4473 6680 6419 2225 664 611 261 570
cat_boundaries=0 1
cat_threshold=1
is_linear=0
shrinkage=0.05


Tree=48
num_leaves=11
num_cat=3
split_feature=0 34 40 38 0 4 1 35 5 5
split_gain=50.2934 18.3572 19.6962 19.8339 19.352 7.89917 8.15551 8.54293 5.63125 1.11545
threshold=0 20.250000000000004 0.55000000000000016 8.1580355000000022 1 0.99274428880883148 2 68.827381000000017 0.99138911339924218 0.99803555425430601
decision_type=1 2 2 2 1 2 1 2 2 2
left_child=5 8 4 -4 -3 -1 7 -7 -2 -10
right_child=1 2 3 -5 -6 6 -8 -9 9 -11
leaf_value=-0.050387324618207996 -0.054686208548888143 0.038694956662661317 0.0086282620027759629 -0.006026660904450365 -0.013522778037178735 -0.039127857696415871 -0.047339065723097436 0.060866122595492414 0.021919030615170754 -0.015694125195510503
leaf_weight=60.227566303685308 17.063924893736843 56.935657642781734 465.80782390478998 455.84468555264175 22.12953825481236 2.5072562992572767 5.824472607113421 4.8880532663315535 2.5338992681354275 3.4608085472136736
leaf_count=4508 242 321 4161 4258 327 38 99 63 26 37
internal_value=-0.000648453 0.00239169 0.00344933 0.00138133 0.0272374 -0.0377396 -0.00716696 0.0263423 -0.0407503 0.00106526
internal_weight=1097.22 1023.78 1000.72 921.653 79.0652 73.4473 13.2198 7.39531 23.0586 5.99471
internal_count=14080 9372 9067 8419 648 4708 200 101 305 63
cat_boundaries=0 1 2 3
cat_threshold=48 5 1
is_linear=0
shrinkage=0.05


Tree=49
num_leaves=11
num_cat=1
split_feature=0 34 35 38 39 4 5 35 40 25
split_gain=47.4344 16.6798 17.0944 20.0269 12.3154 8.0795 7.52799 5.94772 3.43361 1.12673
threshold=0 20.250000000000004 87.764881000000017 8.1238095000000019 21.850000000000005 0.99274428880883148 0.99138911339924218 68.827381000000017 11.850000000000003 7.9923610000000007
decision_type=1 2 2 2 2 2 2 2 2 2
left_child=5 6 3 -3 -4 -1 -2 -7 -9 -8
right_child=1 2 4 -5 -6 7 9 8 -10 -11
leaf_value=-0.050305576278495738 -0.054500455867717401 0.012951623215347097 -0.041286991988085942 -0.0017081373757560807 -0.00093917518897455139 -0.04531098040726126 -0.00820704369765346 0.035489577330921458 -0.032051393497094377 0.029143375103826964
leaf_weight=57.023429709486663 17.185946296900514 458.50173389911652 33.359122013673186 472.14271516539156 42.174695711582899 4.7777661494910708 4.4861739184707394 6.4315344206988794 1.6582651315256951 2.2618982186540961
leaf_count=4473 253 3958 390 4314 409 75 43 54 72 21
internal_value=-0.000235508 0.00263455 0.00365771 0.00552045 -0.0190652 -0.0371136 -0.0377438 -0.0060036 0.0196419 0.00645805
internal_weight=1100 1030.11 1006.18 930.644 75.5338 69.891 23.934 12.8676 8.0898 6.74807
internal_count=14062 9388 9071 8272 799 4674 317 201 126 64
cat_boundaries=0 1
cat_threshold=48
is_linear=0
shrinkage=0.05


Tree=50
num_leaves=15
num_cat=1
split_feature=0 44 39 44 36 19 36 34 39 38 38 5 38 5
split_gain=45.547 16.1565 19.3078 34.6336 31.4955 6.72648 12.9531 16.466 5.88189 5.22857 5.1647 3.7111 3.76336 0.00548331
threshold=0 48.800000000000004 19.550000000000004 38.000000000000007 98.500000000000014 27.450000000000003 99.500000000000014 23.350000000000005 28.000000000000004 10.886607000000003 12.222916500000002 -0.98212955754013376 5.8008925000000007 -0.93543596745397617
decision_type=1 2 2 2 2 2 2 2 2 2 2 2 2 2
left_child=1 2 3 -1 -4 11 9 -8 13 -7 -10 12 -2 -3
right_child=5 8 4 -5 -6 6 7 -9 10 -11 -12 -13 -14 -15
leaf_value=0.0014901492848906086 0.034712726095849432 -0.022538995003282908 0.0018951805877440123 -0.044887860162654503 0.026806634608420189 -0.043712353610235018 0.16094922428531422 -0.0044762128318169272 0.023664412222953811 -0.012220651691427588 -0.027911558512750845 -0.049613210830414749 -0.037555836448670221 -0.05379937995646749
leaf_weight=348.15414912812412 2.3895344268530598 2.0874586254358283 363.70987889170647 44.509063225239515 193.99195882305503 25.742350215092301 1.1250893054530013 4.9733864478766918 6.5736863650381592 28.141130992211401 12.804501559585331 45.294270444661379 2.8591909082606435 13.649403743445871
leaf_count=2470 43 21 2564 364 1285 1959 53 169 56 955 133 3621 227 134
internal_value=-0.000184067 0.00334373 0.00462047 -0.00386755 0.0105929 -0.0290795 -0.0198387 0.044417 -0.0294557 -0.0277879 -0.0101127 -0.0450902 -0.00436492 -0.0512472
internal_weight=1096.01 985.48 950.365 392.663 557.702 110.525 59.982 6.09848 35.1151 53.8835 19.3782 50.543 5.24873 15.7369
internal_count=14054 7027 6683 2834 3849 7027 3136 222 344 2914 189 3891 270 155
cat_boundaries=0 1
cat_threshold=13
is_linear=0
shrinkage=0.05


end of trees

feature_importances:
age_group=90
day_of_year_sin=82
wind_speed_mean_7d=65
day_of_year_cos=52
temperature_min_7d=46
gender=45
wind_speed_max_7d=43
wind_gust_max_7d=28
rain_max_daily_7d=24
temperature_mean_7d=21
precipitation_sum_7d=18
wind_speed_mean_3d=17
temperature_max_7d=17
humidity_min_7d=17
month=15
wind_speed_max_3d=14
humidity_mean_7d=14
temperature_mean_3d=11
humidity_max_7d=11
temperature_min_3d=7
temperature_mean_current=5
rain_max_daily_3d=5
temperature_min_current=4
wind_speed_mean_current=4
temperature_max_3d=4
temperature_max_current=3
humidity_max_current=3
humidity_mean_3d=3
rain_sum_7d=3
rain_days_7d=3
humidity_max_3d=2
humidity_mean_current=1
precipitation_sum_current=1
precipitation_sum_3d=1
wind_gust_max_3d=1

parameters:
[boosting: gbdt]
[objective: binary]
[metric: binary_logloss]
[tree_learner: serial]
[device_type: cpu]
[data_sample_strategy: bagging]
[data: ]
[valid: ]
[num_iterations: 51]
[learning_rate: 0.05]
[num_leaves: 15]
[num_threads: 8]
[seed: 42]
[deterministic: 0]
[force_col_wise: 0]
[force_row_wise: 0]
[histogram_pool_size: -1]
[max_depth: 4]
[min_data_in_leaf: 20]
[min_sum_hessian_in_leaf: 0.001]
[bagging_fraction: 0.9]
[pos_bagging_fraction: 1]
[neg_bagging_fraction: 1]
[bagging_freq: 1]
[bagging_seed: 400]
[bagging_by_query: 0]
[feature_fraction: 0.9]
[feature_fraction_bynode: 1]
[feature_fraction_seed: 30056]
[extra_trees: 0]
[extra_seed: 12879]
[early_stopping_round: 0]
[early_stopping_min_delta: 0]
[first_metric_only: 0]
[max_delta_step: 0]
[lambda_l1: 0]
[lambda_l2: 1]
[linear_lambda: 0]
[min_gain_to_split: 0]
[drop_rate: 0.1]
[max_drop: 50]
[skip_drop: 0.5]
[xgboost_dart_mode: 0]
[uniform_drop: 0]
[drop_seed: 17869]
[top_rate: 0.2]
[other_rate: 0.1]
[min_data_per_group: 100]
[max_cat_threshold: 32]
[cat_l2: 10]
[cat_smooth: 10]
[max_cat_to_onehot: 4]
[top_k: 20]
[monotone_constraints: ]
[monotone_constraints_method: basic]
[monotone_penalty: 0]
[feature_contri: ]
[forcedsplits_filename: ]
[refit_decay_rate: 0.9]
[cegb_tradeoff: 1]
[cegb_penalty_split: 0]
[cegb_penalty_feature_lazy: ]
[cegb_penalty_feature_coupled: ]
[path_smooth: 0]
[interaction_constraints: ]
[verbosity: -1]
[saved_feature_importance_type: 0]
[use_quantized_grad: 0]
[num_grad_quant_bins: 4]
[quant_train_renew_leaf: 0]
[stochastic_rounding: 1]
[linear_tree: 0]
[max_bin: 255]
[max_bin_by_feature: ]
[min_data_in_bin: 3]
[bin_construct_sample_cnt: 200000]
[data_random_seed: 175]
[is_enable_sparse: 1]
[enable_bundle: 1]
[use_missing: 1]
[zero_as_missing: 0]
[feature_pre_filter: 1]
[pre_partition: 0]
[two_round: 0]
[header: 0]
[label_column: ]
[weight_column: ]
[group_column: ]
[ignore_column: ]
[categorical_feature: 0,1,3]
[forcedbins_filename: ]
[precise_float_parser: 0]
[parser_config_file: ]
[objective_seed: 16083]
[num_class: 1]
[is_unbalance: 0]
[scale_pos_weight: 1]
[sigmoid: 1]
[boost_from_average: 1]
[reg_sqrt: 0]
[alpha: 0.9]
[fair_c: 1]
[poisson_max_delta_step: 0.7]
[tweedie_variance_power: 1.5]
[lambdarank_truncation_level: 30]
[lambdarank_norm: 1]
[label_gain: ]
[lambdarank_position_bias_regularization: 0]
[eval_at: ]
[multi_error_top_k: 1]
[auc_mu_weights: ]
[num_machines: 1]
[local_listen_port: 12400]
[time_out: 120]
[machine_list_filename: ]
[machines: ]
[gpu_platform_id: -1]
[gpu_device_id: -1]
[gpu_device_id_list: ]
[gpu_use_dp: 0]
[num_gpu: 1]

end of parameters

pandas_categorical:[]
