tree
version=v4
num_class=1
num_tree_per_iteration=1
label_index=0
max_feature_idx=44
objective=binary sigmoid:1
feature_names=age_group gender month season day_of_year_sin day_of_year_cos weather_code_current temperature_mean_current temperature_max_current temperature_min_current humidity_mean_current humidity_max_current humidity_min_current wind_speed_mean_current wind_speed_max_current precipitation_sum_current rain_sum_current wind_gust_max_current rain_day_current temperature_mean_3d temperature_max_3d temperature_min_3d humidity_mean_3d humidity_max_3d humidity_min_3d wind_speed_mean_3d wind_speed_max_3d precipitation_sum_3d rain_sum_3d rain_days_3d rain_max_daily_3d wind_gust_max_3d temperature_mean_7d temperature_max_7d temperature_min_7d humidity_mean_7d humidity_max_7d humidity_min_7d wind_speed_mean_7d wind_speed_max_7d precipitation_sum_7d rain_sum_7d rain_days_7d rain_max_daily_7d wind_gust_max_7d
feature_infos=-1:0:1:2:3:4:5 -1:0:1 [1:12] -1:1:0 [-0.99999942202469239:0.99998555065071859] [-0.99997919295908244:0.9999907524084426] [0:61] [23.658332999999999:32.533332999999999] [25.899999999999999:39.200000000000003] [17.899999999999999:29.300000000000001] [48.958333000000003:91.625] [63:100] [23:86] [2.8541669999999999:19.695833] [6.4000000000000004:30.100000000000001] [0:63.100000000000001] [0:63.100000000000001] [14:56.899999999999999] [0:1] [23.766667000000002:32.427778000000004] [27.699999999999999:39.200000000000003] [17.899999999999999:28.100000000000001] [52.569443999999997:90.694444000000004] [73:100] [23:79] [4.125:17.329167000000002] [9.6999999999999993:30.100000000000001] [0:93.900000000000006] [0:93.900000000000006] [0:3] [0:63.100000000000001] [17.300000000000001:56.899999999999999] [24.365476000000001:32.235118999999997] [28.699999999999999:39.200000000000003] [17.899999999999999:27.5] [55.767856999999999:89.523809999999997] [77:100] [23:72] [4.5327380000000002:15.469643] [11.6:30.100000000000001] [0:163.90000000000001] [0:163.90000000000001] [0:7] [0:63.100000000000001] [23:56.899999999999999]
tree_sizes=1567 1599 1496 1615 1726 1718 1525 1706 1317 1731 1406 1305 1531 1205 1295 1201 1423 1415

Tree=0
num_leaves=14
num_cat=3
split_feature=0 1 2 35 5 32 7 4 37 1 24 43 43
split_gain=484.582 281.964 249.089 130.099 60.2557 42.8283 30.2073 18.8264 55.2942 64.976 14.0154 1.77383 7.45817
threshold=0 1 9.5000000000000018 62.142857000000006 0.98899263613956456 28.374107000000006 27.285416500000004 0.52766072109828632 59.500000000000007 2 24.500000000000004 24.200000000000006 27.300000000000001
decision_type=1 1 2 2 2 2 2 2 2 1 2 2 2
left_child=1 4 3 -3 5 -1 -6 11 10 -10 -9 -2 -13
right_child=7 2 -4 -5 6 -7 -8 8 9 -11 -12 12 -14
leaf_value=-4.064061254067636 -4.0822219336815788 -4.063275061917123 -4.0731727748788504 -3.5999702095242476 -3.5984281782435361 -3.9019639433314648 -4.0476680724241865 -3.9269520340059012 -4.0731381295487035 -3.8135985407052009 -4.0655483161408892 -4.0311026708228521 -4.0812484808126914
leaf_weight=14.636703366413718 92.271147537976503 1.5407056175172353 4.0229535568505517 14.208729583770035 0.34237902611493964 4.5194031447172156 0.4279737826436758 0.92442337051033874 4.0058346055448038 4.1941430699080229 63.819450467824936 10.511036101728676 23.761104412376881
leaf_count=855 5390 90 235 830 20 264 25 54 234 245 3728 614 1388
internal_value=-4.03147 -3.89277 -3.72943 -3.64443 -3.99486 -4.02124 -3.71564 -4.06497 -4.0461 -3.93103 -4.062 -4.0782 -4.06627
internal_weight=239.186 39.6988 19.7724 15.7494 19.9265 19.1561 0.770353 199.487 72.9439 8.19998 64.7439 126.543 34.2721
internal_count=13972 2319 1155 920 1164 1119 45 11653 4261 479 3782 7392 2002
cat_boundaries=0 1 2 3
cat_threshold=2 1 1
is_linear=0
shrinkage=1


Tree=1
num_leaves=14
num_cat=3
split_feature=0 1 2 43 5 33 34 4 35 1 20 43 7
split_gain=418.864 167.472 130.629 70.6059 35.8284 38.4846 21.0132 16.5096 35.3798 44.5246 13.6056 1.98121 7.27747
threshold=0 1 9.5000000000000018 27.050000000000004 0.98899263613956456 33.95000000000001 21.950000000000003 0.52766072109828632 82.479166500000005 2 38.800000000000004 24.200000000000006 27.768750000000004
decision_type=1 1 2 2 2 2 2 2 2 1 2 2 2
left_child=1 4 3 -3 5 -1 -6 11 10 -10 -9 -2 -13
right_child=7 2 -4 -5 6 -7 -8 8 9 -11 -12 12 -14
leaf_value=-0.043120315604908678 -0.05027192089403746 0.20322553780214658 -0.04026122770266366 0.44167145115566397 0.33620504078620334 0.095114326786367817 -0.01641360916001525 -0.03418282392418491 -0.042253026809368793 0.14884722149923202 0.10061594258672835 -0.041196142523223817 0.029924974770430657
leaf_weight=12.029756549745803 87.953282056376338 18.843920521438129 3.801839103922247 4.479026097804307 0.42265972681343456 7.2214617729187003 0.47482500597834587 59.018932545557618 4.9133040457963926 5.7585496101528406 0.98537561297416587 30.137186285108328 3.3432764764875165
leaf_count=723 5391 759 231 173 17 392 26 3557 298 287 52 1817 202
internal_value=0.000887295 0.118984 0.222558 0.265294 0.0318804 0.01087 0.239316 -0.0330872 -0.0152871 0.0647829 -0.0303562 -0.04594 -0.0334323
internal_weight=239.383 47.2735 27.1248 23.3229 20.1487 19.2512 0.897485 192.11 70.6762 10.6719 60.0043 121.434 33.4805
internal_count=13925 2321 1163 932 1158 1115 43 11604 4194 585 3609 7410 2019
cat_boundaries=0 1 2 3
cat_threshold=2 1 1
is_linear=0
shrinkage=0.05


Tree=2
num_leaves=13
num_cat=3
split_feature=0 1 2 43 5 33 33 20 43 43 1 32
split_gain=354.899 80.8391 77.7153 70.3402 56.0497 40.2846 33.4253 18.0684 10.1684 23.6524 8.20835 4.29631
threshold=0 1 9.5000000000000018 32.550000000000004 0.98899263613956456 33.95000000000001 32.550000000000004 38.800000000000004 36.250000000000007 37.550000000000004 2 27.065178500000005
decision_type=1 1 2 2 2 2 2 2 2 2 1 2
left_child=1 4 3 -3 5 -1 -6 8 11 -10 -9 -2
right_child=7 2 -4 -5 6 -7 -8 10 9 -11 -12 -13
leaf_value=-0.046782665922543223 -0.049440444238963335 0.21860700833639199 -0.04008703803701507 -0.017566938483927343 0.40597338314686482 0.091241217723761356 -0.018103276058788097 0.17050790631754636 0.11860515451394581 -0.042902984121848911 -0.019262534741923673 -0.03263408301947944
leaf_weight=11.573085654526954 72.416575750336051 26.383095648139719 3.7357896491885176 3.4020217247307292 0.53293889388441928 8.1430423036217672 0.54949566349387169 0.58435755223035701 2.5428304560482493 5.367108553647995 0.60522746481001377 106.18411841243505
leaf_count=725 4602 850 236 87 15 403 29 28 133 317 29 6617
internal_value=-0.000749259 0.100418 0.165667 0.191937 0.0385485 0.0118758 0.285378 -0.0339272 -0.0372276 0.0165018 0.109256 -0.0396858
internal_weight=242.02 54.3195 33.5209 29.7851 20.7986 19.7161 1.08243 187.7 186.511 7.90994 1.18959 178.601
internal_count=14071 2345 1173 937 1172 1128 44 11726 11669 450 57 11219
cat_boundaries=0 1 2 3
cat_threshold=2 1 1
is_linear=0
shrinkage=0.05


Tree=3
num_leaves=14
num_cat=2
split_feature=0 4 4 34 4 32 43 4 37 1 24 43 43
split_gain=257.504 61.1702 110.172 61.7979 58.3535 32.2433 27.7615 18.016 42.1309 38.5142 15.9579 2.918 8.81544
threshold=0 -0.15951315977791497 0.37446826358596375 24.950000000000003 0.95998215779580554 27.676785500000005 27.050000000000004 0.55656748448714433 59.500000000000007 1 24.500000000000004 24.200000000000006 27.300000000000001
decision_type=1 2 2 2 2 2 2 2 2 1 2 2 2
left_child=1 5 3 -3 -4 6 -1 11 10 -10 -9 -2 -13
right_child=7 2 4 -5 -6 -7 -8 8 9 -11 -12 12 -14
leaf_value=-0.037573858022265816 -0.049564711673182139 0.1838156479829085 0.027995845409343401 0.5452206748134022 0.18642138258005098 0.20509276147700622 0.086508061250412077 0.1055395921745796 -0.039114119169996506 0.16262611231682009 -0.031681457974972752 0.008868007779628791 -0.046536832918393556
leaf_weight=13.601899052970117 82.61250820197165 10.256386313587424 21.610223557800058 0.92924412060529071 7.1951905237510791 1.1486191358417261 5.5209844699129453 1.2407189961522807 3.3421387299895269 5.083580145612359 56.566378052346408 9.9036405198276025 22.646259018220007
leaf_count=653 5532 377 767 31 242 45 223 55 212 211 3635 624 1473
internal_value=-0.000733137 0.080517 0.12885 0.256118 0.0724953 0.0214434 0.000768679 -0.0307479 -0.0114199 0.086944 -0.0269917 -0.0443169 -0.0299175
internal_weight=241.658 60.2625 39.991 11.1856 28.8054 20.2715 19.1229 181.395 66.2328 8.42572 57.8071 115.162 32.5499
internal_count=14080 2338 1417 408 1009 921 876 11742 4113 423 3690 7629 2097
cat_boundaries=0 1 2
cat_threshold=2 1
is_linear=0
shrinkage=0.05


Tree=4
num_leaves=15
num_cat=2
split_feature=0 4 4 34 38 32 43 4 37 1 32 25 43 19
split_gain=244.755 50.7558 91.815 43.5235 37.1659 22.7342 24.8616 17.187 44.7519 35.181 11.4386 6.74613 1.56169 7.56331
threshold=0 -0.15951315977791497 0.34235194516023087 26.550000000000004 5.7779760000000016 27.586607500000003 27.050000000000004 0.52766072109828632 59.500000000000007 1 30.423512000000006 10.330555500000001 24.200000000000006 27.567361500000001
decision_type=1 2 2 2 2 2 2 2 2 1 2 2 2 2
left_child=1 5 4 -4 -3 6 -1 12 10 -10 -9 -7 -2 -14
right_child=7 2 3 -5 -6 11 -8 8 9 -11 -12 -13 13 -15
leaf_value=-0.036987485546575723 -0.049451661377388073 -0.027834565559027108 0.04980442645273498 0.30595886468929578 0.2468704453441255 0.0088013469584931822 0.078935400504159259 -0.038921374357015391 -0.039731975445793669 0.14155611662206022 0.024190797192422894 0.20587084072278114 -0.041828958082832844 0.03174026072976955
leaf_weight=13.058587202802306 77.657091220840812 1.1490320395678271 30.497549152001742 0.82188222743570705 12.044312765821813 0.67872616834938415 5.8931737933307877 49.667595078237355 3.5945321116596443 6.5191696882247925 7.6718979477882376 0.94651928916573524 27.042230946943167 3.2498295167461029
leaf_count=653 5459 36 1000 26 353 24 223 3292 237 235 477 30 1812 209
internal_value=-0.000339728 0.0752559 0.116156 0.0657851 0.22267 0.0203749 0.0012091 -0.0311597 -0.0128619 0.0793466 -0.0302072 0.158273 -0.0452304 -0.0331741
internal_weight=240.492 65.0898 44.5128 31.3194 13.1933 20.577 18.9518 175.402 67.4532 10.1137 57.3395 1.62525 107.949 30.2921
internal_count=14066 2345 1415 1026 389 930 876 11721 4241 472 3769 54 7480 2021
cat_boundaries=0 1 2
cat_threshold=2 1
is_linear=0
shrinkage=0.05


Tree=5
num_leaves=15
num_cat=3
split_feature=0 1 5 2 39 43 19 4 37 1 32 19 4 43
split_gain=202.69 34.6269 41.4026 35.2083 34.3204 30.2929 26.1118 19.2082 39.377 28.7591 12.0012 1.26104 7.69774 0.513345
threshold=0 1 0.98899263613956456 9.5000000000000018 24.550000000000004 27.050000000000004 26.788194500000007 0.52766072109828632 59.500000000000007 2 30.423512000000006 28.295139000000002 -0.30983472475487861 24.200000000000006
decision_type=1 1 2 2 2 2 2 2 2 1 2 2 2 2
left_child=1 2 4 5 -1 -3 -4 11 10 -10 -9 13 -13 -2
right_child=7 3 6 -5 -6 -7 -8 8 9 -11 -12 12 -14 -15
leaf_value=-0.02809780658808906 -0.049982713633137776 0.085149564876530984 0.28938904279859318 -0.039927537240702887 0.11849373313153395 0.19112548590352241 -0.022493237880596234 -0.037367653764843634 -0.03924370962998508 0.12426992570138971 0.025906777228821065 0.090599339426784387 -0.041172905633555142 -0.037119942166327351
leaf_weight=18.594501185230918 70.009398635476828 32.44248659349978 1.1942945718765248 3.6608609035611144 4.0148441269993773 9.2511374019086343 0.77255638875067223 47.632770002819598 3.4085889328271133 7.2494993060827255 8.1263339053839427 0.41985615529119957 4.3124956209212533 28.408917216584086
leaf_count=943 5166 760 16 234 181 179 28 3280 233 229 491 25 309 1967
internal_value=-0.000832132 0.0649886 0.0249763 0.0996833 0.00184948 0.11259 0.200595 -0.0302363 -0.0108089 0.0730956 -0.0278521 -0.0454245 -0.0157166 -0.0466805
internal_weight=239.499 69.9307 24.5762 45.3545 22.6093 41.6936 1.96685 169.568 66.4172 10.6581 55.7591 103.151 4.73235 98.4183
internal_count=14041 2341 1168 1173 1124 939 44 11700 4233 462 3771 7467 334 7133
cat_boundaries=0 1 2 3
cat_threshold=2 1 1
is_linear=0
shrinkage=0.05


Tree=6
num_leaves=13
num_cat=1
split_feature=1 2 32 4 34 4 34 34 33 5 4 5
split_gain=53.1165 44.033 38.0933 46.7411 38.9351 30.3941 30.0957 23.6999 15.3018 7.87525 6.46887 2.09554
threshold=0 9.5000000000000018 28.075297500000001 0.63920241694561786 26.550000000000004 0.9550229469509578 19.200000000000003 25.950000000000003 35.750000000000007 -0.95242240592625282 -0.12546116083924147 -0.21862536810265823
decision_type=1 2 2 2 2 2 2 2 2 2 2 2
left_child=5 2 3 -2 -4 6 10 8 -7 -8 -1 -9
right_child=1 -3 4 -5 -6 7 9 11 -10 -11 -12 -13
leaf_value=-0.015828058223739068 0.031792906092432127 -0.048173689878821889 -0.02188092500780249 0.1281793179880229 0.17744861713256621 0.06568540277358452 -0.0024179715338146462 0.018469530115364664 -0.043571372027924188 -0.047055079573604691 0.16048314263242824 0.18776081980133824
leaf_weight=0.45432091038674105 62.475120884366333 19.081464514136314 36.096502461470664 15.13536026701331 1.6253143586218346 5.0114887962117773 11.405156268738208 0.45266582444310177 5.8862139405682683 78.804093576036394 1.350070665590464 1.5154587700963009
leaf_count=35 3102 1420 1795 662 75 314 770 22 355 5417 48 68
internal_value=-0.000266605 0.0204782 0.032153 0.0519813 -0.00893159 -0.0267955 -0.0368877 0.0428362 0.00797005 -0.0415 0.126276 0.168165
internal_weight=239.293 134.414 115.332 77.6105 37.7218 104.879 92.0136 12.8658 10.8977 90.2092 1.80439 1.96812
internal_count=14083 7054 5634 3764 1870 7029 6270 759 669 6187 83 90
cat_boundaries=0 1
cat_threshold=1
is_linear=0
shrinkage=0.05


Tree=7
num_leaves=15
num_cat=3
split_feature=0 39 44 35 5 44 33 1 0 32 5 5 4 4
split_gain=193.69 47.0785 46.9712 100.545 35.7583 39.3452 27.6873 19.973 15.3208 41.2153 44.8382 39.7031 8.61749 28.1337
threshold=0 22.550000000000004 44.100000000000001 65.642857000000006 0.90070004940655357 32.95000000000001 37.100000000000009 1 2 30.423512000000006 -0.23537842981696172 -0.71502926860092908 0.67802080537253961 0.82899317702918729
decision_type=1 2 2 2 2 2 2 1 1 2 2 2 2 2
left_child=1 4 3 -3 7 -6 -4 -1 9 11 -11 -2 -10 -14
right_child=8 2 6 -5 5 -7 -8 -9 12 10 -12 -13 13 -15
leaf_value=0.041580990351875152 0.069611000434388545 -0.024085974475186678 -0.012495212847376799 0.24828096636551958 0.1800808727516687 -0.037183401922145705 0.19236117650069295 -0.032336230218552385 -0.050167721125394471 -0.026796420326641254 0.36698941764089965 -0.048501283240935604 0.039797850600571734 -0.047586450033113278
leaf_weight=28.174638468772173 9.3845757190138119 4.4481615386903313 7.8618466006591898 11.300082042813299 6.7249181019142252 2.4427973581478 1.0534970369189975 12.4404115146026 88.844023731537163 1.1156187932938335 0.55714904237538476 21.695516769774258 12.228026852011679 30.009496917948127
leaf_count=684 651 139 242 301 183 71 28 690 6606 71 26 1596 763 1995
internal_value=-0.000296898 0.0614248 0.12496 0.174505 0.0402025 0.124226 0.028671 0.0187071 -0.0304263 0.0031286 0.192597 -0.0117793 -0.0384037 -0.0219528
internal_weight=238.281 74.4464 24.6636 15.7482 49.7828 9.16772 8.91534 40.615 163.834 32.7529 1.67277 31.0801 131.082 42.2375
internal_count=14046 2338 710 440 1628 254 270 1374 11708 2344 97 2247 9364 2758
cat_boundaries=0 1 2 3
cat_threshold=2 2 32
is_linear=0
shrinkage=0.05


Tree=8
num_leaves=11
num_cat=2
split_feature=0 35 4 39 32 0 34 5 4 4
split_gain=169.051 30.2746 38.1551 37.2432 27.5519 17.5509 36.5805 34.7101 9.33198 27.7338
threshold=0 62.229166500000012 -0.14250824554987662 22.550000000000004 27.586607500000003 1 23.750000000000004 -0.86974577485258975 0.67802080537253961 0.84313847884979054
decision_type=1 2 2 2 2 1 2 2 2 2
left_child=1 -1 4 -4 -3 6 -2 -8 -7 -10
right_child=5 2 3 -5 -6 8 7 -9 9 -11
leaf_value=-0.04372048046571618 -0.047565933917996316 -0.0034297896383186223 0.061517241703847293 0.15421596768975815 0.16407947854600527 -0.050100345960655414 -0.042965760365536176 0.10097126111905397 0.034808288348556378 -0.049034615195365581
leaf_weight=5.5262015648186198 15.337205770425497 20.678744181990627 33.539668689481914 17.084120927378535 1.7797661069780577 84.461594854481518 5.5297231031581786 11.839396507479249 14.159886006265877 27.715200142934918
leaf_count=193 1204 878 844 365 47 6605 388 759 863 1925
internal_value=0.000363803 0.0559106 0.0714799 0.0951818 0.0162734 -0.0289529 0.00546285 0.0553024 -0.0375865 -0.0205329
internal_weight=237.652 78.6085 73.0823 50.6238 22.4585 159.043 32.7063 17.3691 126.337 41.8751
internal_count=14071 2327 2134 1209 925 11744 2351 1147 9393 2788
cat_boundaries=0 1 2
cat_threshold=2 32
is_linear=0
shrinkage=0.05


Tree=9
num_leaves=15
num_cat=2
split_feature=0 4 4 34 34 4 5 4 37 0 24 30 30 19
split_gain=160.161 29.6762 30.7578 36.9619 30.3753 19.5392 32.5214 13.3406 17.1182 13.6031 11.9302 1.99671 6.46055 0.487185
threshold=0 -0.13398594226331254 0.43733377705052545 24.950000000000003 26.550000000000004 -0.58482361983252518 -0.6391983530350368 0.52766072109828632 59.500000000000007 1 24.500000000000004 23.050000000000004 24.350000000000005 28.295139000000002
decision_type=1 2 2 2 2 2 2 2 2 1 2 2 2 2
left_child=1 5 3 -3 -4 6 -1 11 10 -10 -9 13 -13 -2
right_child=7 2 4 -5 -6 -7 -8 8 9 -11 -12 12 -14 -15
leaf_value=0.15684488141182606 -0.048543241263745131 0.084701836042617676 0.03253516161950832 0.25024600373117178 0.218745566381573 -0.046590075779192656 -0.00066727195640332382 0.077340295929828329 0.053682751986412314 -0.020016075427864682 -0.03122479253310383 0.055003965065174923 -0.035891083449614884 -0.022149731781332605
leaf_weight=3.5437556756660333 71.791918257251382 19.968043120577935 34.846145160496235 3.7559113427996627 1.3983357660472382 8.6569331986829621 11.724691614508631 1.7251846827566613 4.8302341634407622 6.9566912483423948 50.34366344474256 1.371931561268865 12.598901647143064 4.2851528758183113
leaf_count=97 6046 412 897 52 25 346 527 59 182 281 3682 106 1008 343
internal_value=4.38488e-06 0.051756 0.0763849 0.119972 0.0453996 0.0102007 0.0432846 -0.0297766 -0.0139084 0.0383507 -0.0262382 -0.0440234 -0.0238874 -0.0473632
internal_weight=237.797 83.8938 59.9684 23.724 36.2445 23.9254 15.2684 153.904 63.8558 11.7869 52.0688 90.0479 13.9708 76.0771
internal_count=14063 2356 1386 464 922 970 624 11707 4204 463 3741 7503 1114 6389
cat_boundaries=0 1 2
cat_threshold=2 33
is_linear=0
shrinkage=0.05


Tree=10
num_leaves=12
num_cat=2
split_feature=0 1 4 38 43 43 32 5 4 4 32
split_gain=136.978 31.8839 55.9511 42.1808 38.225 39.5546 35.9519 28.7367 10.158 29.6902 41.4674
threshold=0 1 0.9550229469509578 10.923512000000001 22.500000000000004 27.300000000000001 27.275297500000004 0.98899263613956456 0.69056404122701587 0.84313847884979054 28.295238000000001
decision_type=1 1 2 2 2 2 2 2 2 2 2
left_child=1 2 7 -4 6 -6 -3 -1 -2 10 -10
right_child=8 4 3 -5 5 -7 -8 -9 9 -11 -12
leaf_value=-0.035000558705855771 -0.05000478512474326 -0.021127286231482315 -0.035691040469030856 0.20887805786830246 0.22188689711146373 0.066457812409940087 0.062932901268663868 0.10610649599477523 0.12267950843131684 -0.04883981437079532 -0.044137471789707852
leaf_weight=33.285863662138581 77.85911860037595 18.32809176389128 2.2819818407297126 4.1839618124067783 5.3768855119124082 15.66295999009162 37.749942659400403 3.0584231028333297 6.4818935478106123 25.543461930006742 6.6477430388331413
leaf_count=2012 6616 747 107 149 185 407 1024 85 352 1910 450
internal_value=0.000376983 0.0362711 0.00448021 0.129344 0.0582789 0.114444 0.0355705 -0.0206029 -0.036535 -0.0180489 0.0410713
internal_weight=236.46 119.928 42.8102 6.46594 77.1179 21.0398 56.078 36.3443 116.532 38.6731 13.1296
internal_count=14044 4716 2353 256 2363 592 1771 2097 9328 2712 802
cat_boundaries=0 1 2
cat_threshold=34 1
is_linear=0
shrinkage=0.05


Tree=11
num_leaves=11
num_cat=2
split_feature=0 4 1 37 33 33 5 4 4 32
split_gain=119.506 31.3813 36.1154 38.5793 25.7681 26.7997 21.9983 11.5799 28.4697 36.7371
threshold=0 0.96465729447553372 1 32.500000000000007 35.100000000000009 37.100000000000009 0.98899263613956456 0.67802080537253961 0.84313847884979054 28.295238000000001
decision_type=1 2 1 2 2 2 2 2 2 2
left_child=1 2 6 -4 -3 -6 -1 -2 9 -9
right_child=7 4 3 -5 5 -7 -8 8 -10 -11
leaf_value=-0.027657394046472834 -0.049927394783167885 0.22707526231546474 -0.047070474942898663 0.06045472902008861 0.011454140170751064 0.15941937602940107 0.090388609645922338 0.10452434541550544 -0.048681359370374488 -0.044327366498767479
leaf_weight=33.185508405789733 73.474665388464928 2.398591946810483 8.8755129827186447 61.3766855513677 9.1872309045866114 3.7225781641900531 3.4801385048776856 7.9869556371122581 23.951341045089066 6.8975679129362106
leaf_count=2041 6593 64 302 1822 285 93 83 384 1881 486
internal_value=0.000268198 0.0330782 0.0256268 0.0464003 0.100641 0.0625139 -0.0143507 -0.0352258 -0.0156991 0.0370976
internal_weight=234.537 122.226 106.918 70.2522 15.3084 12.9098 36.6656 112.311 38.8359 14.8845
internal_count=14034 4690 4248 2124 442 378 2124 9344 2751 870
cat_boundaries=0 1 2
cat_threshold=34 1
is_linear=0
shrinkage=0.05


Tree=12
num_leaves=13
num_cat=1
split_feature=0 21 39 43 43 44 44 35 4 33 4 21
split_gain=128.144 24.4079 47.8692 28.9316 37.0381 27.4924 20.1583 11.4925 8.2181 20.5081 18.056 4.34093
threshold=0 24.950000000000003 20.850000000000005 25.800000000000004 32.550000000000004 42.650000000000006 31.500000000000004 84.889881000000017 0.67802080537253961 34.050000000000004 0.83376496542330847 21.050000000000004
decision_type=1 2 2 2 2 2 2 2 2 2 2 2
left_child=1 3 7 6 -5 -4 -1 -3 -2 10 -10 -11
right_child=8 2 5 4 -6 -7 -8 -9 9 11 -12 -13
leaf_value=0.057194421701938426 -0.049867298727357234 -0.032931502519587964 0.15044601479791275 0.12369622900604876 -0.0020892513322172302 0.020209613606978757 -0.0057641545299460147 0.098347630191025354 0.085273504367229136 0.047565168462536382 -0.040607932700295557 -0.045385143926235175
leaf_weight=15.310218933038412 70.024687433615327 9.3455188423395157 15.122581616975369 13.109556822106244 9.9442199766635877 5.8729466702789059 57.00643717776984 0.999579958617688 6.3104930100962502 0.53200582973659294 3.89493737090379 27.514741878025234
leaf_count=597 6589 316 371 453 344 186 2357 29 252 28 255 2212
internal_value=0.00170729 0.0344298 0.074842 0.0240834 0.0716076 0.116591 0.00816316 -0.0126962 -0.0363731 -0.0202959 0.037894 -0.0420452
internal_weight=234.988 126.711 31.3406 95.3704 23.0538 20.9955 72.3167 10.3451 108.277 38.2522 10.2054 28.0467
internal_count=13989 4653 902 3751 797 557 2954 345 9336 2747 507 2240
cat_boundaries=0 1
cat_threshold=34
is_linear=0
shrinkage=0.05


Tree=13
num_leaves=10
num_cat=2
split_feature=0 34 39 5 43 32 37 1 21
split_gain=93.9777 22.0297 19.544 30.2355 26.2098 11.5489 17.2918 25.5837 13.867
threshold=0 26.550000000000004 22.550000000000004 0.95178258287705175 27.750000000000004 26.971428500000005 61.500000000000007 1 22.250000000000004
decision_type=1 2 2 2 2 2 2 1 2
left_child=1 2 3 -1 -4 -2 8 -8 -7
right_child=5 -3 4 -5 -6 6 7 -9 -10
leaf_value=0.00017784560318267892 -0.049464963111551116 0.17034140860685507 0.041116031585434983 0.095594973200329003 0.15627887057012457 0.046832236654204273 -0.045139894650206611 0.06212193797440594 -0.035669342305660455
leaf_weight=50.718959108926356 44.450379603542387 2.1178614906966677 28.510540837422013 8.9283725526183826 5.3629838135093442 4.6459224075078955 8.2718868432566524 13.102409953251481 68.679999887011945
leaf_count=1469 4201 27 607 151 95 372 747 758 5659
internal_value=-0.00133397 0.0346699 0.0334959 0.0158012 0.0633075 -0.0267178 -0.0184272 0.0204492 -0.0298823
internal_weight=234.789 95.6387 93.5209 59.6473 33.8735 139.151 94.7002 21.3743 73.3259
internal_count=14086 2349 2322 1620 702 11737 7536 1505 6031
cat_boundaries=0 1 2
cat_threshold=2 1
is_linear=0
shrinkage=0.05


Tree=14
num_leaves=11
num_cat=3
split_feature=0 4 1 37 5 35 38 4 4 1
split_gain=96.9932 22.5316 27.2366 29.2792 23.0421 13.2245 24.7972 9.94541 26.1221 26.0386
threshold=0 0.95998215779580554 1 32.500000000000007 0.98899263613956456 80.151785500000017 11.149702000000001 0.69056404122701587 0.83376496542330847 2
decision_type=1 2 1 2 2 2 2 2 2 1
left_child=1 2 4 -4 -1 6 -3 -2 9 -9
right_child=7 5 3 -5 -6 -7 -8 8 -10 -11
leaf_value=-0.029138243074289884 -0.049802889218446882 -0.023431150135264624 -0.046833512309591784 0.04828827870766874 0.082108424709472827 0.1751484417203773 0.10031081442120285 -0.042699369103504345 -0.048470249265118059 0.092264805172594888
leaf_weight=33.069819289259613 66.160502905026078 5.8748064646497395 8.3619692521169764 67.921803534030914 4.4126738142222157 2.28572351951152 10.079356570728121 5.2852093074470741 22.237488926388323 7.6968685574829578
leaf_count=2020 6683 173 284 1823 88 54 240 365 1953 369
internal_value=-0.000298382 0.0270418 0.0204011 0.0373903 -0.0142483 0.0793032 0.0560508 -0.0350336 -0.0163527 0.0381946
internal_weight=233.386 132.006 113.766 76.2838 37.4825 18.2399 15.9542 101.38 35.2196 12.9821
internal_count=14052 4682 4215 2107 2108 467 413 9370 2687 734
cat_boundaries=0 1 2 3
cat_threshold=34 1 1
is_linear=0
shrinkage=0.05


Tree=15
num_leaves=10
num_cat=2
split_feature=0 2 1 43 4 24 4 32 4
split_gain=91.8741 19.6381 21.9163 33.6007 32.4695 21.464 9.94826 23.9455 24.2206
threshold=0 9.5000000000000018 1 22.500000000000004 0.9550229469509578 37.500000000000007 0.67802080537253961 28.075297500000001 0.84313847884979054
decision_type=1 2 1 2 2 2 2 2 2
left_child=1 2 4 -4 -1 -3 -2 8 -8
right_child=6 5 3 -5 -6 -7 7 -9 -10
leaf_value=-0.022877606822667526 -0.049714440854304209 0.10528619885338349 0.028026100102099605 0.098028730639694805 0.082936091259356817 -0.047426942375758133 0.080653201220296122 -0.048419220982410971 -0.043250430260524074
leaf_weight=28.52941604424268 61.865671020932496 1.774413352832197 58.2243672600016 24.113023648038507 8.6106035681441409 13.325069664977489 8.8255718098953349 21.946089858189225 5.7666576374322167
leaf_count=1612 6603 32 1431 434 262 915 359 1970 476
internal_value=0.000509794 0.0264866 0.0352193 0.0494571 0.00318572 -0.0240559 -0.0341538 -0.0162828 0.0320546
internal_weight=232.981 134.577 119.477 82.3374 37.14 15.0995 98.404 36.5383 14.5922
internal_count=14094 4686 3739 1865 1874 947 9408 2805 835
cat_boundaries=0 1 2
cat_threshold=34 1
is_linear=0
shrinkage=0.05


Tree=16
num_leaves=12
num_cat=1
split_feature=0 43 43 39 32 5 35 4 32 4 34
split_gain=84.5596 18.1487 51.329 23.7581 23.5735 29.9827 23.1477 11.6812 23.7653 22.7999 2.11393
threshold=0 27.050000000000004 27.300000000000001 23.250000000000004 27.275297500000004 0.98899263613956456 85.547619000000012 0.67802080537253961 28.295238000000001 0.84313847884979054 20.850000000000005
decision_type=1 2 2 2 2 2 2 2 2 2 2
left_child=1 4 10 -4 5 -1 -6 -2 9 -9 -3
right_child=7 2 3 -5 6 -7 -8 8 -10 -11 -12
leaf_value=-0.031449936146386151 -0.049648910496875545 0.072910676544732267 0.0057280556427715609 0.10979317930709503 0.026302023976305877 0.092748035340954257 0.13971077702473986 0.074136075687124575 -0.048186272786179464 -0.043201908059038965 0.25206869730624837
leaf_weight=33.089219483546913 59.059088869951665 1.3294497318565874 20.872993165627125 6.4987006904557338 65.411621656268835 4.6842275559902182 3.9323166301473966 10.115018154494463 20.147696726024151 5.7713586213067165 2.2640908872708678
leaf_count=1664 6633 22 646 152 1955 93 123 380 1905 511 47
internal_value=0.00154909 0.025705 0.0607289 0.0334346 0.0174898 -0.0140535 0.0346278 -0.0327015 -0.0131646 0.0314744 0.21609
internal_weight=233.176 138.083 30.9652 27.3717 107.117 37.7734 69.3439 95.0932 36.0341 15.8864 3.59354
internal_count=14131 4702 867 798 3835 1757 2078 9429 2796 891 69
cat_boundaries=0 1
cat_threshold=34
is_linear=0
shrinkage=0.05


Tree=17
num_leaves=12
num_cat=2
split_feature=0 4 43 33 4 4 32 1 39 44 39
split_gain=72.0169 17.9839 19.1211 33.1807 18.38 9.43426 18.6175 19.4055 7.6353 13.5903 4.18412
threshold=0 -0.77245553105869302 27.050000000000004 34.150000000000013 0.95998215779580554 0.67802080537253961 28.295238000000001 1 17.550000000000004 36.900000000000013 27.100000000000005
decision_type=1 2 2 2 2 2 2 1 2 2 2
left_child=1 8 4 -4 -3 -2 7 -7 9 -1 -10
right_child=5 2 3 -5 -6 6 -8 -9 10 -11 -12
leaf_value=-0.036248200853868665 -0.049577768445619161 0.0085805595091157458 0.096702052928528834 -0.04392644409543528 0.062434775750710783 -0.04340176308811234 -0.048012173312906234 0.064858199348603637 -0.048443368813018098 0.12327502353501037 0.044119525979915267
leaf_weight=2.4545029345899851 55.747279463801533 81.188828366808593 19.224042565561835 4.6614397633820763 18.820870045572519 5.8715623402968031 18.921899284236133 9.7059593284502608 12.740547535941001 1.2700023036450145 0.57154127582907754
leaf_count=172 6570 2875 427 136 433 442 1879 425 635 38 20
internal_value=-0.000713659 0.0211152 0.0292226 0.068595 0.0192332 -0.0333222 -0.0157851 0.0238957 -0.0244884 0.0327262 -0.0416643
internal_weight=231.178 140.932 123.895 23.8855 100.01 90.2467 34.4994 15.5775 17.0366 3.72451 13.3121
internal_count=14052 4736 3871 563 3308 9316 2746 867 865 210 655
cat_boundaries=0 1 2
cat_threshold=34 1
is_linear=0
shrinkage=0.05


end of trees

feature_importances:
day_of_year_sin=42
rain_max_daily_7d=23
age_group=20
gender=19
temperature_mean_7d=17
day_of_year_cos=16
temperature_min_7d=11
temperature_max_7d=9
humidity_min_7d=8
wind_speed_max_7d=8
humidity_mean_7d=7
month=6
wind_gust_max_7d=5
temperature_mean_3d=4
humidity_min_3d=4
temperature_min_3d=3
wind_speed_mean_7d=3
temperature_mean_current=2
temperature_max_3d=2
rain_max_daily_3d=2
wind_speed_mean_3d=1

parameters:
[boosting: gbdt]
[objective: binary]
[metric: binary_logloss]
[tree_learner: serial]
[device_type: cpu]
[data_sample_strategy: bagging]
[data: ]
[valid: ]
[num_iterations: 18]
[learning_rate: 0.05]
[num_leaves: 15]
[num_threads: 8]
[seed: 42]
[deterministic: 0]
[force_col_wise: 0]
[force_row_wise: 0]
[histogram_pool_size: -1]
[max_depth: 4]
[min_data_in_leaf: 20]
[min_sum_hessian_in_leaf: 0.001]
[bagging_fraction: 0.9]
[pos_bagging_fraction: 1]
[neg_bagging_fraction: 1]
[bagging_freq: 1]
[bagging_seed: 400]
[bagging_by_query: 0]
[feature_fraction: 0.9]
[feature_fraction_bynode: 1]
[feature_fraction_seed: 30056]
[extra_trees: 0]
[extra_seed: 12879]
[early_stopping_round: 0]
[early_stopping_min_delta: 0]
[first_metric_only: 0]
[max_delta_step: 0]
[lambda_l1: 0]
[lambda_l2: 1]
[linear_lambda: 0]
[min_gain_to_split: 0]
[drop_rate: 0.1]
[max_drop: 50]
[skip_drop: 0.5]
[xgboost_dart_mode: 0]
[uniform_drop: 0]
[drop_seed: 17869]
[top_rate: 0.2]
[other_rate: 0.1]
[min_data_per_group: 100]
[max_cat_threshold: 32]
[cat_l2: 10]
[cat_smooth: 10]
[max_cat_to_onehot: 4]
[top_k: 20]
[monotone_constraints: ]
[monotone_constraints_method: basic]
[monotone_penalty: 0]
[feature_contri: ]
[forcedsplits_filename: ]
[refit_decay_rate: 0.9]
[cegb_tradeoff: 1]
[cegb_penalty_split: 0]
[cegb_penalty_feature_lazy: ]
[cegb_penalty_feature_coupled: ]
[path_smooth: 0]
[interaction_constraints: ]
[verbosity: -1]
[saved_feature_importance_type: 0]
[use_quantized_grad: 0]
[num_grad_quant_bins: 4]
[quant_train_renew_leaf: 0]
[stochastic_rounding: 1]
[linear_tree: 0]
[max_bin: 255]
[max_bin_by_feature: ]
[min_data_in_bin: 3]
[bin_construct_sample_cnt: 200000]
[data_random_seed: 175]
[is_enable_sparse: 1]
[enable_bundle: 1]
[use_missing: 1]
[zero_as_missing: 0]
[feature_pre_filter: 1]
[pre_partition: 0]
[two_round: 0]
[header: 0]
[label_column: ]
[weight_column: ]
[group_column: ]
[ignore_column: ]
[categorical_feature: 0,1,3]
[forcedbins_filename: ]
[precise_float_parser: 0]
[parser_config_file: ]
[objective_seed: 16083]
[num_class: 1]
[is_unbalance: 0]
[scale_pos_weight: 1]
[sigmoid: 1]
[boost_from_average: 1]
[reg_sqrt: 0]
[alpha: 0.9]
[fair_c: 1]
[poisson_max_delta_step: 0.7]
[tweedie_variance_power: 1.5]
[lambdarank_truncation_level: 30]
[lambdarank_norm: 1]
[label_gain: ]
[lambdarank_position_bias_regularization: 0]
[eval_at: ]
[multi_error_top_k: 1]
[auc_mu_weights: ]
[num_machines: 1]
[local_listen_port: 12400]
[time_out: 120]
[machine_list_filename: ]
[machines: ]
[gpu_platform_id: -1]
[gpu_device_id: -1]
[gpu_device_id_list: ]
[gpu_use_dp: 0]
[num_gpu: 1]

end of parameters

pandas_categorical:[]
