tree
version=v4
num_class=1
num_tree_per_iteration=1
label_index=0
max_feature_idx=44
objective=binary sigmoid:1
feature_names=age_group gender month season day_of_year_sin day_of_year_cos weather_code_current temperature_mean_current temperature_max_current temperature_min_current humidity_mean_current humidity_max_current humidity_min_current wind_speed_mean_current wind_speed_max_current precipitation_sum_current rain_sum_current wind_gust_max_current rain_day_current temperature_mean_3d temperature_max_3d temperature_min_3d humidity_mean_3d humidity_max_3d humidity_min_3d wind_speed_mean_3d wind_speed_max_3d precipitation_sum_3d rain_sum_3d rain_days_3d rain_max_daily_3d wind_gust_max_3d temperature_mean_7d temperature_max_7d temperature_min_7d humidity_mean_7d humidity_max_7d humidity_min_7d wind_speed_mean_7d wind_speed_max_7d precipitation_sum_7d rain_sum_7d rain_days_7d rain_max_daily_7d wind_gust_max_7d
feature_infos=-1:0:1:2:3:4:5 -1:0:1 [1:12] -1:1:0 [-0.99999942202469239:0.99998555065071859] [-0.99997919295908244:0.9999907524084426] [0:61] [23.658332999999999:32.533332999999999] [25.899999999999999:39.200000000000003] [17.899999999999999:29.300000000000001] [48.958333000000003:91.625] [63:100] [23:86] [2.8541669999999999:19.695833] [6.4000000000000004:30.100000000000001] [0:63.100000000000001] [0:63.100000000000001] [14:56.899999999999999] [0:1] [23.766667000000002:32.427778000000004] [27.699999999999999:39.200000000000003] [17.899999999999999:28.100000000000001] [52.569443999999997:90.694444000000004] [73:100] [23:79] [4.125:17.329167000000002] [9.6999999999999993:30.100000000000001] [0:93.900000000000006] [0:93.900000000000006] [0:3] [0:63.100000000000001] [17.300000000000001:56.899999999999999] [24.365476000000001:32.235118999999997] [28.699999999999999:39.200000000000003] [17.899999999999999:27.5] [55.767856999999999:89.523809999999997] [77:100] [23:72] [4.5327380000000002:15.469643] [11.6:30.100000000000001] [0:163.90000000000001] [0:163.90000000000001] [0:7] [0:63.100000000000001] [23:56.899999999999999]
tree_sizes=1669 1713 1715 1717 1734 1723 1742 1720 1737 1712 1719 1609 1722 1715 1621 1696 1730 1613 1714 1759 1713 1502 1744 1497 1732 1495 1491 1516 1406 1405 1402 1426 1410 1414 1398 1197 1211 1436

Tree=0
num_leaves=15
num_cat=3
split_feature=0 1 34 4 4 33 5 35 38 4 1 34 35 43
split_gain=922.114 601.037 192.663 139.289 107.665 68.2704 92.4177 26.1991 5.25512 12.3181 15.6028 4.56581 13.0487 0.374054
threshold=0 1 22.650000000000002 0.98213580174693116 0.12545942051955486 34.650000000000013 0.3484035575467645 86.110119000000012 5.8008925000000007 -0.8781231054254196 2 24.950000000000003 86.300595500000014 35.600000000000001
decision_type=1 1 2 2 2 2 2 2 2 2 1 2 2 2
left_child=1 5 4 -4 -3 7 -7 -1 9 10 -2 13 -13 -10
right_child=8 2 3 -5 -6 6 -8 -9 11 -11 -12 12 -14 -15
leaf_value=-3.1850095892473811 -3.1797716295831946 -2.9590418890638075 -2.8965351628565772 -3.1430760876610502 -3.1809071074411577 -3.1440703513295829 -2.9463631211820003 -3.1215694933864486 -3.1908100231912915 -3.1878107406116012 -3.045490572686758 -3.1786191231107157 -3.0769816860233172 -3.1753887008823418
leaf_weight=44.319088898599148 3.3816180936992195 8.0363159403204936 64.569013718515635 6.2460475377738467 13.128634952008722 14.799552127718927 8.792207043617962 24.70570395514369 289.82456250116229 12.492095075547693 3.4611855782568455 45.114763744175434 2.506375763565301 14.481282189488409
leaf_count=1114 85 202 1623 157 330 372 221 621 7285 314 87 1134 63 364
internal_value=-3.14004 -3.05173 -2.95719 -2.91803 -3.09232 -3.13718 -3.06553 -3.16237 -3.18521 -3.15961 -3.10852 -3.18785 -3.17209 -3.1902
internal_weight=555.858 184.597 91.98 70.8151 21.165 92.6166 23.5918 69.0248 371.262 19.3349 6.8428 351.927 47.6211 304.306
internal_count=13972 4640 2312 1780 532 2328 593 1735 9332 486 172 8846 1197 7649
cat_boundaries=0 1 2 3
cat_threshold=6 1 1
is_linear=0
shrinkage=1


Tree=1
num_leaves=15
num_cat=3
split_feature=0 1 21 38 39 39 2 38 34 35 1 36 38 4
split_gain=820.238 470.683 116.566 111.282 98.5144 66.6999 50.0741 16.2821 5.83166 14.1834 12.0941 7.29105 4.39817 8.86884
threshold=0 1 23.250000000000004 6.7913690000000004 16.250000000000004 22.050000000000004 7.5000000000000009 5.9392855000000013 24.950000000000003 85.943452500000021 2 89.500000000000014 5.9175595000000003 -0.8781231054254196
decision_type=1 1 2 2 2 2 2 2 2 2 1 2 2 2
left_child=1 5 4 -4 -3 7 -7 -1 12 11 -11 -10 13 -2
right_child=8 2 3 -5 -6 6 -8 -9 9 10 -12 -13 -14 -15
leaf_value=0.039747819690942342 0.015515103740518954 0.2262698499252431 0.29200448874032586 0.14650882915592905 0.0019389692059500669 0.089628451071175216 -0.046621534085830842 -0.041875486357541264 0.01964644540179308 -0.031023591880702625 0.13482338576176464 -0.043345877495387125 -0.050833266490809208 -0.048546427000271779
leaf_weight=6.0970791056752196 7.8912481516599682 5.4640706554055241 17.862085685133934 65.026651088148355 20.220871642231941 24.739112425595522 8.4267668314278108 52.765284102410078 4.605604112148284 1.4593921825289717 1.4172672778367996 39.301155090332031 286.34986226633191 13.808498773723839
leaf_count=155 195 117 362 1348 476 601 213 1342 120 35 34 1024 7540 363
internal_value=1.46422e-05 0.0783697 0.152273 0.180969 0.0563528 -0.00109523 0.0546588 -0.032898 -0.0453077 -0.02903 0.0643866 -0.0364479 -0.0491438 -0.0255928
internal_weight=555.435 200.602 108.574 82.8887 25.6849 92.0282 33.1659 58.8624 354.833 46.7834 2.87666 43.9068 308.05 21.6997
internal_count=13925 4614 2303 1710 593 2311 814 1497 9311 1213 69 1144 8098 558
cat_boundaries=0 1 2 3
cat_threshold=6 1 1
is_linear=0
shrinkage=0.05


Tree=2
num_leaves=15
num_cat=3
split_feature=0 1 39 34 43 39 5 5 34 35 1 39 38 37
split_gain=707.455 285.814 96.4391 88.3861 100.485 86.0725 49.0239 16.934 6.13047 14.0433 9.61438 4.4133 3.56342 4.81103
threshold=0 1 23.450000000000003 22.650000000000002 26.650000000000002 16.250000000000004 0.42763731121559989 0.36447543099728857 24.950000000000003 85.943452500000021 2 20.250000000000004 5.9175595000000003 70.500000000000014
decision_type=1 1 2 2 2 2 2 2 2 2 1 2 2 2
left_child=1 2 7 5 -5 -3 -4 -1 12 11 -11 -10 13 -2
right_child=8 3 6 4 -6 -7 -8 -9 9 10 -12 -13 -14 -15
leaf_value=-0.044990431658874896 -0.033169635012028305 0.17438876933032765 0.048146379491227742 0.16706813889640709 0.048640225414196388 -0.029937647074621404 0.22036981145254919 0.0043763471634981413 -0.011638461939964401 -0.029095303379914769 0.12136400780367028 -0.046858721041762363 -0.050686910552743103 0.051167950662287333
leaf_weight=41.503235157579184 20.282016985118393 6.2637128196656731 18.435596566647295 77.776733703911304 24.534724555909634 16.994768872857094 4.6851800531148902 29.101021889597178 13.912545841187237 1.2584476247429839 1.6015960276126862 28.513104703277349 276.23459127545357 0.95538030937313934
leaf_count=1077 536 111 440 1384 424 410 96 739 375 31 34 768 7623 23
internal_value=-0.000755399 0.0674751 0.00430815 0.119547 0.139414 0.0300097 0.0907349 -0.0248659 -0.0451284 -0.0282263 0.0647739 -0.035843 -0.0491102 -0.0272453
internal_weight=562.053 219.295 93.725 125.57 102.311 23.2585 23.1208 70.6043 342.758 45.2857 2.86004 42.4257 297.472 21.2374
internal_count=14071 4681 2352 2329 1808 521 536 1816 9390 1208 65 1143 8182 559
cat_boundaries=0 1 2 3
cat_threshold=6 1 1
is_linear=0
shrinkage=0.05


Tree=3
num_leaves=15
num_cat=3
split_feature=0 1 39 38 20 34 2 38 33 4 1 38 4 21
split_gain=622.524 231.787 68.8763 67.9814 92.9322 56.0639 42.9555 11.7037 5.07253 12.5152 14.1427 4.16138 7.91541 0.751505
threshold=0 1 22.050000000000004 6.2892860000000015 31.750000000000004 22.650000000000002 7.5000000000000009 5.9175595000000003 37.350000000000009 0.8697513045430848 2 5.9175595000000003 -0.8781231054254196 24.950000000000003
decision_type=1 1 2 2 2 2 2 2 2 2 1 2 2 2
left_child=1 2 7 4 -3 -5 -4 -1 11 10 -10 12 -2 -13
right_child=8 3 6 5 -6 -7 -8 -9 9 -11 -12 13 -14 -15
leaf_value=0.030184001924033779 0.012413739913545104 0.050447632803783886 0.080648872936777818 0.011694706068200894 0.27585943217320152 0.10238176780978775 -0.046229392694524543 -0.041353446384860208 -0.03811376053515575 -0.047694430014364103 0.099647877985003921 -0.051231029910524667 -0.048130997979234751 -0.04106424934473954
leaf_weight=5.7044909410178652 8.3211762644350546 8.1347568929195422 29.027332909405231 20.824761942028999 11.286743495613335 100.2807642146945 7.8603806532919398 50.778267499059439 2.7480953745543983 11.284447107464073 2.970024611800909 240.5371956974268 12.769173696637152 49.738332662731409
leaf_count=143 208 120 620 473 166 1594 203 1370 75 317 81 6957 362 1391
internal_value=-0.00140235 0.0594044 0.000775869 0.102276 0.188539 0.0870111 0.0531059 -0.0337291 -0.0451954 -0.0185056 0.0376222 -0.0480358 -0.0247626 -0.0496359
internal_weight=562.266 233.897 93.3705 140.527 19.4215 121.106 36.8877 56.4828 328.368 17.0026 5.71812 311.366 21.0903 290.276
internal_count=14080 4689 2336 2353 286 2067 823 1513 9391 473 156 8918 570 8348
cat_boundaries=0 1 2 3
cat_threshold=6 1 1
is_linear=0
shrinkage=0.05


Tree=4
num_leaves=15
num_cat=2
split_feature=0 1 5 36 39 39 2 38 38 4 5 34 35 43
split_gain=571.809 193.521 54.9312 62.6046 56.3509 54.7812 35.7135 17.2907 5.42755 10.4512 13.8153 6.57285 11.1854 0.688023
threshold=0 1 -0.92272482904738273 98.500000000000014 16.150000000000002 22.050000000000004 7.5000000000000009 5.9392855000000013 5.8008925000000007 -0.8781231054254196 0.24997576770840005 24.950000000000003 86.300595500000014 35.600000000000001
decision_type=1 1 2 2 2 2 2 2 2 2 2 2 2 2
left_child=1 5 3 -3 -4 7 -7 -1 9 10 -2 13 -13 -10
right_child=8 2 4 -5 -6 6 -8 -9 11 -11 -12 12 -14 -15
leaf_value=0.042900852425765475 -0.040412200848331387 0.074940859495161924 0.15695681257713667 0.24360229011531623 0.063915013127771814 0.069615501882416372 -0.046000569565471855 -0.039898722527940807 -0.050735825515654802 -0.047291447721834322 0.083144932924972853 -0.03455369144075561 0.058209843167398405 -0.032133487740265532
leaf_weight=6.3813093751668921 3.4195483364164856 12.204176858067514 19.119786314666271 11.420096278190611 108.1811936609447 31.675403952598572 7.6469909660518161 49.024128928780556 242.76740190759301 10.46170588582754 3.8165368176996708 39.501152075827122 2.6351693272590628 11.806757513433693
leaf_count=156 84 174 257 149 1734 627 206 1375 7358 310 92 1132 59 353
internal_value=0.000110083 0.0559084 0.0931468 0.163054 0.0790037 0.00206537 0.0465485 -0.0297708 -0.0439058 -0.0171236 0.0269384 -0.0469151 -0.0275374 -0.0500022
internal_weight=560.061 245.653 150.925 23.6243 127.301 94.7278 39.3224 55.4054 314.408 17.6978 7.23609 296.71 42.1363 254.574
internal_count=14066 4678 2314 323 1991 2364 833 1531 9388 486 176 8902 1191 7711
cat_boundaries=0 1 2
cat_threshold=6 1
is_linear=0
shrinkage=0.05


Tree=5
num_leaves=15
num_cat=3
split_feature=0 1 39 38 33 4 4 5 34 43 1 38 4 36
split_gain=511.105 149.898 50.9867 47.6454 53.113 36.8109 29.7751 18.6426 5.52649 10.1249 15.4719 6.33122 9.21637 5.22516
threshold=0 1 23.450000000000003 6.2892860000000015 31.650000000000002 0.99053107487289871 0.29342972903661901 0.3484035575467645 24.950000000000003 16.250000000000004 2 5.7779760000000016 -0.8781231054254196 89.500000000000014
decision_type=1 1 2 2 2 2 2 2 2 2 1 2 2 2
left_child=1 2 7 4 -3 -5 -4 -1 11 13 -11 12 -2 -10
right_child=8 3 6 5 -6 -7 -8 -9 9 10 -12 -13 -14 -15
leaf_value=-0.044249992215430287 0.026552350933492577 -0.0030537826906385339 -0.0062444443461704396 0.074363043801805639 0.17931196529475865 -0.040140489612340124 0.098448879001459766 0.0085569769627105701 0.0098358255863549016 -0.044036417781156731 0.063003287962890425 -0.050038698540056659 -0.046609925404476678 -0.049887898796597795
leaf_weight=38.159583151340485 6.6364790536463252 4.8972404301166561 10.918017297983171 133.179373588413 19.849796742200851 6.8038982786238185 16.487711176276207 28.673183612525463 3.8869770467281368 5.5943897962570173 5.9646459110081196 242.93466535955667 9.1065879911184293 26.262777473777533
leaf_count=1070 158 63 241 1943 216 115 293 744 108 159 156 7704 282 789
internal_value=-0.000150651 0.0502046 0.00176741 0.0807658 0.144506 0.0685523 0.0579892 -0.0218021 -0.0437979 -0.0272453 0.0118164 -0.0480383 -0.0160246 -0.0421196
internal_weight=559.355 258.969 94.2385 164.73 24.747 139.983 27.4057 66.8328 300.387 41.7088 11.559 258.678 15.7431 30.1498
internal_count=14041 4685 2348 2337 279 2058 534 1814 9356 1212 315 8144 440 897
cat_boundaries=0 1 2 3
cat_threshold=6 1 1
is_linear=0
shrinkage=0.05


Tree=6
num_leaves=15
num_cat=1
split_feature=1 38 33 34 4 39 39 2 22 42 39 5 34 8
split_gain=150.016 46.6027 39.0454 36.5626 28.9063 27.1133 24.7864 21.6141 20.3802 19.6242 13.0969 6.08618 31.1093 4.39422
threshold=0 6.2892860000000015 31.650000000000002 22.650000000000002 0.98522604642031408 17.350000000000005 23.450000000000003 2.5000000000000004 80.20138900000002 2.5000000000000004 23.550000000000004 0.36447543099728857 23.650000000000002 30.950000000000003
decision_type=1 2 2 2 2 2 2 2 2 2 2 2 2 2
left_child=6 2 13 5 -5 -3 11 9 -4 -8 -9 -1 -13 -2
right_child=1 3 8 4 -6 -7 7 10 -10 -11 -12 12 -14 -15
leaf_value=-0.049313885672791706 -0.045983965611045841 0.038263211960010264 0.018110967856535244 0.026556598386623467 -0.038840214943447832 -0.04462640085115821 -0.03872945229560984 0.087987934016250907 0.10752578762078002 0.10808689484292822 -0.022298570083143489 -0.038158131742200833 0.087035980341185815 0.020314162970300698
leaf_weight=102.83784084580839 6.1669814772903901 12.155798323452471 8.6640897653996927 205.87067301012576 17.52537945471704 39.904193829745054 2.7205186039209348 1.8647854421287764 29.138650964945555 6.1481554210186005 50.851575706154108 68.653453044593334 4.406385511159896 3.1237136535346508
leaf_count=3209 129 273 162 4354 441 1133 63 44 493 136 1366 2088 123 69
internal_value=-0.00171367 0.0204672 0.0659115 0.0124874 0.021276 -0.0249156 -0.0317992 -0.00440395 0.0880275 0.0636892 -0.0168319 -0.0413117 -0.0295342 -0.0238853
internal_weight=560.032 322.549 47.0934 275.456 223.396 52.06 237.483 61.585 37.8027 8.86867 52.7164 175.898 73.0598 9.2907
internal_count=14083 7054 853 6201 4795 1406 7029 1609 655 199 1410 5420 2211 198
cat_boundaries=0 1
cat_threshold=1
is_linear=0
shrinkage=0.05


Tree=7
num_leaves=15
num_cat=3
split_feature=0 1 26 32 21 5 5 38 34 35 1 39 38 4
split_gain=448.308 87.9167 48.9504 38.7448 53.2496 42.2152 32.7894 12.9039 5.71044 11.9794 6.5366 3.70041 3.60957 5.99101
threshold=0 1 20.050000000000004 26.643750000000001 22.650000000000002 0.99249573635719013 0.44312301391210612 5.9392855000000013 24.950000000000003 85.943452500000021 2 20.250000000000004 5.9175595000000003 -0.8781231054254196
decision_type=1 1 2 2 2 2 2 2 2 2 1 2 2 2
left_child=1 2 7 5 -5 -3 -4 -1 12 11 -11 -10 13 -2
right_child=8 3 6 4 -6 -7 -8 -9 9 10 -12 -13 -14 -15
leaf_value=0.041616123006575856 0.0064968483013238239 0.0070077983305950609 0.016310465815521188 -0.037059152994189735 0.086593606251723687 0.21537608055695856 0.11287799204872402 -0.034769128855716903 -0.011667491665461764 0.094800488971269234 -0.027618693594300955 -0.045805859795061792 -0.049816252884972545 -0.047526198863661613
leaf_weight=5.4178981184959403 8.3801665939390677 36.444804649800062 28.786223243921995 8.7805925980210286 131.50661846622825 1.6109891831874836 11.934307154268025 45.730849804356694 12.733005471527575 2.0613507032394409 1.1268247105181211 24.702922027558088 225.98472771793604 11.417610967531798
leaf_count=134 198 511 655 192 1607 23 214 1335 374 36 29 777 7598 363
internal_value=-0.000749987 0.044538 0.0063328 0.0665569 0.0786466 0.0211172 0.0466395 -0.0260352 -0.043519 -0.0265735 0.0552693 -0.0348001 -0.0479643 -0.025446
internal_weight=556.619 270.212 91.8693 178.343 140.287 38.0558 40.7205 51.1487 286.407 40.6241 3.18818 37.4359 245.783 19.7978
internal_count=14046 4671 2338 2333 1799 534 869 1469 9375 1216 65 1151 8159 561
cat_boundaries=0 1 2 3
cat_threshold=6 1 2
is_linear=0
shrinkage=0.05


Tree=8
num_leaves=15
num_cat=2
split_feature=0 1 26 34 43 39 2 38 38 4 5 21 35 9
split_gain=417.921 94.1721 42.9424 39.8656 52.2516 43.2817 23.6258 13.1772 5.71118 9.37883 13.2802 6.00031 15.2729 0.148943
threshold=0 1 20.050000000000004 22.650000000000002 26.650000000000002 17.350000000000005 3.5000000000000004 5.9392855000000013 5.8008925000000007 -0.8781231054254196 0.24997576770840005 24.950000000000003 86.931547500000008 25.850000000000005
decision_type=1 1 2 2 2 2 2 2 2 2 2 2 2 2
left_child=1 2 7 5 -5 -3 -4 -1 9 10 -2 13 -13 -10
right_child=8 3 6 4 -6 -7 -8 -9 11 -11 -12 12 -14 -15
leaf_value=0.038740959284910829 -0.040555200345572945 0.081490265134975537 0.076928897074090508 0.088827626845889976 0.019276715424457365 -0.038974914963301729 0.0025554037633390451 -0.037652995059428082 -0.050751520155540956 -0.046545576272170347 0.079445676894531261 -0.037889795648261851 0.059105645091653614 -0.020852303527345656
leaf_weight=5.6152821853756896 3.464419603347781 11.452560860663654 20.065236415714025 123.78578197956085 35.296129271388054 17.621922120451927 21.799340315163136 44.902701150625944 199.00853073969483 9.178738769143818 3.9386822618544102 53.522014211863279 3.5024062972515813 2.3106198795139781
leaf_count=134 85 137 330 1381 424 392 532 1357 7011 304 82 1734 87 81
internal_value=-3.93611e-06 0.0421205 0.00221342 0.0638259 0.0736129 0.00960863 0.0391649 -0.0285743 -0.0429551 -0.0149287 0.0251457 -0.0463458 -0.0310164 -0.0505131
internal_weight=555.464 280.539 92.3826 188.156 159.082 29.0745 41.8646 50.518 274.925 16.5818 7.4031 258.344 57.0244 201.319
internal_count=14071 4687 2353 2334 1805 529 862 1491 9384 471 167 8913 1821 7092
cat_boundaries=0 1 2
cat_threshold=6 1
is_linear=0
shrinkage=0.05


Tree=9
num_leaves=15
num_cat=3
split_feature=0 1 39 39 21 43 2 5 34 35 1 36 37 4
split_gain=369.193 68.8062 46.617 37.92 54.0848 52.705 27.6817 10.0137 7.19237 10.0415 7.13948 6.94508 3.30019 8.22684
threshold=0 1 22.050000000000004 16.150000000000002 23.350000000000005 25.250000000000004 7.5000000000000009 0.3484035575467645 24.950000000000003 85.943452500000021 2 89.500000000000014 67.500000000000014 0.45273815774107123
decision_type=1 1 2 2 2 2 2 2 2 2 1 2 2 2
left_child=1 2 7 5 -5 -3 -4 -1 12 11 -11 -10 -2 -14
right_child=8 3 6 4 -6 -7 -8 -9 9 10 -12 -13 13 -15
leaf_value=-0.049792198421597746 -0.049048527876132841 0.13027760442085606 0.05819537823233617 -0.01732459704635347 0.057993281566080405 -0.045731973939833713 -0.04536453786962507 -0.0045678283219358863 0.024271415471928071 -0.029654092624458707 0.092639425713135604 -0.039229934900826428 -0.036303266706005637 0.058558393065778459
leaf_weight=26.807100344449282 206.02142031304538 27.521036617457867 36.156838830560446 28.125115696340799 142.04943048208952 4.4825310707092276 7.0311484783887854 22.259161291643977 4.279380463063716 1.3189555034041396 2.1003899574279785 31.430718667805195 15.424139879643919 1.7372764851897944
leaf_count=882 7502 255 622 521 1556 48 210 638 126 34 33 1046 533 57
internal_value=8.55882e-05 0.0378593 0.00329429 0.0554009 0.0455168 0.104986 0.0406904 -0.0297769 -0.0421339 -0.023067 0.0494308 -0.0311663 -0.0472385 -0.0240047
internal_weight=556.745 294.432 92.2542 202.178 170.175 32.0036 43.188 49.0663 262.312 39.1294 3.41935 35.7101 223.183 17.1614
internal_count=14063 4732 2352 2380 2077 303 832 1520 9331 1239 67 1172 8092 590
cat_boundaries=0 1 2 3
cat_threshold=6 1 1
is_linear=0
shrinkage=0.05


Tree=10
num_leaves=15
num_cat=3
split_feature=0 1 26 4 43 34 38 34 43 1 36 35 21 35
split_gain=326.362 57.7515 37.4478 30.1505 31.6061 15.7766 8.24172 7.048 13.4284 10.377 5.59148 4.67704 12.1244 0.53977
threshold=0 1 20.250000000000004 0.99053107487289871 36.250000000000007 22.550000000000004 5.9392855000000013 25.450000000000003 16.250000000000004 2 89.500000000000014 86.538690500000016 24.950000000000003 65.029762000000019
decision_type=1 1 2 2 2 2 2 2 2 1 2 2 2 2
left_child=1 2 6 4 -3 -4 -1 11 10 -10 -9 -2 -13 -5
right_child=7 3 5 13 -6 -7 -8 8 9 -11 -12 12 -14 -15
leaf_value=0.027120876279127289 -0.050522054767374869 0.057209784728765513 -0.029047630671558768 -0.0048248720864720613 -0.042940478843990937 0.04843430243189456 -0.034985698095344818 0.01595034410343163 -0.027361390635983487 0.13720081119094737 -0.047505321930876358 -0.039444082243270423 0.040136881909611559 -0.046979098989411078
leaf_weight=5.3223764263093463 171.62610714882612 191.47330621629953 7.2692582532763472 1.1133413314819325 7.5200830325484267 36.380527731031179 43.679666163399816 4.1876705028116765 1.131435725837945 1.3890288770198822 11.863502778112887 57.077342346310616 4.4197495803236952 6.8006646372377872
leaf_count=126 6535 2146 123 16 87 727 1381 121 39 38 419 2072 111 103
internal_value=-0.00109756 0.0336408 0.00190724 0.0493914 0.0532293 0.0351692 -0.0278325 -0.0420777 -0.0132274 0.0765404 -0.0309855 -0.0461069 -0.033174 -0.0422554
internal_weight=551.254 299.559 92.6518 206.907 198.993 43.6498 49.002 251.695 18.5716 2.52046 16.0512 233.123 61.4971 7.91401
internal_count=14044 4709 2357 2352 2233 850 1507 9335 617 77 540 8718 2183 119
cat_boundaries=0 1 2 3
cat_threshold=6 1 1
is_linear=0
shrinkage=0.05


Tree=11
num_leaves=14
num_cat=3
split_feature=0 1 44 21 5 39 5 2 34 1 43 35 44
split_gain=308.046 50.6217 30.5521 26.5936 31.792 29.1916 22.8467 21.9009 6.61681 9.46789 11.7566 3.82104 9.83956
threshold=0 1 40.500000000000007 23.250000000000004 0.50370931781787065 15.850000000000003 0.3484035575467645 7.5000000000000009 24.950000000000003 2 16.250000000000004 86.538690500000016 34.000000000000007
decision_type=1 1 2 2 2 2 2 2 2 1 2 2 2
left_child=1 2 6 5 -5 -3 -1 -4 11 -10 -11 -2 -13
right_child=8 3 7 4 -6 -7 -8 -9 9 10 -12 12 -14
leaf_value=-0.050104187520450955 -0.050962760882577673 0.07685262647419229 0.053934429287692355 0.046201279634110762 0.10723436832414115 -0.01671153804634393 0.01305978466868141 -0.044447671822492901 -0.048643097125180244 -0.02619242668425378 0.050668486829643478 0.0054627685975532905 -0.044800022965037399
leaf_weight=29.235583581030369 148.76075827330351 10.60716265439987 31.508608303964138 147.59425654262304 25.047467581927776 28.719340652227402 26.560149425640702 6.0552815645933142 17.034572783857584 12.857654824852945 6.7627470754086962 12.095835220068691 44.986796759068966
leaf_count=935 6017 98 536 1474 230 505 706 184 614 445 158 367 1765
internal_value=-0.00023547 0.032683 0.00301763 0.047208 0.0556227 0.0098046 -0.020336 0.037334 -0.0412933 -0.022491 0.00147238 -0.0465129 -0.0342386
internal_weight=547.826 305.328 93.3596 211.968 172.642 39.3265 55.7957 37.5639 242.498 36.655 19.6204 205.843 57.0826
internal_count=14034 4668 2361 2307 1704 603 1641 720 9366 1217 603 8149 2132
cat_boundaries=0 1 2 3
cat_threshold=6 1 1
is_linear=0
shrinkage=0.05


Tree=12
num_leaves=15
num_cat=3
split_feature=0 1 39 5 4 34 4 26 34 35 36 1 38 4
split_gain=286.837 46.7417 31.0105 28.613 27.9909 29.4543 9.27894 6.06056 5.47229 9.75721 6.20177 4.96934 4.21369 7.94335
threshold=0 1 20.250000000000004 0.44312301391210612 0.98213580174693116 22.650000000000002 -0.86976336936302323 23.850000000000005 24.950000000000003 85.943452500000021 88.500000000000014 2 5.9175595000000003 -0.89406062840022227
decision_type=1 1 2 2 2 2 2 2 2 2 2 1 2 2
left_child=1 2 6 -4 5 -3 -1 -6 12 10 -10 -11 13 -2
right_child=8 4 3 -5 7 -7 -8 -9 9 11 -12 -13 -14 -15
leaf_value=0.019218682192219751 0.019276022174146895 0.002937997693953546 -0.00097039148772232967 0.072346743794160881 -0.048788206463265538 0.0550765262642047 -0.049747537839699069 0.037562075651950133 0.043848729351312891 0.076323017048014724 -0.038806662770208555 -0.027353798279429686 -0.049284099872850158 -0.046969178523678552
leaf_weight=5.3582040686160317 6.7126458585262325 31.970022454857826 42.427201701328158 18.371398305520415 9.0689543411135656 180.70667549967766 26.71445481851697 1.7578050941228855 1.6301944367587555 2.4768050983548164 30.633117038756609 1.1083852797746652 177.85608617775142 10.557392094284294
leaf_count=166 165 523 956 309 131 1669 914 22 46 34 1111 30 7508 405
internal_value=-0.000535649 0.0299955 0.00109497 0.0219959 0.0432821 0.0472894 -0.037993 -0.032778 -0.0417957 -0.024548 -0.0334376 0.0452954 -0.0469541 -0.0215748
internal_weight=547.349 316.375 92.8713 60.7986 223.503 212.677 32.0727 10.8268 230.975 35.8485 32.2633 3.58519 195.126 17.27
internal_count=13989 4690 2345 1265 2345 2192 1080 153 9299 1221 1157 64 8078 570
cat_boundaries=0 1 2 3
cat_threshold=6 1 2
is_linear=0
shrinkage=0.05


Tree=13
num_leaves=15
num_cat=3
split_feature=0 1 39 43 39 5 5 43 34 43 1 36 35 21
split_gain=261.91 38.8864 25.1174 24.5152 25.611 15.7236 15.6807 13.6984 6.17583 11.3381 7.22755 5.81157 5.70258 10.545
threshold=0 1 23.450000000000003 27.300000000000001 16.850000000000005 0.42763731121559989 0.3484035575467645 28.950000000000006 25.450000000000003 18.250000000000004 2 89.500000000000014 86.538690500000016 24.950000000000003
decision_type=1 1 2 2 2 2 2 2 2 2 1 2 2 2
left_child=1 2 6 4 -3 -4 -1 -5 12 11 -11 -10 -2 -14
right_child=8 3 5 7 -6 -7 -8 -9 9 10 -12 -13 13 -15
leaf_value=-0.042164148474650512 -0.050220080199215568 0.08140040317500559 0.013301430742820121 -0.050039454225748348 0.037036810735385658 0.088269677449436298 0.0086536908860093392 0.019065676796607301 0.019055265301452205 -0.0241303731966322 0.12236561172575111 -0.047064137019398683 -0.036987972097414216 0.036232403201563519
leaf_weight=30.781169135123491 150.59670058265328 42.344940964132547 24.548692166805267 8.1548480540513975 149.60638652741909 9.0478266552090627 28.515831373631954 32.173142790794373 3.9623676966875818 0.8855949603021136 1.3030849657952788 10.993130743503569 51.199465917423368 4.6355755422264329
leaf_count=1060 6585 341 441 86 1602 95 743 332 117 34 31 434 2074 111
internal_value=-0.000273836 0.0280296 0.00151392 0.0397834 0.0471947 0.0354588 -0.0179877 0.00421905 -0.0408112 -0.0128729 0.0741116 -0.0294499 -0.0450257 -0.0303785
internal_weight=548.749 325.173 92.8935 232.279 191.951 33.5965 59.297 40.328 223.576 17.1442 2.18868 14.9555 206.432 55.835
internal_count=14086 4700 2339 2361 1943 536 1803 418 9386 616 65 551 8770 2185
cat_boundaries=0 1 2 3
cat_threshold=6 1 1
is_linear=0
shrinkage=0.05


Tree=14
num_leaves=14
num_cat=3
split_feature=0 32 34 0 4 39 5 34 1 43 38 4 37
split_gain=230.08 34.7344 62.293 41.5022 96.0593 47.8223 26.413 7.24369 9.20065 10.8581 6.95993 8.50172 0.594921
threshold=0 26.643750000000001 24.150000000000002 1 -0.72696319516528884 24.950000000000003 0.99249573635719013 24.950000000000003 2 16.250000000000004 5.9175595000000003 -0.8781231054254196 67.500000000000014
decision_type=1 2 2 1 2 2 2 2 1 2 2 2 2
left_child=1 2 6 5 -5 -3 -1 10 9 -9 11 -2 -12
right_child=7 3 -4 4 -6 -7 -8 8 -10 -11 12 -13 -14
leaf_value=-0.026126554559883872 0.023171466850669096 0.041953347542483019 0.17892950670154206 0.11074254325541864 -0.0068438791276937971 0.12088010097637564 0.099046108503521704 -0.024439646779754201 -0.048056724713233689 0.050267205709569919 -0.050136363243055593 -0.045773158665001548 -0.032324458492009295
leaf_weight=61.218813976272941 7.6514104101806906 108.02142579294741 3.2836151663213959 19.53448792733252 112.04387524910271 23.049711190164089 3.5437649562954894 12.015079487115147 14.650774698704479 6.7717256974428883 151.7210357002914 8.4110648110508901 12.273818625137208
leaf_count=1008 198 1529 40 250 1551 276 52 454 594 152 7059 365 524
internal_value=-0.000776845 0.0250874 -0.00592438 0.0340654 0.0105232 0.0526563 -0.0178752 -0.0400713 -0.0197327 0.00366805 -0.0459316 -0.0134979 -0.0490073
internal_weight=544.191 330.696 68.0462 262.65 131.578 131.071 64.7626 213.495 33.4376 18.7868 180.057 16.0625 163.995
internal_count=14052 4706 1100 3606 1801 1805 1060 9346 1200 606 8146 563 7583
cat_boundaries=0 1 2 3
cat_threshold=6 2 2
is_linear=0
shrinkage=0.05


Tree=15
num_leaves=15
num_cat=4
split_feature=0 21 43 0 5 3 4 7 34 43 1 35 21 36
split_gain=217.423 33.28 35.7209 26.6585 13.8036 9.56663 7.70611 7.39825 7.31907 12.7134 6.75467 6.72629 9.36334 5.98891
threshold=0 22.550000000000004 31.350000000000005 1 0.99249573635719013 2 -0.98214942551678475 26.941666500000004 25.450000000000003 16.250000000000004 3 86.538690500000016 24.950000000000003 89.500000000000014
decision_type=1 2 2 1 2 1 2 2 2 2 1 2 2 2
left_child=1 4 3 -3 5 -1 -4 -6 11 13 -11 -2 -13 -10
right_child=8 2 6 -5 7 -7 -8 -9 9 10 -12 12 -14 -15
leaf_value=-0.044155067512986812 -0.050016142426301563 0.051164780899561391 0.039562086204856406 0.015636091215941849 0.086845846184452569 0.031370545037725982 -0.029879269714416713 -0.030899241949466267 0.021512793121291431 -0.023194302235050833 0.11816501237142576 -0.03471791540063128 0.033690439599245052 -0.046731910151215778
leaf_weight=26.214288584887981 137.86439822241664 136.60025688074529 3.779888033866885 133.51365168206394 3.2231353521347037 4.2175257466733482 26.775888683274388 1.3393489569425581 3.7977125868201282 0.82583342492580325 1.6491379737854006 47.294630661606789 4.7842434775084248 10.387007920071481
leaf_count=545 6622 1751 56 1777 45 66 419 26 114 34 34 2049 110 446
internal_value=-0.000291324 0.0243096 0.0303999 0.0361898 -0.0206559 -0.033023 -0.0203076 0.05294 -0.039455 -0.0089604 0.077896 -0.044135 -0.0279172 -0.0282471
internal_weight=542.267 335.664 300.67 270.114 34.9943 30.4318 30.5558 4.56248 206.603 16.6597 2.47497 189.943 52.0789 14.1847
internal_count=14094 4685 4003 3528 682 611 475 71 9409 628 68 8781 2159 560
cat_boundaries=0 1 2 3 4
cat_threshold=6 2 1 1
is_linear=0
shrinkage=0.05


Tree=16
num_leaves=15
num_cat=3
split_feature=0 1 39 4 33 4 5 34 35 1 38 4 36 43
split_gain=209.649 31.0205 28.0302 23.413 22.9136 13.8827 11.878 6.78997 8.7613 5.49573 4.53119 4.83748 4.50004 1.70122
threshold=0 1 23.450000000000003 0.98802474685579855 31.550000000000004 0.29342972903661901 0.3484035575467645 24.950000000000003 85.943452500000021 2 5.8008925000000007 -0.8781231054254196 89.500000000000014 35.600000000000001
decision_type=1 1 2 2 2 2 2 2 2 1 2 2 2 2
left_child=1 2 6 4 -3 -4 -1 10 12 -10 11 -2 -9 -12
right_child=7 3 5 -5 -6 -7 -8 8 9 -11 13 -13 -14 -15
leaf_value=-0.042252399782725159 0.012409780236067761 -0.0010458638318235486 -0.0085732328015247668 -0.043658545884647133 0.042285001808760748 0.055407928548944919 0.001651424468260038 0.014954198510761282 0.079496925887314995 -0.028231422466714208 -0.049999722501637582 -0.044359363922841399 -0.037695922022805993 -0.021057943106562449
leaf_weight=31.07492389343679 6.7627642974257469 35.789714246988297 12.515362782403825 8.8163563273847085 203.95864219963551 23.807579014450312 29.503814743831754 4.2593225482851294 2.3805297613143921 1.1894599515944713 145.23193162679672 6.5742126852273923 24.731326177716255 7.3474182281643143
leaf_count=1070 168 354 245 125 1893 292 745 122 29 34 7363 312 1036 343
internal_value=-0.000473343 0.0228729 -0.000471918 0.0328557 0.0358391 0.0337237 -0.0211902 -0.0401542 -0.0203925 0.0452802 -0.0462926 -0.0167157 -0.0297198 -0.0487522
internal_weight=543.943 345.466 96.9017 248.565 239.748 36.3229 60.5787 198.477 32.5606 3.56999 165.916 13.337 28.9906 152.579
internal_count=14131 4724 2352 2372 2247 537 1815 9407 1221 63 8186 480 1158 7706
cat_boundaries=0 1 2 3
cat_threshold=6 1 2
is_linear=0
shrinkage=0.05


Tree=17
num_leaves=14
num_cat=3
split_feature=0 32 44 0 4 39 5 34 43 1 35 5 36
split_gain=186.692 26.3598 45.854 36.117 76.1311 41.8416 14.3275 5.43067 8.73571 8.50095 3.69438 7.89181 3.51613
threshold=0 26.584821500000004 47.70000000000001 1 -0.72696319516528884 24.950000000000003 0.99249573635719013 24.950000000000003 16.250000000000004 2 86.538690500000016 0.26659387353423863 88.500000000000014
decision_type=1 2 2 1 2 2 2 2 2 1 2 2 2
left_child=1 2 6 5 -5 -3 -1 10 12 -10 -2 -12 -9
right_child=7 3 -4 4 -6 -7 -8 8 9 -11 11 -13 -14
leaf_value=-0.025702826901555387 -0.05051811849275787 0.03340479222860461 0.14060004782407601 0.08862446451282277 -0.0096672950247114076 0.10096089411626229 0.062602875165436556 0.017474807733917422 -0.040730622857121535 0.042969445778197744 -0.042936973009222945 0.0060622049615733364 -0.046227271458209263
leaf_weight=56.735068844631314 111.62485004030168 118.84645478613675 3.8623981457203618 22.78587419167161 113.86883639544249 28.076093822717667 4.0437144786119452 1.9059992544353033 3.8300642166286689 7.325621135532856 35.694639850407839 10.295707834884523 19.391802145168185
leaf_count=935 6001 1564 51 263 1551 287 51 51 158 154 1709 402 875
internal_value=-0.000881815 0.020745 -0.0073818 0.0278889 0.00675589 0.0439392 -0.0189095 -0.039427 -0.021847 0.0132461 -0.0453719 -0.0320721 -0.0399984
internal_weight=538.287 348.218 64.6412 283.577 136.655 146.923 60.7788 190.069 32.4535 11.1557 157.615 45.9903 21.2978
internal_count=14052 4702 1037 3665 1814 1851 986 9350 1238 312 8112 2111 926
cat_boundaries=0 1 2 3
cat_threshold=6 2 1
is_linear=0
shrinkage=0.05


Tree=18
num_leaves=15
num_cat=4
split_feature=0 1 39 43 4 5 4 4 21 35 38 1 1 33
split_gain=174.579 30.7153 20.5818 20.2522 19.4799 16.2177 11.6221 7.98446 6.4169 12.2751 7.0944 6.92343 6.35888 4.11745
threshold=0 1 20.250000000000004 31.350000000000005 0.99274428880883148 0.41202506375868281 -0.98214942551678475 -0.86976336936302323 24.950000000000003 86.931547500000008 5.7779760000000016 2 3 37.350000000000009
decision_type=1 1 2 2 2 2 2 2 2 2 2 1 1 2
left_child=1 2 7 4 -3 -4 -5 -1 10 13 12 -11 -2 -10
right_child=8 3 5 6 -6 -7 -8 -9 9 11 -12 -13 -14 -15
leaf_value=0.015246965444693776 -0.043452553567174743 0.036976939676472975 -0.0050138684211475347 0.061615944220451802 -0.04681466698678477 0.046140759429071782 -0.029503189716956254 -0.047705198371547616 -0.042363253293332702 -0.030047455166955658 -0.049391788589981729 0.083851415057731402 0.025266313304403938 -0.0057743719698548183
leaf_weight=5.7208467405289438 5.4010221827775222 221.61430363357067 44.669385444372892 3.2536369040608433 6.3387986309826365 22.586316460743546 19.531682871282101 25.322772789746523 27.337363155558705 1.3785406202077857 128.61818046495318 2.99076147377491 6.1536789685487747 11.034104710444806
leaf_count=171 218 1998 947 29 90 320 201 902 1297 41 7136 46 212 426
internal_value=-0.000480033 0.020138 -0.00296024 0.0299691 0.0344526 0.0125896 -0.0144483 -0.0359903 -0.0387093 -0.0230172 -0.0460391 0.0490123 -0.00775755 -0.0322557
internal_weight=531.951 349.038 98.2993 250.738 227.953 67.2557 22.7853 31.0436 182.914 42.7408 140.173 4.3693 11.5547 38.3715
internal_count=14034 4658 2340 2318 2088 1267 230 1073 9376 1810 7566 87 430 1723
cat_boundaries=0 1 2 3 4
cat_threshold=6 1 1 1
is_linear=0
shrinkage=0.05


Tree=19
num_leaves=15
num_cat=1
split_feature=1 34 4 20 39 44 39 2 4 38 5 20 26 26
split_gain=60.1556 22.5878 24.1316 29.2207 21.3727 20.9465 13.5261 14.644 13.4788 5.27135 8.87668 5.60354 4.87856 0.0160094
threshold=0 22.650000000000002 0.98213580174693116 31.550000000000004 22.050000000000004 32.95000000000001 29.850000000000005 2.5000000000000004 -0.40614700388750385 5.9392855000000013 0.3484035575467645 34.650000000000013 26.050000000000004 24.950000000000003
decision_type=1 2 2 2 2 2 2 2 2 2 2 2 2 2
left_child=4 5 3 -3 9 8 7 -6 -2 10 -1 -11 -4 -7
right_child=1 2 12 -5 6 13 -8 -9 -10 11 -12 -13 -14 -15
leaf_value=-0.045342234408540467 0.064751866756987464 -0.0052366646328278017 -0.047267717127485183 0.030332143237628024 0.029016280687027232 -0.050160266461548808 0.10970864170813761 -0.020410664153406317 -0.010695287444095132 -0.04979671634642005 0.030928472788999784 -0.010921876048353565 0.035420882343253329 -0.022438454910309019
leaf_weight=7.1394050959497672 7.6645861975848701 81.050048138946295 15.926769077777864 197.54247738607228 18.529382765293121 24.810824250802401 1.4686476569622744 64.031559797003865 17.994687762111425 72.924182446673512 6.2382697276771069 11.346495008096097 1.2688535265624512 2.4176927525550118
leaf_count=256 157 1525 442 3402 426 889 37 2058 440 3580 195 486 31 84
internal_value=-0.00111357 0.0110369 0.0164185 0.0200025 -0.0243656 -0.0188071 -0.00576076 -0.00910314 0.0134248 -0.0401549 -0.0100983 -0.0447519 -0.0395548 -0.0485809
internal_weight=530.354 348.676 295.788 278.593 181.678 52.8878 84.0296 82.5609 25.6593 97.6484 13.3777 84.2707 17.1956 27.2285
internal_count=14008 6970 5400 4927 7038 1570 2521 2484 597 4517 451 4066 473 973
cat_boundaries=0 1
cat_threshold=1
is_linear=0
shrinkage=0.05


Tree=20
num_leaves=15
num_cat=3
split_feature=0 1 39 39 34 44 5 2 34 1 38 5 38 37
split_gain=150.306 24.0277 19.2908 31.8665 26.6975 18.4104 16.4442 14.7258 8.02721 9.36802 9.04863 9.21999 8.40443 0.893867
threshold=0 1 16.150000000000002 14.65 22.650000000000002 40.500000000000007 0.3484035575467645 7.5000000000000009 24.950000000000003 2 5.9175595000000003 0.24997576770840005 11.053273500000001 67.500000000000014
decision_type=1 1 2 2 2 2 2 2 2 1 2 2 2 2
left_child=1 5 3 -3 -4 6 -1 -7 10 -10 11 -2 -11 -12
right_child=8 2 4 -5 -6 7 -8 -9 9 12 13 -13 -14 -15
leaf_value=-0.049734549814765223 -0.044775232783330191 -0.0083511043233271912 -0.031021902660388984 0.084828843040585827 0.026352830449083316 0.033090714782690746 0.0050641714092439557 -0.044741624411273821 -0.047220098568320275 0.0283851138974658 -0.049609640624453936 0.030515420625399328 -0.042612887946263722 -0.02849453223050586
leaf_weight=25.839630946516991 6.8027135878801328 12.8321141526103 21.727987430989742 29.788336373865604 198.4952029325068 38.021282181143761 27.602344525977969 6.3010544180870047 12.121682064607739 13.208079202100636 118.14849314745516 7.5158515442162752 4.9223569743335238 10.128414547070859
leaf_count=944 293 103 424 194 1635 540 711 190 600 392 7026 261 215 522
internal_value=6.88558e-05 0.0183607 0.0267144 0.057226 0.0205774 -0.00228249 -0.0218583 0.0212827 -0.0369121 -0.0149967 -0.0439952 -0.00584281 0.00788948 -0.0481758
internal_weight=533.456 360.608 262.844 42.6205 220.223 97.7643 53.442 44.3223 172.848 30.2521 142.595 14.3186 18.1304 128.277
internal_count=14050 4741 2356 297 2059 2385 1655 730 9309 1207 8102 554 607 7548
cat_boundaries=0 1 2 3
cat_threshold=6 1 1
is_linear=0
shrinkage=0.05


Tree=21
num_leaves=13
num_cat=4
split_feature=0 34 5 33 1 44 1 1 35 4 34 37
split_gain=147.956 24.2859 25.4491 62.8116 26.6078 21.1479 13.3797 6.21435 11.3851 11.6101 10.5286 0.964218
threshold=0 22.550000000000004 0.33222858587828868 31.850000000000005 1 32.95000000000001 2 3 86.538690500000016 0.35846314187849704 25.450000000000003 33.500000000000007
decision_type=1 2 2 2 1 2 1 1 2 2 2 2
left_child=1 5 4 -4 -3 6 -1 -2 10 -10 -9 -7
right_child=7 2 3 -5 -6 11 -8 8 9 -11 -12 -13
leaf_value=0.039096612545011677 -0.050246866142851926 -0.016049030823739562 -0.03664079423149582 0.071184745912109854 0.024107033934639598 -0.05049018032186784 -0.04366543023417177 -0.048407299194949273 -0.017903290774853125 0.063424356595187137 0.009082290813280226 -0.026160235323599363
leaf_weight=19.496821004897356 77.272284745238721 52.340572655200958 16.561208376660943 61.366551410406828 183.82985677197576 17.145836811512712 5.5070128552615669 57.816563646309078 20.004629859700803 4.5474756509065619 8.8795034699141961 10.454876527190207
leaf_count=195 4680 1470 232 581 1484 334 193 3319 966 117 313 255
internal_value=-3.25701e-05 0.0177311 0.0234712 0.0480958 0.0151774 -0.0130329 0.0198903 -0.0374028 -0.0301538 -0.000947355 -0.0407324 -0.0425111
internal_weight=535.223 366.703 314.098 77.9278 236.17 52.6045 25.0038 168.52 91.2482 24.5521 66.6961 27.6007
internal_count=14139 4744 3767 813 2954 977 388 9395 4715 1083 3632 589
cat_boundaries=0 1 2 3 4
cat_threshold=6 1 2 1
is_linear=0
shrinkage=0.05


Tree=22
num_leaves=15
num_cat=1
split_feature=0 34 5 33 44 31 4 34 43 43 35 44 36 37
split_gain=129.967 19.5377 29.485 49.6686 20.5704 17.9866 12.9468 7.0027 7.9178 9.586 4.89983 8.79146 4.80982 1.47541
threshold=0 22.550000000000004 0.45847758937963173 31.950000000000003 32.95000000000001 27.550000000000001 -0.40614700388750385 24.950000000000003 16.250000000000004 20.750000000000004 86.538690500000016 34.000000000000007 89.500000000000014 32.500000000000007
decision_type=1 2 2 2 2 2 2 2 2 2 2 2 2 2
left_child=1 4 5 -4 6 -3 -1 10 12 -10 -2 -12 -9 -6
right_child=7 2 3 -5 13 -7 -8 8 9 -11 11 -13 -14 -15
leaf_value=0.071669936475685106 -0.050244972928244119 -0.030688291671807883 -0.030492615873115598 0.072632074457301021 -0.050261035662970049 0.01709322632659992 -0.0037517698777216044 0.012864429852444856 0.083616343839712753 -0.011634968355941197 0.011673696495727484 -0.041180185054521652 -0.04776172011257801 -0.023012600130111235
leaf_weight=7.4652292728424099 91.617102845571935 20.661066556349397 14.335499655455349 52.33617484010756 16.74766333214939 225.32909874245524 17.075928453356028 3.6670671291649404 2.6871384494006625 8.6421515271067602 10.050664527341722 29.907212703488767 14.752798577770589 10.899319432675837
leaf_count=96 6017 276 202 465 342 2772 284 114 72 253 362 1741 785 265
internal_value=-0.000588501 0.0159193 0.0210745 0.0503356 -0.0117877 0.012972 0.0210987 -0.0365215 -0.0161378 0.0159067 -0.0437285 -0.0279253 -0.0356512 -0.0406971
internal_weight=526.174 364.85 312.662 66.6717 52.1881 245.99 24.5412 161.324 29.7492 11.3293 131.575 39.9579 18.4199 27.647
internal_count=14046 4702 3715 667 987 3048 380 9344 1224 325 8120 2103 899 607
cat_boundaries=0 1
cat_threshold=6
is_linear=0
shrinkage=0.05


Tree=23
num_leaves=13
num_cat=4
split_feature=0 43 0 5 4 1 38 0 4 4 35 44
split_gain=125.235 22.3963 24.2974 60.8587 45.1291 7.97182 11.5627 17.7679 14.229 4.7702 5.56224 3.81071
threshold=0 31.350000000000005 1 -0.92272482904738273 -0.72696319516528884 2 5.9175595000000003 3 -0.8781231054254196 -0.98214942551678475 87.669642500000023 40.150000000000006
decision_type=1 2 1 2 2 1 2 1 2 2 2 2
left_child=1 2 3 -1 -4 -2 8 -8 -7 10 -3 -11
right_child=5 9 4 -5 -6 6 7 -9 -10 11 -12 -13
leaf_value=0.098828060528655476 -0.050120397458136359 0.06301284015812543 0.055816890764867649 0.021158400051027718 -0.008110538607615448 0.083060129973963837 0.012047509051142644 -0.042309613672761391 -0.039693191445701548 -0.044422654067590987 -0.035224246756147312 -0.0054184580275872807
leaf_weight=29.72558037750423 70.960921035148203 2.362460449337962 34.06252758204937 146.21476728096604 128.99939036741853 4.1804149392992258 19.230581551790237 57.692164878360927 3.508358431980013 16.959308987483386 1.6701731309294698 10.089148987084625
leaf_count=294 4696 29 405 1807 1708 98 1092 3292 183 275 25 145
internal_value=0.000790879 0.0165686 0.0207472 0.0329056 0.00518618 -0.0354051 -0.0267581 -0.0326238 0.0289264 -0.0230685 0.0234119 -0.0305859
internal_weight=525.656 370.083 339.002 175.94 163.062 155.572 84.6115 76.9227 7.68877 31.0811 4.03263 27.0485
internal_count=14049 4688 4214 2101 2113 9361 4665 4384 281 474 54 420
cat_boundaries=0 1 2 3 4
cat_threshold=6 2 1 32
is_linear=0
shrinkage=0.05


Tree=24
num_leaves=15
num_cat=3
split_feature=0 34 0 4 4 44 1 38 4 5 21 35 37 9
split_gain=118.179 21.5416 22.3554 63.787 38.8463 12.9927 10.2264 6.77095 8.11683 10.5595 6.71951 9.61212 2.17621 0.743556
threshold=0 22.550000000000004 1 -0.49813634056773481 -0.72696319516528884 32.95000000000001 2 5.9175595000000003 -0.8781231054254196 0.24997576770840005 24.950000000000003 86.931547500000008 32.500000000000007 25.850000000000005
decision_type=1 2 1 2 2 2 1 2 2 2 2 2 2 2
left_child=1 5 3 -3 -4 6 -1 8 9 -2 13 -12 -7 -9
right_child=7 2 4 -5 -6 12 -8 10 -10 -11 11 -13 -14 -15
leaf_value=0.028499471458273858 -0.038734772466501172 -0.012713433220203364 0.047045636898366938 0.053429245148405163 -0.0099282092077294885 -0.050018779883590839 -0.043679547075783046 -0.049222580984202853 -0.04388565935701022 0.068357694926767493 -0.032116945670741866 0.04132313188810275 -0.01856012293352079 -0.0049980314277031897
leaf_weight=19.082497667521238 2.9820201545953751 51.876689944416285 39.279915824532509 119.00740844942629 115.41117945499718 15.831265429034831 5.5348389241844442 98.290715112350881 6.2652354314923269 4.8021916151046753 33.061025161296129 4.2516879215836516 10.795467676594852 1.2010268541052926
leaf_count=188 100 622 454 1254 1413 332 197 6910 373 105 1730 87 263 80
internal_value=-0.000277536 0.0147105 0.0198389 0.0315567 0.00446155 -0.0148132 0.0111995 -0.0361544 -0.00508044 0.0275929 -0.0419091 -0.0228885 -0.0383978 -0.0487438
internal_weight=527.673 376.819 325.575 170.884 154.691 51.2441 24.6173 150.854 14.0494 7.78421 136.804 37.3127 26.6267 99.4917
internal_count=14108 4723 3743 1876 1867 980 385 9385 578 205 8807 1817 595 6990
cat_boundaries=0 1 2 3
cat_threshold=6 2 2
is_linear=0
shrinkage=0.05


Tree=25
num_leaves=13
num_cat=4
split_feature=0 43 0 5 36 1 0 21 4 4 13 12
split_gain=98.6153 19.6467 19.4943 47.4964 39.3324 8.16287 12.7324 64.9443 13.9281 4.9158 5.27868 2.84398
threshold=0 31.350000000000005 1 -0.92272482904738273 95.500000000000014 2 3 24.950000000000003 -0.8781231054254196 -0.98214942551678475 7.0250000000000012 72.500000000000014
decision_type=1 2 1 2 2 1 1 2 2 2 2 2
left_child=1 2 3 -1 -4 -2 7 -7 -8 10 -3 -11
right_child=5 9 4 -5 -6 6 8 -9 -10 11 -12 -13
leaf_value=0.0827317007306555 -0.049995855344380009 0.059606395755867569 -0.038700503181324966 0.016379024454017836 0.017170172969798683 -0.04154904764936998 0.013860254787504437 0.1411475310789683 -0.0502266548306382 -0.042930894184718849 -0.03531352526189923 -0.0051810791647345367
leaf_weight=32.123881569132209 64.799362376332283 2.4435340985655811 41.349426589906216 149.65041119232774 122.00945087149739 15.066457143053414 9.7226487072184664 5.9888469316065303 49.864144505932927 18.802544949576262 1.6825338546186683 7.0721077769994727
leaf_count=293 4673 27 551 1805 1568 949 477 233 3039 301 24 108
internal_value=-0.000915084 0.0126889 0.0164129 0.0270155 0.00271365 -0.03437 -0.0255653 0.00994882 -0.0340874 -0.025207 0.0215617 -0.0331898
internal_weight=520.575 375.134 345.133 181.774 163.359 145.441 80.6421 21.0553 59.5868 30.0007 4.12607 25.8747
internal_count=14048 4677 4217 2098 2119 9371 4698 1182 3516 460 51 409
cat_boundaries=0 1 2 3 4
cat_threshold=6 2 1 32
is_linear=0
shrinkage=0.05


Tree=26
num_leaves=13
num_cat=4
split_feature=0 38 0 39 39 21 21 1 43 0 7 8
split_gain=99.8198 20.5477 22.0506 44.4706 24.8105 18.0905 9.54671 7.03323 10.8776 17.2286 8.30422 6.8208
threshold=0 5.9392855000000013 1 22.550000000000004 22.550000000000004 23.950000000000003 23.850000000000005 2 18.150000000000002 3 31.045833500000004 31.150000000000002
decision_type=1 2 1 2 2 2 2 1 2 1 2 2
left_child=1 5 3 -3 -4 6 -1 -2 10 -10 -9 -7
right_child=7 2 4 -5 -6 11 -8 8 9 -11 -12 -13
leaf_value=0.039081065222485389 -0.049921953388713115 0.0023784235693008588 0.010693280698490917 0.052363202585759272 -0.029550159701940727 0.018113651594640689 -0.035191979271108197 -0.048386764870845339 0.024016165936411232 -0.03143936408533974 0.035683082983763215 0.11206411700674995
leaf_weight=14.207865782082083 61.685564712621272 112.95674655027688 103.12425993010402 72.529260633513331 59.608387168496847 2.8599921967834225 5.1631428059190503 41.152292278595269 17.585961055010557 16.945111784152687 2.4544310942292205 10.217124296352265
leaf_count=136 4668 1483 1478 724 728 28 55 2874 865 850 94 83
internal_value=-0.000171961 0.0131441 0.00986118 0.0209749 -0.0039 0.0509566 0.0185286 -0.0347279 -0.0266421 -0.00540517 -0.042961 0.0942633
internal_weight=520.49 380.667 348.219 185.486 162.733 32.4481 19.371 139.823 78.1378 34.5311 43.6067 13.0771
internal_count=14066 4715 4413 2207 2206 302 191 9351 4683 1715 2968 111
cat_boundaries=0 1 2 3 4
cat_threshold=6 2 1 33
is_linear=0
shrinkage=0.05


Tree=27
num_leaves=13
num_cat=3
split_feature=0 20 1 35 4 44 1 35 34 5 23 37
split_gain=90.3088 16.869 15.3578 16.5403 15.2631 13.1923 7.14699 10.7728 13.5606 12.4862 5.19419 1.94018
threshold=0 30.850000000000005 1 86.464285500000003 0.99274428880883148 45.900000000000013 2 86.538690500000016 25.450000000000003 0.24997576770840005 97.500000000000014 70.500000000000014
decision_type=1 2 1 2 2 2 1 2 2 2 2 2
left_child=1 5 3 -3 -4 11 -2 8 -8 -9 -7 -1
right_child=6 2 4 -5 -6 10 7 9 -10 -11 -12 -13
leaf_value=-0.043212921850622713 -0.049845250798427665 -0.01226775055452687 0.023729056419749515 0.040867785267139148 -0.047319620280771343 -0.0034481120796587502 -0.048608080724285942 -0.018754363296796882 0.019396487138928081 0.061531184183255032 0.079406969995200444 0.0026267133590980518
leaf_weight=22.372344769537456 58.684315240010619 75.177768466062844 251.21126431785524 17.134076194837689 6.8910665847361079 3.7073880750685921 45.166755329817533 17.106364466249946 8.1521694147959334 5.6132094645872703 2.7004079073667526 2.4383232034742823
leaf_count=346 4665 1685 2007 426 102 40 3275 886 308 213 33 30
internal_value=-0.000540515 0.0119566 0.0154174 -0.00207295 0.0216568 -0.0224514 -0.0341346 -0.0259508 -0.0380449 0.00283923 0.0374749 -0.0387807
internal_weight=516.355 381.633 350.414 92.3118 258.102 31.2185 134.723 76.0385 53.3189 22.7196 6.4078 24.8107
internal_count=14016 4669 4220 2111 2109 449 9347 4682 3583 1099 73 376
cat_boundaries=0 1 2 3
cat_threshold=6 1 1
is_linear=0
shrinkage=0.05


Tree=28
num_leaves=12
num_cat=3
split_feature=0 39 38 20 0 38 21 35 5 1 38
split_gain=85.8519 19.2819 18.8334 13.9049 12.5925 6.6702 7.33907 12.6688 6.8954 10.0317 0.0865881
threshold=0 29.850000000000005 5.9392855000000013 31.150000000000002 1 5.7779760000000016 24.950000000000003 85.943452500000021 0.24997576770840005 2 5.9175595000000003
decision_type=1 2 2 2 1 2 2 2 2 1 2
left_child=1 2 3 -1 -4 8 10 -8 -2 -10 -7
right_child=5 -3 4 -5 -6 6 7 -9 9 -11 -12
leaf_value=-0.014874791210983299 -0.041625059996912267 0.12111463883504013 0.014701146458393427 0.060748231157256409 -0.0040402374909880388 -0.020717360179264274 -0.033810523913285734 0.042804513307084346 -0.036392409839620048 0.079039911760940051 -0.048839063504430846
leaf_weight=7.3137480039149514 4.3495496371760947 2.9560758061707011 189.38552248105407 27.164249494671822 159.04426779225469 2.3187817707657805 27.974703395739198 5.7299789749085894 2.4251090288162231 3.5665984926745296 83.238313089124858
leaf_count=86 236 28 2188 217 2166 128 1672 145 111 99 6942
internal_value=-0.00103696 0.0108986 0.0100184 0.0447394 0.00646447 -0.0345713 -0.040532 -0.0199275 0.00120095 0.0337965 -0.0483251
internal_weight=515.467 385.864 382.908 34.478 348.43 129.603 119.262 33.7047 10.3413 5.99171 85.5571
internal_count=14018 4685 4657 303 4354 9333 8887 1817 446 210 7070
cat_boundaries=0 1 2 3
cat_threshold=6 2 1
is_linear=0
shrinkage=0.05


Tree=29
num_leaves=12
num_cat=3
split_feature=0 32 44 2 0 33 5 1 38 34 5
split_gain=74.7335 15.9361 32.0875 18.1401 27.7024 18.3703 16.7097 6.51495 8.27096 11.9323 9.09424
threshold=0 26.584821500000004 47.70000000000001 9.5000000000000018 1 31.950000000000003 0.99249573635719013 2 5.9175595000000003 24.950000000000003 0.24997576770840005
decision_type=1 2 2 2 1 2 2 1 2 2 2
left_child=1 2 6 4 -3 -5 -1 -2 10 -10 -9
right_child=7 3 -4 5 -6 -7 -8 8 9 -11 -12
leaf_value=-0.030469187460776453 -0.049707422891253371 0.022731283325580012 0.09664780994304438 -0.0031992754643406594 -0.0082414415579118421 0.067766317111785448 0.062281602019918725 -0.038985388393696474 -0.044467302901533341 0.0044330943215822906 0.058401940987001001
leaf_weight=57.686904075555503 53.59724575933069 152.85205044038594 5.1566874179989091 13.345756553113459 123.92421479523182 27.214118657633662 4.3663748688995829 3.1647094460204226 47.489336488768458 16.567126015201211 4.8624811982735991
leaf_count=926 4674 1623 51 156 1610 258 48 154 3793 609 139
internal_value=-0.00194121 0.00915135 -0.0125918 0.014069 0.0094054 0.0449008 -0.0230585 -0.0337442 -0.0259743 -0.0319463 0.0199417
internal_weight=510.227 384.546 67.21 317.336 276.776 40.5599 62.0533 125.681 72.0837 64.0565 8.02719
internal_count=14041 4672 1025 3647 3233 414 974 9369 4695 4402 293
cat_boundaries=0 1 2 3
cat_threshold=6 2 1
is_linear=0
shrinkage=0.05


Tree=30
num_leaves=12
num_cat=3
split_feature=0 1 44 5 43 33 0 38 4 5 44
split_gain=76.935 18.8438 16.8644 15.7729 15.2836 16.0581 13.012 10.4042 6.76384 7.63765 1.7254
threshold=0 1 40.500000000000007 0.3484035575467645 36.250000000000007 31.250000000000004 2 5.9175595000000003 -0.8781231054254196 0.24997576770840005 44.800000000000004
decision_type=1 1 2 2 2 2 1 2 2 2 2
left_child=1 2 3 -1 5 -3 -4 8 9 -2 -6
right_child=7 4 6 -5 10 -7 -8 -9 -10 -11 -12
leaf_value=-0.049954910664637781 -0.033720543543432145 -0.019614472007198142 0.030252720336193275 -8.8099436021478361e-05 -0.050151835729357636 0.021321210719572947 -0.014078710097171624 -0.049620599595561005 -0.04032955781683522 0.072248604603630917 0.0036566745169432369
leaf_weight=31.16279555670917 1.8987915925681589 25.494658678770065 27.078879658132792 31.28550904802978 8.5441799163818324 271.1612748708576 22.752998881973326 80.381435431540012 3.8641410861164314 3.801227979362011 1.6112755965441472
leaf_count=1397 76 338 355 1030 113 3020 692 6618 277 77 22
internal_value=-0.000203817 0.0090243 -0.00823395 -0.0253676 0.0156395 0.0177491 0.0133143 -0.039479 0.00501361 0.037184 -0.042052
internal_weight=509.037 419.092 112.28 62.4483 306.811 296.656 49.8319 89.9456 9.56416 5.70002 10.1555
internal_count=14015 6967 3474 2427 3493 3358 1047 7048 430 153 135
cat_boundaries=0 1 2 3
cat_threshold=38 1 2
is_linear=0
shrinkage=0.05


Tree=31
num_leaves=12
num_cat=2
split_feature=0 34 8 4 4 44 38 39 4 1 30
split_gain=64.1936 20.1428 19.4213 18.4108 15.4996 14.6587 14.5926 10.5508 8.92238 9.65061 3.37474
threshold=0 22.550000000000004 30.950000000000003 0.88220160189607266 -0.43733984355855576 45.550000000000004 5.9175595000000003 16.350000000000005 -0.8781231054254196 1 0.75000000000000011
decision_type=1 2 2 2 2 2 2 2 2 1 2
left_child=1 4 5 -4 7 -3 8 -1 9 -2 -6
right_child=6 2 3 -5 10 -7 -8 -9 -10 -11 -12
leaf_value=0.058213188929156827 -0.033260685021081322 -0.018418261653066561 0.025924629688157709 -0.0048023766209774723 -0.041779257227056443 0.027040664089504503 -0.049514153861805674 -0.039722525014990018 -0.039868177674828746 0.087614334406697414 -0.011546365600594487
leaf_weight=8.2541807098314148 1.8250964554026723 73.009127410128713 203.62432222533971 63.627962481230497 31.613982819952071 22.369589831680059 76.082467256113887 3.0963357435539356 3.6690537733957154 3.9776590820401907 14.237816053442655
leaf_count=127 73 1262 2928 1047 855 318 6580 100 274 75 396
internal_value=-0.00110577 0.00719703 0.0117241 0.0186185 -0.019974 -0.00758664 -0.0379131 0.030444 0.0148974 0.0502957 -0.0328382
internal_weight=505.388 419.833 362.631 267.252 57.2023 95.3787 85.5543 11.3505 9.47181 5.80276 45.8518
internal_count=14035 7033 5555 3975 1478 1580 7002 227 422 148 1251
cat_boundaries=0 1 2
cat_threshold=38 1
is_linear=0
shrinkage=0.05


Tree=32
num_leaves=12
num_cat=3
split_feature=0 1 39 4 34 2 4 31 4 5 1
split_gain=66.8203 19.1507 16.0882 15.8628 16.2505 11.3997 9.78943 9.70757 7.40054 13.8564 9.52932
threshold=0 1 21.950000000000003 0.97875492728876534 25.850000000000005 7.5000000000000009 -0.814291907305839 42.300000000000004 -0.8781231054254196 0.26659387353423863 2
decision_type=1 1 2 2 2 2 2 2 2 2 1
left_child=1 2 6 4 -3 -4 -1 -5 9 -2 -11
right_child=8 3 5 7 -6 -7 -8 -9 -10 10 -12
leaf_value=0.0091966531554838731 -0.045898237045401552 0.014733300447236058 0.015822459339948559 -0.051232364009624679 0.072359220068994354 -0.045754719872506351 -0.04157556683756139 0.044089505796621818 -0.050070660575995088 -0.03333905990364102 0.087406280306219969
leaf_weight=12.011879809200762 9.2279713647440058 283.35439091920853 55.363708907738328 12.651771831326185 11.882059404626487 7.6931555271148673 39.199990310706198 2.5048027262091628 67.658723182976246 1.8626155508682123 3.6295353518798947
leaf_count=441 730 3142 997 220 110 303 1788 33 6085 110 105
internal_value=-0.000155312 0.00807763 -0.00917519 0.0146976 0.0172889 0.00771283 -0.0297188 -0.0337254 -0.0385314 -0.0101928 0.0476288
internal_weight=507.041 424.662 114.269 310.393 295.236 63.0569 51.2119 15.1566 82.3788 14.7201 5.49215
internal_count=14064 7034 3529 3505 3252 1300 2229 253 7030 945 215
cat_boundaries=0 1 2 3
cat_threshold=38 1 1
is_linear=0
shrinkage=0.05


Tree=33
num_leaves=12
num_cat=2
split_feature=0 32 34 0 35 39 5 4 5 32 27
split_gain=60.7807 18.9108 30.3636 22.9658 31.5236 27.3173 14.387 8.83611 13.1178 7.99153 3.55607
threshold=0 26.711607000000004 24.150000000000002 1 75.907738500000008 29.850000000000005 0.99249573635719013 -0.8781231054254196 0.24997576770840005 26.643750000000001 51.350000000000001
decision_type=1 2 2 1 2 2 2 2 2 2 2
left_child=1 2 6 5 -5 -3 -1 8 -2 -10 -4
right_child=7 3 10 4 -6 -7 -8 -9 9 -11 -12
leaf_value=-0.026119518859245485 -0.045261554939791122 0.023717943292810049 0.12932065776210372 -0.028302575567757272 0.016063775563502112 0.17704907336296938 0.053389575356160041 -0.049997404117869598 -0.013748140813008559 0.089557085651666479 0.027546101415462994
leaf_weight=76.884753946214914 8.2442245464771968 171.60620744712651 2.7305904850363723 63.782515376806259 103.82228405494243 1.9852067679166783 5.2143380185589185 64.58114552590996 2.9589369753375641 3.2009030254557729 1.9892075192183254
leaf_count=1635 694 1747 31 1518 1993 14 77 6085 172 59 29
internal_value=-7.97804e-05 0.00759649 -0.0129556 0.0130706 -0.000837998 0.0250412 -0.020488 -0.0375117 -0.00627207 0.0449441 0.0987418
internal_weight=507 428.015 86.8189 341.196 167.605 173.591 82.0991 78.9852 14.4041 6.15984 4.7198
internal_count=14054 7044 1772 5272 3511 1761 1712 7010 925 231 60
cat_boundaries=0 1 2
cat_threshold=38 2
is_linear=0
shrinkage=0.05


Tree=34
num_leaves=12
num_cat=3
split_feature=0 38 39 4 43 43 1 43 0 7 26
split_gain=56.5291 15.2087 15.2812 11.9999 9.74583 11.0855 7.96636 11.003 16.3263 8.32699 4.70899
threshold=0 5.8788690000000008 29.150000000000002 0.93544191479114935 26.650000000000002 17.600000000000005 1 18.150000000000002 2 31.045833500000004 17.950000000000003
decision_type=1 2 2 2 2 2 1 2 1 2 2
left_child=1 4 3 -3 5 -1 -2 9 -9 -8 -6
right_child=6 2 -4 -5 10 -7 7 8 -10 -11 -12
leaf_value=0.02076437316106558 -0.049412785409380003 0.0080671471292586214 0.08041690307595073 -0.020208694520143788 -0.032897756136425808 0.091739231294104273 -0.047488788183321085 0.027055291848285781 -0.028957858661326486 0.038453244413497151 0.033889796369108903
leaf_weight=11.307650301605468 43.914805843494833 321.0094535574317 5.8101864568889132 41.507369978353381 4.8467681985348445 11.319100037217138 31.21183364558965 16.40020945481956 13.777555070817472 2.3502939688041797 3.8169635012745857
leaf_count=90 4647 3831 47 565 55 78 2901 864 851 98 37
internal_value=9.15215e-05 0.00887186 0.00619054 0.00478294 0.0420126 0.0586499 -0.03031 -0.0212706 0.000763869 -0.040532 -0.00301122
internal_weight=507.272 399.617 368.327 362.517 31.2905 22.6268 107.655 63.7399 30.1778 33.5621 8.66373
internal_count=14064 4703 4443 4396 260 168 9361 4714 1715 2999 92
cat_boundaries=0 1 2 3
cat_threshold=6 1 33
is_linear=0
shrinkage=0.05


Tree=35
num_leaves=10
num_cat=2
split_feature=0 39 4 33 38 37 32 1 6
split_gain=48.4022 16.6055 21.6492 28.805 12.4527 7.43764 6.25664 7.36048 1.15471
threshold=0 29.150000000000002 0.91248814248966259 34.550000000000004 5.9175595000000003 48.500000000000007 26.854762000000004 1 2.5000000000000004
decision_type=1 2 2 2 2 2 2 1 2
left_child=1 2 3 -1 6 -4 7 -2 -3
right_child=4 8 5 -5 -6 -7 -8 -9 -10
leaf_value=0.0015700946977109912 -0.032948152503204611 0.090861067149405728 -0.032777626661798849 0.038199381982162876 -0.049151969132574247 0.025103684076328975 -0.03834149858704082 0.071503510839831294 0.02955640637757664
leaf_weight=306.03131120279431 1.7901250040158612 4.6591187156736842 46.257455613464117 64.112420680932701 63.650434342678636 5.5484437113627783 3.067639865912497 4.1928345281630754 2.4366988446563482
leaf_count=5045 88 50 869 942 6577 106 240 89 28
internal_value=-0.00169824 0.00500061 0.00374684 0.00800047 -0.0364903 -0.0262205 0.0122796 0.0400083 0.0760603
internal_weight=501.746 429.045 421.95 370.144 72.701 51.8059 9.0506 5.98296 7.09582
internal_count=14034 7040 6962 5987 6994 975 417 177 78
cat_boundaries=0 1 2
cat_threshold=38 1
is_linear=0
shrinkage=0.05


Tree=36
num_leaves=10
num_cat=2
split_feature=0 39 4 8 39 1 43 30 7
split_gain=50.8694 12.6754 11.4229 12.4993 10.0213 6.5998 7.86196 8.23132 6.78406
threshold=0 29.850000000000005 0.97875492728876534 30.850000000000005 25.100000000000005 1 18.150000000000002 20.350000000000005 31.225000000000005
decision_type=1 2 2 2 2 1 2 2 2
left_child=1 2 3 -1 -4 -2 8 -8 -7
right_child=5 -3 4 -5 -6 6 7 -9 -10
leaf_value=-0.0075466248727245628 -0.049294266705220559 0.089201747554906091 -0.050789988014344603 0.013601184354930729 0.025975486601411649 -0.045625805388499946 0.019027889431377145 -0.03303779409472056 0.040114307073226531
leaf_weight=92.067568318918347 40.956583975814283 3.687143236398696 14.238899569027128 281.87124637980014 5.1809696070849887 29.330015398561958 16.542390482034538 12.396520148497073 1.7425919659435738
leaf_count=1165 4704 26 261 3159 63 2901 923 777 71
internal_value=-0.00100422 0.00722887 0.00641956 0.00838814 -0.0300408 -0.0308198 -0.0226615 -0.00363396 -0.0397166
internal_weight=498.014 397.046 393.359 373.939 19.4199 100.968 60.0115 28.9389 31.0726
internal_count=14050 4674 4648 4324 324 9376 4672 1700 2972
cat_boundaries=0 1 2
cat_threshold=6 1
is_linear=0
shrinkage=0.05


Tree=37
num_leaves=12
num_cat=1
split_feature=0 30 43 20 38 5 4 36 36 10 39
split_gain=46.5691 16.4833 14.9122 14.337 13.6909 5.91024 5.42884 3.37159 5.03388 4.12421 1.91389
threshold=0 0.15000000000000005 36.250000000000007 30.850000000000005 5.8008925000000007 0.24997576770840005 -0.8781231054254196 97.500000000000014 99.500000000000014 67.604166500000005 24.050000000000004
decision_type=1 2 2 2 2 2 2 2 2 2 2
left_child=1 7 3 -3 5 -2 -7 9 -9 -1 -4
right_child=4 2 10 -5 -6 6 -8 8 -10 -11 -12
leaf_value=-0.042867254374701305 -0.036524374471979676 -0.021267807373565553 -0.050234314825808063 0.014080810970648087 -0.049005477544561839 0.068271893261025257 -0.02892623057332034 0.024702136809314133 -0.042015223435396376 0.001591642035379964 0.0058422765796319149
leaf_weight=22.028769714757804 2.5192650202661735 30.361485528293997 10.519990064203737 349.39385220827535 59.475582344457507 4.3043891284614801 1.3286740612238643 6.7585687530226988 3.4482947648502886 6.6535258311778298 1.5283100884407748
leaf_count=479 180 615 239 5329 6648 67 106 125 91 112 25
internal_value=-0.000129621 0.00618681 0.00942688 0.0112063 -0.0355776 0.0181639 0.0444411 -0.0243234 0.000424483 -0.0328478 -0.0432185
internal_weight=498.321 430.693 391.804 379.755 67.6279 8.15233 5.63306 38.8892 10.2069 28.6823 12.0483
internal_count=14016 7015 6208 5944 7001 353 173 807 216 591 264
cat_boundaries=0 1
cat_threshold=38
is_linear=0
shrinkage=0.05


end of trees

feature_importances:
gender=54
day_of_year_sin=53
age_group=51
day_of_year_cos=40
wind_speed_max_7d=39
temperature_min_7d=37
wind_speed_mean_7d=37
rain_max_daily_7d=29
humidity_mean_7d=25
temperature_min_3d=16
wind_gust_max_7d=15
humidity_max_7d=14
month=11
temperature_max_7d=11
humidity_min_7d=9
wind_speed_max_3d=7
temperature_mean_7d=7
temperature_max_3d=6
temperature_mean_current=4
temperature_max_current=4
rain_max_daily_3d=3
temperature_min_current=2
wind_gust_max_3d=2
season=1
weather_code_current=1
humidity_mean_current=1
humidity_min_current=1
wind_speed_mean_current=1
humidity_mean_3d=1
humidity_max_3d=1
precipitation_sum_3d=1
rain_days_7d=1

parameters:
[boosting: gbdt]
[objective: binary]
[metric: binary_logloss]
[tree_learner: serial]
[device_type: cpu]
[data_sample_strategy: bagging]
[data: ]
[valid: ]
[num_iterations: 38]
[learning_rate: 0.05]
[num_leaves: 15]
[num_threads: 8]
[seed: 42]
[deterministic: 0]
[force_col_wise: 0]
[force_row_wise: 0]
[histogram_pool_size: -1]
[max_depth: 4]
[min_data_in_leaf: 20]
[min_sum_hessian_in_leaf: 0.001]
[bagging_fraction: 0.9]
[pos_bagging_fraction: 1]
[neg_bagging_fraction: 1]
[bagging_freq: 1]
[bagging_seed: 400]
[bagging_by_query: 0]
[feature_fraction: 0.9]
[feature_fraction_bynode: 1]
[feature_fraction_seed: 30056]
[extra_trees: 0]
[extra_seed: 12879]
[early_stopping_round: 0]
[early_stopping_min_delta: 0]
[first_metric_only: 0]
[max_delta_step: 0]
[lambda_l1: 0]
[lambda_l2: 1]
[linear_lambda: 0]
[min_gain_to_split: 0]
[drop_rate: 0.1]
[max_drop: 50]
[skip_drop: 0.5]
[xgboost_dart_mode: 0]
[uniform_drop: 0]
[drop_seed: 17869]
[top_rate: 0.2]
[other_rate: 0.1]
[min_data_per_group: 100]
[max_cat_threshold: 32]
[cat_l2: 10]
[cat_smooth: 10]
[max_cat_to_onehot: 4]
[top_k: 20]
[monotone_constraints: ]
[monotone_constraints_method: basic]
[monotone_penalty: 0]
[feature_contri: ]
[forcedsplits_filename: ]
[refit_decay_rate: 0.9]
[cegb_tradeoff: 1]
[cegb_penalty_split: 0]
[cegb_penalty_feature_lazy: ]
[cegb_penalty_feature_coupled: ]
[path_smooth: 0]
[interaction_constraints: ]
[verbosity: -1]
[saved_feature_importance_type: 0]
[use_quantized_grad: 0]
[num_grad_quant_bins: 4]
[quant_train_renew_leaf: 0]
[stochastic_rounding: 1]
[linear_tree: 0]
[max_bin: 255]
[max_bin_by_feature: ]
[min_data_in_bin: 3]
[bin_construct_sample_cnt: 200000]
[data_random_seed: 175]
[is_enable_sparse: 1]
[enable_bundle: 1]
[use_missing: 1]
[zero_as_missing: 0]
[feature_pre_filter: 1]
[pre_partition: 0]
[two_round: 0]
[header: 0]
[label_column: ]
[weight_column: ]
[group_column: ]
[ignore_column: ]
[categorical_feature: 0,1,3]
[forcedbins_filename: ]
[precise_float_parser: 0]
[parser_config_file: ]
[objective_seed: 16083]
[num_class: 1]
[is_unbalance: 0]
[scale_pos_weight: 1]
[sigmoid: 1]
[boost_from_average: 1]
[reg_sqrt: 0]
[alpha: 0.9]
[fair_c: 1]
[poisson_max_delta_step: 0.7]
[tweedie_variance_power: 1.5]
[lambdarank_truncation_level: 30]
[lambdarank_norm: 1]
[label_gain: ]
[lambdarank_position_bias_regularization: 0]
[eval_at: ]
[multi_error_top_k: 1]
[auc_mu_weights: ]
[num_machines: 1]
[local_listen_port: 12400]
[time_out: 120]
[machine_list_filename: ]
[machines: ]
[gpu_platform_id: -1]
[gpu_device_id: -1]
[gpu_device_id_list: ]
[gpu_use_dp: 0]
[num_gpu: 1]

end of parameters

pandas_categorical:[]
