tree
version=v4
num_class=1
num_tree_per_iteration=1
label_index=0
max_feature_idx=44
objective=binary sigmoid:1
feature_names=age_group gender month season day_of_year_sin day_of_year_cos weather_code_current temperature_mean_current temperature_max_current temperature_min_current humidity_mean_current humidity_max_current humidity_min_current wind_speed_mean_current wind_speed_max_current precipitation_sum_current rain_sum_current wind_gust_max_current rain_day_current temperature_mean_3d temperature_max_3d temperature_min_3d humidity_mean_3d humidity_max_3d humidity_min_3d wind_speed_mean_3d wind_speed_max_3d precipitation_sum_3d rain_sum_3d rain_days_3d rain_max_daily_3d wind_gust_max_3d temperature_mean_7d temperature_max_7d temperature_min_7d humidity_mean_7d humidity_max_7d humidity_min_7d wind_speed_mean_7d wind_speed_max_7d precipitation_sum_7d rain_sum_7d rain_days_7d rain_max_daily_7d wind_gust_max_7d
feature_infos=-1:0:1:2:3:4:5 -1:0:1 [1:12] -1:1:0 [-0.99999942202469239:0.99998555065071859] [-0.99997919295908244:0.9999907524084426] [0:61] [23.658332999999999:32.533332999999999] [25.899999999999999:39.200000000000003] [17.899999999999999:29.300000000000001] [48.958333000000003:91.625] [63:100] [23:86] [2.8541669999999999:19.695833] [6.4000000000000004:30.100000000000001] [0:63.100000000000001] [0:63.100000000000001] [14:56.899999999999999] [0:1] [23.766667000000002:32.427778000000004] [27.699999999999999:39.200000000000003] [17.899999999999999:28.100000000000001] [52.569443999999997:90.694444000000004] [73:100] [23:79] [4.125:17.329167000000002] [9.6999999999999993:30.100000000000001] [0:93.900000000000006] [0:93.900000000000006] [0:3] [0:63.100000000000001] [17.300000000000001:56.899999999999999] [24.365476000000001:32.235118999999997] [28.699999999999999:39.200000000000003] [17.899999999999999:27.5] [55.767856999999999:89.523809999999997] [77:100] [23:72] [4.5327380000000002:15.469643] [11.6:30.100000000000001] [0:163.90000000000001] [0:163.90000000000001] [0:7] [0:63.100000000000001] [23:56.899999999999999]
tree_sizes=965 680 683 782 679 683 698 682 681 686 685 804 699 789 681 800 787 804 787 1017 692 682 906 699 683 908 698 700 686 1114 805 687 802 1326 806 1118 1086 785 909 704 807 701 997 806 806 688 704 705 1096 999 703 1213

Tree=0
num_leaves=8
num_cat=2
split_feature=0 33 1 5 4 38 4
split_gain=138.881 291.235 413.409 395.671 65.9074 72.577 2.26148
threshold=0 34.750000000000007 1 -0.013976481981245098 -0.76141707087277943 6.6130950000000004 0.9893236546938301
decision_type=1 2 1 2 2 2 2
left_child=1 4 -3 -4 5 -1 -6
right_child=-2 2 3 -5 6 -7 -8
leaf_value=-4.7235524409550225 -5.1068416748907897 -5.1035856788517835 -5.0931228513095164 -4.0816257685899631 -5.1119546410052576 -5.0630214836616201 -5.0289905878567822
leaf_weight=1.6842112177982986 58.142713929992169 3.4682275447994462 1.31617987761274 2.1458098478615284 16.399227005895231 3.830021065659821 0.16842112177982826
leaf_count=270 9321 556 211 344 2629 614 27
internal_value=-5.0638 -4.9898 -4.70498 -4.3864 -5.05851 -4.92291 -5.10914
internal_weight=87.1548 29.0121 6.93022 3.46199 22.0819 5.51423 16.5676
internal_count=13972 4651 1111 555 3540 884 2656
cat_boundaries=0 1 2
cat_threshold=3 1
is_linear=0
shrinkage=1


Tree=1
num_leaves=5
num_cat=2
split_feature=0 1 5 21
split_gain=126.464 191.718 250.678 209.661
threshold=0 1 -0.14250536273956088 23.650000000000002
decision_type=1 1 2 2
left_child=1 2 -1 -4
right_child=-2 -3 3 -5
leaf_value=-0.043851011881332003 -0.041984960455069803 -0.047016103279437199 0.11237625003234382 0.55287728667829739
leaf_weight=6.7898593856953093 55.523651976604015 14.252147465012966 6.3702432042919099 4.7171617401763797
leaf_count=1117 9281 2315 798 414
internal_value=0.00155039 0.0679453 0.193224 0.330024
internal_weight=87.6531 32.1294 17.8773 11.0874
internal_count=13925 4644 2329 1212
cat_boundaries=0 1 2
cat_threshold=3 2
is_linear=0
shrinkage=0.05


Tree=2
num_leaves=5
num_cat=2
split_feature=0 1 5 34
split_gain=101.193 128.125 143.181 114.729
threshold=0 1 -0.12545862287572043 22.550000000000004
decision_type=1 1 2 2
left_child=1 -1 -3 -4
right_child=-2 2 3 -5
leaf_value=-0.046913826025535593 -0.041753487866168164 -0.043804855250556912 0.0055039952235053959 0.30781515046192465
leaf_weight=13.851112642325461 53.800875224173069 6.7419700515456524 4.3574515925720325 10.567885478492824
leaf_count=2355 9374 1147 489 706
internal_value=-0.00167476 0.0549116 0.143428 0.225443
internal_weight=89.3193 35.5184 21.6673 14.9253
internal_count=14071 4697 2342 1195
cat_boundaries=0 1 2
cat_threshold=3 1
is_linear=0
shrinkage=0.05


Tree=3
num_leaves=6
num_cat=2
split_feature=0 1 33 33 4
split_gain=89.7393 96.7449 63.9274 96.5419 58.5427
threshold=0 1 34.750000000000007 36.750000000000007 -0.76141707087277943
decision_type=1 1 2 2 2
left_child=1 -1 4 -4 -3
right_child=-2 2 3 -5 -6
leaf_value=-0.04672701217565927 -0.041454874226258577 0.16380447771356371 0.27247307788109598 -0.038690716954470877 -0.040030936059129656
leaf_weight=13.126761717256159 51.680194281041622 4.5982475448399773 8.8799515012651664 3.0304126590490332 8.7256438829936105
leaf_count=2340 9384 435 375 190 1356
internal_value=-0.0021389 0.0486957 0.116785 0.196438 0.0368399
internal_weight=90.0412 38.361 25.2343 11.9104 13.3239
internal_count=14080 4696 2356 565 1791
cat_boundaries=0 1 2
cat_threshold=3 1
is_linear=0
shrinkage=0.05


Tree=4
num_leaves=5
num_cat=2
split_feature=0 1 5 44
split_gain=84.031 81.8478 75.8122 62.1208
threshold=0 1 -0.14250536273956088 44.45000000000001
decision_type=1 1 2 2
left_child=1 -1 -3 -4
right_child=-2 2 3 -5
leaf_value=-0.046595001670351126 -0.041120987468945311 -0.043492484987715213 0.18055451328558436 -0.040040524074705763
leaf_weight=12.662671661935747 49.455896323546767 6.392429600935432 18.401408690493557 3.4337133113294831
leaf_count=2357 9356 1121 1104 128
internal_value=-0.0012989 0.0456224 0.102779 0.14563
internal_weight=90.3461 40.8902 28.2276 21.8351
internal_count=14066 4710 2353 1232
cat_boundaries=0 1 2
cat_threshold=3 1
is_linear=0
shrinkage=0.05


Tree=5
num_leaves=5
num_cat=2
split_feature=0 1 5 5
split_gain=67.6585 59.1628 51.9255 48.8944
threshold=0 1 -0.14250536273956088 0.83730377313544024
decision_type=1 1 2 2
left_child=1 2 -1 -4
right_child=-2 -3 3 -5
leaf_value=-0.043291768667785654 -0.040790692136041203 -0.046394131430394281 0.14162321655677482 -0.04053234635230879
leaf_weight=6.1921287304721799 47.402594117447734 11.995012952480463 20.969043220393363 3.9644138976000241
leaf_count=1135 9340 2340 837 389
internal_value=-0.00422218 0.0368779 0.0808934 0.112214
internal_weight=90.5232 43.1206 31.1256 24.9335
internal_count=14041 4701 2361 1226
cat_boundaries=0 1 2
cat_threshold=3 2
is_linear=0
shrinkage=0.05


Tree=6
num_leaves=5
num_cat=1
split_feature=1 5 5 44
split_gain=44.1076 49.6487 38.7001 32.6693
threshold=0 -0.14250536273956088 0.83730377313544024 44.45000000000001
decision_type=1 2 2 2
left_child=-1 -2 3 -3
right_child=1 2 -4 -5
leaf_value=-0.048823879370970831 -0.047454965109556553 0.096483867223840558 -0.044580933381035387 -0.041997470921591222
leaf_weight=34.300266378559172 16.948741980828345 27.346088179387156 7.5559298098087302 4.4270928679034105
leaf_count=7029 3395 2155 1162 342
internal_value=-0.00491021 0.0222394 0.052706 0.076496
internal_weight=90.5781 56.2779 39.3291 31.7732
internal_count=14083 7054 3659 2497
cat_boundaries=0 1
cat_threshold=1
is_linear=0
shrinkage=0.05


Tree=7
num_leaves=5
num_cat=2
split_feature=0 1 5 19
split_gain=65.8311 49.4764 39.4461 36.6618
threshold=0 1 -0.14250536273956088 26.452778000000006
decision_type=1 1 2 2
left_child=1 -1 -3 -4
right_child=-2 2 3 -5
leaf_value=-0.046001213964140503 -0.040311492619702662 -0.042656046044055103 -0.04027524779981953 0.11695290286630347
leaf_weight=10.858475565444678 44.657755244988948 5.6103360643610349 3.8102989764884141 25.288325211964548
leaf_count=2331 9385 1123 303 904
internal_value=-0.00208673 0.036298 0.0727769 0.0957107
internal_weight=90.2252 45.5674 34.709 29.0986
internal_count=14046 4661 2330 1207
cat_boundaries=0 1 2
cat_threshold=3 1
is_linear=0
shrinkage=0.05


Tree=8
num_leaves=5
num_cat=2
split_feature=0 1 5 27
split_gain=54.7888 38.5912 29.862 32.3815
threshold=0 1 -0.14250536273956088 0.8500000000000002
decision_type=1 1 2 2
left_child=1 2 -1 -4
right_child=-2 -3 3 -5
leaf_value=-0.042433261134905538 -0.039988662979754147 -0.04581500209541714 0.015656322007111183 0.11889122222637705
leaf_weight=5.4301116825081399 42.945183252450079 10.38361308025196 12.976531083229931 18.566020236816257
leaf_count=1136 9394 2331 503 707
internal_value=-0.00445269 0.0299995 0.0598377 0.0782068
internal_weight=90.3015 47.3563 36.9727 31.5426
internal_count=14071 4677 2346 1210
cat_boundaries=0 1 2
cat_threshold=3 2
is_linear=0
shrinkage=0.05


Tree=9
num_leaves=5
num_cat=2
split_feature=0 1 5 5
split_gain=57.6764 37.8862 28.4122 29.8662
threshold=0 1 -0.14250536273956088 0.83730377313544024
decision_type=1 1 2 2
left_child=1 -1 -3 -4
right_child=-2 2 3 -5
leaf_value=-0.045608951728284733 -0.039646123340560141 -0.042160179347375343 0.093718885818961845 -0.040971008252578212
leaf_weight=9.8980444842018187 41.234687797259539 5.2198951113969079 30.043803544715047 4.1678957655094555
leaf_count=2327 9383 1140 822 391
internal_value=-0.00144736 0.0321298 0.0602357 0.0766125
internal_weight=90.5643 49.3296 39.4316 34.2117
internal_count=14063 4680 2353 1213
cat_boundaries=0 1 2
cat_threshold=3 1
is_linear=0
shrinkage=0.05


Tree=10
num_leaves=5
num_cat=2
split_feature=0 1 44 19
split_gain=54.1284 33.86 26.6429 28.7291
threshold=0 1 44.100000000000001 26.468750000000004
decision_type=1 1 2 2
left_child=1 2 3 -1
right_child=-2 -3 -4 -5
leaf_value=-0.041605876517205931 -0.039260317725087791 -0.045452751049803369 -0.043627900332195296 0.086217841380873128
leaf_weight=4.4537220536731175 39.427357409149408 9.5595266493037325 5.2715592505410305 32.427651311736554
leaf_count=365 9331 2349 359 1640
internal_value=-0.000848879 0.0303222 0.0551883 0.0700913
internal_weight=91.1398 51.7125 42.1529 36.8814
internal_count=14044 4713 2364 2005
cat_boundaries=0 1 2
cat_threshold=3 2
is_linear=0
shrinkage=0.05


Tree=11
num_leaves=6
num_cat=1
split_feature=0 5 32 43 5
split_gain=43.3784 29.1577 24.7766 29.9261 7.17743
threshold=0 -0.12545862287572043 26.700297500000001 0.65000000000000002 -0.08269194106225343
decision_type=1 2 2 2 2
left_child=1 -1 4 -4 -3
right_child=-2 2 3 -5 -6
leaf_value=-0.04563111315838686 -0.038956707250587544 0.077747026620540463 -0.0065201839760355889 0.096231114745416124 -0.040097868850384445
leaf_weight=9.8597894879057986 38.09524955926463 0.55875625275075336 9.8728122774045897 23.061171194538474 8.2800850053317827
leaf_count=2267 9375 32 518 991 851
internal_value=-0.00456878 0.0239184 0.0466094 0.0661443 -0.0255033
internal_weight=89.7279 51.6326 41.7728 32.934 8.83884
internal_count=14034 4659 2392 1509 883
cat_boundaries=0 1
cat_threshold=3
is_linear=0
shrinkage=0.05


Tree=12
num_leaves=5
num_cat=1
split_feature=0 5 5 38
split_gain=43.6906 26.6742 24.1811 24.647
threshold=0 -0.14250536273956088 0.82777578779003613 11.524702500000002
decision_type=1 2 2 2
left_child=1 -1 3 -3
right_child=-2 2 -4 -5
leaf_value=-0.045267244590016235 -0.038550215304135577 0.077430359804447429 -0.043473881429034578 -0.022471183700722805
leaf_weight=9.1576087130233628 36.407605322543532 31.881157964002341 5.9691649056039742 7.1249381548259398
leaf_count=2258 9314 1374 793 250
internal_value=-0.00247906 0.024575 0.0448164 0.0590766
internal_weight=90.5405 54.1329 44.9753 39.0061
internal_count=13989 4675 2417 1624
cat_boundaries=0 1
cat_threshold=3
is_linear=0
shrinkage=0.05


Tree=13
num_leaves=6
num_cat=2
split_feature=0 1 43 5 34
split_gain=35.0571 21.5024 18.543 21.8398 3.02297
threshold=0 1 0.8500000000000002 -0.14250536273956088 23.450000000000003
decision_type=1 1 2 2 2
left_child=1 -1 4 -4 -3
right_child=-2 2 3 -5 -6
leaf_value=-0.045202755848033127 -0.038280511958050795 -0.038944628568992702 -0.041302482830878985 0.068233942428791786 0.010996584814010536
leaf_weight=9.0449899442028254 35.356661578873172 6.5740659842267615 4.6316775158047667 30.569309571757913 4.4556457754224539
leaf_count=2342 9395 286 1093 847 123
internal_value=-0.00591601 0.0185959 0.0357081 0.0530786 -0.0195329
internal_weight=90.6324 55.2757 46.2307 35.201 11.0297
internal_count=14086 4691 2349 1940 409
cat_boundaries=0 1 2
cat_threshold=3 1
is_linear=0
shrinkage=0.05


Tree=14
num_leaves=5
num_cat=2
split_feature=0 1 44 44
split_gain=38.615 22.6689 17.5696 27.2442
threshold=0 1 44.100000000000001 40.850000000000009
decision_type=1 1 2 2
left_child=1 -1 3 -3
right_child=-2 2 -4 -5
leaf_value=-0.045009167339339649 -0.037875121739800913 0.02594720460540216 -0.04333609106002425 0.11799356259033023
leaf_weight=8.6855855875182897 33.850428713019937 33.159405723214149 4.9902846168261012 10.001364993397145
leaf_count=2355 9345 1680 349 323
internal_value=-0.00228843 0.0219483 0.0391616 0.0494654
internal_weight=90.6871 56.8366 48.1511 43.1608
internal_count=14052 4707 2352 2003
cat_boundaries=0 1 2
cat_threshold=3 1
is_linear=0
shrinkage=0.05


Tree=15
num_leaves=6
num_cat=1
split_feature=0 5 32 35 5
split_gain=33.6057 18.9031 21.0457 23.7258 9.30021
threshold=0 -0.14250536273956088 26.765178500000001 86.961309500000013 -0.08269194106225343
decision_type=1 2 2 2 2
left_child=1 -1 4 -4 -3
right_child=-2 2 3 -5 -6
leaf_value=-0.044769869127382109 -0.037608388397519898 0.073536592239372006 0.036680876254159819 0.17516528129965803 -0.046150877701131118
leaf_weight=8.2540368761401606 32.9168298128061 1.0076578950975097 36.891802008496597 2.5169459194876245 9.1452341838739777
leaf_count=2233 9435 47 1436 74 869
internal_value=-0.00414866 0.0184707 0.0333331 0.0496415 -0.0287437
internal_weight=90.7325 57.8157 49.5616 39.4087 10.1529
internal_count=14094 4659 2426 1510 916
cat_boundaries=0 1
cat_threshold=3
is_linear=0
shrinkage=0.05


Tree=16
num_leaves=6
num_cat=2
split_feature=0 1 38 32 30
split_gain=29.8336 17.1836 13.3616 17.4478 2.4906
threshold=0 1 11.524702500000002 26.700297500000001 1.2500000000000002
decision_type=1 1 2 2 2
left_child=1 2 3 -1 -4
right_child=-2 -3 4 -5 -6
leaf_value=-0.023654545363843413 -0.037239401475515389 -0.044739025191959221 -0.045218011917104561 0.055270847038026198 0.013362472173738685
leaf_weight=8.0886618320364487 31.680243843933567 8.2170888194814307 5.3567954385653129 35.004235325148329 2.0080154798924923
leaf_count=565 9428 2353 147 1498 140
internal_value=-0.00518856 0.0160085 0.0296894 0.0402558 -0.029558
internal_weight=90.355 58.6748 50.4577 43.0929 7.36481
internal_count=14131 4703 2350 2063 287
cat_boundaries=0 1 2
cat_threshold=3 2
is_linear=0
shrinkage=0.05


Tree=17
num_leaves=6
num_cat=1
split_feature=0 5 34 32 34
split_gain=29.8225 16.8273 18.9828 14.9127 2.84908
threshold=0 -0.14250536273956088 22.550000000000004 29.015774000000004 21.050000000000004
decision_type=1 2 2 2 2
left_child=1 -1 4 -4 -3
right_child=-2 2 3 -5 -6
leaf_value=-0.044576124913406054 -0.036803923455102458 0.0082708383564067643 0.061324412765339037 -0.006953138477189898 -0.045229924043307862
leaf_weight=7.9441260753665111 30.303609396796674 3.2182864188216609 31.457045340212062 10.360339124454184 6.9883066201582551
leaf_count=2250 9356 414 1196 259 577
internal_value=-0.00365756 0.016716 0.0298921 0.0446412 -0.0291277
internal_weight=90.2717 59.9681 52.024 41.8174 10.2066
internal_count=14052 4696 2446 1455 991
cat_boundaries=0 1
cat_threshold=3
is_linear=0
shrinkage=0.05


Tree=18
num_leaves=6
num_cat=2
split_feature=0 1 38 33 23
split_gain=28.0393 15.8952 15.3168 16.9254 1.71983
threshold=0 1 11.524702500000002 35.250000000000007 95.500000000000014
decision_type=1 1 2 2 2
left_child=1 -1 3 -3 -4
right_child=-2 2 4 -5 -6
leaf_value=-0.0444874926576872 -0.036457934562436969 0.011872909678734476 -0.046061404839612706 0.073119986242068627 0.0088565290665389689
leaf_weight=7.8172235975507647 29.273480411153287 26.228430745424703 5.8676284521352491 19.441799857653677 1.4364895205944774
leaf_count=2344 9373 1724 201 316 76
internal_value=-0.00370409 0.0157536 0.0282214 0.0389538 -0.0354949
internal_weight=90.0651 60.7916 52.9743 45.6702 7.30412
internal_count=14034 4661 2317 2040 277
cat_boundaries=0 1 2
cat_threshold=3 1
is_linear=0
shrinkage=0.05


Tree=19
num_leaves=8
num_cat=1
split_feature=1 5 34 38 34 20 14
split_gain=22.3713 18.1733 16.6875 14.0588 2.39886 1.39323 0.64356
threshold=0 -0.10837475778693634 22.550000000000004 11.524702500000002 21.050000000000004 30.450000000000003 12.250000000000002
decision_type=1 2 2 2 2 2 2
left_child=-1 5 4 -4 -3 6 -2
right_child=1 2 3 -5 -6 -7 -8
leaf_value=-0.047903351772658552 0.038543546422690977 0.0022281959396163393 0.047486414814075673 -0.027705806955570119 -0.045448389665160925 -0.046466838911778448 -0.014398977142044776
leaf_weight=21.268165194196627 0.12661873642355104 3.7096769572235626 37.555031321942806 6.727178467437624 7.4274885389022529 11.821475419215856 0.39941471209749579
leaf_count=7038 12 610 1773 308 845 3310 112
internal_value=-0.00438705 0.00976824 0.0220533 0.0357039 -0.0306926 -0.0428919 0.0152511
internal_weight=89.035 67.7669 55.4194 44.2822 11.1372 12.3475 0.526033
internal_count=14008 6970 3536 2081 1455 3434 124
cat_boundaries=0 1
cat_threshold=1
is_linear=0
shrinkage=0.05


Tree=20
num_leaves=5
num_cat=1
split_feature=0 5 19 35
split_gain=21.2 11.8037 12.1693 14.879
threshold=0 -0.14250536273956088 26.452778000000006 86.961309500000013
decision_type=1 2 2 2
left_child=1 -1 -3 -4
right_child=-2 2 3 -5
leaf_value=-0.044079809234717007 -0.035737132535715234 -0.043519987787032616 0.017763256172784979 0.10155673135525684
leaf_weight=7.235715808114036 27.278662474127486 5.7708574940916142 44.196162232430652 5.1455885567702344
leaf_count=2266 9337 623 1659 165
internal_value=-0.0066063 0.0104878 0.0201789 0.0283454
internal_weight=89.627 62.3483 55.1126 49.3418
internal_count=14050 4713 2447 1824
cat_boundaries=0 1
cat_threshold=3
is_linear=0
shrinkage=0.05


Tree=21
num_leaves=5
num_cat=2
split_feature=0 1 44 44
split_gain=25.4605 13.6652 12.4157 12.9838
threshold=0 1 44.100000000000001 40.850000000000009
decision_type=1 1 2 2
left_child=1 -1 3 -3
right_child=-2 2 -4 -5
leaf_value=-0.04397095318347273 -0.035442536817833929 0.017252421937034104 -0.04349657857194994 0.073471172044231606
leaf_weight=7.1003632475621998 26.521116171730682 38.203666082583368 5.0199371268972746 13.547044757055117
leaf_count=2359 9404 1687 362 327
internal_value=-0.00221818 0.0150541 0.0256757 0.0330829
internal_weight=90.3921 63.871 56.7706 51.7507
internal_count=14139 4735 2376 2014
cat_boundaries=0 1 2
cat_threshold=3 1
is_linear=0
shrinkage=0.05


Tree=22
num_leaves=7
num_cat=1
split_feature=0 4 33 5 39 21
split_gain=24.0992 14.6864 18.8927 18.4522 17.9868 7.72613
threshold=0 -0.99467753128998015 34.750000000000007 0.29958852271690523 17.650000000000002 23.750000000000004
decision_type=1 2 2 2 2 2
left_child=1 4 5 -4 -1 -3
right_child=-2 2 3 -5 -6 -7
leaf_value=0.18140717158745445 -0.035067797475475324 -0.047450434128075737 -0.0063496438025173151 0.064790449673089473 -0.028604790803162385 0.0069441589927566553
leaf_weight=1.7737496457993978 25.596993604907766 13.116081885294991 16.081565122585744 19.557580284541473 1.2343247784301636 11.727231852244584
leaf_count=44 9407 1502 694 428 77 1894
internal_value=-0.00224306 0.014516 0.0104426 0.0333925 0.109595 -0.0224984
internal_weight=89.0875 63.4905 60.4825 35.6391 3.00807 24.8433
internal_count=14046 4639 4518 1122 121 3396
cat_boundaries=0 1
cat_threshold=3
is_linear=0
shrinkage=0.05


Tree=23
num_leaves=5
num_cat=1
split_feature=0 5 5 38
split_gain=21.7727 11.8843 12.4326 13.0403
threshold=0 -0.14250536273956088 0.83730377313544024 11.524702500000002
decision_type=1 2 2 2
left_child=1 -1 3 -3
right_child=-2 2 -4 -5
leaf_value=-0.043718593636243572 -0.03466430467407005 0.040008100317541644 -0.043272504670530981 -0.029358998691848354
leaf_weight=6.7801044774241737 24.65017407387495 44.837847841437906 5.6067584960255763 7.2048368877731255
leaf_count=2226 9378 1412 776 257
internal_value=-0.00298419 0.0128196 0.0222868 0.0300324
internal_weight=89.0797 64.4295 57.6494 52.0427
internal_count=14049 4671 2445 1669
cat_boundaries=0 1
cat_threshold=3
is_linear=0
shrinkage=0.05


Tree=24
num_leaves=5
num_cat=2
split_feature=0 1 44 44
split_gain=21.3437 11.7336 10.056 11.4842
threshold=0 1 44.100000000000001 40.850000000000009
decision_type=1 1 2 2
left_child=1 -1 3 -3
right_child=-2 2 -4 -5
leaf_value=-0.043641696459339435 -0.034291663528884027 0.013478996631504534 -0.042679484995288203 0.064330774588606102
leaf_weight=6.6967748675961047 23.81825383240357 39.386501751141623 4.5933111174963406 14.898812503088264
leaf_count=2364 9374 1676 354 340
internal_value=-0.00222851 0.0129615 0.0221854 0.0283466
internal_weight=89.3937 65.5754 58.8786 54.2853
internal_count=14108 4734 2370 2016
cat_boundaries=0 1 2
cat_threshold=3 1
is_linear=0
shrinkage=0.05


Tree=25
num_leaves=7
num_cat=1
split_feature=0 4 39 33 5 21
split_gain=17.3217 10.6595 16.5472 13.3797 13.5224 7.32386
threshold=0 -0.99467753128998015 17.650000000000002 34.750000000000007 0.31595530242620651 23.750000000000004
decision_type=1 2 2 2 2 2
left_child=1 2 -1 5 -5 -3
right_child=-2 3 -4 4 -6 -7
leaf_value=0.14928899501216428 -0.033905565601307135 -0.047475890042842757 -0.031908319811304944 -0.0092112998907634951 0.050196779813438945 0.0053332746060130174
leaf_weight=2.1978236073628064 22.995802670251578 12.980847207363697 1.5906372419558463 16.919802415650338 20.304920605616644 12.034567544702439
leaf_count=43 9367 1503 88 717 409 1921
internal_value=-0.0049739 0.00915082 0.082435 0.00490412 0.0236594 -0.0228417
internal_weight=89.0244 66.0286 3.78846 62.2401 37.2247 25.0154
internal_count=14048 4681 131 4550 1126 3424
cat_boundaries=0 1
cat_threshold=3
is_linear=0
shrinkage=0.05


Tree=26
num_leaves=5
num_cat=1
split_feature=0 5 5 32
split_gain=18.6578 11.5083 12.2257 10.5891
threshold=0 -0.12545862287572043 0.82777578779003613 29.350893000000003
decision_type=1 2 2 2
left_child=1 -1 3 -3
right_child=-2 2 -4 -5
leaf_value=-0.043944566336903419 -0.033512716289131099 0.034272508519800675 -0.043689707436789023 -0.044086963793913241
leaf_weight=6.9270980757428324 22.19739706791006 49.693306040717289 5.7918162809219202 3.861444132635369
leaf_count=2280 9354 1501 809 122
internal_value=-0.00262163 0.0113619 0.0203214 0.027918
internal_weight=88.4711 66.2737 59.3466 53.5548
internal_count=14066 4712 2432 1623
cat_boundaries=0 1
cat_threshold=3
is_linear=0
shrinkage=0.05


Tree=27
num_leaves=5
num_cat=1
split_feature=1 5 5 4
split_gain=15.9555 11.8368 10.1514 10.7751
threshold=0 -0.14250536273956088 0.83730377313544024 0.95998215779580554
decision_type=1 2 2 2
left_child=-1 -2 3 -3
right_child=1 2 -4 -5
leaf_value=-0.047267225723243204 -0.045067462393354844 0.033025752098588525 -0.04357116319358318 -0.016453285795418913
leaf_weight=16.524561893427745 8.8794530471786839 42.1546452161856 5.9717298361938438 14.076453873887656
leaf_count=7006 3373 1951 1154 532
internal_value=-0.00451645 0.00593973 0.0138189 0.0205685
internal_weight=87.6068 71.0823 62.2028 56.2311
internal_count=14016 7010 3637 2483
cat_boundaries=0 1
cat_threshold=1
is_linear=0
shrinkage=0.05


Tree=28
num_leaves=5
num_cat=2
split_feature=0 1 44 44
split_gain=15.4371 8.68494 8.30376 8.67545
threshold=0 1 44.100000000000001 40.850000000000009
decision_type=1 1 2 2
left_child=1 2 3 -1
right_child=-2 -3 -4 -5
leaf_value=0.0086913872576422548 -0.032772120571336716 -0.042965986631447871 -0.042685697770070342 0.052076660872388728
leaf_weight=39.720500600058585 20.788560030981898 5.9800645522773257 4.5888332962058476 15.547572795301674
leaf_count=1652 9353 2322 363 328
internal_value=-0.00416074 0.00881335 0.0160556 0.0216048
internal_weight=86.6255 65.837 59.8569 55.2681
internal_count=14018 4665 2343 1980
cat_boundaries=0 1 2
cat_threshold=3 2
is_linear=0
shrinkage=0.05


Tree=29
num_leaves=9
num_cat=1
split_feature=0 33 4 5 33 40 26 34
split_gain=16.2766 9.07257 13.1245 12.7751 17.7569 12.629 11.0629 5.79614
threshold=0 34.750000000000007 -0.99054481509840819 0.33222858587828868 35.750000000000007 91.350000000000009 18.650000000000002 23.750000000000004
decision_type=1 2 2 2 2 2 2 2
left_child=1 2 5 4 -3 -1 -5 -4
right_child=-2 3 7 6 -6 -7 -8 -9
leaf_value=0.11107076417364879 -0.03243506305188372 0.048856620735952754 -0.042506376061902947 -0.029853083683328022 -0.049688062112372693 -0.024286373761029875 0.066139504378268835 0.010407566986864833
leaf_weight=2.9267164708580848 20.186514967354015 7.3414897453039911 15.619706278201194 2.9497854001820114 9.1283509391359967 2.5405084313824773 18.500938578275964 7.027764977538026
leaf_count=68 9376 215 1779 65 505 100 333 1600
internal_value=-0.00238616 0.0104291 -0.00936766 0.0276499 -0.00547922 0.0541434 0.0521974 -0.0263408
internal_weight=86.2218 66.0353 28.1147 37.9206 16.4698 5.46722 21.4507 22.6475
internal_count=14041 4665 3547 1118 720 168 398 3379
cat_boundaries=0 1
cat_threshold=3
is_linear=0
shrinkage=0.05


Tree=30
num_leaves=6
num_cat=1
split_feature=0 5 34 38 34
split_gain=15.1475 8.72932 10.2542 8.78763 2.74262
threshold=0 -0.14250536273956088 22.550000000000004 11.430654500000001 21.050000000000004
decision_type=1 2 2 2 2
left_child=1 -1 4 -4 -3
right_child=-2 2 3 -5 -6
leaf_value=-0.042834742838615582 -0.032051163351179232 0.007969547314185239 0.034745889046885851 -0.019191657224152572 -0.045329709457527949
leaf_weight=5.857678781147114 19.527298368979245 3.1865834360942227 42.821670842473395 8.4498004785273206 6.4161986650433391
leaf_count=2258 9367 407 1202 234 547
internal_value=-0.00267852 0.00958049 0.0167833 0.0256596 -0.0285594
internal_weight=86.2592 66.7319 60.8743 51.2715 9.60278
internal_count=14015 4648 2390 1436 954
cat_boundaries=0 1
cat_threshold=3
is_linear=0
shrinkage=0.05


Tree=31
num_leaves=5
num_cat=2
split_feature=1 0 32 32
split_gain=13.6055 7.97239 7.01109 7.23956
threshold=0 1 29.337797500000004 26.765178500000001
decision_type=1 1 2 2
left_child=1 2 3 -1
right_child=-2 -3 -4 -5
leaf_value=-0.019526328511333256 -0.046908515770530762 -0.023817908134491497 -0.043861584326856627 0.026164626979609463
leaf_weight=9.8039733704645169 14.627283083973451 9.9652641671709699 4.0105769897345445 47.139244879363105
leaf_count=631 7049 4675 195 1485
internal_value=-0.00466328 0.00458102 0.0115187 0.0180967
internal_weight=85.5463 70.9191 60.9538 56.9432
internal_count=14035 6986 2311 2116
cat_boundaries=0 1 2
cat_threshold=2 3
is_linear=0
shrinkage=0.05


Tree=32
num_leaves=6
num_cat=1
split_feature=1 5 34 32 34
split_gain=14.0215 10.3505 9.82388 7.88191 2.50528
threshold=0 -0.14250536273956088 22.550000000000004 29.350893000000003 21.050000000000004
decision_type=1 2 2 2 2
left_child=1 -1 4 -4 -3
right_child=-2 2 3 -5 -6
leaf_value=-0.044480898304187985 -0.046763600242056932 0.0044309218712431644 0.026809692312009376 -0.042720949063275858 -0.045456393807892514
leaf_weight=7.8733110008761278 13.97070079599507 3.4660725942812842 50.836713348748162 3.5355589420069 6.8251179674407467
leaf_count=3384 7039 616 1998 182 845
internal_value=-0.00268236 0.00632823 0.0130978 0.0215986 -0.02975
internal_weight=86.5075 72.5368 64.6635 54.3723 10.2912
internal_count=14064 7025 3641 2180 1461
cat_boundaries=0 1
cat_threshold=2
is_linear=0
shrinkage=0.05


Tree=33
num_leaves=11
num_cat=1
split_feature=5 32 35 0 5 30 39 20 14 40
split_gain=11.8449 11.5819 16.9944 10.1381 3.99602 2.49849 1.872 1.16164 0.6813 0.569628
threshold=-0.10837475778693634 26.789285500000002 86.961309500000013 0 -0.065537083312030939 20.350000000000005 11.850000000000003 30.450000000000003 12.250000000000002 94.90000000000002
decision_type=2 2 2 1 2 2 2 2 2 2
left_child=7 4 3 -3 5 -2 -6 8 -1 -4
right_child=1 2 9 -5 6 -7 -8 -9 -10 -11
leaf_value=0.034374775984229645 0.066258717120079483 0.024046841088665435 0.10801213482846261 -0.013183365908140527 0.02683840848265941 -0.022705085614678776 -0.047514511204349963 -0.047049723275920885 -0.017063611620548758 0.013969109503319541
leaf_weight=0.17936756287235667 0.68714984948746927 23.424607171094976 3.5662907040677956 29.505192205659114 0.2852817251114147 0.77492573496419936 12.468200826202517 14.078888541203922 0.5088427149457857 0.50525225151795883
leaf_count=23 35 706 162 3548 33 85 2590 6625 226 21
internal_value=-0.00483497 0.00379549 0.0139316 0.00544798 -0.0350925 0.0290359 -0.0440209 -0.0440578 0.00876324 0.101398
internal_weight=85.984 71.2169 57.0013 52.9298 14.2156 1.46208 12.7535 14.7671 0.68821 4.07154
internal_count=14054 7180 4437 4254 2743 120 2623 6874 249 183
cat_boundaries=0 1
cat_threshold=2
is_linear=0
shrinkage=0.05


Tree=34
num_leaves=6
num_cat=1
split_feature=1 5 32 28 5
split_gain=13.294 9.44585 10.1448 10.1957 5.29858
threshold=0 -0.14250536273956088 26.789285500000002 0.8500000000000002 -0.065537083312030939
decision_type=1 2 2 2 2
left_child=1 -1 4 -4 -3
right_child=-2 2 3 -5 -6
leaf_value=-0.043997085098789343 -0.046481533220180879 0.037185047930450091 -0.0037713568847327103 0.03947849195013995 -0.04220252377225947
leaf_weight=7.1861632373183957 12.831648427294565 1.7893683714792139 22.768425766844302 32.349373145960271 9.798470049980093
leaf_count=3367 6986 88 1171 1127 1325
internal_value=-0.00146072 0.0068736 0.0129228 0.0218637 -0.0279635
internal_weight=86.7234 73.8918 66.7056 55.1178 11.5878
internal_count=14064 7078 3711 2298 1413
cat_boundaries=0 1
cat_threshold=2
is_linear=0
shrinkage=0.05


Tree=35
num_leaves=9
num_cat=1
split_feature=1 36 37 39 21 31 33 40
split_gain=9.56966 7.77035 8.12663 5.42576 8.74323 5.34722 4.33269 1.72098
threshold=0 90.500000000000014 29.500000000000004 15.550000000000002 23.850000000000005 33.650000000000006 35.250000000000007 1.2500000000000002
decision_type=1 2 2 2 2 2 2 2
left_child=1 2 7 4 -3 -5 -4 -1
right_child=-2 3 6 5 -6 -7 -8 -9
leaf_value=-0.040584331540656535 -0.046345929230782207 -0.034144898269478689 -0.02632127725055404 -0.034888529070612323 0.081337534764543251 -0.0017456563170641605 0.066369042961839791 0.020163051977925749
leaf_weight=2.8723451222758736 12.348378720460458 2.0281808176077893 0.90849691373295982 17.541723753092811 3.0185142282862216 35.74462199700065 8.6208689871709776 0.95557984279002983
leaf_count=199 7038 354 95 2328 265 3530 198 27
internal_value=-0.00747487 -0.000234008 0.0327755 -0.00821764 0.0369556 -0.0130979 0.0558717 -0.0243844
internal_weight=84.0387 71.6903 13.3573 58.333 5.0467 53.2863 9.52937 3.82792
internal_count=14034 6996 519 6477 619 5858 293 226
cat_boundaries=0 1
cat_threshold=2
is_linear=0
shrinkage=0.05


Tree=36
num_leaves=9
num_cat=0
split_feature=5 34 25 41 39 37 39 10
split_gain=10.1399 8.32713 10.1254 8.73007 5.66795 7.08457 4.4311 2.16718
threshold=-0.14250536273956088 23.250000000000004 10.106944500000003 111.2 23.750000000000004 29.500000000000004 25.250000000000004 86.937500000000014
decision_type=2 2 2 2 2 2 2 2
left_child=-1 4 3 -3 7 -6 -4 -2
right_child=1 2 6 -5 5 -7 -8 -9
leaf_value=-0.046197947192212291 -0.035748860403035314 0.047545328442300749 -0.031205697625340728 -0.038258145740514476 -0.03829620940186082 0.053629844261653625 0.016640522008053972 0.012928531735491697
leaf_weight=11.848794461227952 19.514136086916558 21.22611686214805 10.709118632948959 2.6588920713402322 2.5530972128035492 4.3435642910189927 7.4162054191110647 2.0668178168125442
leaf_count=6762 3565 1356 680 285 336 277 466 323
internal_value=-0.00534418 0.00207337 0.0160758 0.0368401 -0.0184276 0.0190592 -0.0117823 -0.0307209
internal_weight=82.3367 70.4879 42.0103 23.885 28.4776 6.89666 18.1253 21.581
internal_count=14050 7288 2787 1641 4501 613 1146 3888
is_linear=0
shrinkage=0.05


Tree=37
num_leaves=6
num_cat=0
split_feature=5 5 19 19 8
split_gain=9.56678 7.80165 7.62224 8.69654 1.16346
threshold=-0.14250536273956088 0.83730377313544024 29.327778000000006 26.452778000000006 37.150000000000013
decision_type=2 2 2 2 2
left_child=-1 2 3 -2 -4
right_child=1 -3 4 -5 -6
leaf_value=-0.045995944247889262 -0.042835085144584673 -0.044499629542482017 -0.047479953561270313 0.019727627526556324 0.01085420191026254
leaf_weight=11.227984230965374 5.2526536349905646 7.0846701074624425 5.6147624537115908 52.638922904152423 0.60364228137768794
leaf_count=6711 1089 2330 427 3395 64
internal_value=-0.00513684 0.00185483 0.00758215 0.0134202 -0.041098
internal_weight=82.4226 71.1947 64.11 57.8916 6.2184
internal_count=14016 7305 4975 4484 491
is_linear=0
shrinkage=0.05


Tree=38
num_leaves=7
num_cat=1
split_feature=0 38 19 5 23 7
split_gain=12.0655 8.50387 8.37515 7.51857 1.12269 1.34346
threshold=0 11.524702500000002 26.400000000000002 0.83730377313544024 95.500000000000014 29.066666500000004
decision_type=1 2 2 2 2 2
left_child=1 2 -1 -4 -3 -6
right_child=-2 4 3 -5 5 -7
leaf_value=-0.041765450403533806 -0.029284633481571998 -0.046090343752036182 0.028286372080034768 -0.039890821399894402 -0.028034860612926843 0.031297316852636758
leaf_weight=4.5235749749699599 15.485192895750513 5.5064141725888467 51.125050430884585 3.5186601269524536 1.0873968963278455 0.75832827505655576
leaf_count=737 9429 402 2850 535 144 11
internal_value=-0.000186737 0.0098054 0.0176754 0.0232583 -0.0363226 -0.00122602
internal_weight=82.0046 66.5194 59.1673 54.6437 7.35214 1.84573
internal_count=14108 4679 4122 3385 557 155
cat_boundaries=0 1
cat_threshold=3
is_linear=0
shrinkage=0.05


Tree=39
num_leaves=5
num_cat=1
split_feature=1 5 5 19
split_gain=10.4469 7.08695 6.80835 6.19059
threshold=0 -0.14250536273956088 0.83730377313544024 26.400000000000002
decision_type=1 2 2 2
left_child=1 -1 3 -3
right_child=-2 2 -4 -5
leaf_value=-0.043078641119892368 -0.045930238743193685 -0.040574554576784813 -0.042298164573497665 0.018523860210901823
leaf_weight=6.1313495566137126 11.029766100109553 3.8651455774670458 4.8771853771759188 56.849178172997199
leaf_count=3336 7000 523 1149 1983
internal_value=-0.00279566 0.00437807 0.00939451 0.0141651
internal_weight=82.7526 71.7229 65.5915 60.7143
internal_count=13991 6991 3655 2506
cat_boundaries=0 1
cat_threshold=2
is_linear=0
shrinkage=0.05


Tree=40
num_leaves=6
num_cat=1
split_feature=1 5 34 44 39
split_gain=9.36969 6.36246 7.90277 8.21417 7.46302
threshold=0 -0.14250536273956088 23.250000000000004 43.000000000000007 23.750000000000004
decision_type=1 2 2 2 2
left_child=1 -1 4 -4 -3
right_child=-2 2 3 -5 -6
leaf_value=-0.04288068949804226 -0.045753473480604691 -0.031804909521532816 0.028510206168921939 -0.038081089005434617 0.025671432754677738
leaf_weight=5.9396708476124322 10.549775157473048 17.444571487139914 36.771931872353889 4.4005095042521125 7.2692680669715619
leaf_count=3379 7007 1949 1121 283 316
internal_value=-0.00394762 0.00273675 0.00742879 0.0206587 -0.0145581
internal_weight=82.3757 71.826 65.8863 41.1724 24.7138
internal_count=14055 7048 3669 1404 2265
cat_boundaries=0 1
cat_threshold=2
is_linear=0
shrinkage=0.05


Tree=41
num_leaves=5
num_cat=1
split_feature=1 5 5 38
split_gain=9.09808 6.12333 5.83862 6.00488
threshold=0 -0.14250536273956088 0.83730377313544024 11.430654500000001
decision_type=1 2 2 2
left_child=1 -1 3 -3
right_child=-2 2 -4 -5
leaf_value=-0.042627913220811463 -0.045573411456775383 0.017928277686967843 -0.041769300581333171 -0.025071856821910623
leaf_weight=5.7081943624652913 10.098190034972502 53.751139176310971 4.580920325475744 8.632861416321246
leaf_count=3391 7019 2068 1161 402
internal_value=-0.00339937 0.00299991 0.00745927 0.0116761
internal_weight=82.7713 72.6731 66.9649 62.384
internal_count=14041 7022 3631 2470
cat_boundaries=0 1
cat_threshold=2
is_linear=0
shrinkage=0.05


Tree=42
num_leaves=8
num_cat=0
split_feature=5 21 33 26 37 31 23
split_gain=8.97738 8.14412 14.1901 12.1732 11.7608 6.22465 5.37279
threshold=-0.12545862287572043 23.750000000000004 34.750000000000007 15.550000000000002 29.500000000000004 33.300000000000004 98.500000000000014
decision_type=2 2 2 2 2 2 2
left_child=-1 2 -2 6 -4 -5 -3
right_child=1 3 4 5 -6 -7 -8
leaf_value=-0.045602683106015673 -0.048039141612711396 -0.023492371394544742 -0.044406255429668959 -0.04624383624225429 0.042548854540531686 0.013531310430206637 0.090739594712094418
leaf_weight=9.9210549881681782 15.629881481174378 0.79300650325603683 4.6644779873313409 4.1243199452292165 11.766221180558203 28.296105431509204 5.7244071016320959
leaf_count=6842 4111 78 437 280 579 1513 243
internal_value=-0.00339077 0.00305922 -0.0153426 0.0182157 0.016732 0.00477093 0.0755643
internal_weight=80.9195 70.9984 32.0606 38.9378 16.4307 32.4204 6.51741
internal_count=14083 7241 5127 2114 1016 1793 321
is_linear=0
shrinkage=0.05


Tree=43
num_leaves=6
num_cat=1
split_feature=5 5 4 0 35
split_gain=8.40337 6.09847 6.54659 7.72118 6.36841
threshold=-0.12545862287572043 0.83730377313544024 0.9893236546938301 0 74.613095000000001
decision_type=2 2 2 1 2
left_child=-1 2 3 -2 -4
right_child=1 -3 4 -5 -6
leaf_value=-0.045353738656722806 0.028767236192673545 -0.043031381493947793 -0.049393248640069956 -0.0056431924966107161 0.028799748007560619
leaf_weight=9.4178786450065655 24.551683432073332 5.628095631254836 7.6490784387569857 29.621955460286699 2.9545298195444047
leaf_count=6800 706 2308 532 3505 154
internal_value=-0.00343387 0.00273024 0.00729993 0.0143816 -0.0270017
internal_weight=79.8232 70.4053 64.7772 54.1736 10.6036
internal_count=14005 7205 4897 4211 686
cat_boundaries=0 1
cat_threshold=2
is_linear=0
shrinkage=0.05


Tree=44
num_leaves=6
num_cat=1
split_feature=1 19 35 43 38
split_gain=7.47081 5.34073 6.34844 8.3288 6.92427
threshold=0 26.452778000000006 87.044643000000022 28.350000000000005 8.629166500000002
decision_type=1 2 2 2 2
left_child=1 -1 4 -4 -3
right_child=-2 2 3 -5 -6
leaf_value=-0.043186405020992795 -0.045156966926979819 -0.02899649413630942 0.067648458904977879 -0.03520439507029248 0.0090790092079056275
leaf_weight=5.3568800844950593 9.1688855469692481 15.482578180031849 6.5232502679573354 1.9596884631318969 42.348849744303152
leaf_count=1239 7043 2645 430 260 2429
internal_value=-0.00505079 0.000630773 0.00475931 0.0426811 -0.00143414
internal_weight=80.8401 71.6712 66.3144 8.48294 57.8314
internal_count=14046 7003 5764 690 5074
cat_boundaries=0 1
cat_threshold=2
is_linear=0
shrinkage=0.05


Tree=45
num_leaves=5
num_cat=2
split_feature=1 0 32 34
split_gain=8.47558 5.13717 4.93612 6.87857
threshold=0 1 29.350893000000003 23.750000000000004
decision_type=1 1 2 2
left_child=1 2 3 -1
right_child=-2 -3 -4 -5
leaf_value=0.0022688437007491601 -0.044959770202133521 -0.020301732193559185 -0.041685425375487806 0.037618790347019773
leaf_weight=40.080513816676103 8.7812849152833206 7.4962287585949516 3.2216744219185776 20.069104299414903
leaf_count=1187 7027 4711 194 933
internal_value=-0.00130755 0.00465178 0.00954424 0.0144858
internal_weight=79.6488 70.8675 63.3713 60.1496
internal_count=14052 7025 2314 2120
cat_boundaries=0 1 2
cat_threshold=2 3
is_linear=0
shrinkage=0.05


Tree=46
num_leaves=5
num_cat=1
split_feature=1 19 5 43
split_gain=7.94608 5.73338 5.80921 5.30628
threshold=0 26.452778000000006 -0.14250536273956088 0.65000000000000002
decision_type=1 2 2 2
left_child=1 -1 -3 -4
right_child=-2 2 3 -5
leaf_value=-0.042733597852901234 -0.044764769887949141 -0.041073056101867178 -0.015611501592495603 0.019740223955909145
leaf_weight=5.0360692450776687 8.4287208508467284 4.5571556807262814 12.653052913839927 49.236700338544324
leaf_count=1253 7072 3081 844 1877
internal_value=-0.00160333 0.00403332 0.00815886 0.0123794
internal_weight=79.9117 71.483 66.4469 61.8898
internal_count=14127 7055 5802 2721
cat_boundaries=0 1
cat_threshold=2
is_linear=0
shrinkage=0.05


Tree=47
num_leaves=5
num_cat=1
split_feature=1 44 5 5
split_gain=7.57599 5.32827 4.84582 5.27751
threshold=0 44.100000000000001 -0.14250536273956088 0.83730377313544024
decision_type=1 2 2 2
left_child=1 2 -1 -4
right_child=-2 -3 3 -5
leaf_value=-0.039991574935448498 -0.044525970569024825 -0.042588407723642779 0.015222816281354502 -0.040028787393014104
leaf_weight=3.9617356871021903 8.0268111402401683 4.6780155610758802 59.616354208323173 3.7025715258205301
leaf_count=2709 7013 1043 2160 1117
internal_value=-0.00132937 0.00403335 0.00785121 0.0114199
internal_weight=79.9855 71.9587 67.2807 63.3189
internal_count=14042 7029 5986 3277
cat_boundaries=0 1
cat_threshold=2
is_linear=0
shrinkage=0.05


Tree=48
num_leaves=9
num_cat=3
split_feature=1 34 5 0 0 44 17 38
split_gain=6.21158 4.544 6.82525 26.4789 21.0723 1.69658 1.61944 0.456103
threshold=0 22.550000000000004 0.33222858587828868 1 2 43.750000000000007 29.700000000000003 9.4294645000000017
decision_type=1 2 2 1 1 2 2 2
left_child=-1 5 4 -4 -3 7 -7 -2
right_child=1 2 3 -5 -6 6 -8 -9
leaf_value=-0.044291846550316288 -0.044853368405826016 0.028399768378727982 0.050310026698463475 -0.022511437338615065 -0.035874189841542191 0.048591496478812904 -0.022892222287478232 -0.0053803563354942584
leaf_weight=7.666913099354133 6.1999130906769988 12.992284502892289 15.421268815174699 16.867807994014584 18.059333213721402 0.48496110551059224 0.81390747509431094 1.1449120806064454
leaf_count=7041 1240 722 205 1010 3631 12 104 115
internal_value=-0.00430144 0.000506368 0.00529689 0.0210853 -0.0112663 -0.0315075 0.0133249 -0.0400824
internal_weight=79.6513 71.9844 63.3407 32.2891 31.0516 8.64369 1.29887 7.34483
internal_count=14080 7039 5568 1215 4353 1471 116 1355
cat_boundaries=0 1 2 3
cat_threshold=1 2 1
is_linear=0
shrinkage=0.05


Tree=49
num_leaves=8
num_cat=0
split_feature=5 32 43 5 37 5 35
split_gain=6.79832 6.99848 6.14268 4.11864 3.8042 3.51407 2.14489
threshold=-0.14250536273956088 26.700297500000001 0.65000000000000002 0.83258597624099873 28.500000000000004 -0.08269194106225343 88.145833500000023
decision_type=2 2 2 2 2 2 2
left_child=-1 5 4 -4 -3 6 -2
right_child=1 2 3 -5 -6 -7 -8
leaf_value=-0.044036507582559781 -0.023305734140136859 -0.046060873850954261 0.02191893259939736 -0.036076397331745148 0.0045292390417932329 -0.045783445312676113 0.056545048621423288
leaf_weight=7.3059798379545091 0.78954489901661762 5.790123646729624 45.926494433660991 2.3878687688847995 7.8530528983683325 8.2824930965434742 0.82602337119169533
leaf_count=6729 89 674 2273 840 928 2484 45
internal_value=-0.00119147 0.00370948 0.0100654 0.0183792 -0.0186204 -0.0333489 0.0235306
internal_weight=79.1616 71.8556 61.9575 48.3144 13.6432 9.89806 1.61557
internal_count=14062 7333 4715 3113 1602 2618 134
is_linear=0
shrinkage=0.05


Tree=50
num_leaves=5
num_cat=1
split_feature=1 32 5 43
split_gain=6.24309 5.03017 4.85346 5.48708
threshold=0 29.330059500000001 0.82777578779003613 27.550000000000001
decision_type=1 2 2 2
left_child=-1 2 3 -2
right_child=1 -3 -4 -5
leaf_value=-0.043964466541097036 0.014045412937092848 -0.044750429782042488 -0.041220515554676054 -0.03642463887935158
leaf_weight=7.2046884663868695 57.128131195611786 4.3187800864106967 4.1151899371179743 4.9775039936648673
leaf_count=7043 4050 631 1211 1119
internal_value=-0.00267801 0.00209446 0.00576986 0.00948735
internal_weight=77.7443 70.5396 66.2208 62.1056
internal_count=14054 7011 6380 5169
cat_boundaries=0 1
cat_threshold=1
is_linear=0
shrinkage=0.05


Tree=51
num_leaves=10
num_cat=1
split_feature=0 5 5 44 44 40 2 33 39
split_gain=5.3503 55.5923 19.9615 12.7232 14.3505 9.9313 23.2668 8.89194 1.87986
threshold=0 0.39629089145655316 0.47369649395226454 38.000000000000007 35.800000000000004 4.5000000000000009 3.5000000000000004 35.250000000000007 20.650000000000002
decision_type=1 2 2 2 2 2 2 2 2
left_child=1 -1 5 4 -3 8 -7 -5 -2
right_child=2 3 -4 7 -6 6 -8 -9 -10
leaf_value=-0.055545981089810653 0.029389843832238728 0.071889900721101477 -0.055456144613132335 0.032909832201108664 -0.046871497109319843 0.1070449652369667 -0.0079090241321590725 0.13661772946941458 -0.047769258214001756
leaf_weight=15.858483178948516 0.22652448998997243 4.5477648003725353 18.783369017299265 3.996795177983584 3.7749190865433775 5.4622272058622938 13.421803301724138 6.3366038799285889 5.6252961630234495
leaf_count=1535 27 444 3765 177 120 295 6561 77 1072
internal_value=-0.00499163 0.00890602 -0.0146712 0.0682626 0.0187736 0.01155 0.0290528 0.102948 -0.040929
internal_weight=78.0338 34.5146 43.5192 18.6561 8.32268 24.7359 18.884 10.3334 5.85182
internal_count=14073 2353 11720 818 564 7955 6856 254 1099
cat_boundaries=0 1
cat_threshold=2
is_linear=0
shrinkage=0.05


end of trees

feature_importances:
day_of_year_cos=59
age_group=36
gender=33
wind_gust_max_7d=16
temperature_min_7d=15
temperature_mean_7d=13
temperature_max_7d=11
wind_speed_mean_7d=11
temperature_mean_3d=9
day_of_year_sin=8
wind_speed_max_7d=8
humidity_mean_7d=6
rain_max_daily_7d=6
temperature_min_3d=5
humidity_min_7d=4
precipitation_sum_7d=4
humidity_max_3d=3
wind_speed_max_current=2
temperature_max_3d=2
wind_speed_max_3d=2
rain_max_daily_3d=2
wind_gust_max_3d=2
month=1
temperature_mean_current=1
temperature_max_current=1
humidity_mean_current=1
wind_gust_max_current=1
wind_speed_mean_3d=1
precipitation_sum_3d=1
rain_sum_3d=1
humidity_max_7d=1
rain_sum_7d=1

parameters:
[boosting: gbdt]
[objective: binary]
[metric: binary_logloss]
[tree_learner: serial]
[device_type: cpu]
[data_sample_strategy: bagging]
[data: ]
[valid: ]
[num_iterations: 52]
[learning_rate: 0.05]
[num_leaves: 15]
[num_threads: 8]
[seed: 42]
[deterministic: 0]
[force_col_wise: 0]
[force_row_wise: 0]
[histogram_pool_size: -1]
[max_depth: 4]
[min_data_in_leaf: 20]
[min_sum_hessian_in_leaf: 0.001]
[bagging_fraction: 0.9]
[pos_bagging_fraction: 1]
[neg_bagging_fraction: 1]
[bagging_freq: 1]
[bagging_seed: 400]
[bagging_by_query: 0]
[feature_fraction: 0.9]
[feature_fraction_bynode: 1]
[feature_fraction_seed: 30056]
[extra_trees: 0]
[extra_seed: 12879]
[early_stopping_round: 0]
[early_stopping_min_delta: 0]
[first_metric_only: 0]
[max_delta_step: 0]
[lambda_l1: 0]
[lambda_l2: 1]
[linear_lambda: 0]
[min_gain_to_split: 0]
[drop_rate: 0.1]
[max_drop: 50]
[skip_drop: 0.5]
[xgboost_dart_mode: 0]
[uniform_drop: 0]
[drop_seed: 17869]
[top_rate: 0.2]
[other_rate: 0.1]
[min_data_per_group: 100]
[max_cat_threshold: 32]
[cat_l2: 10]
[cat_smooth: 10]
[max_cat_to_onehot: 4]
[top_k: 20]
[monotone_constraints: ]
[monotone_constraints_method: basic]
[monotone_penalty: 0]
[feature_contri: ]
[forcedsplits_filename: ]
[refit_decay_rate: 0.9]
[cegb_tradeoff: 1]
[cegb_penalty_split: 0]
[cegb_penalty_feature_lazy: ]
[cegb_penalty_feature_coupled: ]
[path_smooth: 0]
[interaction_constraints: ]
[verbosity: -1]
[saved_feature_importance_type: 0]
[use_quantized_grad: 0]
[num_grad_quant_bins: 4]
[quant_train_renew_leaf: 0]
[stochastic_rounding: 1]
[linear_tree: 0]
[max_bin: 255]
[max_bin_by_feature: ]
[min_data_in_bin: 3]
[bin_construct_sample_cnt: 200000]
[data_random_seed: 175]
[is_enable_sparse: 1]
[enable_bundle: 1]
[use_missing: 1]
[zero_as_missing: 0]
[feature_pre_filter: 1]
[pre_partition: 0]
[two_round: 0]
[header: 0]
[label_column: ]
[weight_column: ]
[group_column: ]
[ignore_column: ]
[categorical_feature: 0,1,3]
[forcedbins_filename: ]
[precise_float_parser: 0]
[parser_config_file: ]
[objective_seed: 16083]
[num_class: 1]
[is_unbalance: 0]
[scale_pos_weight: 1]
[sigmoid: 1]
[boost_from_average: 1]
[reg_sqrt: 0]
[alpha: 0.9]
[fair_c: 1]
[poisson_max_delta_step: 0.7]
[tweedie_variance_power: 1.5]
[lambdarank_truncation_level: 30]
[lambdarank_norm: 1]
[label_gain: ]
[lambdarank_position_bias_regularization: 0]
[eval_at: ]
[multi_error_top_k: 1]
[auc_mu_weights: ]
[num_machines: 1]
[local_listen_port: 12400]
[time_out: 120]
[machine_list_filename: ]
[machines: ]
[gpu_platform_id: -1]
[gpu_device_id: -1]
[gpu_device_id_list: ]
[gpu_use_dp: 0]
[num_gpu: 1]

end of parameters

pandas_categorical:[]
