tree
version=v4
num_class=1
num_tree_per_iteration=1
label_index=0
max_feature_idx=44
objective=binary sigmoid:1
feature_names=age_group gender month season day_of_year_sin day_of_year_cos weather_code_current temperature_mean_current temperature_max_current temperature_min_current humidity_mean_current humidity_max_current humidity_min_current wind_speed_mean_current wind_speed_max_current precipitation_sum_current rain_sum_current wind_gust_max_current rain_day_current temperature_mean_3d temperature_max_3d temperature_min_3d humidity_mean_3d humidity_max_3d humidity_min_3d wind_speed_mean_3d wind_speed_max_3d precipitation_sum_3d rain_sum_3d rain_days_3d rain_max_daily_3d wind_gust_max_3d temperature_mean_7d temperature_max_7d temperature_min_7d humidity_mean_7d humidity_max_7d humidity_min_7d wind_speed_mean_7d wind_speed_max_7d precipitation_sum_7d rain_sum_7d rain_days_7d rain_max_daily_7d wind_gust_max_7d
feature_infos=-1:0:1:2:3:4:5 -1:0:1 [1:12] -1:1:0 [-0.99999942202469239:0.99998555065071859] [-0.99997919295908244:0.9999907524084426] [0:61] [23.658332999999999:32.533332999999999] [25.899999999999999:39.200000000000003] [17.899999999999999:29.300000000000001] [48.958333000000003:91.625] [63:100] [23:86] [2.8541669999999999:19.695833] [6.4000000000000004:30.100000000000001] [0:63.100000000000001] [0:63.100000000000001] [14:56.899999999999999] [0:1] [23.766667000000002:32.427778000000004] [27.699999999999999:39.200000000000003] [17.899999999999999:28.100000000000001] [52.569443999999997:90.694444000000004] [73:100] [23:79] [4.125:17.329167000000002] [9.6999999999999993:30.100000000000001] [0:93.900000000000006] [0:93.900000000000006] [0:3] [0:63.100000000000001] [17.300000000000001:56.899999999999999] [24.365476000000001:32.235118999999997] [28.699999999999999:39.200000000000003] [17.899999999999999:27.5] [55.767856999999999:89.523809999999997] [77:100] [23:72] [4.5327380000000002:15.469643] [11.6:30.100000000000001] [0:163.90000000000001] [0:163.90000000000001] [0:7] [0:63.100000000000001] [23:56.899999999999999]
tree_sizes=1279 1305 1416 1302 1329 1419 1617 1415 1422 1406 1410 1411 1427 1532 1421 1407 1436 1315 1428 1526 1417 1413 1423 1409 1421 1423 1394 1436 1516 1439 1305 1424 1527

Tree=0
num_leaves=11
num_cat=2
split_feature=0 0 4 34 5 44 4 4 4 4
split_gain=564.388 166.305 149.581 137.284 83.391 71.6632 61.8103 0.475863 3.09156 0.140072
threshold=0 1 0.9053161325100999 26.400000000000002 -0.8142754349318998 47.350000000000009 -0.99275805973510278 -0.71504373327588355 -0.861146256326485 -0.75015329512557205
decision_type=1 1 2 2 2 2 2 2 2 2
left_child=1 3 6 4 -1 -4 -3 8 -2 -10
right_child=7 2 5 -5 -6 -7 -8 -9 9 -11
leaf_value=-3.0813146794906698 -3.1432922024820069 -2.9483483658519769 -3.0068499637909367 -2.6047022977164298 -2.9684724951588946 -2.7784417465397557 -3.0986626853799484 -3.1442910270520201 -3.1192401319974685 -3.1036269521129078
leaf_weight=21.186485141515732 41.625211983919144 6.1482349038124076 27.708599194884304 1.4124323427677143 74.277324378490448 3.2402859628200522 157.15386919677258 228.8140395283699 14.913623854517938 3.9465021342039099
leaf_count=510 1002 148 667 34 1788 78 3783 5508 359 95
internal_value=-3.0924 -3.04415 -3.07375 -2.99272 -2.99314 -2.97386 -3.09216 -3.14094 -3.13554 -3.11671
internal_weight=580.427 291.127 194.251 96.8762 95.4638 30.9489 163.302 289.299 60.4853 18.8601
internal_count=13972 7008 4676 2332 2298 745 3931 6964 1456 454
cat_boundaries=0 1 2
cat_threshold=13 1
is_linear=0
shrinkage=1


Tree=1
num_leaves=11
num_cat=2
split_feature=0 0 4 34 2 2 34 4 5 35
split_gain=491.914 133.863 95.6279 83.2864 71.9256 62.3832 53.3541 1.56284 14.6744 11.8671
threshold=0 1 0.9053161325100999 26.400000000000002 11.500000000000002 10.500000000000002 24.050000000000004 -0.71504373327588355 -0.5129677127369543 86.693452500000021
decision_type=1 1 2 2 2 2 2 2 2 2
left_child=1 3 5 4 -1 -3 -4 8 9 -2
right_child=7 2 6 -5 -6 -7 -8 -9 -10 -11
leaf_value=0.07308679227121391 -0.029094203817082932 -0.012892846946375939 0.16015240178808152 0.34825383663490489 0.23546239041778472 0.071762143492081834 0.033204560849618779 -0.051917510752486878 -0.051109363280553224 0.075142048581580578
leaf_weight=97.352345027029514 5.5816944465041143 137.44708311185241 14.760017227381466 2.2434281930327407 6.6469734832644454 24.820972375571728 18.858197312802076 218.72497154772282 48.272493433207273 3.7287164628505707
leaf_count=2145 137 3306 319 35 143 601 413 5522 1212 92
internal_value=-0.000676995 0.0426972 0.0157158 0.0863027 0.0856085 0.00041644 0.091957 -0.0478999 -0.04019 0.0158904
internal_weight=578.437 302.129 195.886 106.243 103.999 162.268 33.6182 276.308 57.5829 9.31041
internal_count=13925 6962 4639 2323 2288 3907 732 6963 1441 229
cat_boundaries=0 1 2
cat_threshold=13 1
is_linear=0
shrinkage=0.05


Tree=2
num_leaves=12
num_cat=2
split_feature=0 0 39 5 5 2 38 22 20 20 37
split_gain=456.486 122.001 66.1462 65.4725 54.8732 54.1851 17.6278 1.30566 4.64752 6.16865 1.12203
threshold=0 1 29.150000000000002 -0.8142754349318998 -0.39036009226888668 2.5000000000000004 6.7913690000000004 86.51388900000002 31.650000000000002 31.750000000000004 53.500000000000007
decision_type=1 1 2 2 2 2 2 2 2 2 2
left_child=1 3 5 6 -5 -3 -1 -2 10 -10 -9
right_child=7 2 -4 4 -6 -7 -8 8 9 -11 -12
leaf_value=0.07881428033006195 -0.051788510541514787 -0.046421488308116404 0.21192914222457593 0.17361414770419714 0.081133276872796145 0.022236398104500843 -0.014928506782898983 0.0043755416551767576 0.04066470026512696 -0.030774867695880916 -0.05004830579572711
leaf_weight=5.8742133192718056 197.80655711144209 33.836073111742735 3.1584631875157347 21.726157307624817 71.433214947581291 163.86627765372396 17.712322603911161 0.80801486596465011 2.7920914739370373 15.527693901211022 49.744493216276169
leaf_count=131 5228 829 53 410 1416 3803 395 21 69 406 1310
internal_value=-0.000285568 0.0396065 0.0138307 0.0789439 0.104316 0.0103114 0.0106741 -0.0474724 -0.0413068 -0.0183456 -0.0491104
internal_weight=584.286 317.607 200.861 116.746 93.1594 197.702 23.5865 266.679 68.8723 18.3198 50.5525
internal_count=14071 7037 4685 2352 1826 4632 526 7034 1806 475 1331
cat_boundaries=0 1 2
cat_threshold=13 1
is_linear=0
shrinkage=0.05


Tree=3
num_leaves=11
num_cat=2
split_feature=0 0 4 2 34 38 34 4 2 22
split_gain=421.339 75.4374 90.8332 56.7924 46.2399 37.4796 35.7453 1.36806 11.7139 6.94193
threshold=0 1 0.9053161325100999 10.500000000000002 26.400000000000002 11.557440500000002 25.250000000000004 -0.71504373327588355 8.5000000000000018 86.51388900000002
decision_type=1 1 2 2 2 2 2 2 2 2
left_child=1 4 3 -3 5 -1 -4 8 9 -2
right_child=7 2 6 -5 -6 -7 -8 -9 -10 -11
leaf_value=0.0746919429123961 -0.040465803081278361 -0.012916810146274625 0.1030250672406941 0.06428628840752168 0.23109555441050567 -0.013741333594055159 -0.035247989268939288 -0.051687415423478579 -0.050801984228756092 0.039042974608536861
leaf_weight=109.44231104105711 3.4907273724675161 138.85102454572916 33.306835375726223 27.711556315422058 3.5461815297603598 13.12117852270603 4.9090969562530509 200.60608905553818 43.614251624792814 6.1437693014740944
leaf_count=2066 92 3362 635 616 36 256 104 5566 1198 149
internal_value=-0.000202439 0.0364775 0.0155971 0.00023472 0.0664119 0.06519 0.0848171 -0.0475347 -0.039988 0.00913942
internal_weight=584.743 330.888 204.779 166.563 126.11 122.563 38.2159 253.855 53.2487 9.6345
internal_count=14080 7075 4717 3978 2358 2322 739 7005 1439 241
cat_boundaries=0 1 2
cat_threshold=13 1
is_linear=0
shrinkage=0.05


Tree=4
num_leaves=11
num_cat=1
split_feature=0 20 2 5 37 37 13 4 5 30
split_gain=381.434 61.0434 58.9551 78.9818 33.5897 26.4773 9.30863 1.47033 12.912 7.96091
threshold=0 34.550000000000004 2.5000000000000004 -0.30164489695395941 25.500000000000004 36.500000000000007 12.787500000000001 -0.72696319516528884 -0.5129677127369543 20.000000000000004
decision_type=1 2 2 2 2 2 2 2 2 2
left_child=1 2 6 -4 -3 -6 -1 8 9 -2
right_child=7 4 3 -5 5 -7 -8 -9 -10 -11
leaf_value=-0.039498679472137872 0.048185038032858778 -0.044202162590999364 0.0051003282704816764 0.064853966911682034 0.096719925675605167 0.022728831585320752 0.047220550929828922 -0.051578984419040574 -0.050669203136993336 -0.040006507362989441
leaf_weight=37.399470895528793 5.4924274832010251 5.1502528414130202 121.29478461667895 100.93251921609044 57.67376234382391 16.156416442245245 2.5334409400820723 191.77460924163461 42.159610755741596 3.2901077270507812
leaf_count=833 133 105 2679 1992 1082 309 57 5580 1213 83
internal_value=-0.000532042 0.0331618 0.0223613 0.0324085 0.0724304 0.0810484 -0.0329778 -0.0472526 -0.0393834 0.0144345
internal_weight=583.857 341.141 262.16 222.227 78.9804 73.8302 39.9329 242.717 50.9421 8.78254
internal_count=14066 7057 5561 4671 1496 1391 890 7009 1429 216
cat_boundaries=0 1
cat_threshold=13
is_linear=0
shrinkage=0.05


Tree=5
num_leaves=12
num_cat=2
split_feature=0 0 4 11 5 4 34 39 4 5 32
split_gain=356.844 67.5433 62.3557 53.7231 48.8308 41.1449 29.4223 19.1992 1.88024 13.9913 9.10946
threshold=0 1 0.9053161325100999 96.500000000000014 -0.8142754349318998 0.98667101781630184 24.050000000000004 26.050000000000004 -0.71504373327588355 -0.5129677127369543 27.082143000000006
decision_type=1 1 2 2 2 2 2 2 2 2 2
left_child=1 4 3 -3 7 -6 -4 -1 9 10 -2
right_child=8 2 6 -5 5 -7 -8 -9 -10 -11 -12
leaf_value=-0.019368330775599865 0.057188154446137368 -0.025778854079783104 0.10624271382757451 0.030776782249231374 0.084597415789339811 -0.030484148501488697 0.024150234880302195 0.094337118039514917 -0.051470072834736126 -0.050544739131696582 -0.03305284676257178
leaf_weight=21.585416000336412 4.9498924501240236 95.204277634620667 21.205983132123947 73.514351770281792 105.32385832443833 7.8893951699137679 22.976207457482815 3.4427648782730094 181.11665952205658 40.93485564365983 4.37638895586133
leaf_count=446 111 2276 329 1660 1705 134 423 75 5531 1234 117
internal_value=0.000216546 0.0316366 0.0122891 -0.0011002 0.0583311 0.0763811 0.0650313 -0.000704013 -0.0467476 -0.0381776 0.0157422
internal_weight=582.52 351.142 212.901 168.719 138.241 113.213 44.1822 25.0282 231.378 50.2611 9.32628
internal_count=14041 7048 4688 3936 2360 1839 752 521 6993 1462 228
cat_boundaries=0 1 2
cat_threshold=13 1
is_linear=0
shrinkage=0.05


Tree=6
num_leaves=14
num_cat=2
split_feature=4 33 2 4 39 1 7 39 1 34 43 32 5
split_gain=32.657 33.1559 30.1766 27.4557 25.478 21.6874 29.4704 20.1936 14.8654 24.4179 12.7841 11.976 9.18687
threshold=-0.98803845231459231 36.95000000000001 10.500000000000002 0.87397152483179585 16.750000000000004 0 29.852083500000003 22.650000000000002 1 23.750000000000004 34.250000000000007 26.401488000000004 0.08054732823231521
decision_type=2 2 2 2 2 1 2 2 1 2 2 2 2
left_child=8 2 3 -2 -4 7 -7 -3 10 -10 12 -11 -1
right_child=1 5 4 -5 -6 6 -8 -9 9 11 -12 -13 -14
leaf_value=0.12965335489209237 -0.018552237943170052 0.061051392335366578 -0.0058923864951527499 0.012933862299729934 0.049635724495930345 0.13874803888624035 0.021456968388866529 -0.033143816432664501 -0.046114379721070339 -0.030234306924611612 -0.031436560713647879 0.11852466799681022 0.016917841287407084
leaf_weight=8.6135301887989026 347.04996113479137 8.1397658437490481 42.805423468351364 85.667114272713661 38.588244989514351 8.6239006407558936 13.08553348854184 14.078274216502903 7.0684326663613319 1.3534058853983877 1.4824603796005256 4.2741224803030491 2.6332750208675852
leaf_count=197 8846 166 971 1882 874 168 292 298 163 32 34 99 61
internal_value=-0.000892743 -0.00345865 -0.00704565 -0.0123033 0.0207161 0.0377447 0.0721079 0.00250856 0.0534241 0.0132805 0.089579 0.0835847 0.106795
internal_weight=583.463 558.038 514.111 432.717 81.3937 43.9275 21.7094 22.218 25.4252 12.696 12.7293 5.62753 11.2468
internal_count=14083 13497 12573 10728 1845 924 460 464 586 294 292 131 258
cat_boundaries=0 1 2
cat_threshold=1 1
is_linear=0
shrinkage=0.05


Tree=7
num_leaves=12
num_cat=2
split_feature=0 0 4 23 34 32 40 38 4 5 35
split_gain=323.647 51.2217 52.78 49.3799 33.1335 32.9199 34.6039 25.2409 1.55472 11.9826 6.60677
threshold=0 1 0.89787622492179153 97.500000000000014 24.050000000000004 30.676786000000003 1.3500000000000003 11.557440500000002 -0.71504373327588355 -0.5129677127369543 86.693452500000021
decision_type=1 1 2 2 2 2 2 2 2 2 2
left_child=1 5 3 -3 -4 7 -7 -1 9 10 -2
right_child=8 2 4 -5 -6 6 -8 -9 -10 -11 -12
leaf_value=0.055334500438844872 -0.02605472381186898 -0.030372458409196629 0.099882713418669833 0.023741224356837138 0.016658816780944916 0.0095833157795909077 0.22664647577623334 -0.018767931060737444 -0.051364118753033039 -0.050420557671800217 0.051183198817504508
leaf_weight=123.84806789085269 4.8609260320663434 76.959215495735407 23.016497440636158 90.801724135875702 24.785047311335802 2.901170887053012 4.4721086323261261 12.176784317940472 173.2790803797543 39.184065302833915 4.3239197917282581
leaf_count=2020 133 1918 321 2010 444 38 42 223 5574 1231 92
internal_value=-0.000480092 0.0285943 0.0116527 -0.00111594 0.0579568 0.0514172 0.152583 0.0486124 -0.0466714 -0.0386136 0.0117616
internal_weight=580.609 358.961 215.562 167.761 47.8015 143.398 7.37328 136.025 221.648 48.3689 9.18485
internal_count=14046 7016 4693 3928 765 2323 80 2243 7030 1456 225
cat_boundaries=0 1 2
cat_threshold=13 1
is_linear=0
shrinkage=0.05


Tree=8
num_leaves=12
num_cat=2
split_feature=0 0 4 22 5 4 34 38 4 4 35
split_gain=299.494 56.563 43.3529 46.3266 30.9744 32.4004 23.3051 16.1996 1.04998 4.23794 8.61222
threshold=0 1 0.91248814248966259 88.805555500000011 -0.8142754349318998 0.9893236546938301 25.250000000000004 6.7913690000000004 -0.73866753694953124 -0.861146256326485 86.931547500000008
decision_type=1 1 2 2 2 2 2 2 2 2 2
left_child=1 4 3 -3 7 -6 -4 -1 9 -2 -11
right_child=8 2 6 -5 5 -7 -8 -9 -10 10 -12
leaf_value=0.063025853052251959 -0.049913040552961169 -0.0089666004359219252 0.062776241759758086 0.10416234911428029 0.068770736178007247 -0.035176519920124438 -0.044036158223919625 -0.022143085849512412 -0.051275134624540211 -0.041852158547530806 0.035098088547078271
leaf_weight=6.7856607250869301 29.42255112528801 162.54632287099957 42.599428948014975 8.5801749266684038 118.85377060621977 7.4055315032601348 5.0696770697832099 18.743138268589973 167.80155106261373 9.2246396243572217 4.730924278497695
leaf_count=129 977 3812 611 181 1706 124 104 391 5655 277 104
internal_value=-0.000684913 0.0262103 0.00870844 -0.00272219 0.0491454 0.0624454 0.0507452 0.00201758 -0.0468116 -0.0393271 -0.0151635
internal_weight=581.763 370.584 218.796 171.126 151.788 126.259 47.6691 25.5288 211.18 43.3781 13.9556
internal_count=14071 7058 4708 3993 2350 1830 715 520 7013 1358 381
cat_boundaries=0 1 2
cat_threshold=13 1
is_linear=0
shrinkage=0.05


Tree=9
num_leaves=12
num_cat=2
split_feature=0 0 2 5 32 2 40 20 4 5 32
split_gain=271.009 42.306 40.8711 51.5562 27.8803 30.1747 21.2763 11.4896 2.1351 15.3219 8.32165
threshold=0 1 2.5000000000000004 -0.31800055644052067 30.676786000000003 11.500000000000002 1.1500000000000001 36.45000000000001 -0.71504373327588355 -0.52765736634565841 27.118154500000006
decision_type=1 1 2 2 2 2 2 2 2 2 2
left_child=1 4 7 -4 5 -1 -6 -3 9 10 -2
right_child=8 2 3 -5 6 -7 -8 -9 -10 -11 -12
leaf_value=0.033963634080267049 0.054926296601823368 -0.050233262776328169 -0.011598518769656537 0.04073534848902087 0.01167968747794851 0.1156203860387274 0.18213112463396314 0.080588671379838606 -0.051172739916188204 -0.050211689328886616 -0.038457042526748149
leaf_weight=136.7453102953732 5.5350621379911882 29.162918552756313 82.621982865035534 107.25348575413227 2.7614647671580297 11.625112973153589 5.4304147660732269 0.89976076781749625 156.93145662918687 36.943654684349895 2.8860527072101831
leaf_count=2109 122 808 1996 1883 34 139 42 23 5558 1262 87
internal_value=-0.000597739 0.0243379 0.00899708 0.0180214 0.0438832 0.0410928 0.132194 -0.0438495 -0.04584 -0.0365733 0.0222374
internal_weight=578.797 376.5 219.938 189.875 156.562 148.37 8.19188 30.0627 202.296 45.3648 8.42111
internal_count=14063 7034 4710 3879 2324 2248 76 831 7029 1471 209
cat_boundaries=0 1 2
cat_threshold=13 1
is_linear=0
shrinkage=0.05


Tree=10
num_leaves=12
num_cat=2
split_feature=0 2 20 4 42 39 7 13 4 5 1
split_gain=269.08 34.4559 37.011 41.8622 33.4577 51.1706 20.1104 12.8071 2.73841 14.907 16.4857
threshold=0 2.5000000000000004 35.45000000000001 0.67167992559793654 2.5000000000000004 22.850000000000005 29.852083500000003 10.956250000000002 -0.71504373327588355 -0.5129677127369543 1
decision_type=1 2 2 2 2 2 2 2 2 2 1
left_child=1 2 7 -4 6 -6 -3 -1 9 10 -2
right_child=8 4 3 -5 5 -7 -8 -9 -10 -11 -12
leaf_value=-0.035855557981934412 -0.04325436057381396 0.094346034698653228 0.20083979859858042 -0.011362174097754698 0.038852140510608195 -0.0089613594395502715 -0.011908383096857341 0.036309556739546868 -0.051083340634307375 -0.050004894781146225 0.076641601563477602
leaf_weight=43.195082109421492 4.7298805769532901 28.869635969400406 3.1453154906630498 5.062495406717062 218.22351827844977 74.69662806764245 4.987652573734521 6.3153072446584693 149.87177472189069 34.021825077012181 4.8294883128255606
leaf_count=955 115 397 63 102 3844 1437 81 137 5570 1227 116
internal_value=0.00133175 0.0253615 -0.0094581 0.0829362 0.0322955 0.0266704 0.0788007 -0.0261139 -0.0452884 -0.0348201 0.01884
internal_weight=577.949 384.496 57.7182 8.20781 326.777 292.92 33.8573 49.5104 193.453 43.5812 9.55937
internal_count=14044 7016 1257 165 5759 5281 478 1092 7028 1458 231
cat_boundaries=0 1 2
cat_threshold=13 1
is_linear=0
shrinkage=0.05


Tree=11
num_leaves=12
num_cat=2
split_feature=0 33 33 0 34 44 33 24 4 5 32
split_gain=245.104 33.7685 43.1597 36.6654 35.58 32.2787 21.4122 14.2805 2.30063 12.472 8.90201
threshold=0 34.550000000000004 33.250000000000007 1 24.150000000000002 38.70000000000001 36.45000000000001 28.500000000000004 -0.71504373327588355 -0.5129677127369543 27.082143000000006
decision_type=1 2 2 1 2 2 2 2 2 2 2
left_child=1 2 4 5 -1 -3 -5 -4 9 10 -2
right_child=8 3 7 6 -6 -7 -8 -9 -10 -11 -12
leaf_value=0.032860916979419896 0.048399221153326129 0.10100764724442145 0.06489805750917263 -0.039010472085962228 -0.015534825001599754 0.037401755400950802 0.037351602689819234 -0.037160693249212798 -0.050995728010611023 -0.049880843465347838 -0.04085963427317299
leaf_weight=180.09982531890273 5.9377011023461801 37.952945444732904 2.8109238073229781 19.840231969952583 47.408516988158226 44.831096109002829 15.42370719835162 43.55833550170064 142.68600797280669 32.772954482585192 3.733629522845149
leaf_count=3169 116 534 43 366 1021 683 254 931 5566 1239 112
internal_value=0.000640308 0.0229317 0.0137901 0.0457729 0.0227523 0.060231 -0.00431298 -0.0297344 -0.0452232 -0.0354997 0.0133409
internal_weight=577.056 391.926 273.878 118.048 227.508 82.784 35.2639 46.3693 185.13 42.4443 9.67133
internal_count=14034 7001 5164 1837 4190 1217 620 974 7033 1467 228
cat_boundaries=0 1 2
cat_threshold=13 5
is_linear=0
shrinkage=0.05


Tree=12
num_leaves=12
num_cat=1
split_feature=0 2 37 4 19 40 4 13 4 5 30
split_gain=227.36 30.78 36.3582 39.8154 27.6007 27.3243 18.2695 11.0953 2.06613 11.0573 6.54214
threshold=0 2.5000000000000004 55.500000000000007 -0.98803845231459231 28.849305500000003 65.200000000000003 0.67167992559793654 11.335417000000001 -0.72696319516528884 -0.5129677127369543 20.000000000000004
decision_type=1 2 2 2 2 2 2 2 2 2 2
left_child=1 4 5 -4 7 -3 -6 -1 9 10 -2
right_child=8 2 3 -5 6 -7 -8 -9 -10 -11 -12
leaf_value=-0.03364723388800054 0.040119195873813122 0.050746598108467655 0.078941801475459317 0.0048482314701708221 0.15599192832034081 -0.037732579056138277 -0.01120732526892745 0.02668876237706291 -0.050914552574770393 -0.049687991210877053 -0.039527731003111417
leaf_weight=43.407415034249425 6.0243470780551416 145.30290768668056 19.328373111784458 169.34444463253021 2.8248656205832949 8.5783291608095151 2.6333179473876953 8.4160391055047494 136.22348621860147 30.223328216001391 3.1226618811488152
leaf_count=982 129 2140 289 3191 45 145 49 166 5571 1200 82
internal_value=0.000672045 0.0214359 0.0276335 0.0128148 -0.0117868 0.0456024 0.0860812 -0.023529 -0.0451207 -0.0354858 0.011713
internal_weight=575.43 399.836 342.554 188.673 57.2816 153.881 5.45818 51.8235 175.594 39.3703 9.14701
internal_count=13989 7007 5765 3480 1242 2285 94 1148 6982 1411 211
cat_boundaries=0 1
cat_threshold=13
is_linear=0
shrinkage=0.05


Tree=13
num_leaves=13
num_cat=2
split_feature=0 0 5 5 39 39 5 36 22 20 5 37
split_gain=197.121 19.8277 29.7208 42.6463 25.8923 32.5215 10.346 7.87339 1.44574 3.7844 3.12003 1.31895
threshold=0 1 0.78724360164103002 -0.27694043983797378 15.750000000000002 18.450000000000003 0.93158198870884079 99.500000000000014 86.51388900000002 31.650000000000002 -0.5129677127369543 53.500000000000007
decision_type=1 1 2 2 2 2 2 2 2 2 2 2
left_child=1 4 3 -3 6 -6 -1 -4 -2 11 -11 -10
right_child=8 2 7 -5 5 -7 -8 -9 9 10 -12 -13
leaf_value=-0.044182774175224579 -0.050823683347160725 -0.0098966912726538639 -0.046754254654066289 0.036803769286663304 0.08030398014753086 0.025896371250024482 0.042302418299257787 -0.00083221462752183166 0.010936571382535001 0.0040967348600538869 -0.04255578670872795 -0.048280724507252265
leaf_weight=13.68477124720812 122.52671802416444 88.392127253115177 26.024596691131592 107.43712951987982 35.310893785208464 120.70668515563011 3.6557578071951857 14.314594853669403 0.62449035234749217 8.8122476506978256 4.866475883871316 32.046942286193371
leaf_count=181 5217 2044 660 1763 461 1657 43 255 22 272 198 1313
internal_value=-0.00106928 0.0177058 0.00740365 0.0157812 0.0304614 0.0386433 -0.0246375 -0.0308729 -0.0448379 -0.0377447 -0.0142692 -0.0468576
internal_weight=578.403 409.527 236.168 195.829 173.358 156.018 17.3405 40.3392 168.877 46.3502 13.6787 32.6714
internal_count=14086 7064 4722 3807 2342 2118 224 915 7022 1805 470 1335
cat_boundaries=0 1 2
cat_threshold=13 1
is_linear=0
shrinkage=0.05


Tree=14
num_leaves=12
num_cat=2
split_feature=0 2 20 39 2 39 4 13 4 5 1
split_gain=187.049 24.1614 28.1941 25.2037 40.0937 29.6799 24.542 8.81792 3.16963 14.2898 14.6824
threshold=0 2.5000000000000004 35.45000000000001 22.850000000000005 3.5000000000000004 15.850000000000003 0.65883702558178847 10.956250000000002 -0.71504373327588355 -0.5129677127369543 1
decision_type=1 2 2 2 2 2 2 2 2 2 1
left_child=1 2 7 5 -5 -3 -4 -1 9 10 -2
right_child=8 3 6 4 -6 -7 -8 -9 -10 -11 -12
leaf_value=-0.036088267536890616 -0.04264069820209139 -0.0069990302953964901 0.14786634304548726 0.039839964811459384 -0.023366152884763888 0.038960216708185474 -0.00664415521126449 0.022188501765844412 -0.050751729432518489 -0.049484787567515225 0.071349005008571803
leaf_weight=40.959436561912298 4.3806026037782413 41.667521476745605 3.7132735513150674 40.991028677672148 61.342592410743237 213.74513228237629 5.4722521863877773 6.9822495281696311 123.01824330724776 28.683829743415117 5.0667474195361137
leaf_count=948 112 663 56 492 1243 3402 101 136 5537 1248 114
internal_value=7.15539e-05 0.0178478 -0.0117535 0.0230918 0.00209239 0.0314645 0.0642021 -0.0273209 -0.0439131 -0.0323393 0.0194713
internal_weight=576.023 414.873 57.1272 357.746 102.334 255.413 9.18553 47.9417 161.149 38.1312 9.44735
internal_count=14052 7041 1241 5800 1735 4065 157 1084 7011 1474 226
cat_boundaries=0 1 2
cat_threshold=13 1
is_linear=0
shrinkage=0.05


Tree=15
num_leaves=12
num_cat=3
split_feature=0 0 2 5 4 4 20 4 5 1 26
split_gain=178.202 25.279 33.4697 35.5885 21.7979 26.0739 5.91923 2.8501 12.1547 11.3326 2.15712
threshold=0 1 2.5000000000000004 -0.30982845708428081 0.98802474685579855 0.46800856592688467 36.45000000000001 -0.72696319516528884 -0.5129677127369543 2 17.950000000000003
decision_type=1 1 2 2 2 2 2 2 2 1 2
left_child=1 4 6 -4 5 -1 -3 8 9 -2 -6
right_child=7 2 3 -5 10 -7 -8 -9 -10 -11 -12
leaf_value=0.020861602269245157 -0.041953925867445563 -0.049969767853344893 -0.011735165703345188 0.029571232336840027 0.012825960389600002 0.061127285298271689 0.041601356236274312 -0.050685358147088501 -0.049297704608707138 0.059061622974996779 -0.048096649823844671
leaf_weight=104.24894544109702 4.0490508154034597 26.501965155825022 87.506035257130861 126.48692900314927 1.2991168573498706 66.25459772720933 1.1526723727583874 119.28165187127888 26.582812668755651 5.2738397270441055 7.9264167360961437
leaf_count=1420 106 805 2019 1866 18 775 26 5625 1212 109 113
internal_value=9.68513e-05 0.0170072 0.00572576 0.0127042 0.0309702 0.0367733 -0.0448344 -0.0439117 -0.0325439 0.0153751 -0.0391023
internal_weight=576.564 421.377 241.648 213.993 179.729 170.504 27.6546 155.187 35.9057 9.32289 9.22553
internal_count=14094 7042 4716 3885 2326 2195 831 7052 1427 215 131
cat_boundaries=0 1 2 3
cat_threshold=13 1 1
is_linear=0
shrinkage=0.05


Tree=16
num_leaves=12
num_cat=1
split_feature=0 2 37 32 4 19 13 4 4 5 31
split_gain=168.174 26.7389 24.1986 42.0188 35.4336 19.4826 9.7864 6.04868 1.75777 8.08391 7.45831
threshold=0 2.5000000000000004 55.500000000000007 27.402678500000004 -0.98803845231459231 28.929861500000005 10.956250000000002 0.67167992559793654 -0.71504373327588355 -0.5129677127369543 35.45000000000001
decision_type=1 2 2 2 2 2 2 2 2 2 2
left_child=1 5 3 -3 -4 6 -1 -7 9 10 -2
right_child=8 2 4 -5 -6 7 -8 -9 -10 -11 -12
leaf_value=-0.036195947872019761 -0.042049760061721508 0.077695662296148937 0.066864005733532419 0.020406884699323842 0.0014728417382163187 0.10282088727475217 0.016649784944589248 0.0035478073046077844 -0.050601684445224074 -0.049211748297957644 0.038456888419505314
leaf_weight=41.20731539092958 4.1095259971916658 41.954265475273132 22.465488772839308 130.40326850861311 177.26226354390383 3.1316631771624079 10.419509105384348 2.5583637580275536 112.41205910779536 26.109953071922064 5.5934038013219833
leaf_count=985 109 548 292 1769 3208 40 194 45 5576 1248 117
internal_value=-0.000145132 0.0157817 0.0210419 0.0347195 0.00912454 -0.0154356 -0.0254167 0.0653877 -0.0441781 -0.0351893 0.00361653
internal_weight=577.627 429.402 372.085 172.358 199.728 57.3169 51.6268 5.69003 148.225 35.8129 9.70293
internal_count=14131 7081 5817 2317 3500 1264 1179 85 7050 1474 226
cat_boundaries=0 1
cat_threshold=13
is_linear=0
shrinkage=0.05


Tree=17
num_leaves=11
num_cat=2
split_feature=0 0 2 34 5 4 33 4 5 43
split_gain=148.32 26.8521 26.7916 21.6401 21.0048 16.4621 7.97877 3.516 12.1853 11.2238
threshold=0 1 2.5000000000000004 26.550000000000004 -0.27694043983797378 0.99374995976406788 36.600000000000009 -0.71504373327588355 -0.5129677127369543 21.950000000000003
decision_type=1 1 2 2 2 2 2 2 2 2
left_child=1 3 6 5 -4 -1 -3 8 9 -2
right_child=7 2 4 -5 -6 -7 -8 -9 -10 -11
leaf_value=0.029248084039965108 0.055145589110247244 -0.049807483804510853 -0.0099921294288317693 0.12058284774530129 0.021535810552388367 -0.046909075489855546 0.067627898773081702 -0.050531085786885588 -0.049023672125208036 -0.042198999815555201
leaf_weight=174.65129147097468 5.9520522505044919 25.134316556155685 88.520436838269234 5.3963900506496421 128.34017624333501 6.5230787098407736 0.68558019772171874 107.79049794003367 24.282391371205449 4.2211079560220242
leaf_count=2206 119 807 2034 27 1805 94 15 5613 1218 114
internal_value=-0.000549482 0.0142171 0.0027722 0.0281209 0.00867961 0.0262636 -0.044284 -0.0428963 -0.0303587 0.014593
internal_weight=571.497 429.251 242.681 186.571 216.861 181.174 25.8199 142.246 34.4556 10.1732
internal_count=14052 6988 4661 2327 3839 2300 822 7064 1451 233
cat_boundaries=0 1 2
cat_threshold=13 1
is_linear=0
shrinkage=0.05


Tree=18
num_leaves=12
num_cat=2
split_feature=0 0 2 5 4 43 33 19 4 5 10
split_gain=147.782 21.4818 24.3521 19.3136 17.0915 21.7754 12.574 2.23094 1.44691 6.15638 2.28203
threshold=0 1 2.5000000000000004 -0.31800055644052067 0.9893236546938301 19.450000000000003 36.600000000000009 27.279861500000006 -0.71504373327588355 -0.5129677127369543 87.270833500000023
decision_type=1 1 2 2 2 2 2 2 2 2 2
left_child=1 4 6 -4 5 -1 -3 -6 9 10 -2
right_child=8 2 3 -5 7 -7 -8 -9 -10 -11 -12
leaf_value=0.042138578224518268 0.018822627282796461 -0.049634903756567622 -0.0094699252312539714 0.02094947299400339 0.015051743277556404 0.0045978989710901618 0.093484903501984989 -0.047505018876096129 -0.050455466693986498 -0.048898767788398377 -0.02518744213607578
leaf_weight=128.90133446455002 5.3238620497286302 24.180203566327695 84.091589421033859 134.52619213610888 1.2249424085020999 55.354943834245205 0.72864263877272506 7.4042237587273121 101.84294975548983 23.333426982164383 4.5191686302423477
leaf_count=1500 123 817 1972 1866 17 720 15 111 5566 1225 102
internal_value=-0.000151024 0.0141087 0.00371347 0.00925877 0.0263247 0.0309462 -0.0420017 -0.0379839 -0.0438219 -0.0354003 -0.00184285
internal_weight=571.431 436.412 243.527 218.618 192.885 184.256 24.9088 8.62917 135.019 33.1765 9.84303
internal_count=14034 7018 4670 3838 2348 2220 832 128 7016 1450 225
cat_boundaries=0 1 2
cat_threshold=13 1
is_linear=0
shrinkage=0.05


Tree=19
num_leaves=13
num_cat=2
split_feature=4 43 2 39 33 43 1 39 1 24 22 13
split_gain=19.3045 22.0573 22.5689 23.7755 18.5283 10.5998 18.2368 9.94346 13.7563 9.89422 3.46992 0.501397
threshold=-0.99630266176052629 24.200000000000006 2.5000000000000004 22.850000000000005 34.750000000000007 33.750000000000007 0 21.450000000000003 1 72.500000000000014 88.805555500000011 12.510416500000002
decision_type=2 2 2 2 2 2 1 2 1 2 2 2
left_child=7 2 4 -4 -2 9 -7 -1 10 -3 -9 -10
right_child=1 5 3 -5 -6 6 -8 8 11 -11 -12 -13
leaf_value=0.099618564700271528 -0.040406745203643658 -0.034691195401419732 0.017514440783055366 -0.0099330860338873658 0.010832693675667733 0.039330645645944483 -0.033050560452412454 0.082277169069574649 -0.043415352256175467 0.040680089751065018 -0.0066581004567848453 -0.0022788620866775293
leaf_weight=5.8248107489198473 45.65889005176723 75.16259128972888 254.55360009148717 113.36141359619796 27.806397002190351 16.328297475352883 16.488878477364779 4.8710346259176704 4.0256428681314 3.8017770480364552 1.174029368907213 1.0037795156240461
leaf_count=104 1627 1990 5678 2688 774 427 426 87 81 86 21 19
internal_value=0.000611167 -0.00104064 0.00399347 0.00905335 -0.0211277 -0.0207775 0.00306104 0.051717 0.0203587 -0.0305991 0.0665114 -0.0369449
internal_weight=570.061 553.162 441.38 367.915 73.4653 111.782 32.8172 16.8993 11.0745 78.9644 6.04506 5.02942
internal_count=14008 13696 10767 8366 2401 2929 853 312 208 2076 108 100
cat_boundaries=0 1 2
cat_threshold=1 1
is_linear=0
shrinkage=0.05


Tree=20
num_leaves=12
num_cat=2
split_feature=0 32 32 5 4 38 5 2 4 5 1
split_gain=123.208 16.952 21.9694 30.3563 27.438 16.7508 15.2939 12.8232 3.02675 10.1797 9.62331
threshold=0 26.542559500000003 27.052083000000003 -0.19337245081799001 0.45273815774107123 6.2047620000000014 0.99249573635719013 10.500000000000002 -0.71504373327588355 -0.5129677127369543 1
decision_type=1 2 2 2 2 2 2 2 2 2 1
left_child=1 5 3 -3 -4 7 -7 -1 9 10 -2
right_child=8 2 4 -5 -6 6 -8 -9 -10 -11 -12
leaf_value=-0.032118898897657504 -0.042256148192146792 0.00066954018834087029 -0.01311832175074402 0.062254431974365802 0.020951769057089946 -0.021827447373161637 0.060959125554453646 0.068279280014314603 -0.050379418799464837 -0.048801115780765451 0.04792200870014942
leaf_weight=3.7287396714091292 4.187156926840542 32.40176610648632 88.70112419873476 51.412692926824093 172.84358425997198 76.06355625577271 5.0569734647870055 10.3674224242568 96.56885408423841 22.625744950026274 5.9497107099741697
leaf_count=58 111 624 1791 698 2436 1213 74 128 5563 1236 118
internal_value=-0.00156291 0.0112103 0.0166038 0.038735 0.00939117 -0.00715671 -0.0159871 0.0413534 -0.0424322 -0.0307769 0.0102232
internal_weight=569.907 440.576 345.359 83.8145 261.545 95.2167 81.1205 14.0962 129.331 32.7626 10.1369
internal_count=14050 7022 5549 1322 4227 1473 1287 186 7028 1465 229
cat_boundaries=0 1 2
cat_threshold=13 1
is_linear=0
shrinkage=0.05


Tree=21
num_leaves=12
num_cat=3
split_feature=0 0 2 5 5 4 39 33 4 5 1
split_gain=126.316 19.6418 23.4711 20.6721 20.0393 20.7348 12.0835 7.1871 1.99109 7.37959 6.69285
threshold=0 1 2.5000000000000004 -0.30982845708428081 -0.79382744783423187 0.9893236546938301 26.050000000000004 36.600000000000009 -0.71504373327588355 -0.5129677127369543 2
decision_type=1 1 2 2 2 2 2 2 2 2 1
left_child=1 4 7 -4 6 -6 -1 -3 9 10 -2
right_child=8 2 3 -5 5 -7 -8 -9 -10 -11 -12
leaf_value=-0.022776452661580023 -0.041694084711481588 -0.049464740689079016 -0.011765341246096137 0.019230421888246869 0.035685431071066448 -0.042534608976319679 0.063338727957409621 0.058837282372868241 -0.050309390561761418 -0.048695990676650036 0.034632319135033611
leaf_weight=28.35163576155901 3.9501530062407273 23.023072192445401 85.185338314622641 142.54872112721205 160.42782684788108 8.1235507316887361 3.7517691291868678 0.81471406295895477 91.867547053843737 21.965993338264525 5.8489845097064972
leaf_count=474 110 822 2005 1897 1702 122 70 15 5555 1257 110
internal_value=-0.000155458 0.0122402 0.00253257 0.00763552 0.023647 0.0316869 -0.0111032 -0.0435434 -0.0427805 -0.0331922 0.00285246
internal_weight=575.859 452.227 251.572 227.734 200.655 168.551 32.1034 23.8378 123.633 31.7651 9.79914
internal_count=14139 7107 4739 3902 2368 1824 544 837 7032 1477 220
cat_boundaries=0 1 2 3
cat_threshold=13 1 1
is_linear=0
shrinkage=0.05


Tree=22
num_leaves=12
num_cat=2
split_feature=0 31 39 40 34 42 4 23 4 5 1
split_gain=106.784 15.6109 16.4078 19.6131 19.5548 10.9184 8.28192 4.40361 3.28381 9.87138 8.45169
threshold=0 25.750000000000004 22.850000000000005 1.1500000000000001 24.550000000000004 2.5000000000000004 -0.98803845231459231 97.500000000000014 -0.71504373327588355 -0.5129677127369543 1
decision_type=1 2 2 2 2 2 2 2 2 2 1
left_child=1 5 3 -3 -4 7 -7 -1 9 10 -2
right_child=8 2 4 -5 -6 6 -8 -9 -10 -11 -12
leaf_value=-0.013379875570044612 -0.041383767822773969 -0.023277136738134072 0.0082022620633111689 0.022959290223395518 -0.039237555114775481 0.062069622201379807 -0.042855190251928924 0.062558515222474118 -0.050242498200111618 -0.048487364466501003 0.044327551367851263
leaf_weight=2.7310069613158694 3.8361052013933676 24.264964634552598 92.368016483262181 269.34221824072301 27.314477771520615 1.1572984457016016 25.69857613183558 3.6617073565721512 87.779018887318671 20.374894539825618 6.1848773099482059
leaf_count=46 110 430 1428 4107 538 11 427 38 5573 1225 113
internal_value=-0.00154406 0.00984627 0.0127293 0.0190721 -0.00286008 -0.0224407 -0.0362677 0.0326956 -0.0416377 -0.0292414 0.0107388
internal_weight=564.713 446.538 413.29 293.607 119.682 33.2486 26.8559 6.39271 118.175 30.3959 10.021
internal_count=14046 7025 6503 4537 1966 522 438 84 7021 1448 223
cat_boundaries=0 1 2
cat_threshold=13 1
is_linear=0
shrinkage=0.05


Tree=23
num_leaves=12
num_cat=3
split_feature=0 0 5 2 39 4 5 5 4 5 1
split_gain=113.363 19.0831 22.2191 43.9126 16.3481 18.3209 10.4397 5.67575 3.30796 9.29095 8.15785
threshold=0 1 0.78724360164103002 10.500000000000002 15.750000000000002 0.9893236546938301 0.93158198870884079 0.95936279103287792 -0.71504373327588355 -0.5129677127369543 2
decision_type=1 1 2 2 2 2 2 2 2 2 1
left_child=1 4 3 -3 6 -6 -1 -4 9 10 -2
right_child=8 2 7 -5 5 -7 -8 -9 -10 -11 -12
leaf_value=-0.038866428272568726 -0.0415252054800722 0.0023862496153652687 -0.045194959260980098 0.082791228943356887 0.032789629427374171 -0.041945985557002879 0.040988390722894633 -0.0059447074000170434 -0.050173407981336661 -0.048349455677263758 0.041667916243855768
leaf_weight=14.485395271331074 3.9364015515893716 193.36794508248568 24.673980379477143 17.623104989528656 176.08281946182251 7.7681594640016547 4.6568102277815333 14.893378389999269 83.395718510262668 19.522054729051888 6.3782724589109421
leaf_count=175 118 3544 568 241 1993 121 45 343 5558 1230 113
internal_value=0.00122462 0.0125272 0.00287058 0.00946097 0.0236862 0.029422 -0.0183693 -0.0309317 -0.0412469 -0.0288545 0.0090548
internal_weight=566.784 453.552 250.558 210.991 202.993 183.851 19.1422 39.5674 113.232 29.8367 10.3147
internal_count=14049 7030 4696 3785 2334 2114 220 911 7019 1461 231
cat_boundaries=0 1 2 3
cat_threshold=13 1 1
is_linear=0
shrinkage=0.05


Tree=24
num_leaves=12
num_cat=2
split_feature=0 32 39 2 20 38 4 2 4 5 1
split_gain=101.137 16.5897 21.0028 26.182 19.2699 13.0497 10.8082 10.1225 3.49735 9.35118 7.15796
threshold=0 26.542559500000003 16.350000000000005 10.500000000000002 31.350000000000005 6.1437500000000016 -0.98803845231459231 10.500000000000002 -0.71504373327588355 -0.5129677127369543 1
decision_type=1 2 2 2 2 2 2 2 2 2 1
left_child=1 5 4 -4 -3 7 -7 -1 9 10 -2
right_child=8 2 3 -5 -6 6 -8 -9 -10 -11 -12
leaf_value=-0.031134165381797113 -0.040482224855269942 0.069021711909057787 0.015888735327710089 0.070703859788995183 -0.030326743693251702 0.020947732898470513 -0.023729466617605978 0.059499031913156336 -0.050114829198555561 -0.048174529762552591 0.039364023299577416
leaf_weight=3.5176847428083411 3.5094342622905987 4.6540555804967871 299.51799814961851 22.640282947570086 36.417987123131752 16.037827160209417 67.613003803417087 10.302567385137079 80.516939450055361 18.429495498538017 6.5432830341160297
leaf_count=55 107 55 4699 242 581 184 1111 116 5633 1215 110
internal_value=9.73473e-05 0.0105202 0.0156544 0.0199478 -0.0176961 -0.00750889 -0.0150175 0.0358859 -0.0408906 -0.0278685 0.0103488
internal_weight=569.701 460.701 363.23 322.158 41.072 97.4711 83.6508 13.8203 108.999 28.4822 10.0527
internal_count=14108 7043 5577 4941 636 1466 1295 171 7065 1432 217
cat_boundaries=0 1 2
cat_threshold=13 1
is_linear=0
shrinkage=0.05


Tree=25
num_leaves=12
num_cat=2
split_feature=0 0 22 5 4 26 5 44 4 5 31
split_gain=100.593 14.592 23.4316 22.4673 21.1106 13.9381 15.7285 15.0083 1.80144 5.49288 5.39319
threshold=0 1 88.805555500000011 -0.12545862287572043 0.91248814248966259 14.550000000000002 0.85561368268953431 38.70000000000001 -0.72696319516528884 -0.5129677127369543 35.45000000000001
decision_type=1 1 2 2 2 2 2 2 2 2 2
left_child=1 5 4 -4 -3 6 -1 -7 9 10 -2
right_child=8 2 3 -5 -6 7 -8 -9 -10 -11 -12
leaf_value=-0.033073333229973571 -0.041682672572437657 -0.010414239267704784 -0.022702973848689471 0.11491751229618696 0.022533059661690755 0.038588593583184672 0.042242074062398348 0.0091768280276915588 -0.050053231089429467 -0.048046466223264021 0.027294346963789618
leaf_weight=21.385674584656957 3.8496312517672795 175.05148531682789 4.1028567589819431 7.5469299703836423 66.170514434576035 103.44259916245937 9.0773725323379022 75.536242637783289 76.206531846895814 17.764868193306029 5.8202593736350536
leaf_count=251 102 3786 89 88 716 1077 87 941 5577 1228 106
internal_value=0.000321749 0.0104887 0.00207092 0.0684867 -0.00132063 0.0200414 -0.0100016 0.0262956 -0.0417128 -0.0322695 -0.00149871
internal_weight=565.955 462.314 252.872 11.6498 241.222 209.442 30.463 178.979 103.641 27.4348 9.66989
internal_count=14048 7035 4679 177 4502 2356 338 2018 7013 1436 208
cat_boundaries=0 1 2
cat_threshold=13 1
is_linear=0
shrinkage=0.05


Tree=26
num_leaves=12
num_cat=4
split_feature=0 0 39 1 13 32 19 40 4 5 1
split_gain=82.4496 13.2553 23.5576 32.6085 18.5596 15.3325 13.5056 12.7613 2.32382 5.84429 4.75151
threshold=0 1 29.150000000000002 2 4.8708330000000011 30.676786000000003 29.084027500000001 1.3500000000000003 -0.71504373327588355 -0.5129677127369543 3
decision_type=1 1 2 1 2 2 2 2 2 2 1
left_child=1 5 4 -4 -3 6 -1 -7 9 10 -2
right_child=8 2 3 -5 -6 7 -8 -9 -10 -11 -12
leaf_value=0.017542318382587008 -0.04073263269120677 0.056276235509744227 -0.033130731187676531 0.16403116551893415 -0.0067651659605699258 -0.0032197884844788016 -0.023689207136286534 0.099306903571231717 -0.049976896803857779 -0.047860925220979698 0.023127630902650874
leaf_weight=179.07478781044483 3.6397815309464949 11.286950971931217 3.1531937867403022 3.9343103021383286 234.76221515610814 4.3344799801707259 21.448483109474182 8.6677021831274015 72.428634864278138 16.771174559369683 6.826420433819294
leaf_count=2046 118 198 24 27 4428 38 227 44 5586 1216 114
internal_value=-0.00209747 0.00698886 -0.000877291 0.0830642 -0.0036572 0.0159004 0.0130364 0.0673391 -0.0409183 -0.030404 -0.000696303
internal_weight=566.328 466.662 253.137 7.0875 246.049 213.525 200.523 13.0022 99.666 27.2374 10.4662
internal_count=14066 7032 4677 51 4626 2355 2273 82 7034 1448 232
cat_boundaries=0 1 2 3 4
cat_threshold=13 1 1 1
is_linear=0
shrinkage=0.05


Tree=27
num_leaves=12
num_cat=1
split_feature=0 31 34 44 34 34 4 19 4 5 43
split_gain=80.7318 13.7902 13.1994 20.023 16.513 8.59158 7.44847 4.83399 3.52958 8.01275 7.02663
threshold=0 25.750000000000004 24.150000000000002 38.70000000000001 22.550000000000004 20.350000000000005 -0.98803845231459231 25.111111500000003 -0.71504373327588355 -0.5129677127369543 21.950000000000003
decision_type=1 2 2 2 2 2 2 2 2 2 2
left_child=1 5 4 -4 -3 7 -7 -1 9 10 -2
right_child=8 2 3 -5 -6 6 -8 -9 -10 -11 -12
leaf_value=-0.036655527087720442 0.035301137313547906 -0.003331709985191814 0.019928763755107524 -0.018836291315975504 0.023739364481280313 0.051572565252726112 -0.045066410938812612 0.040060722002105434 -0.04990729707833455 -0.047759396895409992 -0.041531667099713308
leaf_weight=1.9807729423046128 6.8766364920884389 75.027792336419225 57.988634284585714 75.538123788312078 222.36637651175261 1.3572440892457986 22.153321923688054 6.2518887892365456 68.651155903935432 16.337871401570737 3.8008557613939047
leaf_count=27 124 1209 802 1359 3109 12 409 64 5560 1239 102
internal_value=-0.000327078 0.0085346 0.0110741 -0.00197822 0.0169215 -0.0226188 -0.037611 0.0196318 -0.0396139 -0.0267489 0.00673661
internal_weight=558.331 462.664 430.921 133.527 297.394 31.7432 23.5106 8.23266 95.6665 27.0154 10.6775
internal_count=14016 6991 6479 2161 4318 512 421 91 7025 1465 226
cat_boundaries=0 1
cat_threshold=13
is_linear=0
shrinkage=0.05


Tree=28
num_leaves=13
num_cat=3
split_feature=0 43 43 43 12 1 43 38 22 43 1 14
split_gain=77.1853 13.5491 17.0741 25.2012 14.6159 12.9677 18.192 9.82092 2.23151 8.90822 7.68288 0.698114
threshold=0 24.200000000000006 0.95000000000000007 2.8500000000000001 36.500000000000007 1 35.600000000000001 6.4553575000000007 86.51388900000002 15.550000000000002 2 8.7500000000000018
decision_type=1 2 2 2 2 1 2 2 2 2 1 2
left_child=1 2 4 -4 -1 6 -3 -7 -2 10 -10 -11
right_child=8 5 3 -5 -6 7 -8 -9 9 11 -12 -13
leaf_value=0.013342244196568796 -0.049887037779612578 -0.0056248676707996593 0.050619583779062019 0.01142863072398171 -0.026902425155227352 0.018448901776915039 0.067501547419616212 -0.036971385673883105 -0.036593306822269946 -0.0021881713992123247 0.065181177796514403 -0.046420204650927277
leaf_weight=44.634222416207194 63.620188573375344 40.916305584833026 49.21170368231833 229.84783884137869 43.724816871806979 9.2859593890607339 9.695551071316002 39.80456966906786 2.4376963516697314 1.0361677482724214 3.2317733708769083 20.752096302807331
leaf_count=569 5237 641 637 3491 703 134 152 659 122 53 114 1506
internal_value=-0.000598864 0.00784944 0.0124468 0.018496 -0.00665118 -0.00826837 0.00942017 -0.0263291 -0.0400465 -0.0303663 0.0224958 -0.044505
internal_weight=558.199 467.121 367.419 279.06 88.359 99.7024 50.6119 49.0905 91.0779 27.4577 5.66947 21.7883
internal_count=14018 6986 5400 4128 1272 1586 793 793 7032 1795 236 1559
cat_boundaries=0 1 2 3
cat_threshold=13 1 1
is_linear=0
shrinkage=0.05


Tree=29
num_leaves=12
num_cat=1
split_feature=0 2 33 5 33 5 32 4 5 43 33
split_gain=71.625 20.1806 17.4328 29.4495 17.1552 27.6483 22.9607 3.74946 7.57841 6.51284 3.19713
threshold=0 2.5000000000000004 34.750000000000007 0.76556758748011056 32.550000000000004 -0.16799793862756093 27.578273500000005 -0.71504373327588355 -0.5129677127369543 21.950000000000003 32.750000000000007
decision_type=1 2 2 2 2 2 2 2 2 2 2
left_child=1 2 10 -4 5 -3 -6 8 9 -2 -1
right_child=7 4 3 -5 6 -7 -8 -9 -10 -11 -12
leaf_value=-0.010577981362647737 0.03342119737477614 -0.020005268732143842 -0.035541104730125943 0.075983516158057693 0.053776166040904599 0.016865494504477496 0.013206522501730251 -0.049784209080990828 -0.047403617746161628 -0.040972082071700958 -0.049506678006157719
leaf_weight=7.2935817409306756 7.0278479177504796 85.301723312586546 12.400872536003591 9.6545935496687871 43.853468123823404 122.76692705228925 161.9123302642256 62.906745186075568 14.723006932064889 3.6620085900649428 26.87411392852664
leaf_count=186 124 1602 221 153 614 1453 2078 5603 1221 111 675
internal_value=-0.000106412 0.0078786 -0.019824 0.0144561 0.0118709 0.00172623 0.0220711 -0.0387596 -0.0252922 0.00661155 -0.0417339
internal_weight=558.377 470.058 56.2232 22.0555 413.834 208.069 205.766 88.3196 25.4129 10.6899 34.1677
internal_count=14041 6982 1235 374 5747 3055 2692 7059 1456 235 861
cat_boundaries=0 1
cat_threshold=13
is_linear=0
shrinkage=0.05


Tree=30
num_leaves=11
num_cat=3
split_feature=0 0 4 0 38 34 19 4 5 43
split_gain=65.0572 14.1807 19.5586 21.3731 19.6264 13.4306 12.1506 3.22029 7.47267 5.67462
threshold=0 1 0.91248814248966259 2 8.0687500000000032 26.550000000000004 29.084027500000001 -0.71504373327588355 -0.52765736634565841 21.950000000000003
decision_type=1 1 2 1 2 2 2 2 2 2
left_child=1 5 4 -4 -3 6 -1 8 9 -2
right_child=7 2 3 -5 -6 -7 -8 -9 -10 -11
leaf_value=0.018839378403597094 0.033226541241975473 0.0036252090972596707 0.042313841995837667 -0.0099096482634539983 -0.028965651423813472 0.084060950754664965 -0.015938759091350136 -0.04971076137198642 -0.047486756463396521 -0.039681578767298761
leaf_weight=182.49469362571836 6.4674677588045615 112.61466893739998 34.019576132297516 33.230949029326439 77.095697293058038 6.1516771912574759 28.317272260785103 59.397748909890652 14.691664664074777 3.1781562389805913
leaf_count=2028 113 2171 346 352 1813 27 282 5554 1232 97
internal_value=-0.000819816 0.0066139 -0.00143147 0.021489 -0.00970171 0.0157517 0.0141146 -0.0386894 -0.02616 0.00773297
internal_weight=557.66 473.925 256.961 67.2505 189.71 216.964 210.812 83.735 24.3373 9.64562
internal_count=14015 7019 4682 698 3984 2337 2310 6996 1442 210
cat_boundaries=0 1 2 3
cat_threshold=13 1 4
is_linear=0
shrinkage=0.05


Tree=31
num_leaves=12
num_cat=2
split_feature=0 2 39 43 2 7 13 42 4 2 1
split_gain=60.569 11.8763 14.6318 21.0679 18.2095 12.9897 7.89942 4.25654 3.93088 7.22478 5.87006
threshold=0 2.5000000000000004 22.850000000000005 21.550000000000004 3.5000000000000004 29.039583000000004 9.0770835000000023 2.5000000000000004 -0.71504373327588355 8.5000000000000018 1
decision_type=1 2 2 2 2 2 2 2 2 2 1
left_child=1 5 3 -3 -4 6 -1 -7 9 10 -2
right_child=8 2 4 -5 -6 7 -8 -9 -10 -11 -12
leaf_value=-0.039732555226291814 -0.040178198075531468 0.02421902772732239 0.016193030903318834 -0.0037704476110188029 -0.023933591082677664 -0.013024244655622227 0.00025547983302880823 0.075176970444002678 -0.049646324539626523 -0.047040450837935933 0.031350327875455643
leaf_weight=28.78077358007431 3.431374425999822 207.72079312056303 50.654300760477781 98.819764602929354 61.563614239916205 1.5288079939782608 21.079128196462989 3.9403773136436939 56.759409501217306 13.338043657131491 7.1987865874543786
leaf_count=735 122 2617 496 1441 1216 27 427 47 5573 1213 121
internal_value=-0.000511792 0.00655255 0.0095715 0.0152131 -0.0058377 -0.0148974 -0.0231543 0.0523198 -0.0377533 -0.0238495 0.00679182
internal_weight=554.815 474.088 418.758 306.541 112.218 55.3291 49.8599 5.46919 80.7276 23.9682 10.6302
internal_count=14035 7006 5770 4058 1712 1236 1162 74 7029 1456 243
cat_boundaries=0 1 2
cat_threshold=13 1
is_linear=0
shrinkage=0.05


Tree=32
num_leaves=13
num_cat=2
split_feature=0 0 5 2 39 39 5 5 4 5 22 7
split_gain=59.5337 14.2902 17.4007 25.3727 12.2271 17.5207 11.3844 4.67389 2.60726 5.92304 4.64282 0.0387288
threshold=0 1 0.81800285027139286 10.500000000000002 15.750000000000002 18.450000000000003 0.93158198870884079 0.95936279103287792 -0.71504373327588355 -0.55656394595157355 86.51388900000002 27.277083500000003
decision_type=1 1 2 2 2 2 2 2 2 2 2 2
left_child=1 4 3 -3 6 -6 -1 -4 9 10 -2 -11
right_child=8 2 7 -5 5 -7 -8 -9 -10 11 -12 -13
leaf_value=-0.040374473164929335 -0.038179861335814552 -0.0025820876198400142 -0.050531575877016566 0.053248751936412 0.045257638717719602 0.01104835176662817 0.0396242620282726 -0.012555962332760549 -0.049582026714068778 -0.047316848235927592 0.032004987890482353 -0.019746481482673606
leaf_weight=15.84714997187257 2.7531000319868344 200.686821680516 19.248058520257473 21.637099180370569 49.088033430278301 152.32166255265474 5.1512237414717665 14.935354644432662 54.253086790442467 13.082018057815729 5.3910169843584299 2.2097004298120728
leaf_count=190 88 3567 465 262 461 1660 45 349 5591 1125 88 173
internal_value=-0.000757294 0.00609439 -0.0020135 0.00306561 0.0150996 0.0195683 -0.0198404 -0.0347678 -0.0384265 -0.0273551 0.00669847 -0.0447894
internal_weight=556.604 478.915 256.507 222.324 222.408 201.41 20.9984 34.1834 77.6889 23.4358 8.14412 15.2917
internal_count=14064 6999 4643 3829 2356 2121 235 814 7065 1474 176 1298
cat_boundaries=0 1 2
cat_threshold=13 1
is_linear=0
shrinkage=0.05


end of trees

feature_importances:
day_of_year_sin=61
day_of_year_cos=53
age_group=51
month=28
wind_speed_max_7d=19
gender=17
temperature_min_7d=16
rain_max_daily_7d=14
temperature_mean_7d=12
temperature_max_7d=11
temperature_max_3d=9
wind_speed_mean_current=8
humidity_mean_3d=8
wind_speed_mean_7d=8
temperature_mean_3d=6
humidity_min_7d=6
precipitation_sum_7d=5
temperature_mean_current=4
wind_gust_max_3d=4
wind_gust_max_7d=4
humidity_mean_7d=3
rain_days_7d=3
humidity_max_3d=2
humidity_min_3d=2
wind_speed_max_3d=2
rain_max_daily_3d=2
humidity_mean_current=1
humidity_max_current=1
humidity_min_current=1
wind_speed_max_current=1
humidity_max_7d=1

parameters:
[boosting: gbdt]
[objective: binary]
[metric: binary_logloss]
[tree_learner: serial]
[device_type: cpu]
[data_sample_strategy: bagging]
[data: ]
[valid: ]
[num_iterations: 33]
[learning_rate: 0.05]
[num_leaves: 15]
[num_threads: 8]
[seed: 42]
[deterministic: 0]
[force_col_wise: 0]
[force_row_wise: 0]
[histogram_pool_size: -1]
[max_depth: 4]
[min_data_in_leaf: 20]
[min_sum_hessian_in_leaf: 0.001]
[bagging_fraction: 0.9]
[pos_bagging_fraction: 1]
[neg_bagging_fraction: 1]
[bagging_freq: 1]
[bagging_seed: 400]
[bagging_by_query: 0]
[feature_fraction: 0.9]
[feature_fraction_bynode: 1]
[feature_fraction_seed: 30056]
[extra_trees: 0]
[extra_seed: 12879]
[early_stopping_round: 0]
[early_stopping_min_delta: 0]
[first_metric_only: 0]
[max_delta_step: 0]
[lambda_l1: 0]
[lambda_l2: 1]
[linear_lambda: 0]
[min_gain_to_split: 0]
[drop_rate: 0.1]
[max_drop: 50]
[skip_drop: 0.5]
[xgboost_dart_mode: 0]
[uniform_drop: 0]
[drop_seed: 17869]
[top_rate: 0.2]
[other_rate: 0.1]
[min_data_per_group: 100]
[max_cat_threshold: 32]
[cat_l2: 10]
[cat_smooth: 10]
[max_cat_to_onehot: 4]
[top_k: 20]
[monotone_constraints: ]
[monotone_constraints_method: basic]
[monotone_penalty: 0]
[feature_contri: ]
[forcedsplits_filename: ]
[refit_decay_rate: 0.9]
[cegb_tradeoff: 1]
[cegb_penalty_split: 0]
[cegb_penalty_feature_lazy: ]
[cegb_penalty_feature_coupled: ]
[path_smooth: 0]
[interaction_constraints: ]
[verbosity: -1]
[saved_feature_importance_type: 0]
[use_quantized_grad: 0]
[num_grad_quant_bins: 4]
[quant_train_renew_leaf: 0]
[stochastic_rounding: 1]
[linear_tree: 0]
[max_bin: 255]
[max_bin_by_feature: ]
[min_data_in_bin: 3]
[bin_construct_sample_cnt: 200000]
[data_random_seed: 175]
[is_enable_sparse: 1]
[enable_bundle: 1]
[use_missing: 1]
[zero_as_missing: 0]
[feature_pre_filter: 1]
[pre_partition: 0]
[two_round: 0]
[header: 0]
[label_column: ]
[weight_column: ]
[group_column: ]
[ignore_column: ]
[categorical_feature: 0,1,3]
[forcedbins_filename: ]
[precise_float_parser: 0]
[parser_config_file: ]
[objective_seed: 16083]
[num_class: 1]
[is_unbalance: 0]
[scale_pos_weight: 1]
[sigmoid: 1]
[boost_from_average: 1]
[reg_sqrt: 0]
[alpha: 0.9]
[fair_c: 1]
[poisson_max_delta_step: 0.7]
[tweedie_variance_power: 1.5]
[lambdarank_truncation_level: 30]
[lambdarank_norm: 1]
[label_gain: ]
[lambdarank_position_bias_regularization: 0]
[eval_at: ]
[multi_error_top_k: 1]
[auc_mu_weights: ]
[num_machines: 1]
[local_listen_port: 12400]
[time_out: 120]
[machine_list_filename: ]
[machines: ]
[gpu_platform_id: -1]
[gpu_device_id: -1]
[gpu_device_id_list: ]
[gpu_use_dp: 0]
[num_gpu: 1]

end of parameters

pandas_categorical:[]
