tree
version=v4
num_class=1
num_tree_per_iteration=1
label_index=0
max_feature_idx=44
objective=binary sigmoid:1
feature_names=age_group gender month season day_of_year_sin day_of_year_cos weather_code_current temperature_mean_current temperature_max_current temperature_min_current humidity_mean_current humidity_max_current humidity_min_current wind_speed_mean_current wind_speed_max_current precipitation_sum_current rain_sum_current wind_gust_max_current rain_day_current temperature_mean_3d temperature_max_3d temperature_min_3d humidity_mean_3d humidity_max_3d humidity_min_3d wind_speed_mean_3d wind_speed_max_3d precipitation_sum_3d rain_sum_3d rain_days_3d rain_max_daily_3d wind_gust_max_3d temperature_mean_7d temperature_max_7d temperature_min_7d humidity_mean_7d humidity_max_7d humidity_min_7d wind_speed_mean_7d wind_speed_max_7d precipitation_sum_7d rain_sum_7d rain_days_7d rain_max_daily_7d wind_gust_max_7d
feature_infos=-1:0:1:2:3:4:5 -1:0:1 [1:12] -1:1:0 [-0.99999942202469239:0.99998555065071859] [-0.99997919295908244:0.9999907524084426] [0:61] [23.658332999999999:32.533332999999999] [25.899999999999999:39.200000000000003] [17.899999999999999:29.300000000000001] [48.958333000000003:91.625] [63:100] [23:86] [2.8541669999999999:19.695833] [6.4000000000000004:30.100000000000001] [0:63.100000000000001] [0:63.100000000000001] [14:56.899999999999999] [0:1] [23.766667000000002:32.427778000000004] [27.699999999999999:39.200000000000003] [17.899999999999999:28.100000000000001] [52.569443999999997:90.694444000000004] [73:100] [23:79] [4.125:17.329167000000002] [9.6999999999999993:30.100000000000001] [0:93.900000000000006] [0:93.900000000000006] [0:3] [0:63.100000000000001] [17.300000000000001:56.899999999999999] [24.365476000000001:32.235118999999997] [28.699999999999999:39.200000000000003] [17.899999999999999:27.5] [55.767856999999999:89.523809999999997] [77:100] [23:72] [4.5327380000000002:15.469643] [11.6:30.100000000000001] [0:163.90000000000001] [0:163.90000000000001] [0:7] [0:63.100000000000001] [23:56.899999999999999]
tree_sizes=1643 1696 1686 1683 1725 1705 1721 1697 1712 1598 1511 1714 1606 1527 1619 1506 1503 1498 1620 1749 1504 1717 1487 1511

Tree=0
num_leaves=15
num_cat=5
split_feature=0 0 33 0 33 38 2 1 43 43 2 13 34 1
split_gain=1037.95 239.045 135.354 115.547 105.066 101.169 130.809 37.3451 34.0322 29.9611 29.0413 24.7838 14.7042 14.5924
threshold=0 1 38.100000000000009 2 31.850000000000005 6.2892860000000015 1.5000000000000002 3 18.650000000000002 22.050000000000004 2.5000000000000004 7.8208335000000009 26.400000000000002 4
decision_type=1 1 2 1 2 2 2 1 2 2 2 2 2 1
left_child=1 5 4 8 -3 11 -7 -4 10 -10 -2 -1 -5 -14
right_child=3 2 7 12 -6 6 -8 -9 9 -11 -12 -13 13 -15
leaf_value=-1.5840638967095715 -1.7454727500036442 -1.7006671631819694 -1.678406116110873 -1.8069760025775512 -1.7502872747218148 -1.8032087035144542 -1.6768951903337161 -1.4780565918763202 -1.6956811346934688 -1.7579716600050497 -1.7892784330344289 -1.7437219355474354 -1.6897780492052028 -1.8022275460978794
leaf_weight=31.449820846319199 50.697111204266548 140.51779954135418 5.4093691855669004 574.77692578732967 434.00752767920494 21.763276025652885 235.99945563077927 5.1577706187963486 24.782458826899529 76.360165014863014 144.41757732629776 2.7675842344760886 4.7803727686405164 4.7803727686405182
leaf_count=250 403 1117 43 4569 3450 173 1876 41 197 607 1148 22 38 38
internal_value=-1.75392 -1.71565 -1.73496 -1.79202 -1.73808 -1.67905 -1.68771 -1.56524 -1.76536 -1.74229 -1.77791 -1.59633 -1.80508 -1.74527
internal_weight=1757.67 877.073 585.092 880.595 574.525 291.98 257.763 10.5671 296.257 101.143 195.115 34.2174 584.338 9.56075
internal_count=13972 6972 4651 7000 4567 2321 2049 84 2355 804 1551 272 4645 76
cat_boundaries=0 1 2 3 4 5
cat_threshold=7 4 8 1 1
is_linear=0
shrinkage=1


Tree=1
num_leaves=15
num_cat=4
split_feature=0 0 0 34 4 43 19 5 39 43 2 43 34 1
split_gain=919.232 198.331 117.966 103.549 104.226 99.2798 118.552 62.8689 41.7063 30.3903 33.3528 31.7485 13.731 12.1589
threshold=0 1 2 25.750000000000004 0.074116354202380164 18.450000000000003 29.197916500000002 -0.99052477729077237 23.850000000000005 18.650000000000002 2.5000000000000004 22.050000000000004 26.550000000000004 3
decision_type=1 1 1 2 2 2 2 2 2 2 2 2 2 1
left_child=1 5 9 4 -3 6 -1 -7 -5 10 -2 -11 -4 -14
right_child=2 3 12 8 -6 7 -8 -9 -10 11 -12 -13 13 -15
leaf_value=0.02968972152198154 0.01267327927843194 0.034087878049919966 -0.052456515079850066 0.060531937736671683 -0.008959957655835734 0.23851911844466828 0.13248495480760386 0.095166820832309942 0.18621250134030495 0.056206985712010049 -0.035097240451166058 -0.0056511349609757421 0.079704194146239096 -0.043823305686917183
leaf_weight=161.99270292371511 48.84115195274353 278.1562238484621 556.5641665160656 21.198994994163517 282.64826016128063 7.9232329577207556 33.191735535860062 101.25937396287918 9.8247870802879316 27.247131586074829 139.10333843529224 77.511072814464569 3.0251859277486792 3.0383797362446785
leaf_count=1225 386 2169 4594 162 2239 59 250 759 74 208 1134 618 23 25
internal_value=-0.000389506 0.0347918 -0.0372209 0.0171422 0.0124142 0.0673157 0.0477566 0.10764 0.104905 -0.0103443 -0.0226817 0.0108172 -0.0507368 0.0203649
internal_weight=1751.53 896.195 855.33 591.828 560.804 304.367 195.184 109.183 31.0238 292.703 187.944 104.758 562.628 6.06357
internal_count=13925 6937 6988 4644 4408 2293 1475 818 236 2346 1520 826 4642 48
cat_boundaries=0 1 2 3 4
cat_threshold=7 4 8 1
is_linear=0
shrinkage=0.05


Tree=2
num_leaves=15
num_cat=5
split_feature=0 0 33 0 43 43 32 5 2 43 1 34 1 20
split_gain=849.769 144.185 115.941 103.796 97.7746 62.2048 89.2611 58.7765 28.5327 24.7146 19.8043 13.3302 11.4882 5.88087
threshold=0 1 38.100000000000009 2 18.450000000000003 18.550000000000004 29.330059500000001 -0.99052477729077237 10.500000000000002 19.600000000000005 3 26.400000000000002 4 32.95000000000001
decision_type=1 1 2 1 2 2 2 2 2 2 1 2 1 2
left_child=1 5 4 8 -3 6 -1 -7 9 -2 -4 -5 -13 -10
right_child=3 2 10 11 -6 7 -8 -9 13 -11 -12 12 -14 -15
leaf_value=0.030999438931504093 -0.016603434052349708 -0.0012943786633403233 0.069866160017599641 -0.051554599973044006 0.040844815222773834 0.20729734113744314 0.12442432809988263 0.078511924942436653 -0.056646970885113439 0.016334780588526398 0.21041304249279791 0.051546562733915328 -0.047280445702943368 0.018008665815829016
leaf_weight=181.07242970168591 167.89503951370716 376.90100619196892 5.5982359349727613 537.67245125770569 215.80534622073174 9.2525064349174482 29.048725768923759 105.26924052834511 35.42961361259222 84.985677376389503 7.4638016223907471 5.3850542902946454 4.464882031083107 2.3922751843929282
leaf_count=1336 1367 2948 39 4611 1664 59 201 740 292 670 46 40 38 20
internal_value=-0.000363207 0.0323554 0.0171995 -0.0366246 0.0140915 0.0591452 0.0444434 0.0906212 -0.0112767 -0.00551314 0.159428 -0.0495957 0.00652036 -0.0515827
internal_weight=1768.64 930.411 605.768 838.225 592.706 324.643 210.121 114.522 290.703 252.881 13.062 547.522 9.84994 37.8219
internal_count=14071 7033 4697 7038 4612 2336 1537 799 2349 2037 85 4689 78 312
cat_boundaries=0 1 2 3 4 5
cat_threshold=7 4 8 1 1
is_linear=0
shrinkage=0.05


Tree=3
num_leaves=15
num_cat=5
split_feature=0 0 0 33 33 38 2 43 30 39 2 1 34 1
split_gain=768.207 166.54 102.64 81.8639 84.6179 69.6294 98.5077 31.4708 27.3712 27.3565 25.2491 17.5381 13.5226 11.1541
threshold=0 1 2 38.250000000000007 31.850000000000005 6.2892860000000015 1.5000000000000002 18.650000000000002 0.8500000000000002 17.650000000000002 2.5000000000000004 3 26.400000000000002 4
decision_type=1 1 1 2 2 2 2 2 2 2 2 1 2 1
left_child=1 5 7 4 -3 8 -7 10 -1 -9 -2 -5 -4 -14
right_child=2 3 12 11 -6 6 -8 9 -10 -11 -12 -13 13 -15
leaf_value=0.19881351646720419 0.0070412460574054278 0.043938124122954086 -0.050799747294872827 0.051951499451682148 0.00064856822090267297 -0.049696168440342157 0.058958822331772354 -0.031679718118259183 0.094154619126125022 0.025911037656752095 -0.034345502522815888 0.18253593938133528 0.052619494881431285 -0.046444782644765967
leaf_weight=8.477936312556265 50.094350561499596 149.68494552373886 515.50947904586792 5.2763288617134076 450.12510223686695 21.825158149003983 274.33057132363319 26.965105265378952 34.996911942958832 78.033430963754654 135.31609600782394 7.3145453631877899 5.2996029257774335 4.1989523321390152
leaf_count=58 397 1104 4592 35 3517 171 1893 212 229 606 1151 40 38 37
internal_value=-0.000101259 0.0302478 -0.0354648 0.0140474 0.0115068 0.0581024 0.0508112 -0.0104846 0.118575 0.0109616 -0.0231858 0.135662 -0.0487838 0.0085743
internal_weight=1767.45 952.031 815.417 612.401 599.81 339.631 296.156 290.409 43.4748 104.999 185.41 12.5909 525.008 9.49856
internal_count=14080 7047 7033 4696 4621 2351 2064 2366 287 818 1548 75 4667 75
cat_boundaries=0 1 2 3 4 5
cat_threshold=7 4 8 1 1
is_linear=0
shrinkage=0.05


Tree=4
num_leaves=15
num_cat=3
split_feature=0 2 0 34 34 39 35 0 38 2 43 19 8 5
split_gain=704.441 116.933 98.576 91.0696 73.5532 105.614 58.5683 58.5099 45.2562 25.5017 21.667 16.2543 5.89119 4.57775
threshold=0 3.5000000000000004 1 23.050000000000004 23.150000000000002 17.750000000000004 77.306547500000008 2 6.3726190000000011 10.500000000000002 18.950000000000003 31.933333000000001 32.650000000000013 -0.93543596745397617
decision_type=1 2 1 2 2 2 2 1 2 2 2 2 2 2
left_child=1 3 9 8 6 -6 -3 -5 -1 10 -2 13 -11 -4
right_child=2 4 11 7 5 -7 -8 -9 -10 12 -12 -13 -14 -15
leaf_value=0.07304844286739369 -0.016533633886141905 0.0061136519722519832 -0.036555749089302751 0.075231084799423933 -0.0098891458314772154 0.042000889789255501 0.088274806495719393 -0.0003138435395221371 -0.032667205502706964 -0.055886450789695723 0.013573489765440051 0.043457029058532992 0.019392757491000005 -0.052128078905079173
leaf_weight=9.9634454697370511 158.06657568365335 27.27227771282196 65.278731256723404 37.872999355196953 124.32439422607422 457.3465301990509 108.02199569344521 63.529823631048203 141.56244012713432 32.362152718007565 94.795577175915241 3.9606077745556822 2.3389044404029837 436.3491290807724
leaf_count=73 1325 202 604 253 892 3255 763 507 1098 283 731 31 20 4029
internal_value=-0.000300104 0.0281432 -0.034987 -0.000798948 0.0387322 0.0309121 0.0718793 0.0356765 -0.0252826 -0.0104816 -0.00523776 -0.048405 -0.0504114 -0.0501784
internal_weight=1763.05 969.894 793.152 252.929 716.965 581.671 135.294 101.403 151.526 287.563 252.862 505.588 34.7011 501.628
internal_count=14066 7043 7023 1931 5112 4147 965 760 1171 2359 2056 4664 303 4633
cat_boundaries=0 1 2 3
cat_threshold=7 8 4
is_linear=0
shrinkage=0.05


Tree=5
num_leaves=15
num_cat=4
split_feature=0 0 0 2 43 32 33 36 39 43 39 34 1 32
split_gain=644.385 131.938 102.081 69.6663 65.0223 85.216 46.9589 43.2689 28.3122 34.9767 16.0342 12.8193 9.25545 6.10193
threshold=0 1 2 3.5000000000000004 18.550000000000004 29.525892500000001 38.100000000000009 99.500000000000014 17.650000000000002 36.250000000000007 18.650000000000002 26.400000000000002 3 28.768452500000002
decision_type=1 1 1 2 2 2 2 2 2 2 2 2 1 2
left_child=1 4 8 10 5 -1 -5 -6 13 -10 -3 -4 -13 -2
right_child=2 3 11 6 7 -7 -8 -9 9 -11 -12 12 -14 -15
leaf_value=0.024194830824111384 -0.042670601398688342 0.016397921810912579 -0.050071061626482463 0.019292315557550468 0.061724343367572758 0.11707094620395397 0.10762078524823056 0.12787877484512439 -0.004776944637858529 0.10329354150756719 -0.023523628724987176 0.044863777099304065 -0.045474309311801138 0.027847187909310629
leaf_weight=200.85684710741043 58.318810485303402 30.404259584844112 476.12243626266718 454.40944190323353 95.630472242832184 27.332553267478943 14.629246369004248 34.904271602630615 215.74062559753656 6.7549189925193778 129.39924769848585 5.7401930540800077 3.9123006910085678 2.5764770507812491
leaf_count=1369 495 241 4576 3334 599 164 82 212 1776 52 1044 40 36 21
internal_value=0.000111037 0.0267104 -0.0339376 0.0123709 0.0507315 0.0357818 0.0222704 0.0802514 -0.00905565 -0.00104845 -0.0158734 -0.0479312 0.00741676 -0.0392853
internal_weight=1756.73 987.566 769.166 628.842 358.724 228.189 469.039 130.535 283.391 222.496 159.804 485.775 9.65249 60.8953
internal_count=14041 7045 6996 4701 2344 1533 3416 811 2344 1828 1285 4652 76 516
cat_boundaries=0 1 2 3 4
cat_threshold=7 4 8 1
is_linear=0
shrinkage=0.05


Tree=6
num_leaves=15
num_cat=0
split_feature=43 21 5 33 2 39 34 32 44 39 42 21 4 15
split_gain=91.426 116.521 59.7299 54.8072 65.071 36.8575 38.2889 25.6982 20.2137 15.988 12.9037 10.0473 7.0977 1.68957
threshold=18.550000000000004 25.750000000000004 -0.99273797715557011 31.850000000000005 9.5000000000000018 17.650000000000002 23.150000000000002 28.845238000000005 52.000000000000007 22.850000000000005 4.5000000000000009 23.950000000000003 0.98213580174693116 16.250000000000004
decision_type=2 2 2 2 2 2 2 2 2 2 2 2 2 2
left_child=1 3 11 4 -1 6 -4 -5 -7 10 -3 -2 -11 -13
right_child=2 9 5 7 -6 8 -8 -9 -10 12 -12 13 -14 -15
leaf_value=-0.023870972725172274 0.020685551890288516 0.059879297974607837 0.041243301415232032 -0.023130661066181057 0.037943684081642448 0.02070339198263918 -0.020239698121476614 0.0012915308324165612 -0.053562473065256279 0.073701969173956036 0.013321620424734549 0.096207129213831538 0.02391261474405193 0.058846826815372649
leaf_weight=73.373009353876114 8.2947064191102964 18.349555335938931 30.220835506916046 695.92571249604225 98.766118794679642 419.89456766843796 133.59214787185192 127.28438733518124 8.4353711605072004 30.891606688499451 68.570936612784863 21.338796317577362 10.876071661710737 11.637440562248228
leaf_count=592 62 128 233 5814 786 3213 1059 1050 64 228 527 158 82 87
internal_value=0.000359729 -0.0081994 0.0155375 -0.0139956 0.01161 0.0114173 -0.00871566 -0.0193575 0.0191195 0.0363942 0.0237196 0.0729837 0.0615994 0.0851426
internal_weight=1757.45 1124.04 633.414 995.349 172.139 592.143 163.813 823.21 428.33 128.688 86.9205 41.2709 41.7677 32.9762
internal_count=14083 9207 4876 8242 1378 4569 1292 6864 3277 965 655 307 310 245
is_linear=0
shrinkage=0.05


Tree=7
num_leaves=15
num_cat=5
split_feature=0 0 0 40 33 38 39 1 30 30 34 13 39 1
split_gain=597.713 98.8407 92.3386 52.8202 58.3026 45.1678 48.9961 31.9977 21.3884 32.5974 14.0041 13.9288 12.1809 9.24927
threshold=0 1 2 93.250000000000014 38.250000000000007 6.4422620000000004 20.150000000000002 3 18.650000000000002 22.050000000000004 26.400000000000002 7.9895830000000005 17.650000000000002 4
decision_type=1 1 1 2 2 2 2 1 2 2 2 2 2 1
left_child=1 5 8 4 -3 11 -7 -5 12 -10 -4 -1 -2 -12
right_child=2 3 10 7 -6 6 -8 -9 9 -11 13 -13 -14 -15
leaf_value=0.091830679147746022 -0.040236443382726188 0.0034161978098691003 -0.049538045142126265 0.016660350235560353 0.099089558781120524 0.012167335504550585 0.053752492011624048 0.074276091464805377 0.066173785348341937 -0.0098256825778446754 0.044669686554897545 -0.0063847530757122064 -0.011422874157115376 -0.045179390798865751
leaf_weight=57.382442846894264 45.929412379860878 516.12005195021629 461.75208000838757 47.782637923955917 15.434397056698797 112.06744094192982 194.91903178393841 49.190483197569847 20.108206689357758 41.924834482371807 6.1781714558601362 3.7140862345695487 174.98914359509945 3.7944798022508621
leaf_count=337 410 3900 4616 336 79 741 1231 346 147 327 41 24 1476 35
internal_value=-0.000325011 0.0249837 -0.0336217 0.0124088 0.00637505 0.0454731 0.0386604 0.0463463 -0.00994562 0.0154688 -0.0472729 0.0858534 -0.0175676 0.0094813
internal_weight=1751.29 996.611 754.676 628.528 531.554 368.083 306.986 96.9731 282.952 62.033 471.725 61.0965 220.919 9.97265
internal_count=14046 6994 7052 4661 3979 2333 1972 682 2360 474 4692 361 1886 76
cat_boundaries=0 1 2 3 4 5
cat_threshold=7 4 8 1 1
is_linear=0
shrinkage=0.05


Tree=8
num_leaves=15
num_cat=4
split_feature=0 0 0 2 2 34 20 34 39 43 32 34 1 2
split_gain=554.252 96.5643 90.7772 52.5413 45.2419 90.9113 61.3485 41.0227 27.1476 38.6905 16.9237 9.53414 7.91001 6.51199
threshold=0 1 2 3.5000000000000004 10.500000000000002 22.750000000000004 31.950000000000003 26.050000000000004 17.650000000000002 36.250000000000007 28.609821500000006 26.400000000000002 3 5.5000000000000009
decision_type=1 1 1 2 2 2 2 2 2 2 2 2 1 2
left_child=1 4 8 10 5 -1 -6 -5 -2 -10 -3 13 -13 -4
right_child=2 3 11 7 6 -7 -8 -9 9 -11 -12 12 -14 -15
leaf_value=-0.019572523738413779 -0.039582516878917999 -0.024040243232654208 -0.055724486936677801 0.016514563095748096 0.12229942696335235 0.049686207657442305 0.0032204572035010926 0.085109358549292288 -0.0055747940133488083 0.10486998466750218 0.012251525402569864 0.036475148876725691 -0.045762628713287214 -0.042728786937170138
leaf_weight=56.680308751761913 58.411298431456089 110.28858734667301 200.94450006633997 459.18354434520006 36.643420562148094 273.95485135912895 15.254406332969664 21.971724852919579 213.49306928366423 7.2342472672462454 44.434298053383827 5.7283080071210843 4.1716054305434227 242.64832185208797
leaf_count=405 526 908 2101 3286 217 1640 98 121 1771 51 362 37 40 2508
internal_value=0.000162967 0.0239212 -0.0327302 0.0114953 0.0436777 0.0377901 0.0880209 0.0198169 -0.00925033 -0.00149837 -0.013606 -0.0466214 0.000802738 -0.0487278
internal_weight=1751.04 1018.41 732.631 635.878 382.533 330.635 51.8978 481.155 279.139 220.727 154.723 453.493 9.89991 443.593
internal_count=14071 7037 7034 4677 2360 2045 315 3407 2348 1822 1270 4686 77 4609
cat_boundaries=0 1 2 3 4
cat_threshold=7 4 8 1
is_linear=0
shrinkage=0.05


Tree=9
num_leaves=14
num_cat=4
split_feature=0 0 43 21 43 32 39 4 3 32 43 1 19
split_gain=507.175 125.483 53.0117 65.0154 35.4747 49.6211 35.1273 33.2824 6.59504 15.3446 13.3798 7.37299 3.42728
threshold=0 1 18.550000000000004 25.750000000000004 18.450000000000003 29.308928500000004 15.050000000000002 0.97875492728876534 2 26.207738000000003 26.400000000000002 3 31.933333000000001
decision_type=1 1 2 2 2 2 2 2 1 2 2 1 2
left_child=8 4 3 -3 5 -2 -6 -4 9 10 -1 -11 -10
right_child=1 2 7 -5 6 -7 -8 -9 12 11 -12 -13 -14
leaf_value=0.043410652276983722 0.017914830787066811 -0.010280282371674224 0.018034218938196924 0.040428199654329894 -0.0333758101490274 0.078250791797899108 0.065313794881788123 0.10745914006773237 -0.055383446674636599 -0.035201509308899495 -0.042843508659034552 -0.053676401847916499 0.0048610396408234596
leaf_weight=9.1239069923758525 205.7055926322937 502.88768175244331 332.97289913147688 71.28629495203495 9.0410063564777357 40.111745670437813 139.96390068531036 9.7974746078252775 179.8151480704546 119.24536093324423 7.0997090488672248 117.96315965801477 2.2352119013667098
leaf_count=96 1331 4073 2378 493 52 213 780 70 1962 1260 75 1263 17
internal_value=0.000110454 0.0156622 0.005308 -0.00392525 0.0389133 0.0280374 0.0591431 0.0208954 -0.0459689 -0.04137 0.00536853 -0.0445758 -0.0546213
internal_weight=1747.25 1311.77 916.944 574.174 394.822 245.817 149.005 342.77 435.482 253.432 16.2236 237.209 182.05
internal_count=14063 9390 7014 4566 2376 1544 832 2448 4673 2694 171 2523 1979
cat_boundaries=0 1 2 3 4
cat_threshold=48 4 2 1
is_linear=0
shrinkage=0.05


Tree=10
num_leaves=13
num_cat=3
split_feature=0 0 43 34 4 32 44 39 34 1 2 33
split_gain=465.592 112.459 50.2172 57.0533 34.7728 74.1754 36.5285 29.057 12.3931 8.59222 6.42342 11.1221
threshold=0 1 18.550000000000004 25.750000000000004 0.14250626876356548 28.581250000000001 49.150000000000006 16.550000000000004 26.400000000000002 2 5.5000000000000009 33.95000000000001
decision_type=1 1 2 2 2 2 2 2 2 1 2 2
left_child=8 4 3 -3 6 -6 -2 -4 10 -10 -1 -12
right_child=1 2 7 -5 5 -7 -8 -9 9 -11 11 -13
leaf_value=-0.055076766435469451 0.057029095388673991 -0.0094790015562993962 -0.017603135609012659 0.04288275971606733 -0.0041576188614643036 0.057043938500063444 -0.04255408519676733 0.025371368659384986 0.045690260962595479 -0.043857040175034674 -0.043814344616450424 0.012963316509152049
leaf_weight=181.05502853542566 187.92317643016577 518.8750985711813 44.482923664152622 56.81533470004797 113.30341901630163 86.755883038043976 8.9842582643032056 301.9754302278161 5.6088385134935361 3.5378718301653862 220.09031850844622 8.5567974373698217
leaf_count=2065 1072 4228 335 366 733 487 53 2106 36 36 2433 94
internal_value=-9.74709e-05 0.0145233 0.00475556 -0.00424598 0.0364735 0.0225342 0.0522934 0.0198189 -0.0453348 0.0101454 -0.0476989 -0.0416423
internal_weight=1737.96 1319.12 922.149 575.69 396.967 200.059 196.907 346.458 418.849 9.14671 409.702 228.647
internal_count=14044 9380 7035 4594 2345 1220 1125 2441 4664 72 4592 2527
cat_boundaries=0 1 2 3
cat_threshold=48 4 1
is_linear=0
shrinkage=0.05


Tree=11
num_leaves=15
num_cat=4
split_feature=0 0 43 19 33 0 5 5 1 2 43 32 5 4
split_gain=452.986 71.5873 63.725 84.2742 65.5465 35.4285 33.7555 33.0112 23.9278 22.7449 14.8309 11.3444 6.41846 3.80517
threshold=0 1 18.450000000000003 29.197916500000002 31.950000000000003 2 -0.99273797715557011 -0.21862536810265823 3 10.500000000000002 18.650000000000002 31.413690000000006 -0.99052477729077237 -0.056952163117076689
decision_type=1 1 2 2 2 1 2 2 1 2 2 2 2 2
left_child=2 9 3 4 -1 -5 8 -8 -4 10 -2 12 -3 -11
right_child=1 11 6 5 -6 -7 7 -9 -10 13 -12 -13 -14 -15
leaf_value=0.033993051313698792 -0.015954201427039415 -0.018805883204551597 0.038299868124044983 0.061747555736902528 -0.0077447301094547829 -0.0014547054520721433 0.02067273589742178 0.051519387278505663 0.1349967254181999 -0.054911195298110033 0.0089401495007141799 0.024988488741504066 -0.048465252098428752 0.010433237443605442
leaf_weight=122.07501395791769 147.19706156104803 20.934664539992809 13.459213748574257 87.275630138814449 398.12810411304235 37.406560823321342 233.54141749441624 139.40370781719685 13.457951799035072 29.498500116169456 99.492507480084896 4.9727253317832938 380.69270343333483 2.0892737656831732
leaf_count=804 1303 234 78 507 2959 251 1472 845 77 284 734 38 4427 21
internal_value=-0.000111176 -0.0314287 0.0205334 0.0109778 0.00209622 0.0477225 0.0363908 0.0323099 0.0897499 -0.0107455 -0.00591849 -0.0449284 -0.0469698 -0.0504017
internal_weight=1729.63 684.877 1044.75 644.885 520.203 124.682 399.862 372.945 26.9172 278.277 246.69 406.6 401.627 31.5878
internal_count=14034 7041 6993 4521 3763 758 2472 2317 155 2342 2037 4699 4661 305
cat_boundaries=0 1 2 3 4
cat_threshold=7 8 5 1
is_linear=0
shrinkage=0.05


Tree=12
num_leaves=14
num_cat=3
split_feature=0 0 34 4 25 2 39 19 34 1 2 33 5
split_gain=401.87 98.1263 39.4676 52.7469 36.1661 41.1232 35.8085 29.4503 12.1975 7.20966 6.24227 12.4501 2.10456
threshold=0 1 25.250000000000004 -0.78326540922535159 6.6145835000000011 1.5000000000000002 22.850000000000005 25.956944500000002 26.400000000000002 2 5.5000000000000009 33.95000000000001 -0.57077231802681661
decision_type=1 1 2 2 2 2 2 2 2 1 2 2 2
left_child=8 4 3 -3 7 -6 -4 -2 10 12 -1 -12 -10
right_child=1 2 6 -5 5 -7 -8 -9 9 -11 11 -13 -14
leaf_value=-0.054523218474762394 0.15441755774387333 0.02431457727741531 0.01168516783036507 -0.0061074396016716735 -0.039283694399424023 0.03029072054409403 0.080338645030881478 0.051433280166163033 0.003194477575528749 -0.043385937688625614 -0.043274900135909927 0.015544433053565411 0.057813242660899877
leaf_weight=166.15847712010145 6.9100723564624777 180.53191861510277 53.133075319230556 661.369005613029 22.056366056203842 291.23883520066738 28.929884105920792 90.505823440849781 3.0407526195049286 3.4635447412729263 202.03781283646822 8.9371781349182111 3.6483933031558973
leaf_count=2062 35 1262 368 5182 172 1655 183 489 20 37 2401 101 22
internal_value=-0.000219472 0.012841 0.00364247 0.000437173 0.0329 0.0252832 0.0365636 0.0602331 -0.044335 0.00788973 -0.0469305 -0.0407217 0.0366291
internal_weight=1721.96 1334.67 923.964 841.901 410.711 313.295 82.063 97.4159 387.286 10.1527 377.133 210.975 6.68915
internal_count=13989 9346 6995 6444 2351 1827 551 524 4643 79 4564 2502 42
cat_boundaries=0 1 2 3
cat_threshold=48 4 1
is_linear=0
shrinkage=0.05


Tree=13
num_leaves=13
num_cat=2
split_feature=0 0 43 33 44 39 39 19 5 33 32 22
split_gain=381.886 95.4197 45.9666 55.6135 30.8252 42.0302 23.8773 12.6889 7.32058 26.1924 4.65564 0.961383
threshold=0 1 18.550000000000004 37.750000000000007 49.150000000000006 25.350000000000005 18.250000000000004 31.933333000000001 -0.93543596745397617 33.95000000000001 26.207738000000003 86.680555500000011
decision_type=1 1 2 2 2 2 2 2 2 2 2 2
left_child=7 4 3 -3 5 -2 -4 8 9 -1 -10 -6
right_child=1 2 6 -5 11 -7 -8 -9 10 -11 -12 -13
leaf_value=-0.039584411065041847 0.030545569591193186 -0.0095767092869976124 -0.0022026746487962519 0.051719754021162391 -0.056046651754568556 0.093368065121030616 0.025812437443147759 0.033787317776998817 -0.029334887453934158 0.07329464724101209 -0.050978038882753332 -0.017631166413057262
leaf_weight=44.68063173443079 378.38776100426912 534.60372265428305 108.48848012089729 38.759119912981987 7.606569752097128 27.993541434407234 252.26804586499929 4.3665958493947974 32.385049313306808 4.8633524551987639 288.63929498195648 3.5377034693956375
leaf_count=540 2134 4371 783 232 46 151 1676 32 397 54 3650 20
internal_value=8.6045e-06 0.0124439 0.00341048 -0.00535026 0.0320478 0.0350917 0.0174048 -0.043898 -0.0460833 -0.027273 -0.0488925 -0.0463078
internal_weight=1726.58 1351.64 934.119 573.363 417.526 406.381 360.757 374.935 370.568 49.544 321.024 11.1443
internal_count=14086 9413 7062 4603 2351 2285 2459 4673 4641 594 4047 66
cat_boundaries=0 1 2
cat_threshold=48 4
is_linear=0
shrinkage=0.05


Tree=14
num_leaves=14
num_cat=3
split_feature=0 0 4 34 44 2 34 20 34 1 5 43 4
split_gain=361.977 71.296 33.1684 40.603 36.2468 30.2281 58.1238 36.3062 11.4615 7.68905 6.28587 12.4673 6.51227
threshold=0 1 -0.8041866928211282 25.250000000000004 44.45000000000001 10.500000000000002 22.750000000000004 31.950000000000003 26.400000000000002 2 -0.99052477729077237 19.600000000000005 -0.61237985104942771
decision_type=1 1 2 2 2 2 2 2 2 1 2 2 2
left_child=8 5 4 -4 -3 6 -2 -7 10 -10 11 -1 -12
right_child=1 2 3 -5 -6 7 -8 -9 9 -11 12 -13 -14
leaf_value=-0.050200310395053932 -0.022048161836304231 0.032231920509117218 -0.0043943501511393025 0.032477554359594533 -0.035275330837730379 0.086893170858275803 0.032658641769854779 -0.0035073178307726918 0.042031698198363193 -0.042997435042702918 -0.035519723458539286 0.02823918244298599 -0.052220790769318043
leaf_weight=10.742935821413996 56.728717282414436 154.86802855879068 671.90901181101799 82.98170929402113 21.952989660203457 41.620303735136986 312.35017372667789 14.91872191429138 5.7910951972007734 3.3998197317123413 90.661182686686516 8.0461941659450513 241.67104880511761
leaf_count=133 394 1065 5288 539 143 209 1665 88 36 38 1164 94 3196
internal_value=0.00024851 0.0121266 0.00422693 -0.000303585 0.0236994 0.0288773 0.0242132 0.0633932 -0.0435376 0.0094457 -0.0461838 -0.0168801 -0.0477849
internal_weight=1717.64 1357.33 931.712 754.891 176.821 425.618 369.079 56.539 360.312 9.19091 351.121 18.7891 332.332
internal_count=14052 9391 7035 5827 1208 2356 2059 297 4661 74 4587 227 4360
cat_boundaries=0 1 2 3
cat_threshold=48 4 1
is_linear=0
shrinkage=0.05


Tree=15
num_leaves=13
num_cat=3
split_feature=0 0 19 35 37 34 39 5 34 2 33 1
split_gain=325.165 59.8516 75.2551 70.7397 64.5618 42.8465 25.634 23.0074 8.32448 8.79494 11.1379 5.35441
threshold=0 1 29.168750000000003 86.342262000000019 35.500000000000007 23.850000000000005 25.250000000000004 -0.97874870457683605 26.400000000000002 5.5000000000000009 33.95000000000001 2
decision_type=1 1 2 2 2 2 2 2 2 2 2 1
left_child=8 2 4 7 -2 -5 -4 -3 9 -1 -11 -10
right_child=1 3 6 5 -6 -7 -8 -9 11 10 -12 -13
leaf_value=-0.053788854704141353 -0.021755130163094161 0.026787275288829057 0.047409465453534375 0.0029373528463526016 0.021328796113487411 0.053530365284463324 0.11165355788729139 -0.014475724120252187 0.028876546280631795 -0.039597941336306446 0.016329737016813915 -0.042202043434077172
leaf_weight=149.27877199649811 102.30745959281921 35.944019168615341 82.464798368513584 87.86789158731699 552.86108376830816 79.116522833704948 19.424329504370689 403.68775476515293 6.1982698738574964 183.82161692529917 8.833379425108431 3.1968500092625618
leaf_count=2111 769 267 447 623 3351 555 111 3252 38 2432 101 37
internal_value=0.000159569 0.011264 0.0205755 -0.000516203 0.0145781 0.0270841 0.0606232 -0.011049 -0.04198 -0.0444439 -0.0369625 0.00295769
internal_weight=1715 1363.67 757.058 606.616 655.169 166.984 101.889 439.632 351.329 341.934 192.655 9.39512
internal_count=14094 9375 4678 4697 4120 1178 558 3519 4719 4644 2533 75
cat_boundaries=0 1 2 3
cat_threshold=48 5 1
is_linear=0
shrinkage=0.05


Tree=16
num_leaves=13
num_cat=3
split_feature=0 0 38 2 43 19 43 23 34 2 33 1
split_gain=313.628 63.0437 32.647 47.3103 28.8666 35.7519 26.6218 21.7339 7.87146 6.87911 8.12905 4.69794
threshold=0 1 6.259821500000001 1.5000000000000002 18.550000000000004 29.230555500000005 18.950000000000003 98.500000000000014 26.400000000000002 5.5000000000000009 33.95000000000001 2
decision_type=1 1 2 2 2 2 2 2 2 2 2 1
left_child=8 2 7 -4 5 -3 -6 -2 9 -1 -11 -10
right_child=1 4 3 -5 6 -7 -8 -9 11 10 -12 -13
leaf_value=-0.05355179237161161 0.11370101750678537 -0.0096268750683856444 -0.04925269148094269 0.025798754816896377 0.071728864730819214 0.022285939052980749 0.011093763685166637 0.042038021556388236 0.024234835243273866 -0.040382828289382507 0.009008001766394642 -0.041928549398236439
leaf_weight=140.59916952997446 14.455652251839636 467.4561654701829 21.384451419115067 360.63639898598194 18.151955135166645 107.01445069164038 348.66253834217787 41.336849972605705 6.533352777361868 178.58865346759558 8.3902570605277997 3.1672563850879669
leaf_count=2081 70 3884 173 1926 118 741 2324 200 39 2442 95 38
internal_value=0.000100068 0.0107292 0.0262121 0.02148 0.0033081 -0.00365365 0.0142812 0.0622808 -0.0423303 -0.0448922 -0.0381304 0.000732907
internal_weight=1716.38 1379.1 437.813 382.021 941.285 574.471 366.814 55.7925 337.279 327.578 186.979 9.70061
internal_count=14131 9436 2369 2099 7067 4625 2442 270 4695 4618 2537 77
cat_boundaries=0 1 2 3
cat_threshold=48 4 1
is_linear=0
shrinkage=0.05


Tree=17
num_leaves=13
num_cat=4
split_feature=0 0 4 44 0 44 39 34 2 33 1 33
split_gain=277.995 56.2195 30.5975 32.8754 29.3049 26.0838 39.8666 11.2914 7.09704 9.38309 6.98868 0.97562
threshold=0 1 -0.814291907305839 44.45000000000001 2 49.150000000000006 25.350000000000005 26.400000000000002 5.5000000000000009 33.95000000000001 3 31.450000000000003
decision_type=1 1 2 2 1 2 2 2 2 2 1 2
left_child=7 5 3 -3 -4 6 -2 8 -1 -10 -9 -7
right_child=1 2 4 -5 -6 11 -8 10 9 -11 -12 -13
leaf_value=-0.053331282471587187 0.022167376134628065 0.029134931716890244 0.010979962024184992 -0.036331192950712063 -0.0092061108777502076 -0.01816597991209689 0.081708989197357959 0.03779015267406622 -0.03996272331634898 0.012072639128691713 -0.042262473883944537 -0.056773698744181617
leaf_weight=134.78371196240187 394.34721317887306 153.52510417997837 268.75318740308285 21.028479680418968 493.86876364797354 3.5675543248653394 29.494229137897491 6.4822411239147169 171.86256190389395 8.6918460577726346 3.3197820261120796 7.9089899808168411
leaf_count=2089 2119 1018 1943 138 3925 20 147 38 2430 97 41 47
internal_value=-0.000671204 0.00924634 0.00224174 0.0210862 -0.00206411 0.0238993 0.0264933 -0.0414481 -0.0443594 -0.0374051 0.00927515 -0.0471902
internal_weight=1697.63 1372.49 937.176 174.554 762.622 435.318 423.841 325.14 315.338 180.554 9.80202 11.4765
internal_count=14052 9357 7024 1156 5868 2333 2266 4695 4616 2527 79 67
cat_boundaries=0 1 2 3 4
cat_threshold=48 4 1 1
is_linear=0
shrinkage=0.05


Tree=18
num_leaves=14
num_cat=3
split_feature=0 43 19 37 39 0 4 33 2 33 4 1 27
split_gain=254.165 49.4622 55.4168 51.0387 37.255 36.8379 33.8888 9.67266 8.9207 10.2355 7.99581 6.65472 2.9033
threshold=0 18.550000000000004 29.197916500000002 32.500000000000007 15.050000000000002 1 0.97875492728876534 38.100000000000009 5.5000000000000009 33.95000000000001 -0.99467753128998015 2 0.75000000000000011
decision_type=1 2 2 2 2 1 2 2 2 2 2 1 2
left_child=7 2 3 -2 10 -4 -6 8 -1 -10 -3 12 -9
right_child=1 4 5 -5 6 -7 -8 11 9 -11 -12 -13 -14
leaf_value=-0.053243927574414866 -0.033340351956990817 0.016609613345699895 0.044556525333273006 0.0016829180347407544 0.021714532816456356 -0.0035051151806130515 0.096008445697368758 -0.0032609650312398677 -0.038097175185852018 0.015385585534642827 -0.045814830198034277 -0.042052982875477415 0.061448771293122088
leaf_weight=129.58610529452562 127.15369080007076 5.9355927109718349 97.270698383450508 551.9835757240653 485.58739394694567 68.566045418381691 14.961483374238012 2.6845401078462583 165.93558457493782 8.9371003434061986 23.414460636675358 3.3369087427854538 3.4431376904249191
leaf_count=2086 1054 36 507 4064 2918 508 89 27 2428 99 155 44 19
internal_value=-0.000463281 0.00887406 0.00142228 -0.00491381 0.0208987 0.0272439 0.0241222 -0.0402593 -0.0430821 -0.0352919 -0.0330591 0.00751394 0.0366192
internal_weight=1688.8 1374.87 844.974 679.137 529.899 165.837 500.549 313.923 304.459 174.873 29.3501 9.46459 6.12768
internal_count=14034 9331 6133 5118 3198 1015 3007 4703 4613 2527 191 90 46
cat_boundaries=0 1 2 3
cat_threshold=48 5 1
is_linear=0
shrinkage=0.05


Tree=19
num_leaves=15
num_cat=1
split_feature=34 4 44 39 39 33 37 32 20 19 34 4 22 1
split_gain=36.8006 52.0783 40.2699 41.4528 19.7193 19.1537 26.7385 21.6443 12.5163 9.68954 6.66779 6.32834 2.73415 2.14503
threshold=25.250000000000004 0.10837544681456417 48.800000000000004 18.050000000000004 22.850000000000005 36.45000000000001 32.500000000000007 28.763095000000003 33.350000000000001 26.389583500000004 25.450000000000003 0.73865729060996177 68.111111000000008 0
decision_type=2 2 2 2 2 2 2 2 2 2 2 2 2 1
left_child=1 2 3 -1 8 6 -3 -7 -2 -4 -10 13 -13 -6
right_child=4 5 9 -5 11 7 -8 -9 10 -11 -12 12 -14 -15
leaf_value=-0.0067798546986270166 -0.047701484577279921 -0.035993544372191627 0.038367191865698945 0.016997979412186111 0.086984900345857319 -0.041040148629097328 -0.010389767586682766 0.01944985166172641 0.053464461158772791 -0.044517346318929313 0.010318889122881793 0.039027558705109794 0.0026684754618245756 0.044784152461604637
leaf_weight=285.07457868754864 7.7122614309191695 130.53061632439494 3.0724439769983283 510.16104773059487 10.258406363427639 17.263919703662395 460.61524101346731 77.198990054428577 9.1348574943840486 44.399264611303806 85.69841293245554 26.622140482068062 6.550337314605712 10.05485711991787
leaf_count=2374 65 1341 22 3916 72 172 4049 659 75 374 599 174 46 70
internal_value=-0.000166793 -0.00253353 0.00578916 0.00847634 0.0228838 -0.0127568 -0.0160946 0.00808068 0.00985941 -0.0384721 0.0149894 0.0472154 0.0321362 0.0691773
internal_weight=1684.35 1528.32 842.707 795.236 156.031 685.609 591.146 94.4629 102.546 47.4717 94.8333 53.4857 33.1725 20.3133
internal_count=14008 12907 6686 6290 1101 6221 5390 831 739 396 674 362 220 142
cat_boundaries=0 1
cat_threshold=1
is_linear=0
shrinkage=0.05


Tree=20
num_leaves=13
num_cat=3
split_feature=0 0 32 37 35 34 43 5 34 2 33 1
split_gain=240.81 46.7363 57.3277 64.3413 49.1256 44.0034 26.0802 18.5701 11.266 8.61011 12.1628 6.30465
threshold=0 1 28.845238000000005 35.500000000000007 86.342262000000019 23.850000000000005 34.150000000000013 -0.97874870457683605 26.400000000000002 5.5000000000000009 33.95000000000001 2
decision_type=1 1 2 2 2 2 2 2 2 2 2 1
left_child=8 2 3 -2 7 -6 -4 -3 9 -1 -11 -10
right_child=1 4 6 -5 5 -7 -8 -9 11 10 -12 -13
leaf_value=-0.052888593748099337 -0.027640425903077939 0.023002173718645547 0.040693533275482099 0.0176310832487129 -0.0029369541938522384 0.047034007852682837 0.12777912956396661 -0.013493214194092315 0.038656972597572344 -0.037951840059586399 0.02011297350789984 -0.040511540691897052
leaf_weight=121.21997314691544 90.348829224705696 37.31960766017437 125.13228216022253 559.42802136391401 91.730657234787941 83.566915094852448 8.5624171346425992 394.5772483497858 6.3512814044952375 159.52978732809424 8.9566013664007169 2.8745141252875328
leaf_count=2077 714 268 673 3270 634 554 47 3237 36 2405 97 38
internal_value=0.000432219 0.00924591 0.0172576 0.0113035 -0.00121483 0.0210166 0.0471781 -0.0102938 -0.0394569 -0.042504 -0.0347647 0.0124407
internal_weight=1689.6 1390.67 783.472 649.777 607.194 175.298 133.695 431.897 298.932 289.706 168.486 9.2258
internal_count=14050 9397 4704 3984 4693 1188 720 3505 4653 4579 2502 74
cat_boundaries=0 1 2 3
cat_threshold=48 5 1
is_linear=0
shrinkage=0.05


Tree=21
num_leaves=15
num_cat=3
split_feature=0 0 33 4 34 44 25 26 32 4 34 34 5 1
split_gain=240.753 46.3824 26.7385 25.8013 34.0188 33.4949 21.0737 8.69666 7.40365 22.0028 11.4997 8.07193 7.60775 3.60276
threshold=0 1 30.750000000000004 -0.8041866928211282 25.250000000000004 44.45000000000001 6.3805555000000007 17.350000000000005 26.207738000000003 -0.61237985104942771 23.250000000000004 26.400000000000002 -0.93543596745397617 2
decision_type=1 1 2 2 2 2 2 2 2 2 2 2 2 1
left_child=8 2 7 5 -5 -3 -4 -2 9 10 -1 12 -10 -13
right_child=1 3 6 4 -6 -7 -8 -9 11 -11 -12 13 -14 -15
leaf_value=0.07822371677853121 0.1329551025971305 0.0267615976307462 0.041291199561918158 -0.0055523627125507189 0.027164202097232665 -0.036446483446166744 0.014501633353633889 0.033489329160376301 -0.025347142568424377 -0.050302791430046415 -0.029033180806367843 0.0201351292926365 -0.049918301469010475 -0.039763750832407158
leaf_weight=6.2059070095419901 6.1006759703159315 165.75594066828489 92.751747459173203 675.32598338276148 89.036112979054451 23.088372975587845 349.70449617505074 4.4478701651096344 40.814402811229229 15.658217761665581 3.1742269024252892 6.7582767605781537 214.09082118049264 2.711608499288559
leaf_count=87 28 1061 450 5331 553 152 1877 22 594 257 47 38 3605 37
internal_value=0.00010315 0.00872043 0.0217313 0.00235973 -0.00171089 0.0188824 0.020198 0.0975462 -0.0405564 -0.0151881 0.0426277 -0.044421 -0.0460985 0.000823928
internal_weight=1695.62 1406.21 453.005 953.206 764.362 188.844 442.456 10.5485 289.413 25.0384 9.38013 264.375 254.905 9.46989
internal_count=14139 9474 2377 7097 5884 1213 2327 50 4665 391 134 4274 4199 75
cat_boundaries=0 1 2 3
cat_threshold=48 4 1
is_linear=0
shrinkage=0.05


Tree=22
num_leaves=13
num_cat=5
split_feature=0 0 33 30 2 33 34 34 2 0 1 1
split_gain=207.345 41.4004 26.4647 28.0359 24.7382 43.4652 38.2339 9.19719 8.92253 14.4715 4.89867 4.09674
threshold=0 1 38.250000000000007 14.050000000000002 10.500000000000002 31.950000000000003 22.750000000000004 26.400000000000002 5.5000000000000009 2 3 4
decision_type=1 1 2 2 2 2 2 2 2 1 1 1
left_child=7 4 3 -3 6 -6 -2 8 -1 -10 -9 -4
right_child=1 2 11 -5 5 -7 -8 10 9 -11 -12 -13
leaf_value=-0.052528317595970542 -0.021262180239320479 -0.0064072207129620834 0.027236812087225545 0.011519003926777294 0.081321877374600005 -0.0059595207986184616 0.022487484266874892 0.028467830416314843 -0.011807375272014423 -0.047224636613713462 -0.040182956006202641 0.071861419950370098
leaf_weight=110.93364221602678 57.836596570909023 560.75596657395363 11.348774969577789 355.54674822837114 38.82033509016037 22.023761317133904 335.15436543524265 7.0856924057006818 79.48378074914217 80.139605946838856 2.8492581434547901 12.652158349752426
leaf_count=2080 409 4523 59 2355 178 118 1660 39 1258 1267 40 60
internal_value=3.45602e-05 0.0079953 0.0019186 0.000553546 0.0202423 0.0501431 0.0160112 -0.0383427 -0.0414355 -0.0334473 0.00690516 0.0526942
internal_weight=1674.63 1394.14 940.304 916.303 453.835 60.8441 392.991 280.492 270.557 159.623 9.93495 24.0009
internal_count=14046 9362 6997 6878 2365 296 2069 4684 4605 2525 79 119
cat_boundaries=0 1 2 3 4 5
cat_threshold=48 4 32 1 1
is_linear=0
shrinkage=0.05


Tree=23
num_leaves=13
num_cat=4
split_feature=0 0 4 32 44 39 26 3 0 34 4 19
split_gain=194.023 38.3104 41.7157 69.3218 39.8868 21.7465 23.2428 8.88069 19.1101 30.5447 7.63148 4.12605
threshold=0 1 0.091259403071267911 28.780059500000004 52.000000000000007 17.650000000000002 13.050000000000002 2 3 23.250000000000004 0.97508442350096225 31.933333000000001
decision_type=1 1 2 2 2 2 2 1 1 2 2 2
left_child=7 5 4 -4 -3 10 -7 8 9 -1 -2 -9
right_child=1 2 3 -5 -6 6 -8 11 -10 -11 -12 -13
leaf_value=0.058995300447828664 -0.040568270281687989 0.023306470603807191 -0.011649758222822926 0.025054575404068344 -0.057464658116591988 0.082716410416082339 -0.0052542117611170704 -0.052447896210771783 -0.047350878404728292 -0.023418200373608974 0.044727301943632052 0.0082186602458116115
leaf_weight=12.339488256722687 53.996617034077644 555.28961235284805 349.32695863395929 202.29226565361023 14.788666561245916 6.778348669409751 215.96902006864548 103.4904115088284 81.020821314305067 71.21204923838377 1.9566786587238301 2.6210414767265311
leaf_count=193 514 3232 2534 1156 100 51 1766 1992 1334 1144 14 19
internal_value=-0.000141956 0.0074214 0.0115389 0.0018316 0.0211142 -0.00895917 -0.00221949 -0.0380282 -0.0317769 -0.00956208 -0.0368525 -0.0508866
internal_weight=1671.08 1400.4 1121.7 551.619 570.078 278.701 222.747 270.684 164.572 83.5515 55.9533 106.111
internal_count=14049 9367 7022 3690 3332 2345 1817 4682 2671 1337 528 2011
cat_boundaries=0 1 2 3 4
cat_threshold=48 8 2 32
is_linear=0
shrinkage=0.05


end of trees

feature_importances:
age_group=56
temperature_min_7d=34
month=26
rain_max_daily_7d=26
gender=25
temperature_max_7d=24
wind_speed_max_7d=21
day_of_year_sin=17
temperature_mean_7d=14
day_of_year_cos=13
temperature_mean_3d=11
wind_gust_max_7d=9
wind_speed_mean_7d=5
temperature_max_3d=4
rain_max_daily_3d=4
humidity_min_7d=4
temperature_min_3d=3
humidity_mean_7d=3
season=2
wind_speed_mean_current=2
humidity_mean_3d=2
wind_speed_mean_3d=2
wind_speed_max_3d=2
temperature_max_current=1
precipitation_sum_current=1
humidity_max_3d=1
precipitation_sum_3d=1
humidity_max_7d=1
precipitation_sum_7d=1
rain_days_7d=1

parameters:
[boosting: gbdt]
[objective: binary]
[metric: binary_logloss]
[tree_learner: serial]
[device_type: cpu]
[data_sample_strategy: bagging]
[data: ]
[valid: ]
[num_iterations: 24]
[learning_rate: 0.05]
[num_leaves: 15]
[num_threads: 8]
[seed: 42]
[deterministic: 0]
[force_col_wise: 0]
[force_row_wise: 0]
[histogram_pool_size: -1]
[max_depth: 4]
[min_data_in_leaf: 20]
[min_sum_hessian_in_leaf: 0.001]
[bagging_fraction: 0.9]
[pos_bagging_fraction: 1]
[neg_bagging_fraction: 1]
[bagging_freq: 1]
[bagging_seed: 400]
[bagging_by_query: 0]
[feature_fraction: 0.9]
[feature_fraction_bynode: 1]
[feature_fraction_seed: 30056]
[extra_trees: 0]
[extra_seed: 12879]
[early_stopping_round: 0]
[early_stopping_min_delta: 0]
[first_metric_only: 0]
[max_delta_step: 0]
[lambda_l1: 0]
[lambda_l2: 1]
[linear_lambda: 0]
[min_gain_to_split: 0]
[drop_rate: 0.1]
[max_drop: 50]
[skip_drop: 0.5]
[xgboost_dart_mode: 0]
[uniform_drop: 0]
[drop_seed: 17869]
[top_rate: 0.2]
[other_rate: 0.1]
[min_data_per_group: 100]
[max_cat_threshold: 32]
[cat_l2: 10]
[cat_smooth: 10]
[max_cat_to_onehot: 4]
[top_k: 20]
[monotone_constraints: ]
[monotone_constraints_method: basic]
[monotone_penalty: 0]
[feature_contri: ]
[forcedsplits_filename: ]
[refit_decay_rate: 0.9]
[cegb_tradeoff: 1]
[cegb_penalty_split: 0]
[cegb_penalty_feature_lazy: ]
[cegb_penalty_feature_coupled: ]
[path_smooth: 0]
[interaction_constraints: ]
[verbosity: -1]
[saved_feature_importance_type: 0]
[use_quantized_grad: 0]
[num_grad_quant_bins: 4]
[quant_train_renew_leaf: 0]
[stochastic_rounding: 1]
[linear_tree: 0]
[max_bin: 255]
[max_bin_by_feature: ]
[min_data_in_bin: 3]
[bin_construct_sample_cnt: 200000]
[data_random_seed: 175]
[is_enable_sparse: 1]
[enable_bundle: 1]
[use_missing: 1]
[zero_as_missing: 0]
[feature_pre_filter: 1]
[pre_partition: 0]
[two_round: 0]
[header: 0]
[label_column: ]
[weight_column: ]
[group_column: ]
[ignore_column: ]
[categorical_feature: 0,1,3]
[forcedbins_filename: ]
[precise_float_parser: 0]
[parser_config_file: ]
[objective_seed: 16083]
[num_class: 1]
[is_unbalance: 0]
[scale_pos_weight: 1]
[sigmoid: 1]
[boost_from_average: 1]
[reg_sqrt: 0]
[alpha: 0.9]
[fair_c: 1]
[poisson_max_delta_step: 0.7]
[tweedie_variance_power: 1.5]
[lambdarank_truncation_level: 30]
[lambdarank_norm: 1]
[label_gain: ]
[lambdarank_position_bias_regularization: 0]
[eval_at: ]
[multi_error_top_k: 1]
[auc_mu_weights: ]
[num_machines: 1]
[local_listen_port: 12400]
[time_out: 120]
[machine_list_filename: ]
[machines: ]
[gpu_platform_id: -1]
[gpu_device_id: -1]
[gpu_device_id_list: ]
[gpu_use_dp: 0]
[num_gpu: 1]

end of parameters

pandas_categorical:[]
