tree
version=v4
num_class=1
num_tree_per_iteration=1
label_index=0
max_feature_idx=44
objective=binary sigmoid:1
feature_names=age_group gender month season day_of_year_sin day_of_year_cos weather_code_current temperature_mean_current temperature_max_current temperature_min_current humidity_mean_current humidity_max_current humidity_min_current wind_speed_mean_current wind_speed_max_current precipitation_sum_current rain_sum_current wind_gust_max_current rain_day_current temperature_mean_3d temperature_max_3d temperature_min_3d humidity_mean_3d humidity_max_3d humidity_min_3d wind_speed_mean_3d wind_speed_max_3d precipitation_sum_3d rain_sum_3d rain_days_3d rain_max_daily_3d wind_gust_max_3d temperature_mean_7d temperature_max_7d temperature_min_7d humidity_mean_7d humidity_max_7d humidity_min_7d wind_speed_mean_7d wind_speed_max_7d precipitation_sum_7d rain_sum_7d rain_days_7d rain_max_daily_7d wind_gust_max_7d
feature_infos=-1:0:1:2:3:4:5 -1:0:1 [1:12] -1:1:0 [-0.99999942202469239:0.99998555065071859] [-0.99997919295908244:0.9999907524084426] [0:61] [23.658332999999999:32.533332999999999] [25.899999999999999:39.200000000000003] [17.899999999999999:29.300000000000001] [48.958333000000003:91.625] [63:100] [23:86] [2.8541669999999999:19.695833] [6.4000000000000004:30.100000000000001] [0:63.100000000000001] [0:63.100000000000001] [14:56.899999999999999] [0:1] [23.766667000000002:32.427778000000004] [27.699999999999999:39.200000000000003] [17.899999999999999:28.100000000000001] [52.569443999999997:90.694444000000004] [73:100] [23:79] [4.125:17.329167000000002] [9.6999999999999993:30.100000000000001] [0:93.900000000000006] [0:93.900000000000006] [0:3] [0:63.100000000000001] [17.300000000000001:56.899999999999999] [24.365476000000001:32.235118999999997] [28.699999999999999:39.200000000000003] [17.899999999999999:27.5] [55.767856999999999:89.523809999999997] [77:100] [23:72] [4.5327380000000002:15.469643] [11.6:30.100000000000001] [0:163.90000000000001] [0:163.90000000000001] [0:7] [0:63.100000000000001] [23:56.899999999999999]
tree_sizes=1689 1720 1725 1721 1718 1722 1741 1716 1730 1714 1710 1714 1714 1739 1713 1713 1720 1507 1501 1740 1732 1507 1490 1504 1468 1530 1728 1533 1731 1623 1734 1416 1623 1736 1514 1716 1732 1731 1746 1755 1731 1107 1091 1105 1108 1116 1637 1535 1111 1113 915 1122 1125 1110 1655 1117 919

Tree=0
num_leaves=15
num_cat=2
split_feature=0 5 34 33 44 34 0 5 36 5 34 33 34 37
split_gain=2241.25 485.951 308.358 229.188 160.752 118.83 105.377 81.1801 68.7503 43.1815 24.3135 28.5717 16.928 15.9308
threshold=0 -0.73865259438682551 24.550000000000004 33.95000000000001 35.100000000000001 20.850000000000005 1 0.18281312110578127 98.500000000000014 -0.85225707553516283 24.550000000000004 33.150000000000013 26.400000000000002 28.500000000000004
decision_type=1 2 2 2 2 2 1 2 2 2 2 2 2 2
left_child=1 2 8 -4 7 -6 10 -3 -1 -8 11 -2 -11 -12
right_child=6 4 3 -5 5 -7 9 -9 -10 12 13 -13 -14 -15
leaf_value=-1.0367003300034283 -1.1604836929505635 -1.1638362088008394 -1.142320473344419 -0.99666423089335576 -1.1817788027533243 -1.0809633088309119 -1.1654619818593028 -1.1128832279358576 -0.97491119780123858 -1.1952796993040709 -1.0867231403975581 -1.1303764221408443 -1.1391188872005062 -1.1841748616663845
leaf_weight=76.561703085899353 226.73333275318146 111.79853510856628 84.679088473320007 38.557580590248108 30.071223139762878 553.45809459686279 167.14434456825256 253.66829335689545 137.44209349155426 675.77233350276947 3.6897206306457511 120.4693785905838 14.020938396453856 83.572172284126282
leaf_count=415 1229 606 459 209 163 3000 906 1375 745 3663 20 653 76 453
internal_value=-1.131 -1.08448 -1.03265 -1.09604 -1.1025 -1.08624 -1.17733 -1.12852 -0.996477 -1.18794 -1.15553 -1.15007 -1.19415 -1.1796
internal_weight=2577.64 1286.24 337.24 123.237 948.996 583.529 1291.4 365.467 214.004 856.938 434.465 347.203 689.793 87.2619
internal_count=13972 6972 1828 668 5144 3163 7000 1981 1160 4645 2355 1882 3739 473
cat_boundaries=0 1 2
cat_threshold=7 8
is_linear=0
shrinkage=1


Tree=1
num_leaves=15
num_cat=2
split_feature=0 5 34 33 34 39 0 31 5 26 34 44 35 34
split_gain=2123.39 423.728 229.007 208.073 128.391 139.488 96.4976 56.3383 41.4406 38.9706 22.6963 20.4956 18.8618 17.6379
threshold=0 -0.72694848937061807 24.550000000000004 33.95000000000001 20.950000000000003 20.000000000000004 1 27.550000000000001 -0.85225707553516283 12.65 24.750000000000004 30.400000000000002 85.63392850000001 26.550000000000004
decision_type=1 2 2 2 2 2 1 2 2 2 2 2 2 2
left_child=1 2 7 -4 9 -6 10 -1 12 -3 11 -2 -8 -10
right_child=6 4 3 -5 5 -7 8 -9 13 -11 -12 -13 -14 -15
leaf_value=0.01692754159980454 -0.05199392908174464 0.037165827743985871 -0.0077865791516025813 0.12219000861086998 0.011175900772229829 0.0517979165597965 -0.051052029934845658 0.1266108727745332 -0.063517399562369375 -0.044094593228719496 -0.051567934573003252 -0.015684440192091528 -0.017074769919315457 0.0069312167823969819
leaf_weight=12.719062089920042 43.729533925652504 17.49901881814003 86.941161334514618 46.583408981561661 388.56130763888359 464.11066763103008 82.620927214622498 218.74576987326145 656.62245033681393 74.952981859445572 68.886980131268501 314.49260856211185 82.802113458514214 8.8168594837188703
leaf_count=65 240 94 474 237 2091 2457 456 1111 3681 408 383 1723 457 48
internal_value=0.000267607 0.0446349 0.090669 0.0381303 0.0272521 0.0333213 -0.0459272 0.120682 -0.0563065 -0.0284808 -0.0248292 -0.0202493 -0.0342496 -0.062575
internal_weight=2568.08 1310.11 364.989 133.525 945.124 852.672 1257.97 231.465 830.862 92.452 427.109 358.222 165.423 665.439
internal_count=13925 6937 1887 711 5050 4548 6988 1176 4642 502 2346 1963 913 3729
cat_boundaries=0 1 2
cat_threshold=7 8
is_linear=0
shrinkage=0.05


Tree=2
num_leaves=15
num_cat=3
split_feature=0 5 34 33 0 34 0 38 31 5 39 34 34 35
split_gain=1894.84 323.706 183.34 180.748 122.051 103.067 100.159 93.2061 44.6744 40.3829 23.0777 18.5593 18.1248 10.0773
threshold=0 -0.73865259438682551 24.550000000000004 33.95000000000001 1 20.950000000000003 2 11.053273500000001 27.550000000000001 -0.8142754349318998 27.450000000000006 24.550000000000004 26.400000000000002 85.681547500000008
decision_type=1 2 2 2 1 2 1 2 2 2 2 2 2 2
left_child=1 2 8 -4 5 -3 10 -6 -1 13 11 -2 -11 -8
right_child=6 4 3 -5 7 -7 9 -9 -10 12 -12 -13 -14 -15
leaf_value=0.014904036118697476 -0.02030783973622808 -0.021730849605622958 -0.0098130333476454217 0.11105921484928312 -0.011356728786983338 0.045215048897752366 -0.046719719596485701 0.061138987097895031 0.11138184635968276 -0.063038997786076204 0.040376924418999122 -0.047445661671824263 -0.0054903612058845976 -0.022973301781917428
leaf_weight=13.008250147104262 331.17307814955711 63.098605096340179 86.755869165062904 46.939623951911926 273.51606066524982 589.96019180119038 91.198272228240967 51.876274436712265 230.23503063619137 614.27911150455475 12.836130499839781 78.102833360433578 14.197680205106733 94.124844789505005
leaf_count=66 1833 348 475 226 1448 3096 518 268 1106 3566 71 445 78 527
internal_value=0.000218629 0.0408886 0.0805081 0.0331339 0.0259764 0.0381403 -0.0443519 0.00034245 0.106305 -0.0549986 -0.0229505 -0.0255896 -0.0617497 -0.034847
internal_weight=2591.3 1355.39 376.939 133.695 978.451 653.059 1235.91 325.392 243.243 813.8 422.112 409.276 628.477 185.323
internal_count=14071 7033 1873 701 5160 3444 7038 1716 1172 4689 2349 2278 3644 1045
cat_boundaries=0 1 2 3
cat_threshold=7 5 8
is_linear=0
shrinkage=0.05


Tree=3
num_leaves=15
num_cat=3
split_feature=0 44 36 39 33 0 0 33 39 34 39 35 34 43
split_gain=1735.35 167.047 151.825 125.97 99.0349 91.1166 54.0166 69.4593 41.5036 20.9804 24.271 12.952 12.7896 10.919
threshold=0 31.500000000000004 96.500000000000014 18.750000000000004 36.750000000000007 1 2 33.550000000000004 12.450000000000001 24.750000000000004 27.450000000000006 63.925595000000008 26.400000000000002 14.250000000000002
decision_type=1 2 2 2 2 1 1 2 2 2 2 2 2 2
left_child=1 6 4 -4 -3 9 7 -1 -8 10 -2 -11 13 -7
right_child=5 2 3 -5 -6 12 8 -9 -10 11 -12 -13 -14 -15
leaf_value=0.0086261145239193201 -0.021264213938471457 0.0056899668197925649 0.027141635153771833 0.07138668939728339 0.063106800548564032 -0.061862578071816846 0.077270856630122314 0.12998845516148758 -0.029496411148472703 0.025378970365934297 0.054892386544051389 -0.056275808486764702 -0.0064173749466034562 -0.049317159336007096
leaf_weight=56.15410578250885 345.58305498957634 296.33722293376923 230.01845498383045 548.12214247882366 99.70396813750267 394.97532942891121 8.8363484591245633 13.978980660438536 129.11452288925648 4.7184836715459815 9.8536317646503431 59.624661460518837 13.612280860543249 376.30718846619129
leaf_count=298 1936 1544 1183 2712 504 2369 47 72 687 27 53 350 75 2223
internal_value=-0.00013861 0.0379536 0.0455395 0.0583595 0.0202673 -0.0437931 -0.00305014 0.0300754 -0.0206635 -0.023308 -0.0190049 -0.0499911 -0.0542754 -0.0558135
internal_weight=2586.94 1382.27 1174.18 778.141 396.041 1204.67 208.084 70.1331 137.951 419.78 355.437 64.3431 784.895 771.283
internal_count=14080 7047 5943 3895 2048 7033 1104 370 734 2366 1989 377 4667 4592
cat_boundaries=0 1 2 3
cat_threshold=7 8 4
is_linear=0
shrinkage=0.05


Tree=4
num_leaves=15
num_cat=4
split_feature=0 5 34 33 0 0 34 4 36 5 0 34 33 34
split_gain=1525.58 250.285 157.271 137.8 113.672 92.8968 81.2578 78.1225 45.1734 39.8024 49.7893 20.4653 25.2535 19.5441
threshold=0 -0.73865259438682551 24.550000000000004 33.95000000000001 1 2 20.950000000000003 0.98049069993378934 98.500000000000014 -0.87810534180523914 3 24.550000000000004 31.950000000000003 26.400000000000002
decision_type=1 2 2 2 1 1 2 2 2 2 1 2 2 2
left_child=1 2 8 -4 6 11 -3 -6 -1 10 -7 12 -2 -11
right_child=5 4 3 -5 7 9 -8 -9 -10 13 -12 -13 -14 -15
leaf_value=0.061850835806458226 -0.036907847828881887 -0.020618772107546014 -0.01298480039910257 0.093240206399884881 -0.010305178109579182 0.0034387189479138979 0.039301571042623808 0.071738614898218783 0.10757137667605166 -0.060392833175516969 -0.055145399386598237 -0.044956611050341017 -0.0072764612876420236 -0.00010105415687727832
leaf_weight=87.716057300567627 103.81217630207539 61.61699490249157 85.66226552426815 46.264277383685112 301.62362180650234 71.548713609576225 622.02058087289333 31.093189790844917 167.11282925307751 604.60437992215157 69.876007720828056 78.000538632273674 231.20216882228851 13.749773263931273
leaf_count=403 591 341 463 210 1576 422 3143 156 751 3754 412 467 1301 76
internal_value=-0.000244506 0.0348143 0.0692522 0.0246876 0.0219966 -0.0421199 0.0333909 -0.00237483 0.0921369 -0.0528708 -0.0293213 -0.0214841 -0.016541 -0.0590545
internal_weight=2575.9 1403.11 386.755 131.927 1016.35 1172.79 683.638 332.717 254.829 759.779 141.425 413.015 335.014 618.354
internal_count=14066 7043 1827 673 5216 7023 3484 1732 1154 4664 834 2359 1892 3830
cat_boundaries=0 1 2 3 4
cat_threshold=7 5 8 32
is_linear=0
shrinkage=0.05


Tree=5
num_leaves=15
num_cat=3
split_feature=0 5 34 33 44 0 34 36 5 0 2 39 34 34
split_gain=1381.3 229.74 139.767 135.975 104.158 91.109 85.9676 42.8338 41.1183 52.5326 36.0441 19.8565 18.3925 17.248
threshold=0 -0.72694848937061807 24.550000000000004 33.95000000000001 33.300000000000004 1 20.350000000000005 98.500000000000014 -0.8142754349318998 2 8.5000000000000018 27.450000000000006 24.550000000000004 26.400000000000002
decision_type=1 2 2 2 2 1 2 2 2 1 2 2 2 2
left_child=1 2 7 -4 10 11 -6 -1 9 -7 -3 12 -2 -10
right_child=5 4 3 -5 6 8 -8 -9 13 -11 -12 -13 -14 -15
leaf_value=0.056893689803547955 -0.017605453788106247 -0.027307896100099656 -0.013780725235980311 0.087477667748267512 -0.058603770743700247 0.00013221140587747854 0.032211133311824083 0.10002225701002204 -0.060474842111963349 -0.055655202627302752 0.01077036402471541 0.042421929331919947 -0.045284246348941008 -0.0035277479976510264
leaf_weight=93.161513030529022 320.32165326178074 123.2369434684515 89.126087129116058 51.584043398499489 26.119452893733978 86.189234748482704 739.46982499957085 176.07923543453217 550.76281602680683 83.311051696538925 123.5399591177702 11.099309146404265 73.838919758796692 13.755753412842749
leaf_count=420 1829 656 484 228 149 512 3692 766 3555 509 650 60 455 76
internal_value=-0.000214973 0.0325383 0.0643069 0.0236957 0.0199442 -0.0410237 0.0290404 0.0853648 -0.0518858 -0.0307099 -0.00827885 -0.0204986 -0.0228921 -0.0590959
internal_weight=2561.6 1422.32 409.951 140.71 1012.37 1139.28 765.589 269.241 734.019 169.5 246.777 405.26 394.161 564.519
internal_count=14041 7045 1898 712 5147 6996 3841 1186 4652 1021 1306 2344 2284 3631
cat_boundaries=0 1 2 3
cat_threshold=7 8 32
is_linear=0
shrinkage=0.05


Tree=6
num_leaves=15
num_cat=0
split_feature=5 34 33 38 40 34 4 44 31 5 31 34 37 33
split_gain=197.864 150.075 85.2479 78.7825 61.2678 47.5472 45.8184 42.9313 31.4957 29.5098 29.2067 26.9837 24.7553 11.2424
threshold=-0.73865259438682551 24.550000000000004 33.95000000000001 11.053273500000001 63.650000000000013 20.350000000000005 0.95242846126021108 33.300000000000004 27.550000000000001 -0.9575230291762723 49.150000000000006 22.550000000000004 52.500000000000007 36.350000000000001
decision_type=2 2 2 2 2 2 2 2 2 2 2 2 2 2
left_child=1 8 4 5 -3 12 11 -7 9 -1 -10 -5 -2 -8
right_child=3 2 -4 6 -6 7 13 -9 10 -11 -12 -13 -14 -15
leaf_value=-0.055192546075349104 -0.058897668130918693 -0.056297422633903763 0.031245698258872519 -0.0532083721745285 0.0065396142263152686 -0.024950149693313363 0.014086486610164553 -0.0055848863299613758 0.043942978671918757 0.055882588613074803 -0.029259325730731246 0.0044901212127887299 -0.0014235603118808876 0.044082474317171098
leaf_weight=15.874762877821924 80.421212837100029 95.027062609791756 82.879607811570168 22.943045496940613 64.764980256557465 393.86272379755974 47.212921172380447 1043.1821195930243 433.61741498112679 8.3113143146038038 13.412298426032065 131.09693619608879 24.400486841797829 99.260229736566544
leaf_count=84 488 556 428 128 377 2281 259 5809 2168 43 67 716 141 538
internal_value=-7.29777e-05 0.022256 -0.00966514 -0.00873242 -0.0309468 -0.0132968 0.0146529 -0.0109061 0.0386808 -0.0163194 0.0416863 -0.00439138 -0.0456587 0.0345749
internal_weight=2556.27 713.887 242.672 1842.38 159.792 1541.87 300.513 1437.04 471.216 24.1861 447.03 154.04 104.822 146.473
internal_count=14083 3723 1361 10360 933 8719 1641 8090 2362 127 2235 844 629 797
is_linear=0
shrinkage=0.05


Tree=7
num_leaves=15
num_cat=4
split_feature=0 5 34 0 0 33 4 34 31 5 0 34 33 34
split_gain=1306.92 199.327 126.673 120.432 83.7491 80.5051 78.9158 66.8977 60.8827 35.3885 46.2282 19.2987 23.1445 19.0967
threshold=0 -0.6391983530350368 24.550000000000004 1 2 33.95000000000001 0.96687895796550427 20.950000000000003 27.550000000000001 -0.8142754349318998 3 24.550000000000004 33.150000000000013 26.400000000000002
decision_type=1 2 2 1 1 2 2 2 2 2 1 2 2 2
left_child=1 2 8 7 11 -4 -5 -3 -1 10 -6 12 -2 -11
right_child=4 3 5 6 9 -7 -8 -9 -10 13 -12 -13 -14 -15
leaf_value=-0.010351831100983724 -0.025938162650418109 -0.019740583830822372 -0.0093707751585536212 -0.017373142940709192 -0.0027535426568542415 0.060761035548022049 0.054937717606770631 0.036131152705073104 0.0829938989448714 -0.059650171243286809 -0.055328795397014185 -0.044191847279131558 0.001610938598948497 8.8610874125452977e-05
leaf_weight=18.378225862979889 209.74474360048771 58.337514355778694 89.316990792751312 270.53914965689182 88.754282832145691 74.163361340761185 42.8335971981287 585.26503385603428 285.93495854735374 529.90575671195984 84.094017297029495 74.087243959307671 119.27565079927444 13.720607832074164
leaf_count=90 1219 335 496 1418 522 335 207 2884 1229 3569 525 468 673 76
internal_value=-0.000298046 0.0313669 0.0583069 0.0184782 -0.040505 0.0226207 -0.0071195 0.0305698 0.0773411 -0.0511405 -0.0318445 -0.0207454 -0.0159765 -0.058145
internal_weight=2544.35 1424.77 467.794 956.975 1119.58 163.48 313.373 643.603 304.313 716.475 172.848 403.108 329.02 543.626
internal_count=14046 6994 2150 4844 7052 831 1625 3219 1319 4692 1047 2360 1892 3645
cat_boundaries=0 1 2 3 4
cat_threshold=7 5 8 32
is_linear=0
shrinkage=0.05


Tree=8
num_leaves=15
num_cat=3
split_feature=0 5 44 39 44 5 0 34 5 0 7 34 32 37
split_gain=1217.8 162.342 92.7911 108.558 82.2996 92.1331 78.4601 66.2222 36.8081 41.8843 30.724 15.7545 19.1909 15.6418
threshold=0 -0.72694848937061807 48.800000000000004 18.150000000000002 35.100000000000001 0.18281312110578127 1 20.950000000000003 -0.88620506325989179 2 26.787500000000005 24.550000000000004 26.964285500000003 27.500000000000004
decision_type=1 2 2 2 2 2 1 2 2 1 2 2 2 2
left_child=1 2 3 -1 5 -3 11 -6 9 -8 -4 12 -2 -13
right_child=6 4 10 -5 7 -7 8 -9 -10 -11 -12 13 -14 -15
leaf_value=0.011235062424681093 -0.030323245656570109 -0.037256058825634507 0.050205352130782512 0.075761302107105397 -0.04524875953568662 0.016613049635226425 0.0029515970914199014 0.033236888425688817 -0.056849975256942686 -0.052596274557183464 -0.057614482443258987 0.051473936343695251 -0.0057114586293940534 -0.047363247581425849
leaf_weight=82.793476745486259 138.89121924340725 112.37303084135056 8.3668409436941165 312.31344123184681 27.250321179628372 263.67707578837872 69.589412420988083 619.68390673398972 561.07771907746792 61.844516053795815 22.165446549654007 3.4450314342975608 183.9354697316885 69.606488361954689
leaf_count=388 825 590 39 1358 164 1392 406 2988 3882 398 118 20 1049 454
internal_value=-0.000245276 0.0296916 0.0558178 0.0623025 0.0190673 0.000459517 -0.0399869 0.0298662 -0.0505288 -0.0271342 -0.0274132 -0.0206783 -0.0163612 -0.04207
internal_weight=2537.01 1448.62 425.639 395.107 1022.98 376.05 1088.39 646.934 692.512 131.434 30.5323 395.878 322.827 73.0515
internal_count=14071 7037 1903 1746 5134 1982 7034 3152 4686 804 157 2348 1874 474
cat_boundaries=0 1 2 3
cat_threshold=7 8 32
is_linear=0
shrinkage=0.05


Tree=9
num_leaves=15
num_cat=4
split_feature=0 5 44 39 0 0 4 34 27 5 0 44 43 34
split_gain=1093.36 149.567 91.0282 93.376 84.104 75.988 67.3142 64.3592 61.2448 39.689 45.5547 16.3251 21.0958 8.16118
threshold=0 -0.72694848937061807 48.050000000000004 18.150000000000002 1 2 0.97875492728876534 20.950000000000003 42.000000000000007 -0.8142754349318998 3 30.050000000000001 6.3000000000000016 26.400000000000002
decision_type=1 2 2 2 1 1 2 2 2 2 1 2 2 2
left_child=1 2 3 -1 11 7 -7 -3 -4 10 -6 -2 -13 -11
right_child=4 5 8 -5 9 6 -8 -9 -10 13 -12 12 -14 -15
leaf_value=0.01346994335871275 -0.048433671830423498 -0.022767080158432373 -0.054826683403785839 0.073206941631431599 -0.00091347911482262333 -0.010485757686747935 0.05904516839799813 0.031805747028999201 0.062877616463431291 -0.058418680614443809 -0.053591885296668654 0.0015124931748606723 -0.024400161947123758 -0.016368555885533289
leaf_weight=83.79808184504509 41.621690392494202 58.316839560866356 30.23585931956768 305.83626806735992 88.435212388634682 295.93283060193062 38.432868763804436 637.33644554018974 16.133159920573235 490.16623713076115 76.822223365306854 119.47086352109909 227.6571578681469 12.773114383220671
leaf_count=391 257 340 163 1303 524 1544 178 3067 70 3563 513 701 1376 73
internal_value=-1.62247e-05 0.027851 0.0525614 0.0604268 -0.0385576 0.0176205 -0.00227366 0.0268198 -0.013411 -0.0496412 -0.0288552 -0.0186651 -0.0155031 -0.0573853
internal_weight=2522.97 1466.02 436.003 389.634 1056.95 1030.02 334.366 695.653 46.369 668.197 165.257 388.75 347.128 502.939
internal_count=14063 7056 1927 1694 7007 5129 1722 3407 233 4673 1037 2334 2077 3636
cat_boundaries=0 1 2 3 4
cat_threshold=7 8 5 32
is_linear=0
shrinkage=0.05


Tree=10
num_leaves=15
num_cat=4
split_feature=0 5 0 44 39 44 40 0 2 5 0 39 4 34
split_gain=970.972 123.388 85.7801 77.1378 86.389 71.1613 63.4434 63.0053 36.4805 34.9936 39.7648 18.0655 22.2012 16.4315
threshold=0 -0.72694848937061807 1 48.050000000000004 18.150000000000002 33.300000000000004 79.550000000000011 2 8.5000000000000018 -0.8142754349318998 3 26.050000000000004 0.93237596376505805 26.550000000000004
decision_type=1 2 1 2 2 2 2 1 2 2 1 2 2 2
left_child=1 3 11 4 -1 8 -5 -7 -3 10 -4 -2 -13 -11
right_child=2 5 9 6 -6 7 -8 -9 -10 13 -12 12 -14 -15
leaf_value=0.010313577317461169 -0.020744533053176833 -0.026256341097578337 -0.002705441094101084 -0.061562243036613895 0.068107408732316896 0.043193756433007713 0.053488020566414829 0.012915277996593547 0.012146467324698601 -0.057326556107966699 -0.052796086540930001 -0.018388432474972786 0.065769720803652829 0.012442554994112717
leaf_weight=82.632812142372131 352.72723233699799 121.24690978229046 88.910818040370941 26.665200263261795 303.00699453055859 269.871886536479 20.170971214771271 527.30821570754051 124.28022328019142 474.32403653860092 73.757628232240677 16.950770109891895 13.067708000540732 8.2614358365535718
leaf_count=385 2151 657 527 152 1274 1281 87 2575 647 3580 510 101 70 47
internal_value=-9.11196e-05 0.0258334 -0.0371717 0.0484385 0.0557824 0.0166678 -0.0119311 0.0239098 -0.0068473 -0.0485767 -0.0289926 -0.0171247 0.0191867 -0.0561089
internal_weight=2503.18 1475.18 1028 432.476 385.64 1042.71 46.8362 797.18 245.527 645.254 162.668 382.746 30.0185 482.585
internal_count=14044 7058 6986 1898 1659 5160 239 3856 1304 4664 1037 2322 171 3627
cat_boundaries=0 1 2 3 4
cat_threshold=7 8 1 32
is_linear=0
shrinkage=0.05


Tree=11
num_leaves=15
num_cat=4
split_feature=0 5 0 0 44 39 34 34 5 0 7 34 44 37
split_gain=894.527 121.725 77.2754 76.0353 68.6715 72.352 62.3857 49.7969 37.9949 44.277 23.8282 18.0093 19.4268 17.8408
threshold=0 -0.7444366621422277 1 2 48.800000000000004 18.150000000000002 25.150000000000002 20.950000000000003 -0.84313311835787952 3 26.787500000000005 24.550000000000004 30.050000000000001 28.500000000000004
decision_type=1 2 1 1 2 2 2 2 2 1 2 2 2 2
left_child=1 4 7 11 5 -1 -4 -3 9 -5 -6 12 -2 -13
right_child=3 2 6 8 10 -7 -8 -9 -10 -11 -12 13 -14 -15
leaf_value=0.010430553042467311 -0.046132522357363107 -0.019493670903531019 -0.011729541199318081 0.002339536619725822 0.042378062200916493 0.063678712188965689 0.060790559075155494 0.028739461647997802 -0.055029951700628424 -0.051706318535933771 -0.053057494709492239 0.055647094902879835 -0.0081094300130908452 -0.047085975655579378
leaf_weight=80.761379018425941 37.395198866724968 57.569391548633575 304.318100258708 80.350520014762878 8.4070358425378817 310.73940554261208 31.851186916232109 656.16492372751236 481.35494010895491 66.982697546482086 21.225497841835022 3.69102519750595 274.96637631952763 65.593257695436478
leaf_count=373 239 338 1578 473 38 1299 152 3093 3749 477 122 21 1631 451
internal_value=-0.000468172 0.0243476 0.0153778 -0.0364682 0.0471969 0.0527489 -0.00456319 0.0244846 -0.0474645 -0.0257426 -0.025482 -0.0175317 -0.0127942 -0.0408991
internal_weight=2481.37 1471.04 1049.9 1010.33 421.133 391.501 336.169 713.734 628.688 147.333 29.6325 381.646 312.362 69.2843
internal_count=14034 6993 5161 7041 1832 1672 1730 3431 4699 950 160 2342 1870 472
cat_boundaries=0 1 2 3 4
cat_threshold=7 5 8 32
is_linear=0
shrinkage=0.05


Tree=12
num_leaves=15
num_cat=4
split_feature=0 5 34 0 38 0 33 4 31 5 0 34 34 33
split_gain=825.954 105.055 84.7611 82.1226 74.1871 84.3553 65.1595 62.6289 47.4593 37.0242 39.1208 19.2883 18.2736 20.5962
threshold=0 -0.6391983530350368 24.550000000000004 1 11.120238000000002 2 33.95000000000001 0.98667101781630184 27.550000000000001 -0.82413948779581736 3 26.400000000000002 24.750000000000004 33.150000000000013
decision_type=1 2 2 1 2 1 2 2 2 2 1 2 2 2
left_child=1 2 8 12 5 -3 -4 -6 -1 10 -5 -11 13 -2
right_child=3 4 6 9 7 -7 -8 -9 -10 11 -12 -13 -14 -15
leaf_value=-0.017379351629657643 -0.021040833528890787 0.018916343879407882 -0.015082472447954682 -0.0005853749070138547 0.025213485339112815 -0.015069590968997277 0.046882350347229394 0.092858345521452113 0.062466009144668148 -0.056712159156606295 -0.051174167557762246 0.0043130835168229027 -0.042422505815566329 0.0052288091117182207
leaf_weight=19.406148701906204 200.91624911129475 564.95029762387276 90.145779564976692 86.347986117005348 121.74252679944038 258.9355396181345 78.544317245483398 47.276883274316788 305.00189824402332 435.62673918902874 66.515046268701553 13.203718587756155 54.877359181642532 117.81431387364864
leaf_count=93 1248 2722 483 512 563 1367 338 209 1251 3560 492 79 386 686
internal_value=0.000323723 0.023727 0.0427336 -0.0352045 0.0144931 0.00827636 0.0138754 0.0445695 0.0576509 -0.0468824 -0.0261515 -0.0549113 -0.0155943 -0.0113446
internal_weight=2461.3 1486 493.098 975.301 992.905 823.886 168.69 169.019 324.408 601.693 152.863 448.83 373.608 318.731
internal_count=13989 7026 2165 6963 4861 4089 821 772 1344 4643 1004 3639 2320 1934
cat_boundaries=0 1 2 3 4
cat_threshold=7 8 5 32
is_linear=0
shrinkage=0.05


Tree=13
num_leaves=15
num_cat=3
split_feature=0 5 0 43 44 34 44 5 0 38 34 34 39 37
split_gain=785.824 96.5118 69.3112 66.274 63.8954 56.7415 44.9703 35.6432 38.1721 32.0077 18.6294 17.908 17.5604 15.3299
threshold=0 -0.7444366621422277 1 10.100000000000001 33.300000000000004 20.350000000000005 48.050000000000004 -0.82413948779581736 2 8.2255955000000025 24.750000000000004 26.400000000000002 27.450000000000006 28.500000000000004
decision_type=1 2 1 2 2 2 2 2 1 2 2 2 2 2
left_child=1 3 10 -1 9 -6 -5 8 -4 -3 12 -9 -2 -12
right_child=2 4 7 6 5 -7 -8 11 -10 -11 13 -13 -14 -15
leaf_value=-0.035132575856448613 -0.015153952307136904 -0.0010129637737863206 -0.00032479589312274602 0.053000373907009381 -0.055466376410915591 0.023648852194079396 -0.0033913840344422679 -0.055960942321226594 -0.050629775199793593 -0.057095186102431243 0.044215869636714485 0.0046649899982272661 0.048572540015544091 -0.052502665713627918
leaf_weight=25.060328871011734 315.89751569926739 223.75682465732098 85.115909457206726 365.81850361824036 22.407017782330513 792.47316162288189 38.995820820331573 422.11740203201771 65.286292776465416 27.711044982075691 3.7175942212343207 12.389523476362227 10.236544191837309 48.749134048819542
leaf_count=135 1940 1175 504 1532 141 3716 192 3595 500 151 21 74 52 358
internal_value=-7.28198e-05 0.0225513 -0.0350627 0.0426813 0.0146152 0.0214081 0.0475732 -0.0461634 -0.0257168 -0.00739473 -0.017094 -0.0542255 -0.0130114 -0.0449508
internal_weight=2459.73 1496.22 963.51 429.875 1066.35 814.88 404.814 584.909 150.402 251.468 378.601 434.507 326.134 52.4667
internal_count=14086 7042 7044 1859 5183 3857 1724 4673 1004 1326 2371 3669 1992 379
cat_boundaries=0 1 2 3
cat_threshold=7 8 32
is_linear=0
shrinkage=0.05


Tree=14
num_leaves=15
num_cat=4
split_feature=0 5 43 0 0 39 38 34 5 0 34 43 13 34
split_gain=679.743 94.3531 84.8496 82.6082 71.0122 61.8814 56.6979 38.4435 33.252 33.6399 16.2429 20.9829 15.2836 15.0132
threshold=0 -0.6391983530350368 10.100000000000001 1 2 18.450000000000003 12.961607000000003 20.950000000000003 -0.8611288361322974 3 24.750000000000004 0.35000000000000003 6.5500000000000007 26.550000000000004
decision_type=1 2 2 1 1 2 2 2 2 1 2 2 2 2
left_child=1 2 12 10 7 -4 -6 -3 9 -5 11 -2 -1 -10
right_child=3 4 5 8 6 -7 -8 -9 13 -11 -12 -13 -14 -15
leaf_value=0.042609689897041669 -0.045696447073494698 -0.018500518471926766 0.0072067515497550132 0.00081593149845369357 -0.011921285157407729 0.053762715007078389 0.10908611259883375 0.024304318595287731 -0.05475107986396989 -0.049205576066534668 -0.040798207881577564 -0.0056144570646770101 -0.040019268930174184 0.011337707371727868
leaf_weight=5.7133261710405341 35.998730540275574 56.440131559967995 89.072975784540176 75.431254208087921 307.7572093307972 365.266586586833 8.9983097463846189 636.0771182924509 423.58343317359686 56.683210946619511 49.83050213009119 281.74073766171932 37.255948767066002 8.4512981921434385
leaf_count=26 216 334 407 442 1597 1541 39 2925 3722 448 372 1740 194 49
internal_value=-0.00033797 0.0203789 0.038321 -0.0336803 0.0117106 0.0446713 -0.00790255 0.0204985 -0.0458996 -0.0244892 -0.0141373 -0.0102847 -0.0283135 -0.0534351
internal_weight=2438.3 1506.58 497.309 931.719 1009.27 454.34 316.756 692.517 564.149 132.114 367.57 317.739 42.9693 432.035
internal_count=14052 7063 2168 6989 4895 1948 1636 3259 4661 890 2328 1956 220 3771
cat_boundaries=0 1 2 3 4
cat_threshold=7 8 5 32
is_linear=0
shrinkage=0.05


Tree=15
num_leaves=15
num_cat=4
split_feature=0 5 0 34 33 33 0 5 0 36 4 34 39 4
split_gain=622.082 84.5105 75.2677 54.9915 75.5594 54.735 58.74 35.0386 36.1527 28.8464 26.5728 14.8336 14.5472 18.095
threshold=0 -0.72694848937061807 1 24.550000000000004 33.95000000000001 36.850000000000001 2 -0.8142754349318998 3 98.500000000000014 0.95752911693909504 26.400000000000002 26.050000000000004 0.93845596220871974
decision_type=1 2 1 2 2 2 1 2 1 2 2 2 2 2
left_child=1 3 12 9 -5 6 -3 8 -4 -1 -7 -9 -2 -14
right_child=2 5 7 4 -6 10 -8 11 -10 -11 -12 -13 13 -15
leaf_value=0.028025484673023349 -0.017752881826858673 0.015676169439403278 -0.00051103771968298887 -0.016209076485917479 0.057185310838505136 0.020503365889605808 -0.010948113988024812 -0.055094681294735631 -0.049633467872904478 0.061337032174527822 0.069402913043361075 0.0001219937796062032 -0.014474358048861314 0.061454337036315865
leaf_weight=102.12067495286465 339.28495160490274 655.81722305715084 86.465030610561371 89.660246476531029 56.261428520083427 58.874083414673805 292.98083302378654 389.56936610490084 63.262517131865025 192.13713797926903 53.731513559818268 12.549577772617338 17.853921025991443 12.59902563691139
leaf_count=417 2188 3084 518 474 227 266 1536 3605 521 775 232 75 111 65
internal_value=-0.000840637 0.0189694 -0.0329521 0.0374937 0.0122854 0.0114375 0.00750172 -0.0448654 -0.0247846 0.0499105 0.0442421 -0.0533754 -0.0143884 0.0178941
internal_weight=2423.17 1501.58 921.584 440.179 145.922 1061.4 948.798 551.846 149.728 294.258 112.606 402.119 369.738 30.4529
internal_count=14094 7011 7083 1893 701 5118 4620 4719 1039 1192 498 3680 2364 176
cat_boundaries=0 1 2 3 4
cat_threshold=7 8 5 32
is_linear=0
shrinkage=0.05


Tree=16
num_leaves=15
num_cat=3
split_feature=0 34 0 39 36 34 5 0 26 43 43 43 19 34
split_gain=605.018 69.811 66.7896 63.3226 79.9722 61.7916 33.2777 30.6306 25.7862 16.4191 47.6881 17.2009 16.3435 13.3835
threshold=0 20.950000000000003 1 18.850000000000005 96.500000000000014 24.450000000000003 -0.89404254237865755 2 12.65 6.3000000000000016 1.3500000000000003 14.450000000000001 27.893750000000004 26.400000000000002
decision_type=1 2 1 2 2 2 2 1 2 2 2 2 2 2
left_child=1 8 9 5 -5 -3 7 -4 -1 10 -2 -11 -10 -8
right_child=2 3 6 4 -6 -7 13 -9 12 11 -12 -13 -14 -15
leaf_value=0.026935606529721125 -0.024964078804896525 0.014239293273040205 0.004056229231027937 0.010748219684003309 0.04001484358701507 -0.035201532240522998 -0.053260153492152545 -0.046697721873160424 -0.044593654452810036 -0.045970993677510272 0.035696688866564741 -0.015244722264179054 0.052877064366838034 -0.0013825403615036623
leaf_weight=18.434161320328712 83.576448693871498 373.22147583961487 66.059600695967674 384.02349129319191 597.98414765298367 75.058965235948563 406.66770382970572 45.736466951668262 64.623547211289406 62.276149712502956 51.519520238041878 169.36134040355682 3.7790815979242316 12.879051551222799
leaf_count=99 514 1794 385 1782 2598 382 3845 388 396 426 327 1097 21 77
internal_value=-0.000498093 0.0187207 -0.0327927 0.0214896 0.0285924 0.00590112 -0.0443788 -0.0207179 -0.0244797 -0.0152027 -0.00173848 -0.0236676 -0.0385243 -0.0516747
internal_weight=2415.2 1517.12 898.076 1430.29 982.008 448.28 531.343 111.796 86.8368 366.733 135.096 231.637 68.4026 419.547
internal_count=14131 7072 7059 6556 4380 2176 4695 773 516 2364 841 1523 417 3922
cat_boundaries=0 1 2 3
cat_threshold=7 8 32
is_linear=0
shrinkage=0.05


Tree=17
num_leaves=13
num_cat=4
split_feature=0 5 0 31 39 0 4 5 0 43 5 33
split_gain=517.448 78.5011 72.0798 64.7234 64.5237 51.802 52.3296 31.2894 36.6437 26.1725 25.4346 16.283
threshold=0 -0.6391983530350368 1 27.550000000000001 24.650000000000002 2 0.9893236546938301 -0.87810534180523914 3 14.250000000000002 -0.08269194106225343 33.350000000000001
decision_type=1 2 1 2 2 1 2 2 1 2 2 2
left_child=1 3 7 11 -5 10 -7 9 -9 -2 -3 -1
right_child=2 5 -4 4 -6 6 -8 8 -10 -11 -12 -13
leaf_value=-0.052078264349312592 -0.041329041514424486 0.0018215793352640325 -0.054318135558113614 0.047882565093482904 0.00044464844678014382 -0.013928052097735042 0.056911655902750907 -0.014128972071140826 -0.043316202278746142 0.01151160477028561 0.023087401490359691 0.014850471380245546
leaf_weight=24.509236618876457 29.004853576421738 195.7901746481657 241.28295488655567 372.58781355619431 88.724464356899261 289.09101414680481 27.657505556941032 293.74710517376661 201.0620728880167 106.01060213148594 499.49528433382511 13.547285020351408
leaf_count=124 194 883 2328 1578 411 1516 122 1909 1948 644 2334 61
internal_value=-0.000370584 0.0172884 -0.0308389 0.0336068 0.0387795 0.00938186 -0.00735154 -0.0210661 -0.027211 -6.03467e-05 0.016868 -0.0284829
internal_weight=2382.51 1511.4 871.108 499.369 461.312 1012.03 316.749 629.825 494.809 135.015 695.285 38.0565
internal_count=14052 7029 7023 2174 1989 4855 1638 4695 3857 838 3217 185
cat_boundaries=0 1 2 3 4
cat_threshold=7 40 5 8
is_linear=0
shrinkage=0.05


Tree=18
num_leaves=13
num_cat=4
split_feature=0 5 0 43 38 4 0 39 5 0 43 13
split_gain=505.359 67.5995 65.4948 52.3968 42.0618 56.0689 52.25 40.6958 33.3047 30.1377 22.1907 16.8636
threshold=0 -0.6523320455745395 1 10.100000000000001 11.120238000000002 0.9893236546938301 2 18.450000000000003 -0.87810534180523914 3 14.250000000000002 6.5500000000000007
decision_type=1 2 1 2 2 2 1 2 2 1 2 2
left_child=1 3 8 11 6 -6 -3 -5 10 -10 -2 -1
right_child=2 4 -4 7 5 -7 -8 -9 9 -11 -12 -13
leaf_value=0.048203757329535489 -0.039598202460626439 0.013120494684258372 -0.053904654990012582 0.0070081336427704061 0.014629300255780185 0.078453515375217331 -0.013453668258825796 0.044724316680827596 -0.015864532792473549 -0.043228979888692905 0.01015654104508445 -0.03749098484014677
leaf_weight=6.0351686626672736 27.180976048111916 595.55715420842171 233.33007897436619 89.905089482665062 127.46281377971172 46.468612030148506 256.69943475723267 356.84423935413361 291.07236647605896 193.05159243941307 108.43309070169926 32.434868991374969
leaf_count=27 186 2769 2346 406 569 194 1368 1501 1906 1936 654 172
internal_value=-0.000465421 0.0168728 -0.0310024 0.0323455 0.00969656 0.032032 0.00510607 0.0371668 -0.02159 -0.0280612 -3.26051e-05 -0.0231666
internal_weight=2364.48 1511.41 853.068 485.219 1026.19 173.931 852.257 446.749 619.738 484.124 135.614 38.47
internal_count=14034 7006 7028 2106 4900 763 4137 1907 4682 3842 840 199
cat_boundaries=0 1 2 3 4
cat_threshold=7 40 5 8
is_linear=0
shrinkage=0.05


Tree=19
num_leaves=15
num_cat=0
split_feature=5 38 39 41 38 4 34 37 4 34 36 43 21 43
split_gain=61.9639 59.3341 80.9659 68.444 50.2164 31.4729 29.0961 31.4822 26.9773 24.4829 19.4527 16.7285 8.1384 7.68515
threshold=-0.76696334127844745 6.7913690000000004 18.750000000000004 65.65000000000002 11.053273500000001 0.94425825643485939 20.350000000000005 52.500000000000007 0.90162119223771342 22.550000000000004 99.500000000000014 19.600000000000005 24.050000000000004 20.350000000000005
decision_type=2 2 2 2 2 2 2 2 2 2 2 2 2 2
left_child=1 11 10 -4 6 9 7 -2 -8 -6 -3 -1 -7 -13
right_child=4 2 3 -5 5 12 8 -9 -10 -11 -12 13 -14 -15
leaf_value=0.060357317330028283 -0.054187019587510092 -0.052340169520892335 -0.015286609658497891 0.027922673962490586 -0.051109483333832188 0.055415307310316464 -0.0041362258067344356 0.014294409860951655 -0.023862943502117581 0.0058444052802559448 0.035858725485298192 -0.012663117682569201 0.024183269841089261 0.031174911187006316
leaf_weight=58.70215131342411 64.957101166248322 65.711268484592438 139.73166964203119 262.50159657746553 21.307691030204296 25.464313805103302 1126.9583445936441 22.02917405217886 203.96067065745592 121.53366056829691 6.2029413431882849 10.642613381147383 121.73220902681351 93.232659958302975
leaf_count=303 494 398 818 1369 134 139 6989 143 1253 708 33 54 684 489
internal_value=-0.000180757 0.0131196 0.00415233 0.0129115 -0.00514393 0.0137803 -0.00902195 -0.0368788 -0.00717495 -0.00294768 -0.0443451 0.0390868 0.0299237 0.0266055
internal_weight=2344.67 636.725 474.147 402.233 1707.94 290.038 1417.91 86.9863 1330.92 142.841 71.9142 162.577 147.197 103.875
internal_count=14008 3464 2618 2187 10544 1665 8879 637 8242 842 431 846 823 543
is_linear=0
shrinkage=0.05


Tree=20
num_leaves=15
num_cat=3
split_feature=0 0 44 44 5 38 5 0 5 34 44 38 37 34
split_gain=433.186 72.0671 61.735 43.847 42.6908 40.3735 34.9096 31.3908 28.9476 18.3659 16.9639 21.6772 11.8146 3.38782
threshold=0 1 32.95000000000001 52.750000000000007 -0.6391983530350368 7.5636905000000008 -0.8142754349318998 2 -0.89404254237865755 26.400000000000002 30.400000000000002 6.7669645000000012 54.500000000000007 22.650000000000002
decision_type=1 1 2 2 2 2 2 1 2 2 2 2 2 2
left_child=2 10 5 4 -4 8 7 -3 -1 -8 13 -12 -7 -2
right_child=1 6 3 -5 -6 12 9 -9 -10 -11 11 -13 -14 -15
leaf_value=0.050151776095740119 -0.023904841285340886 0.0004850755466092422 0.034940610219341632 -0.056743988527034439 0.01514339670302841 -0.056518295787524042 -0.053392495019789314 -0.047018932354051746 -0.0018052167769156355 0.009677488000947209 0.020904618024124907 -0.013387391250755075 -0.0089847514249384933 -0.0572273073160178
leaf_weight=29.670403480529785 15.861847162246702 85.624906115233898 417.83078530430794 17.000459343194962 787.61088474094868 39.403330340981483 326.66121702641249 52.721977576613426 212.39801383018494 11.671414107084273 55.054271936416626 259.56344012916088 19.964255809783936 19.63119450211525
leaf_count=123 114 517 1781 94 3664 223 3561 501 1085 74 351 1712 109 141
internal_value=6.20065e-06 -0.0289112 0.0157902 0.0208878 0.0220288 -0.00436106 -0.0416694 -0.0211649 0.0047433 -0.0511947 -0.0108006 -0.00733949 -0.0409472 -0.0433986
internal_weight=2350.67 826.79 1523.88 1222.44 1205.44 301.436 476.68 138.347 242.068 338.333 350.111 314.618 59.3676 35.493
internal_count=14050 6971 7079 5539 5445 1540 4653 1018 1208 3635 2318 2063 332 255
cat_boundaries=0 1 2 3
cat_threshold=7 8 32
is_linear=0
shrinkage=0.05


Tree=21
num_leaves=13
num_cat=4
split_feature=0 0 44 44 5 2 0 34 5 0 10 14
split_gain=398.363 68.2138 53.3638 38.4505 38.5499 26.4003 52.7475 26.2009 21.7671 30.8441 22.4932 0.788093
threshold=0 1 32.95000000000001 52.750000000000007 -0.6391983530350368 4.5000000000000009 2 24.550000000000004 -0.89404254237865755 3 85.520833500000023 13.950000000000001
decision_type=1 1 2 2 2 2 1 2 2 1 2 2
left_child=2 8 5 4 -4 6 -1 -7 10 -10 -2 -5
right_child=1 -3 3 11 -6 7 -8 -9 9 -11 -12 -13
leaf_value=0.023652989790450329 -0.02465994020017228 -0.053072766262407027 0.032565873526776236 -0.023583686444471508 0.013720542638598995 0.01351964218878703 -0.050465024382712068 -0.031286320630912669 -0.012756421160453699 -0.040167992084867495 0.017400123985488972 -0.061628562468861586
leaf_weight=31.712748020887375 55.815350949764252 212.42360056191683 411.13177491724491 3.4523076713085201 803.34608237445354 174.49615542590618 57.268025860190392 39.099268764257431 294.28379029035568 182.96422865986824 71.162318736314774 12.724813044071196
leaf_count=163 356 2324 1753 16 3714 860 327 203 1968 1953 426 76
internal_value=-0.000637524 -0.0286216 0.0143695 0.0190854 0.0201217 -0.00433755 -0.0270598 0.00521021 -0.0192302 -0.0244339 -0.00113637 -0.0553552
internal_weight=2349.88 816.649 1533.23 1230.65 1214.48 302.576 88.9808 213.595 604.226 477.248 126.978 16.1771
internal_count=14139 7027 7112 5559 5467 1553 490 1063 4703 3921 782 92
cat_boundaries=0 1 2 3 4
cat_threshold=7 40 4 8
is_linear=0
shrinkage=0.05


Tree=22
num_leaves=13
num_cat=4
split_feature=0 0 34 39 36 34 39 7 5 35 0 1
split_gain=384.206 64.488 53.5863 43.9498 56.6812 54.5512 21.4466 19.9652 19.8395 22.4381 17.4256 6.14253
threshold=0 1 20.950000000000003 18.850000000000005 96.500000000000014 24.450000000000003 12.850000000000003 27.800000000000001 -0.99628250747696534 85.547619000000012 2 3
decision_type=1 1 2 2 2 2 2 2 2 2 1 1
left_child=2 8 6 5 -5 -4 11 -8 9 -2 -10 -1
right_child=1 -3 3 4 -6 -7 7 -9 10 -11 -12 -13
leaf_value=0.080074822399445272 -0.032220605558235485 -0.052722872296888358 0.011175003906712423 0.0074342535489921695 0.032013224442635865 -0.035949532341489635 -0.040239518595005394 0.052802162101902111 -0.012886440520727772 0.063241329467230947 -0.0320946330339325 0.0025921859157794023
leaf_weight=4.51368300616741 9.6413208991289157 205.85407537966967 370.88237945735455 387.11842076480389 597.15365941822529 72.56634247303009 70.514862149953842 5.4186104387044898 339.79682328552008 13.964393541216849 231.71963328868151 4.9005090445280075
leaf_count=23 65 2345 1765 1769 2573 378 442 29 2286 80 2266 25
internal_value=-0.000724343 -0.0284986 0.0140829 0.01648 0.0223636 0.00339997 -0.0241119 -0.033 -0.0193146 0.0245268 -0.0215025 0.0438635
internal_weight=2314.04 800.976 1513.07 1427.72 984.272 443.449 85.3477 75.9335 595.122 23.6057 571.516 9.41419
internal_count=14046 7042 7004 6485 4342 2143 519 471 4697 145 4552 48
cat_boundaries=0 1 2 3 4
cat_threshold=7 40 8 1
is_linear=0
shrinkage=0.05


Tree=23
num_leaves=13
num_cat=4
split_feature=0 0 5 43 0 4 44 24 5 0 43 32
split_gain=365.419 61.3669 43.1745 44.9345 43.7727 46.2834 36.5749 26.4056 19.5659 31.5597 17.939 13.7688
threshold=0 1 -0.62587551141915865 10.100000000000001 2 0.98372640911059162 48.050000000000004 71.500000000000014 -0.8611288361322974 3 14.250000000000002 29.525892500000001
decision_type=1 1 2 2 1 2 2 2 2 1 2 2
left_child=2 8 3 11 7 -6 -5 -4 10 -10 -2 -1
right_child=1 -3 4 6 5 -7 -8 -9 9 -11 -12 -13
leaf_value=-0.041179215780810158 -0.039835478178886594 -0.052305145803613298 0.013295062432171026 0.034772998236480855 -0.01486493636566052 0.045418004486544733 -0.014890605796954039 0.07476199027980332 -0.012598496601685012 -0.041471561235460176 0.0052563439246122662 0.018875809592882133
leaf_weight=29.673723712563515 26.179799377918243 196.59589830040932 689.98338837921619 419.31235152482986 274.75571945309639 35.018628761172295 40.108714297413826 16.987260028719902 278.85046303272247 164.1582575365901 116.16646141558886 13.152173727750776
leaf_count=169 190 2342 3146 1784 1453 150 190 73 1896 1895 704 57
internal_value=-0.000506233 -0.0280483 0.013775 0.025847 0.00792756 -0.00767891 0.0304143 0.0146683 -0.019087 -0.0245846 -0.00325682 -0.022726
internal_weight=2300.94 781.951 1518.99 502.247 1016.74 309.774 459.421 706.971 585.355 443.009 142.346 42.8259
internal_count=14049 7027 7022 2200 4822 1603 1974 3219 4685 3791 894 226
cat_boundaries=0 1 2 3 4
cat_threshold=7 40 5 8
is_linear=0
shrinkage=0.05


Tree=24
num_leaves=13
num_cat=4
split_feature=0 0 34 39 34 44 26 5 7 0 19 1
split_gain=328.905 66.1291 41.8576 38.5088 48.3773 40.9241 31.3938 21.333 17.5458 16.9316 15.4941 9.33815
threshold=0 1 20.950000000000003 20.000000000000004 24.450000000000003 52.000000000000007 12.65 -0.99761278905001471 27.800000000000001 2 28.0979165 3
decision_type=1 1 2 2 2 2 2 2 2 1 2 1
left_child=2 7 6 4 -4 -5 11 10 -8 -9 -2 -1
right_child=1 -3 3 5 -6 -7 8 9 -10 -11 -12 -13
leaf_value=0.069332902138517699 0.05519768111360427 -0.051982644238188686 0.0124412586231867 0.023909604723742591 -0.024119702355639011 -0.053149845991926882 -0.045022855711062876 -0.011041648420392989 0.047445505660872508 -0.029942573430389363 -0.047340481415628778 -0.00087815902402994166
leaf_weight=8.9374523013830185 15.32794886827469 189.6568725630641 496.97962053120136 828.17833843827248 109.60555763542652 16.682324573397636 59.123822599649429 334.32845852524042 4.802340403199195 223.89113958179951 3.923445686697959 9.0001426190137863
leaf_count=46 87 2351 2329 3606 547 96 386 2278 25 2280 30 47
internal_value=2.3057e-05 -0.026485 0.0133793 0.0154314 0.00580613 0.022327 -0.0211364 -0.0172958 -0.0374526 -0.0193953 0.0329946 0.0359185
internal_weight=2300.44 767.128 1533.31 1451.45 606.585 844.861 81.8638 577.471 63.9262 558.22 19.2514 17.9376
internal_count=14108 7026 7082 6578 2876 3702 504 4675 411 4558 117 93
cat_boundaries=0 1 2 3 4
cat_threshold=7 40 8 1
is_linear=0
shrinkage=0.05


Tree=25
num_leaves=13
num_cat=3
split_feature=0 0 44 36 33 39 34 5 5 0 35 34
split_gain=306.666 61.1478 37.0755 34.8131 54.5102 37.6267 27.5596 41.1875 21.0022 28.6182 20.1346 16.0734
threshold=0 1 32.95000000000001 95.500000000000014 36.750000000000007 17.750000000000004 24.450000000000003 -0.67801649466304881 -0.88620506325989179 2 85.610119000000012 25.150000000000002
decision_type=1 1 2 2 2 2 2 2 2 1 2 2
left_child=2 8 6 4 -4 -5 7 -1 10 -10 -2 -8
right_child=1 -3 3 5 -6 -7 11 -9 9 -11 -12 -13
leaf_value=0.049348641946566886 -0.02051191791520714 -0.051586458972857366 -0.011793024990765073 -0.0052548282714504242 0.029864269905918086 0.025524569817937007 -0.060108506604429492 -0.0054951571689771522 -0.011725364443286906 -0.039283281326837061 0.019107586800832525 -0.0010687947041839354
leaf_weight=39.854110434651375 60.536156110465527 181.2324156165123 223.15744933485985 113.56857454776764 119.88812407851219 772.19595478475094 29.281488627195358 210.38826996088028 281.17393758893013 160.65926273912191 65.962998479604721 18.674114689230919
leaf_count=167 398 2351 1087 521 510 3388 177 1100 1940 1932 394 83
internal_value=-0.000419315 -0.0263863 0.0124274 0.0163441 0.00280992 0.0215767 -0.00329788 0.00340103 -0.0175235 -0.0229639 0.000135505 -0.0376096
internal_weight=2276.57 749.565 1527.01 1228.81 343.046 885.765 298.198 250.242 568.332 441.833 126.499 47.9556
internal_count=14048 7015 7033 5506 1597 3909 1527 1267 4664 3872 792 260
cat_boundaries=0 1 2 3
cat_threshold=7 40 8
is_linear=0
shrinkage=0.05


Tree=26
num_leaves=15
num_cat=3
split_feature=0 0 43 32 5 39 0 37 34 35 25 21 19 13
split_gain=282.485 67.9469 48.5056 38.3473 36.7295 32.1038 28.2714 27.0498 18.6352 16.4451 15.0454 14.7996 10.9815 1.93942
threshold=0 1 0.35000000000000003 26.643750000000001 -0.8142754349318998 16.250000000000004 2 25.500000000000004 23.850000000000005 85.63392850000001 11.137500000000001 26.650000000000002 25.111111500000003 9.9229170000000018
decision_type=1 1 2 2 2 2 1 2 2 2 2 2 2 2
left_child=4 5 10 -4 6 8 9 -7 -2 -1 -3 12 -6 -13
right_child=1 2 3 -5 11 7 -8 -9 -10 -11 -12 13 -14 -15
leaf_value=-0.020609508101274845 0.0027193151991618952 -0.05454273033002284 -0.020400684797698687 0.0069882709984282615 0.035483388897223508 -0.037539734892784511 -0.043729248119535241 0.02090533482400565 -0.044071299059774888 0.024020503250600549 -0.0040149367317808445 -0.017027460568209651 -0.052461980372520284 0.028155924238403192
leaf_weight=36.753572456538677 100.15025527775288 54.444504834711552 162.95841493457556 578.48628622293472 2.947901025414466 19.356462419033051 42.595299728214741 907.40713180601597 25.986155226826668 44.571484833955765 20.292596407234669 2.7983831316232664 260.46570834517479 5.941615492105484
leaf_count=242 481 349 973 3243 41 92 516 4002 138 270 111 24 3539 45
internal_value=-0.000249755 0.00792906 -0.00290727 0.00094922 -0.0380109 0.0162723 -0.0162273 0.0196455 -0.00719114 0.00342884 -0.0410576 -0.0492256 -0.0513473 0.0134262
internal_weight=2265.16 1869.08 816.182 741.445 396.074 1052.9 123.92 926.764 126.136 81.3251 74.7371 272.154 263.414 8.74
internal_count=14066 9389 4676 4216 4677 4713 1028 4094 619 512 460 3649 3580 69
cat_boundaries=0 1 2 3
cat_threshold=48 5 32
is_linear=0
shrinkage=0.05


Tree=27
num_leaves=13
num_cat=2
split_feature=0 0 5 39 43 39 39 5 5 5 5 31
split_gain=273.586 56.3851 41.3599 46.0291 71.3269 37.5541 30.6863 64.2 40.6515 15.9586 14.2571 9.93281
threshold=0 1 -0.73865259438682551 24.650000000000002 17.750000000000004 18.150000000000002 20.000000000000004 0.19969739736768835 0.18281312110578127 -0.99761278905001471 0.99445195900249039 31.850000000000005
decision_type=1 1 2 2 2 2 2 2 2 2 2 2
left_child=2 9 3 5 -5 -1 7 -4 -8 11 -11 -2
right_child=1 -3 6 4 -6 -7 8 -9 -10 10 -12 -13
leaf_value=0.0039136823172279626 -0.03222627699872465 -0.050931821461565802 -0.027316626953438967 -0.05510256277567617 0.035210902462751152 0.042641828442220121 0.026118204735118174 0.010617639073814465 0.00023959963506938009 -0.020314530514708922 0.029638639405083423 0.046939311958403819
leaf_weight=83.022163957357407 4.5681291446089771 165.99123688042164 171.48289422690868 40.605431780219078 45.10166509449482 256.13053819537163 324.27461975812912 314.68855461478233 284.50041437894106 522.89826310425997 13.836426034569739 14.165408730506895
leaf_count=385 33 2337 842 206 189 1084 1387 1567 1338 4441 129 78
internal_value=-0.000382118 -0.0255101 0.0116463 0.0249473 -0.00771891 0.0332008 0.00657351 -0.00279118 0.0140445 -0.0170717 -0.0189741 0.0269801
internal_weight=2241.27 721.459 1519.81 424.86 85.7071 339.153 1094.95 486.171 608.775 555.468 536.735 18.7335
internal_count=14016 7018 6998 1864 395 1469 5134 2409 2725 4681 4570 111
cat_boundaries=0 1 2
cat_threshold=7 40
is_linear=0
shrinkage=0.05


Tree=28
num_leaves=15
num_cat=3
split_feature=0 0 43 5 20 0 34 33 44 35 25 34 20 22
split_gain=243.86 56.8652 42.8804 38.5389 32.4543 29.3735 23.6228 26.7368 22.6134 17.9325 17.2477 16.7862 13.7284 1.34577
threshold=0 1 0.35000000000000003 -0.8142754349318998 31.250000000000004 2 20.350000000000005 30.850000000000005 52.750000000000007 85.547619000000012 11.137500000000001 26.400000000000002 28.750000000000004 65.333333000000025
decision_type=1 1 2 2 2 1 2 2 2 2 2 2 2 2
left_child=3 6 10 5 -4 9 7 -2 -8 -1 -3 12 -5 -13
right_child=1 2 4 11 -6 -7 8 -9 -10 -11 -12 13 -14 -15
leaf_value=-0.020806622393392815 0.050872299466835226 -0.053606104054601526 -0.019569555115940995 0.072462413990557972 0.0062696406029818909 -0.042963683337072643 0.017261296529719368 -0.050035219148202185 -0.05412799031534779 0.026057820799678617 0.0013613596656687564 -0.01417441429914802 -0.052121181997435095 0.023496223519708283
leaf_weight=34.963621653616428 7.8191747069358817 53.103959605097771 152.14098704606295 1.4024434313178051 587.59489818662405 40.711235098540783 998.79187699407339 25.667884886264801 10.271670781075953 46.289103642106056 19.318043008446693 2.5177005827426893 241.16439900547266 7.5339442864060402
leaf_count=237 38 354 891 20 3332 533 4384 170 60 281 106 19 3537 56
internal_value=-0.000202774 0.00728015 -0.00264744 -0.0363992 0.000936066 -0.0141321 0.0149608 -0.0256816 0.0164817 0.00524613 -0.0391251 -0.0484868 -0.0511063 0.0136318
internal_weight=2229.29 1854.71 812.158 374.582 739.736 121.964 1042.55 33.4871 1009.06 81.2527 72.422 252.618 242.567 10.0516
internal_count=14018 9335 4683 4683 4223 1051 4652 208 4444 518 460 3632 3557 75
cat_boundaries=0 1 2 3
cat_threshold=48 5 32
is_linear=0
shrinkage=0.05


Tree=29
num_leaves=14
num_cat=3
split_feature=0 0 5 43 20 0 34 40 25 5 20 34 35
split_gain=219.98 50.4443 39.0483 37.4943 35.1632 29.7669 23.1973 19.0106 18.5953 17.8312 16.041 16.4206 14.5488
threshold=0 1 -0.80417042486635371 0.35000000000000003 31.250000000000004 2 20.850000000000005 130.55000000000004 11.137500000000001 0.95436825032516992 28.750000000000004 26.550000000000004 85.63392850000001
decision_type=1 1 2 2 2 1 2 2 2 2 2 2 2
left_child=2 6 5 8 -5 12 9 -8 -3 -2 -4 -12 -1
right_child=1 3 10 4 -6 -7 7 -9 -10 -11 11 -13 -14
leaf_value=-0.016546451009839935 0.0050145819453812045 -0.053471813865279841 0.076672759360856213 -0.021151254386169535 0.0059087050929291689 -0.04269988416369766 0.016520160746901477 -0.03155537095751075 0.0028557711672342594 -0.052929605955921402 -0.051491484974754836 0.024442532828304851 0.025111542317893771
leaf_weight=37.262832298874855 33.397541373968124 50.497146211564541 1.703743889927863 149.99709215015173 584.82884229719639 40.28126123547554 970.55119200050831 20.116318896412849 20.34217244386673 20.871002122759819 233.91010073572397 6.7886327207088462 45.458289138972759
leaf_count=258 198 349 23 885 3316 549 4239 89 112 133 3568 48 274
internal_value=-0.000622751 0.00643195 -0.0354787 -0.00296938 0.000363825 -0.013356 0.013636 0.0155131 -0.0374822 -0.0178245 -0.0480611 -0.0492576 0.00569269
internal_weight=2216.01 1850.6 365.405 805.665 734.826 123.002 1044.94 990.668 70.8393 54.2685 242.402 240.699 82.7211
internal_count=14041 9321 4720 4662 4201 1081 4659 4328 461 331 3639 3616 532
cat_boundaries=0 1 2 3
cat_threshold=48 5 32
is_linear=0
shrinkage=0.05


Tree=30
num_leaves=15
num_cat=3
split_feature=0 0 43 20 5 0 44 38 34 25 34 20 38 4
split_gain=219.505 47.5464 38.2546 36.1026 32.4806 23.4649 21.6572 26.3451 22.9272 17.4582 17.0122 16.2211 14.4781 0.0993682
threshold=0 1 0.35000000000000003 31.250000000000004 -0.80417042486635371 2 33.300000000000004 7.8770835000000012 20.350000000000005 11.347222500000003 26.550000000000004 28.750000000000004 6.3017855000000003 0.80417553764032002
decision_type=1 1 2 2 2 1 2 2 2 2 2 2 2 2
left_child=4 6 9 -4 5 12 7 -2 -8 -3 11 -6 -1 -12
right_child=1 2 3 -5 10 -7 8 -9 -10 -11 13 -13 -14 -15
leaf_value=0.054731077096254958 0.0063145077923404949 -0.053602365788482015 -0.020915060766759624 0.0065504586380311274 0.074713966979075758 -0.042025390225328862 -0.04527796961279329 -0.046600160550806922 0.018661607836796462 0.0025796158282807334 0.01192388847836654 -0.051401412969380347 -0.0057932956840655034 0.03030656713539975
leaf_weight=10.45986135303974 195.26770104467869 48.824446141719818 149.40178056806326 584.15023485571146 1.7399205788969982 38.04990304261446 13.342619478702543 25.725819900631905 817.52356862276793 19.016106881201267 3.287102296948432 222.72502937912941 70.801730565726757 4.0607250481843948
leaf_count=63 927 350 890 3308 22 538 97 147 3506 105 23 3554 457 28
internal_value=-0.000114695 0.0068058 -0.00237783 0.000935727 -0.0357355 -0.0153776 0.0137548 -2.74493e-05 0.0175816 -0.0380455 -0.0476373 -0.0500968 0.0022896 0.0244964
internal_weight=2204.38 1853.25 801.393 733.552 351.124 119.311 1051.86 220.994 830.866 67.8406 231.813 224.465 81.2616 7.34783
internal_count=14015 9330 4653 4198 4685 1058 4677 1074 3603 455 3627 3576 520 51
cat_boundaries=0 1 2 3
cat_threshold=48 5 32
is_linear=0
shrinkage=0.05


Tree=31
num_leaves=12
num_cat=3
split_feature=0 0 43 31 39 34 33 0 34 43 33
split_gain=191.869 47.394 32.8924 27.7845 25.0239 25.996 17.746 17.4402 33.3735 23.4959 13.9558
threshold=0 1 0.35000000000000003 27.550000000000001 16.250000000000004 20.950000000000003 33.350000000000001 2 26.400000000000002 14.250000000000002 35.250000000000007
decision_type=1 1 2 2 2 2 2 1 2 2 2
left_child=7 4 10 -4 6 -6 -2 8 9 -1 -3
right_child=1 2 3 -5 5 -7 -8 -9 -10 -11 -12
leaf_value=-0.046399326610992081 -0.016743715580317436 -0.05577471688583735 -0.026470284983653943 0.0032353395521247368 -0.025715970509609772 0.01731856158388791 0.030791503553608005 -0.049722323673156571 0.090084565349084322 -0.011401078913504793 -0.010294713797656101
leaf_weight=83.80443699285388 104.48552772402763 38.706716500222683 88.602168217301369 646.93362621217966 35.681576289236546 885.44400446116924 23.166177153587341 140.63440201431513 5.3760557100176802 112.43565508723259 30.27142920345068
leaf_count=1216 515 294 564 3648 232 3809 105 2336 38 1103 175
internal_value=-0.000737037 0.0056721 -0.00344822 -0.000374061 0.0126315 0.0156255 -0.00794476 -0.0345177 -0.0218881 -0.0265066 -0.0362479
internal_weight=2195.54 1853.29 804.514 735.536 1048.78 921.126 127.652 342.251 201.616 196.24 68.9781
internal_count=14035 9342 4681 4212 4661 4041 620 4693 2357 2319 469
cat_boundaries=0 1 2 3
cat_threshold=48 5 32
is_linear=0
shrinkage=0.05


Tree=32
num_leaves=14
num_cat=3
split_feature=0 34 0 5 44 4 0 7 39 34 20 39 34
split_gain=173.051 39.4252 35.729 34.9902 25.3737 23.4831 23.4026 20.4084 23.4704 18.7936 15.0714 14.9852 1.05468
threshold=0 20.950000000000003 1 -0.82413948779581736 31.150000000000002 0.88621069759564464 2 27.800000000000001 12.850000000000003 26.400000000000002 28.750000000000004 19.350000000000005 26.550000000000004
decision_type=1 2 1 2 2 2 1 2 2 2 2 2 2
left_child=3 7 5 6 -4 -3 11 8 -2 10 -5 -1 -11
right_child=1 2 4 9 -6 -7 -8 -9 -10 12 -12 -13 -14
leaf_value=-0.029146855323239823 0.029826203153183951 0.016913324782185032 -0.028498288113911269 0.068014898653249625 0.0017231256229708293 -0.002553943215817105 -0.040517440452182821 0.059001076823004955 -0.040724965127329073 -0.0064028467218221674 -0.050669422981013824 0.018101265256430084 0.026068389628570207
leaf_weight=22.227026507258415 13.000507541000841 806.81675806641579 76.355212092399597 1.8858847096562374 679.12260630726814 191.36959573626518 33.476579833775759 5.854415386915206 81.894233167171478 3.0338343828916532 207.58212458342314 59.622735805809498 7.7141034603118896
leaf_count=149 71 3516 524 23 3798 816 509 31 590 26 3591 368 52
internal_value=-0.000898099 0.00513835 0.00691814 -0.0333375 -0.00134714 0.0130517 -0.011878 -0.0250996 -0.0308493 -0.0459782 -0.0492828 0.00452724 0.0171379
internal_weight=2189.96 1854.41 1753.66 335.542 755.478 998.186 115.326 100.749 94.8947 220.216 209.468 81.8498 10.7479
internal_count=14064 9346 8654 4718 4322 4332 1026 692 661 3692 3614 517 78
cat_boundaries=0 1 2 3
cat_threshold=48 5 32
is_linear=0
shrinkage=0.05


Tree=33
num_leaves=15
num_cat=2
split_feature=0 34 40 5 44 37 0 34 35 31 7 4 21 13
split_gain=178.788 32.5039 32.7222 32.4604 30.6126 26.9502 19.8231 15.9347 13.2177 12.2794 8.23977 2.3937 0.791777 0.776745
threshold=0 20.350000000000005 130.55000000000004 -0.80417042486635371 52.000000000000007 51.500000000000007 1 26.400000000000002 85.63392850000001 38.350000000000009 24.525000000000002 0.77788564761185042 27.050000000000004 7.5270835000000007
decision_type=1 2 2 2 2 2 1 2 2 2 2 2 2 2
left_child=3 5 4 6 -3 11 8 10 -1 -4 -5 -2 -9 -7
right_child=1 2 9 7 -6 13 -8 12 -10 -11 -12 -13 -14 -15
leaf_value=-0.019823295343600639 -0.057267903708896242 0.0084993154470804355 -0.056359670927840361 0.043680402352244019 -0.051720505460275248 0.012349004801388236 -0.04024988876539784 -0.0050436526865613269 0.020027531187018555 0.0057125164897231292 -0.051330015079734698 -0.0096096936203113933 0.020367066110134738 0.03740973954531205
leaf_weight=36.93543441593647 36.331654712557793 1742.3089246824384 26.802845776081085 1.5952963456511486 20.379506766796112 13.620869964361193 33.022926155477762 4.6196722984313947 45.098638117313385 10.926923856139181 194.42549976333976 3.317494496703147 6.5238273143768311 3.9099148958921424
leaf_count=261 291 8634 141 23 128 76 523 34 268 52 3527 29 46 21
internal_value=-0.000456908 0.00556416 0.0067793 -0.0341923 0.00777415 -0.0311991 -0.0137922 -0.0470443 0.00184058 -0.0386996 -0.050339 -0.0536148 0.0102849 0.0196555
internal_weight=2179.82 1857.6 1800.42 322.221 1762.69 57.1799 115.057 207.164 82.0341 37.7298 196.021 39.6491 11.1435 17.5308
internal_count=14054 9372 8955 4682 8762 417 1052 3630 529 193 3550 320 80 97
cat_boundaries=0 1 2
cat_threshold=48 32
is_linear=0
shrinkage=0.05


Tree=34
num_leaves=13
num_cat=3
split_feature=0 0 5 39 43 39 38 4 0 5 38 43
split_gain=153.884 54.0848 29.7864 42.9312 55.7176 51.9145 27.019 38.9481 35.8914 20.8454 18.2975 9.34432
threshold=0 1 -0.6391983530350368 24.650000000000002 17.750000000000004 18.550000000000004 11.120238000000002 0.9893236546938301 2 0.99445195900249039 5.9175595000000003 0.75000000000000011
decision_type=1 1 2 2 2 2 2 2 1 2 2 2
left_child=2 9 3 5 -5 -1 8 -8 -4 10 -2 -11
right_child=1 -3 6 4 -6 -7 7 -9 -10 11 -12 -13
leaf_value=-0.0031794008826466131 0.020818074548608109 -0.048886711325537548 0.0069371469119600508 -0.051468916468889625 0.026911743348679157 0.037036360775223189 0.0077242080765987974 0.060166259212196031 -0.015066451044420892 -0.036737102784901159 -0.016744316045121874 0.068630008093263514
leaf_weight=110.50584498047829 33.974975354969501 124.34172799438238 611.00149068981409 44.292602315545082 44.498880043625832 290.64095841348171 135.44227787852287 47.117507919669151 252.99749226868153 1.9283130578696717 471.20664563775063 10.036009944975374
leaf_count=516 286 2336 2740 225 188 1249 583 189 1374 24 4255 99
internal_value=0.00022084 -0.0201464 0.00880548 0.019025 -0.0123253 0.0259776 0.00409177 0.0215132 0.00039007 -0.0123618 -0.014182 0.050124
internal_weight=2177.98 641.488 1536.5 489.938 88.7915 401.147 1046.56 182.56 863.999 517.146 505.182 11.9643
internal_count=14064 7000 7064 2178 413 1765 4886 772 4114 4664 4541 123
cat_boundaries=0 1 2 3
cat_threshold=7 40 5
is_linear=0
shrinkage=0.05


Tree=35
num_leaves=15
num_cat=4
split_feature=0 0 5 43 20 34 0 4 33 31 20 8 1 31
split_gain=136.478 39.1267 34.0628 28.2562 25.1636 22.0493 21.5934 20.9645 33.3962 25.9452 15.2669 13.7899 13.294 0.354006
threshold=0 1 -0.80417042486635371 0.35000000000000003 31.250000000000004 26.400000000000002 2 0.89404822654372251 36.750000000000007 48.800000000000004 28.750000000000004 34.750000000000007 3 38.000000000000007
decision_type=1 1 2 2 2 2 1 2 2 2 2 2 1 2
left_child=2 7 6 11 -5 10 12 9 -9 -2 -4 -3 -1 -7
right_child=1 3 5 4 -6 13 -8 8 -10 -11 -12 -13 -14 -15
leaf_value=0.025100605816407023 0.015319000532041186 -0.053095642762457686 0.070101643464973093 -0.019378749560037552 0.0036224706511696469 0.011968140283692009 -0.039172558124166153 -0.02096211882579032 0.023314309830183646 -0.047731220345828308 -0.05039166832005474 -0.0054027172688929743 -0.014424706944333439 0.033542218717830107
leaf_weight=41.711911823600531 857.41851410269737 39.917659491300583 1.8357237577438343 148.05064240843058 587.03146307170391 5.3505301550030691 30.399900581687689 113.8213614076376 66.725133895874023 15.684707179665564 179.97478828206658 24.466288819909096 41.459684085100889 4.9690388590097427
leaf_count=273 3828 320 22 896 3327 39 520 495 272 80 3513 142 271 36
internal_value=-0.000624754 0.00453694 -0.0309652 -0.003786 -0.00103017 -0.0447606 -0.0101431 0.0108259 -0.00456045 0.014133 -0.0487982 -0.0353319 0.00488073 0.0244019
internal_weight=2158.82 1853.12 305.702 799.466 735.082 192.13 113.571 1053.65 180.546 873.103 181.811 64.3839 83.1716 10.3196
internal_count=14034 9360 4674 4685 4223 3610 1064 4675 767 3908 3535 462 544 75
cat_boundaries=0 1 2 3 4
cat_threshold=48 5 32 1
is_linear=0
shrinkage=0.05


Tree=36
num_leaves=15
num_cat=3
split_feature=0 5 44 2 0 41 34 21 0 34 20 35 26 21
split_gain=137.523 32.6701 32.0221 32.6044 53.3837 30.2079 30.1439 20.7014 20.2439 15.5322 14.6259 12.2308 9.01909 1.47542
threshold=0 -0.80417042486635371 33.300000000000004 4.5000000000000009 1 130.55000000000004 20.350000000000005 24.650000000000002 2 26.400000000000002 28.750000000000004 85.63392850000001 19.850000000000005 27.050000000000004
decision_type=1 2 2 2 1 2 2 2 1 2 2 2 2 2
left_child=1 8 3 4 -2 6 -4 -5 11 10 -3 -1 -7 -11
right_child=2 9 5 7 -6 12 -8 -9 -10 13 -12 -13 -14 -15
leaf_value=-0.01755546029495169 0.021441882940388478 0.065800078191170577 -0.048444893549074004 0.0075750610981259615 -0.04917890011780808 -0.054453794402309678 0.010291442791063577 -0.029258163085579311 -0.039031466781947105 -0.0077744959272520887 -0.050415077542336512 0.020928489617845013 -0.0022243669727733647 0.028993384212851865
leaf_weight=35.329688496887684 34.056260824203491 1.9312674179673184 21.212680101394653 228.52570845931768 79.103028193116188 23.120089739561081 1413.412079282105 44.752860136330128 30.266169391572475 3.9798368960618955 171.46636006236076 46.892911732196808 12.708609312772749 5.8002654910087585
leaf_count=258 172 22 186 1220 516 127 6841 258 536 30 3503 279 61 41
internal_value=-0.000240737 -0.0312708 0.00485643 -0.00791108 -0.030353 0.00824785 0.00938981 0.00145847 -0.0109803 -0.0453018 -0.0487508 0.00391045 -0.0364912 0.0146981
internal_weight=2152.56 295.666 1856.89 386.438 113.159 1470.45 1434.62 273.279 112.489 183.178 173.398 82.2226 35.8287 9.7801
internal_count=14050 4669 9381 2166 688 7215 7027 1478 1073 3596 3525 537 188 71
cat_boundaries=0 1 2 3
cat_threshold=48 4 32
is_linear=0
shrinkage=0.05


Tree=37
num_leaves=15
num_cat=3
split_feature=0 0 5 5 38 33 37 39 0 35 34 5 31 44
split_gain=126.451 29.2704 28.0478 27.0598 30.7072 28.1982 20.446 26.1283 17.0852 16.2046 14.2137 13.6872 4.71498 1.1495
threshold=0 1 -0.80417042486635371 -0.89404254237865755 7.3476190000000008 38.800000000000004 25.500000000000004 26.250000000000004 2 85.63392850000001 26.400000000000002 0.97648852793709995 40.850000000000009 38.000000000000007
decision_type=1 1 2 2 2 2 2 2 1 2 2 2 2 2
left_child=2 6 8 4 -3 -5 12 -8 9 -1 11 -4 -2 -12
right_child=1 3 10 5 -6 -7 7 -9 -10 -11 13 -13 -14 -15
leaf_value=-0.023319838328936054 -0.062189746728580624 0.045920427850451945 -0.052274147488166813 -0.0090803339574524449 -0.0013633416393338124 0.082675505183577733 0.0082148526784558314 0.041732543488585669 -0.038626894394702509 0.020925541603972239 -0.01073026189503673 0.0014198251174040817 -0.0093481343891690279 0.022130539921606567
leaf_weight=35.556449960917234 10.601722449064257 52.825621917843819 153.89989850670099 640.95617359876633 94.678518809378147 7.4914949387311927 969.68230077624321 60.953988634049892 29.366686709225178 46.69908944517374 3.2672465741634351 12.797109503298996 7.2767266929149619 6.9400760680437088
leaf_count=258 57 265 3290 3867 512 36 4297 268 538 274 25 251 30 48
internal_value=-0.00111837 0.00375902 -0.0312538 -0.00345236 0.0157656 -0.00789461 0.00921236 0.0102357 -0.0125517 0.00156172 -0.0446742 -0.0481682 -0.042317 0.0115933
internal_weight=2132.99 1844.47 288.527 795.952 147.504 648.448 1048.51 1030.64 111.622 82.2555 176.904 166.697 17.8784 10.2073
internal_count=14016 9332 4684 4680 777 3903 4652 4565 1070 532 3614 3541 87 73
cat_boundaries=0 1 2 3
cat_threshold=48 5 32
is_linear=0
shrinkage=0.05


Tree=38
num_leaves=15
num_cat=2
split_feature=0 31 36 44 33 5 34 0 9 34 34 38 5 21
split_gain=117.039 31.6119 34.2512 32.9748 31.0731 30.9046 30.3895 18.4221 14.4723 14.3378 13.558 13.4144 10.1987 1.29598
threshold=0 27.550000000000001 97.500000000000014 33.300000000000004 32.45000000000001 -0.80417042486635371 23.850000000000005 1 24.150000000000002 26.400000000000002 25.350000000000005 6.3348215000000012 0.98486764554468398 27.250000000000004
decision_type=1 2 2 2 2 2 2 1 2 2 2 2 2 2
left_child=5 6 3 -3 -4 7 8 11 -2 12 -8 -1 -7 -11
right_child=1 2 4 -5 -6 9 10 -9 -10 13 -12 -13 -14 -15
leaf_value=0.051428923917238314 -0.011185752169975288 -0.036951228891771132 0.0043383996808411185 0.0011288721559958425 0.022751166350806384 -0.051810587679518662 -0.060991823585589848 -0.038186644738911507 0.024640749912852755 -0.0089677273276965123 0.013658050040488085 -0.00455395527375628 -0.00090880085415603591 0.02272755003442134
leaf_weight=11.605428874492643 149.93301843851805 61.448173329234123 525.9387673586607 633.54071639478207 405.84246026724577 149.67440135031939 38.719766654074192 28.395491231232882 33.685536488890648 5.041920989751814 6.7974592000246039 70.016971059143543 10.566715449094771 6.2720852941274643
leaf_count=70 869 377 2593 3178 1955 3348 224 538 174 37 32 459 211 43
internal_value=-0.000974603 0.00364308 0.00611326 -0.00228627 0.012374 -0.03037 -0.0136863 -0.0106245 -0.00451537 -0.0446579 -0.0497898 0.00350753 -0.0484804 0.00902179
internal_weight=2137.48 1855.91 1626.77 694.989 931.781 281.573 229.136 110.018 183.619 171.555 45.5172 81.6224 160.241 11.314
internal_count=14108 9402 8103 3555 4548 4706 1299 1067 1043 3639 256 529 3559 80
cat_boundaries=0 1 2
cat_threshold=48 32
is_linear=0
shrinkage=0.05


Tree=39
num_leaves=15
num_cat=1
split_feature=31 5 44 39 5 15 32 23 4 43 34 44 1 4
split_gain=29.7815 32.3664 26.0709 27.5118 25.3645 14.2614 13.4173 13.3094 16.1852 12.4222 10.5128 2.99557 2.93706 2.67957
threshold=27.550000000000001 -0.99628250747696534 52.750000000000007 26.050000000000004 0.14888728888808322 2.3500000000000001 27.930655000000005 85.500000000000014 -0.35846811432664222 21.700000000000006 25.350000000000005 35.45000000000001 0 -0.96689237009891416
decision_type=2 2 2 2 2 2 2 2 2 2 2 2 1 2
left_child=4 6 3 -3 5 9 11 12 -9 -1 -7 -2 -6 -4
right_child=1 2 13 -5 7 10 -8 8 -10 -11 -12 -13 -14 -15
leaf_value=-0.048769197378117551 0.01766498966374494 -0.00065873663448499454 -0.0079433684680937575 0.022628778057209625 0.018250727361833658 -0.054513597982599693 -0.047411777646968599 0.0071914564795617503 -0.02493452616837118 0.017399359299149039 0.03104237208104739 0.047688402488152044 0.087388015000230967 -0.059568352371961508
leaf_weight=10.262055836617948 11.923439741134642 1633.7052581608295 3.2686258070170906 136.49732466414571 3.3995943441987029 61.571129016578197 3.6752719208598128 84.60285984352231 71.522712353616953 18.246392846107483 3.1882707588374606 48.479743763804436 3.3677481971681118 18.630063157528639
leaf_count=83 67 10737 22 806 28 448 30 603 599 110 20 257 27 154
internal_value=-0.000486669 0.00172173 0.00046362 0.00114869 -0.0164335 -0.0370787 0.0363598 -0.00445856 -0.00759081 -0.00726458 -0.0498935 0.0421461 0.0594778 -0.0525461
internal_weight=2112.34 1856.18 1792.1 1770.2 256.161 93.2678 64.0785 162.893 156.126 28.5084 64.7594 60.4032 6.76734 21.8987
internal_count=13991 12073 11719 11543 1918 661 354 1257 1202 193 468 324 55 176
cat_boundaries=0 1
cat_threshold=1
is_linear=0
shrinkage=0.05


Tree=40
num_leaves=15
num_cat=3
split_feature=0 0 32 38 5 39 44 34 34 33 0 37 5 34
split_gain=116.392 31.9713 28.8258 30.0869 26.2667 24.4802 18.3211 18.0192 16.8032 15.8837 14.1817 12.109 7.14625 0.831483
threshold=0 1 26.711607000000004 6.7913690000000004 -0.80417042486635371 16.250000000000004 48.050000000000004 20.350000000000005 26.400000000000002 33.350000000000001 2 67.500000000000014 0.99855310097228323 26.550000000000004
decision_type=1 1 2 2 2 2 2 2 2 2 1 2 2 2
left_child=4 5 6 -4 10 9 -3 -7 12 -2 11 -1 -6 -10
right_child=1 2 3 -5 8 7 -8 -9 13 -11 -12 -13 -14 -15
leaf_value=0.0079773262298594959 -0.019423541870477613 -0.02505398265737805 0.022961597082946587 -0.0043226899998254206 -0.050390761836622694 -0.038780818593788055 0.042201401867129625 0.013231796882638711 -0.0070524057946906738 0.025353658733903075 -0.037488085832201888 -0.046217538996199403 0.02055414563109622 0.021197355192689095
leaf_weight=71.357793569564819 103.81917406618595 173.35132772475481 126.41683103889227 487.13716274499893 148.8643709346652 16.019105590879917 9.8620511069893819 911.53047606348991 3.0687536075711241 23.510397523641586 26.796077311038971 11.019054248929022 3.1305275596678248 8.153191000223158
leaf_count=468 513 1139 720 2790 3463 125 53 3940 26 107 525 68 65 53
internal_value=-0.000842821 0.00370747 -0.00383052 0.00132719 -0.0306882 0.00938181 -0.0212243 0.0122927 -0.0444629 -0.0110226 -0.0126635 0.00023272 -0.0488048 0.0135272
internal_weight=2124.04 1851.65 796.767 613.554 272.39 1054.88 183.213 927.55 163.217 127.33 109.173 82.3768 151.995 11.2219
internal_count=14055 9387 4702 3510 4668 4685 1192 4065 3607 620 1061 536 3528 79
cat_boundaries=0 1 2 3
cat_threshold=48 5 32
is_linear=0
shrinkage=0.05


Tree=41
num_leaves=9
num_cat=2
split_feature=0 0 5 39 38 39 44 38
split_gain=101.091 46.1071 24.3902 40.4426 27.9074 14.7429 18.9879 14.8327
threshold=0 1 -0.6391983530350368 24.650000000000002 11.120238000000002 26.050000000000004 43.750000000000007 5.9175595000000003
decision_type=1 1 2 2 2 2 2 2
left_child=-1 2 3 -2 -4 7 -7 -3
right_child=1 5 4 -5 -6 6 -8 -9
leaf_value=-0.047306812286840909 0.022754402735030002 0.01773563280138464 -0.0015616008834221816 -0.0143163036429978 0.020009033669702286 0.12215985550324382 0.0060024850962930986 -0.016436852637274787
leaf_weight=97.726387321949005 392.12938706576824 33.556276813149452 854.39008086919785 89.787357337772846 180.83261612057686 2.8459677621722212 42.887879714369774 417.18093515560031
leaf_count=2336 1752 284 4085 423 760 24 325 4052
internal_value=-0.000342151 0.00218351 0.00651001 0.0158323 0.00222203 -0.0108921 0.0156901 -0.0138592
internal_weight=2111.34 2013.61 1517.14 481.917 1035.22 496.471 45.7338 450.737
internal_count=14041 11705 7020 2175 4845 4685 349 4336
cat_boundaries=0 1 2
cat_threshold=16 7
is_linear=0
shrinkage=0.05


Tree=42
num_leaves=9
num_cat=3
split_feature=0 0 5 38 33 5 1 44
split_gain=97.1644 38.126 22.3084 44.6253 22.743 14.1136 29.5229 16.7543
threshold=0 1 -0.72694848937061807 7.0178570000000002 36.850000000000001 0.99748108949426029 2 31.150000000000002
decision_type=1 1 2 2 2 2 1 2
left_child=-1 2 3 -2 -4 7 -7 -3
right_child=1 5 4 -5 -6 6 -8 -9
leaf_value=-0.04705189938095785 0.04069756475023717 -0.03903948904196753 -0.00015169132166981057 0.0051948501726510037 0.022953936201262654 -0.046369350384307152 0.12775250998994023 -0.0080328776472487155
leaf_weight=94.572081543505192 125.73937799036503 47.552968621253967 982.12646306306124 294.65095419436693 118.45243862271309 3.7062051407992822 4.3972908593714237 435.8444363437593
leaf_count=2357 559 579 4642 1346 490 40 44 4026
internal_value=-0.000291292 0.00215141 0.00606188 0.0158851 0.00235369 -0.00981751 0.0517706 -0.0111574
internal_weight=2107.04 2012.47 1520.97 420.39 1100.58 491.501 8.1035 483.397
internal_count=14083 11726 7037 1905 5132 4689 84 4605
cat_boundaries=0 1 2 3
cat_threshold=16 7 1
is_linear=0
shrinkage=0.05


Tree=43
num_leaves=9
num_cat=2
split_feature=0 0 5 44 33 39 5 5
split_gain=89.4713 37.6605 24.0855 34.8442 23.8106 15.6598 16.3008 12.7163
threshold=0 1 -0.6391983530350368 48.050000000000004 30.750000000000004 26.050000000000004 0.98174098242282859 0.3484035575467645
decision_type=1 1 2 2 2 2 2 2
left_child=-1 2 3 -2 -4 6 -3 -7
right_child=1 5 4 -5 -6 7 -8 -9
leaf_value=-0.046732879430317925 0.018928382626918858 -0.016002939040752867 0.043418657162389136 -0.02700818757199961 -0.0003368025379456548 0.026572390260570945 0.026992665849424294 -0.049987159954978634
leaf_weight=90.486839255318046 432.99635452032089 415.21421352401376 31.084022626280785 44.743450820446014 1004.8819196671247 40.299323715269566 22.39120015129447 5.3062067516148081
leaf_count=2354 1933 4060 151 229 4698 291 233 56
internal_value=-0.000936685 0.0013878 0.00526899 0.0145787 0.00101668 -0.0106171 -0.0137464 0.0167833
internal_weight=2087.4 1996.92 1513.71 477.74 1035.97 483.211 437.605 45.6055
internal_count=14005 11651 7011 2162 4849 4640 4293 347
cat_boundaries=0 1 2
cat_threshold=16 7
is_linear=0
shrinkage=0.05


Tree=44
num_leaves=9
num_cat=2
split_feature=0 0 31 5 4 33 44 39
split_gain=85.9605 30.9494 26.7368 30.425 14.8997 34.6148 31.1248 11.201
threshold=0 1 27.550000000000001 -0.99628250747696534 0.90892735371523092 36.750000000000007 48.800000000000004 12.750000000000002
decision_type=1 1 2 2 2 2 2 2
left_child=-1 4 7 -4 6 -6 -2 -3
right_child=1 2 3 -5 5 -7 -8 -9
leaf_value=-0.046319923354502635 0.012363918510539095 0.02705486476171165 0.043647900238739698 -0.0034935973093473817 -0.022394185699739624 0.02444338354743001 -0.038629620170940578 -0.032019190611366453
leaf_weight=85.412663565948606 849.99290574342012 7.9527555257081977 34.745646454393864 804.96933449804783 108.75238850712776 60.614206537604332 30.060495637357235 102.48938605561852
leaf_count=2321 3792 66 178 5893 473 245 154 924
internal_value=-0.000202672 0.00201089 -0.0045018 -0.00149338 0.0078931 -0.00558652 0.0105802 -0.0275608
internal_weight=2084.99 1999.58 950.157 839.715 1049.42 169.367 880.053 110.442
internal_count=14046 11725 7061 6071 4664 718 3946 990
cat_boundaries=0 1 2
cat_threshold=16 5
is_linear=0
shrinkage=0.05


Tree=45
num_leaves=9
num_cat=2
split_feature=0 0 39 36 34 26 38 38
split_gain=81.2265 30.1369 22.7826 27.5711 23.1234 12.7307 16.2553 10.1922
threshold=0 1 16.250000000000004 96.500000000000014 23.850000000000005 15.550000000000002 6.8250000000000011 5.8788690000000008
decision_type=1 1 2 2 2 2 2 2
left_child=-1 2 4 -4 -2 7 -7 -3
right_child=1 5 3 -5 -6 6 -8 -9
leaf_value=-0.046080659943736363 -0.0024985360920726659 0.011179584984366399 -0.0027235533177769606 0.012442010501047859 -0.046780382660315617 0.01839440700911427 -0.0096680359111904063 -0.032043774162806495
leaf_weight=82.948860535398126 141.08247439563274 15.714229792356489 454.95160702615976 875.43986411392689 36.311410650610924 60.328527987003326 325.83916610106826 84.286797344684601
leaf_count=2350 719 141 2134 3929 208 502 3137 932
internal_value=-0.000647116 0.0014886 0.00497926 0.00725772 -0.0117742 -0.00920783 -0.00524783 -0.0252082
internal_weight=2076.9 1993.95 1507.79 1330.39 177.394 486.169 386.168 100.001
internal_count=14052 11702 6990 6063 927 4712 3639 1073
cat_boundaries=0 1 2
cat_threshold=16 7
is_linear=0
shrinkage=0.05


Tree=46
num_leaves=14
num_cat=2
split_feature=0 5 44 39 44 37 21 5 32 1 39 13 22
split_gain=80.6136 26.5498 23.2948 32.5891 37.3156 30.5306 16.2762 12.8192 12.7153 19.6075 13.3368 2.66207 1.34658
threshold=0 -0.80417042486635371 52.750000000000007 26.050000000000004 48.800000000000004 25.500000000000004 26.550000000000004 0.97648852793709995 28.763095000000003 1 19.350000000000005 8.3354165000000027 64.354166500000019
decision_type=1 2 2 2 2 2 2 2 2 1 2 2 2
left_child=1 8 3 4 -2 -5 7 -3 10 -10 -1 -4 -8
right_child=2 6 11 5 -6 -7 12 -9 9 -11 -12 -13 -14
leaf_value=-0.043568513765198824 0.0028530164111245249 -0.051588717599547633 -0.0066199273817752593 -0.053942718898382702 -0.065204893333686773 0.034453639327318611 -0.011412570589463336 0.0033774875401120143 0.13577201263549701 -0.039191499083595455 -0.0017021817537844122 -0.059294768472272032 0.027031824363515325
leaf_weight=24.735554218292236 1670.0803498253226 118.06106772460043 3.1307964324951199 9.7151107192039472 19.38725608587265 123.35995724797249 2.4480696059763414 11.514498740434645 2.6635967828333369 2.2161181680858135 73.259091202169657 15.286826036870478 7.6992436274886131
leaf_count=275 8575 3286 16 48 109 552 37 261 33 28 739 111 57
internal_value=-0.000301539 -0.026737 0.00332181 0.00391815 0.00203392 0.0276461 -0.0419558 -0.0467158 -0.00843608 0.0631611 -0.0126033 -0.0511427 0.0175652
internal_weight=2083.56 242.597 1840.96 1822.54 1689.47 133.075 139.723 129.576 102.874 4.87971 97.9946 18.4176 10.1473
internal_count=14127 4716 9411 9284 8684 600 3641 3547 1075 61 1014 127 94
cat_boundaries=0 1 2
cat_threshold=48 1
is_linear=0
shrinkage=0.05


Tree=47
num_leaves=13
num_cat=0
split_feature=40 35 4 32 39 20 39 33 31 7 2 22
split_gain=22.7254 24.4769 29.9354 29.7246 22.9924 21.3938 42.0953 27.1317 7.47136 2.29053 1.19386 0.441067
threshold=130.55000000000004 85.547619000000012 -0.65234524191686594 26.340773500000001 16.350000000000005 33.150000000000013 24.650000000000002 33.250000000000007 38.350000000000009 25.775000000000002 8.5000000000000018 87.270833500000023
decision_type=2 2 2 2 2 2 2 2 2 2 2 2
left_child=1 5 3 -3 -4 6 -1 -7 9 -2 -10 -11
right_child=8 2 4 -5 -6 7 -8 -9 10 11 -12 -13
leaf_value=-0.006613976978391849 -0.0082260167886652798 0.029942283086323393 -0.050910966745153774 -0.0097374485772991522 0.020105787922419661 0.068031185262914851 -0.050685422766560288 0.00015719058229488948 0.01998910294257639 -0.025842683867019475 -0.01260560983420499 -0.058385885469942271
leaf_weight=515.06212903372943 3.3130637407302883 55.746881686151028 10.856875404715536 279.67711647041142 341.19371769018471 14.017096403986214 59.620043355971575 753.25030010566115 3.5200110301375371 3.5379042327404049 6.4232328310608864 22.55070492438972
leaf_count=3784 24 382 79 1894 2024 89 455 5049 22 24 46 170
internal_value=-0.000789511 -5.07786e-05 0.00761463 -0.00307335 0.0177777 -0.00398048 -0.0112662 0.00148411 -0.0379479 -0.0502531 -0.000294557 -0.0550896
internal_weight=2068.77 2029.42 687.475 335.424 352.051 1341.95 574.682 767.267 39.3449 29.4017 9.94324 26.0886
internal_count=14042 13756 4379 2276 2103 9377 4239 5138 286 218 68 194
is_linear=0
shrinkage=0.05


Tree=48
num_leaves=9
num_cat=2
split_feature=0 0 5 38 38 5 44 43
split_gain=75.2527 28.9943 21.4703 44.2879 27.5502 17.3736 14.6716 10.9203
threshold=0 1 -0.76696334127844745 7.0178570000000002 11.053273500000001 0.99024581825578073 31.150000000000002 0.75000000000000011
decision_type=1 1 2 2 2 2 2 2
left_child=-1 2 3 -2 -4 6 -3 -7
right_child=1 5 4 -5 -6 7 -8 -9
leaf_value=-0.045590889682722506 0.040362929327249927 -0.039264285561317946 -0.0020289723994705534 0.0037162664233112916 0.018566928739458782 -0.040467405135033586 -0.0082106844273613921 0.058275392355466832
leaf_weight=77.260736869648099 119.3017833083868 40.975577294826508 936.58202477544546 262.72898291051388 195.38524950295687 2.719501934945586 419.08943785354495 13.426047153770922
leaf_count=2355 544 546 4443 1222 818 39 3988 125
internal_value=-0.000411571 0.00158532 0.00497034 0.0152359 0.00153927 -0.00904578 -0.0110556 0.0402533
internal_weight=2067.47 1990.21 1514 382.031 1131.97 476.211 460.065 16.1455
internal_count=14080 11725 7027 1766 5261 4698 4534 164
cat_boundaries=0 1 2
cat_threshold=16 7
is_linear=0
shrinkage=0.05


Tree=49
num_leaves=9
num_cat=2
split_feature=0 0 36 39 7 39 44 38
split_gain=72.7911 25.2659 17.3726 37.2325 31.8756 14.1882 17.7569 15.8718
threshold=0 1 96.500000000000014 17.750000000000004 27.277083500000003 26.050000000000004 43.750000000000007 6.7669645000000012
decision_type=1 1 2 2 2 2 2 2
left_child=-1 2 4 -4 -2 7 -7 -3
right_child=1 5 3 -5 -6 6 -8 -9
leaf_value=-0.045279571661664436 -0.034415162988067946 0.0055182930791781992 -0.0060079108845697664 0.014678061224350095 0.0024736504711867068 0.11579119844860193 0.0080192877802104014 -0.016617249010869532
leaf_weight=74.32881779409945 67.770110189914703 107.55413112416863 306.86799946427345 742.30255607515574 393.77629704773426 3.2148650363087645 43.29132354259491 321.72645010054111
leaf_count=2363 401 1022 1531 3312 1771 24 325 3313
internal_value=-5.52007e-05 0.00187726 0.00504062 0.00862774 -0.00300553 -0.00805396 0.0177499 -0.0110714
internal_weight=2060.83 1986.5 1510.72 1049.17 461.546 475.787 46.5062 429.281
internal_count=14062 11699 7015 4843 2172 4684 349 4335
cat_boundaries=0 1 2
cat_threshold=16 7
is_linear=0
shrinkage=0.05


Tree=50
num_leaves=7
num_cat=1
split_feature=0 44 39 44 37 5
split_gain=65.8571 24.517 32.2454 35.8707 30.2684 1.93446
threshold=0 52.750000000000007 26.050000000000004 48.800000000000004 25.500000000000004 -0.26037106507032776
decision_type=1 2 2 2 2 2
left_child=-1 2 3 -2 -4 -3
right_child=1 5 4 -5 -6 -7
leaf_value=-0.04488030745033373 0.00055460436900569285 -0.058729719341020753 -0.054167352941520232 -0.063643571935082507 0.030570083268986581 -0.0081915024891229728
leaf_weight=70.331670880317688 1797.3193971626461 17.25670458376408 10.515932243317364 21.025293659418821 135.34970910847187 2.5092027485370627
leaf_count=2332 10691 140 63 137 675 16
internal_value=-0.000783885 0.0010221 0.0015978 -0.000222285 0.0241339 -0.0530175
internal_weight=2054.31 1983.98 1964.21 1818.34 145.866 19.7659
internal_count=14054 11722 11566 10828 738 156
cat_boundaries=0 1
cat_threshold=16
is_linear=0
shrinkage=0.05


Tree=51
num_leaves=9
num_cat=1
split_feature=0 40 44 34 38 38 7 2
split_gain=63.4186 21.8088 21.1489 25.6239 21.0027 6.32699 1.89584 0.575614
threshold=0 130.55000000000004 33.300000000000004 20.350000000000005 7.547619000000001 9.2145835000000016 26.052083500000006 8.5000000000000018
decision_type=1 2 2 2 2 2 2 2
left_child=-1 2 4 -4 -2 6 -3 -7
right_child=1 5 3 -5 -6 7 -8 -9
leaf_value=-0.04450215866976634 -0.0022956148205190026 -0.015657146347801711 -0.047526679732622257 0.0056402067618935049 -0.030825524114518471 0.01037144551372206 -0.055735036864689183 -0.011657721903734939
leaf_weight=67.004381224513054 323.40472388640046 4.5306841284036663 22.012887507677078 1523.0728578828275 79.641726162284613 3.5428442507982236 21.002144616097212 7.8732991591095924
leaf_count=2321 2104 27 245 8565 604 19 141 47
internal_value=-0.000277021 0.00145416 0.00219166 0.00485249 -0.00799545 -0.0360803 -0.0494815 -0.00453656
internal_weight=2052.09 1985.08 1948.13 1545.09 403.046 36.949 25.5328 11.4161
internal_count=14073 11752 11518 8810 2708 234 168 66
cat_boundaries=0 1
cat_threshold=16
is_linear=0
shrinkage=0.05


Tree=52
num_leaves=9
num_cat=1
split_feature=0 26 34 4 5 30 39 5
split_gain=61.8608 21.663 30.9527 29.2898 23.0127 19.0765 7.86289 1.63877
threshold=0 14.950000000000001 20.350000000000005 0.45273815774107123 -0.99465740988130902 26.650000000000002 20.000000000000004 0.99958851518450398
decision_type=1 2 2 2 2 2 2 2
left_child=-1 3 7 5 -4 -2 -5 -3
right_child=1 2 4 6 -6 -7 -8 -9
leaf_value=-0.044295950185415614 0.00049118852981333268 -0.049284136960997281 0.033685924432193641 -0.051398578924205941 0.0035636649943663044 -0.046137296144458571 0.0069646382460957466 -0.0083769049851303966
leaf_weight=65.503312911838293 247.94227994605899 27.138246178627018 65.122262634336948 45.660503767430782 1557.8811959512532 23.061655435711145 6.3318306580185881 3.1829247511923304
leaf_count=2365 1560 301 324 337 8959 151 35 29
internal_value=-0.000177675 0.00152257 0.00384502 -0.0102936 0.0047923 -0.00363179 -0.0442936 -0.0453945
internal_weight=2041.82 1976.32 1653.32 322.996 1623 271.004 51.9923 30.3212
internal_count=14061 11696 9613 2083 9283 1711 372 330
cat_boundaries=0 1
cat_threshold=16
is_linear=0
shrinkage=0.05


Tree=53
num_leaves=9
num_cat=2
split_feature=0 0 43 33 33 34 8 39
split_gain=57.2182 23.6179 27.72 19.0189 13.3004 23.6495 11.3683 4.97587
threshold=0 1 0.35000000000000003 31.850000000000005 30.750000000000004 20.350000000000005 34.750000000000007 21.850000000000005
decision_type=1 1 2 2 2 2 2 2
left_child=-1 4 6 -4 7 -6 -3 -2
right_child=1 2 3 -5 5 -7 -8 -9
leaf_value=-0.043952914344292104 0.023215643571657615 -0.051568168054729718 -0.015754595917011581 0.0017118279017244568 -0.046890339747860638 0.0063178653693765135 -0.0095839341824147765 0.07433154413189437
leaf_weight=62.697534129023552 13.671213656663896 41.317871257662773 204.07348835840821 648.70752050168812 20.333494804799557 1011.4257681071758 26.925630353391171 7.737590715289115
leaf_count=2362 66 477 1614 4677 167 4448 213 31
internal_value=-0.000697614 0.000915559 -0.00490175 -0.00248151 0.00600104 0.00522487 -0.0353808 0.0441826
internal_weight=2036.89 1974.19 921.025 852.781 1053.17 1031.76 68.2435 21.4088
internal_count=14055 11693 6981 6291 4712 4615 690 97
cat_boundaries=0 1 2
cat_threshold=16 5
is_linear=0
shrinkage=0.05


Tree=54
num_leaves=14
num_cat=1
split_feature=0 5 34 34 5 26 38 5 37 20 34 9 32
split_gain=55.9265 28.69 19.4414 52.6669 29.951 26.5546 25.7275 24.6063 18.8012 15.3086 14.1379 12.0839 11.2962
threshold=0 -0.80417042486635371 24.550000000000004 24.950000000000003 -0.6652727025667432 20.250000000000004 7.0178570000000002 -0.92921788351138401 25.500000000000004 28.750000000000004 26.550000000000004 26.150000000000002 27.402678500000004
decision_type=1 2 2 2 2 2 2 2 2 2 2 2 2
left_child=1 11 4 5 6 -4 -2 -5 -6 -3 -11 12 -1
right_child=2 9 3 7 8 -7 -8 -9 -10 10 -12 -13 -14
leaf_value=0.0055525598684677355 0.036093255396001549 0.082474715574301999 -0.055817949807182167 0.053488408299046213 -0.053635657143178611 -0.0078932975618810335 0.0080304202612096216 0.00056735149020680712 0.002217922158532597 -0.047439554610287649 0.023979872463625609 0.08075938690427048 -0.030226574252408545
leaf_weight=59.11725514754653 126.82483767718077 1.5852783247828472 65.226834341883659 23.430259391665459 14.278501704335211 51.960300885140896 228.42006979137659 217.87960609793663 1090.2184947952628 110.71565475687385 6.8002423942089072 3.0296017304062834 33.962317897006869
leaf_count=603 624 22 381 119 100 269 1100 1104 5660 3534 51 41 419
internal_value=3.73216e-05 -0.0234164 0.00293726 -0.00746532 0.0055155 -0.0348149 0.0181222 0.00590532 0.00144801 -0.0407945 -0.0431393 -0.00409393 -0.00768484
internal_weight=2033.45 215.21 1818.24 358.497 1459.74 117.187 355.245 241.31 1104.5 119.101 117.516 96.1092 93.0796
internal_count=14027 4670 9357 1873 7484 650 1724 1223 5760 3607 3585 1063 1022
cat_boundaries=0 1
cat_threshold=48
is_linear=0
shrinkage=0.05


Tree=55
num_leaves=9
num_cat=2
split_feature=0 0 43 20 4 44 33 20
split_gain=52.1212 22.9084 24.421 27.7864 14.9571 26.4186 26.1892 13.5533
threshold=0 1 0.35000000000000003 31.250000000000004 0.88621069759564464 48.800000000000004 36.750000000000007 35.250000000000007
decision_type=1 1 2 2 2 2 2 2
left_child=-1 4 7 -4 5 -2 -6 -3
right_child=1 2 3 -5 6 -7 -8 -9
leaf_value=-0.043262029322882409 0.010738059302311668 -0.052903111997249175 -0.020370134467072171 0.0021753836482454173 -0.020492046060230605 -0.037094620844800905 0.018082106321621522 -0.0075248183391557122
leaf_weight=57.266343880444765 827.69967713207006 37.626076677814126 169.38579738512635 689.75906293280423 119.77953770756721 28.947397314012051 68.288427606225014 29.329998727887869
leaf_count=2315 3723 467 1337 5000 526 154 277 232
internal_value=-0.000309265 0.00117358 -0.00452436 -0.00228812 0.0062191 0.00908035 -0.00646402 -0.0334285
internal_weight=2028.08 1970.82 926.101 859.145 1044.72 856.647 188.068 66.9561
internal_count=14031 11716 7036 6337 4680 3877 803 699
cat_boundaries=0 1 2
cat_threshold=16 5
is_linear=0
shrinkage=0.05


Tree=56
num_leaves=7
num_cat=1
split_feature=0 44 39 44 37 4
split_gain=49.4277 22.4481 20.6772 31.5985 27.4715 1.50902
threshold=0 52.000000000000007 26.050000000000004 48.800000000000004 25.500000000000004 -0.96689237009891416
decision_type=1 2 2 2 2 2
left_child=-1 2 3 -2 -4 -3
right_child=1 5 4 -5 -6 -7
leaf_value=-0.043027975462886239 0.00053845940272630698 -0.017605783840774786 -0.053281287749769313 -0.061364931244673682 0.025684213524119832 -0.05764260057632703
leaf_weight=55.699458118528128 1787.1017282512039 4.0478027164936092 11.060038011521099 19.855179529637098 134.40767295658588 15.900519020855425
leaf_count=2337 10699 26 68 137 668 134
internal_value=-0.000697212 0.000733724 0.00128918 -0.000175312 0.0193576 -0.0507468
internal_weight=2028.07 1972.37 1952.42 1806.96 145.468 19.9483
internal_count=14069 11732 11572 10836 736 160
cat_boundaries=0 1
cat_threshold=16
is_linear=0
shrinkage=0.05


end of trees

feature_importances:
age_group=145
temperature_min_7d=94
day_of_year_cos=92
wind_speed_max_7d=49
wind_gust_max_7d=47
temperature_max_7d=33
rain_max_daily_7d=29
wind_speed_mean_7d=28
day_of_year_sin=25
wind_gust_max_3d=17
humidity_min_7d=15
temperature_max_3d=14
humidity_mean_7d=12
humidity_max_7d=12
temperature_mean_current=9
temperature_mean_7d=8
temperature_min_3d=7
wind_speed_max_3d=7
gender=6
month=6
precipitation_sum_7d=6
wind_speed_mean_current=5
wind_speed_mean_3d=4
temperature_mean_3d=3
humidity_mean_3d=3
temperature_max_current=2
temperature_min_current=2
rain_sum_7d=2
humidity_mean_current=1
wind_speed_max_current=1
precipitation_sum_current=1
humidity_max_3d=1
humidity_min_3d=1
precipitation_sum_3d=1
rain_max_daily_3d=1

parameters:
[boosting: gbdt]
[objective: binary]
[metric: binary_logloss]
[tree_learner: serial]
[device_type: cpu]
[data_sample_strategy: bagging]
[data: ]
[valid: ]
[num_iterations: 57]
[learning_rate: 0.05]
[num_leaves: 15]
[num_threads: 8]
[seed: 42]
[deterministic: 0]
[force_col_wise: 0]
[force_row_wise: 0]
[histogram_pool_size: -1]
[max_depth: 4]
[min_data_in_leaf: 20]
[min_sum_hessian_in_leaf: 0.001]
[bagging_fraction: 0.9]
[pos_bagging_fraction: 1]
[neg_bagging_fraction: 1]
[bagging_freq: 1]
[bagging_seed: 400]
[bagging_by_query: 0]
[feature_fraction: 0.9]
[feature_fraction_bynode: 1]
[feature_fraction_seed: 30056]
[extra_trees: 0]
[extra_seed: 12879]
[early_stopping_round: 0]
[early_stopping_min_delta: 0]
[first_metric_only: 0]
[max_delta_step: 0]
[lambda_l1: 0]
[lambda_l2: 1]
[linear_lambda: 0]
[min_gain_to_split: 0]
[drop_rate: 0.1]
[max_drop: 50]
[skip_drop: 0.5]
[xgboost_dart_mode: 0]
[uniform_drop: 0]
[drop_seed: 17869]
[top_rate: 0.2]
[other_rate: 0.1]
[min_data_per_group: 100]
[max_cat_threshold: 32]
[cat_l2: 10]
[cat_smooth: 10]
[max_cat_to_onehot: 4]
[top_k: 20]
[monotone_constraints: ]
[monotone_constraints_method: basic]
[monotone_penalty: 0]
[feature_contri: ]
[forcedsplits_filename: ]
[refit_decay_rate: 0.9]
[cegb_tradeoff: 1]
[cegb_penalty_split: 0]
[cegb_penalty_feature_lazy: ]
[cegb_penalty_feature_coupled: ]
[path_smooth: 0]
[interaction_constraints: ]
[verbosity: -1]
[saved_feature_importance_type: 0]
[use_quantized_grad: 0]
[num_grad_quant_bins: 4]
[quant_train_renew_leaf: 0]
[stochastic_rounding: 1]
[linear_tree: 0]
[max_bin: 255]
[max_bin_by_feature: ]
[min_data_in_bin: 3]
[bin_construct_sample_cnt: 200000]
[data_random_seed: 175]
[is_enable_sparse: 1]
[enable_bundle: 1]
[use_missing: 1]
[zero_as_missing: 0]
[feature_pre_filter: 1]
[pre_partition: 0]
[two_round: 0]
[header: 0]
[label_column: ]
[weight_column: ]
[group_column: ]
[ignore_column: ]
[categorical_feature: 0,1,3]
[forcedbins_filename: ]
[precise_float_parser: 0]
[parser_config_file: ]
[objective_seed: 16083]
[num_class: 1]
[is_unbalance: 0]
[scale_pos_weight: 1]
[sigmoid: 1]
[boost_from_average: 1]
[reg_sqrt: 0]
[alpha: 0.9]
[fair_c: 1]
[poisson_max_delta_step: 0.7]
[tweedie_variance_power: 1.5]
[lambdarank_truncation_level: 30]
[lambdarank_norm: 1]
[label_gain: ]
[lambdarank_position_bias_regularization: 0]
[eval_at: ]
[multi_error_top_k: 1]
[auc_mu_weights: ]
[num_machines: 1]
[local_listen_port: 12400]
[time_out: 120]
[machine_list_filename: ]
[machines: ]
[gpu_platform_id: -1]
[gpu_device_id: -1]
[gpu_device_id_list: ]
[gpu_use_dp: 0]
[num_gpu: 1]

end of parameters

pandas_categorical:[]
