tree
version=v4
num_class=1
num_tree_per_iteration=1
label_index=0
max_feature_idx=44
objective=binary sigmoid:1
feature_names=age_group gender month season day_of_year_sin day_of_year_cos weather_code_current temperature_mean_current temperature_max_current temperature_min_current humidity_mean_current humidity_max_current humidity_min_current wind_speed_mean_current wind_speed_max_current precipitation_sum_current rain_sum_current wind_gust_max_current rain_day_current temperature_mean_3d temperature_max_3d temperature_min_3d humidity_mean_3d humidity_max_3d humidity_min_3d wind_speed_mean_3d wind_speed_max_3d precipitation_sum_3d rain_sum_3d rain_days_3d rain_max_daily_3d wind_gust_max_3d temperature_mean_7d temperature_max_7d temperature_min_7d humidity_mean_7d humidity_max_7d humidity_min_7d wind_speed_mean_7d wind_speed_max_7d precipitation_sum_7d rain_sum_7d rain_days_7d rain_max_daily_7d wind_gust_max_7d
feature_infos=-1:0:1:2:3:4:5 -1:0:1 [1:12] -1:1:0 [-0.99999942202469239:0.99998555065071859] [-0.99997919295908244:0.9999907524084426] [0:61] [23.658332999999999:32.533332999999999] [25.899999999999999:39.200000000000003] [17.899999999999999:29.300000000000001] [48.958333000000003:91.625] [63:100] [23:86] [2.8541669999999999:19.695833] [6.4000000000000004:30.100000000000001] [0:63.100000000000001] [0:63.100000000000001] [14:56.899999999999999] [0:1] [23.766667000000002:32.427778000000004] [27.699999999999999:39.200000000000003] [17.899999999999999:28.100000000000001] [52.569443999999997:90.694444000000004] [73:100] [23:79] [4.125:17.329167000000002] [9.6999999999999993:30.100000000000001] [0:93.900000000000006] [0:93.900000000000006] [0:3] [0:63.100000000000001] [17.300000000000001:56.899999999999999] [24.365476000000001:32.235118999999997] [28.699999999999999:39.200000000000003] [17.899999999999999:27.5] [55.767856999999999:89.523809999999997] [77:100] [23:72] [4.5327380000000002:15.469643] [11.6:30.100000000000001] [0:163.90000000000001] [0:163.90000000000001] [0:7] [0:63.100000000000001] [23:56.899999999999999]
tree_sizes=1079 1108 1108 1114 1092 1113 1732 1004 1101 1113 996 996 1010 1117 1091 1102 1120 1000 1119 1760 1010 1100 991 1100 1115 1105 1011 1003 1016 1102 1106 1103 1115 795 1089 1102 1120

Tree=0
num_leaves=9
num_cat=1
split_feature=0 7 43 43 4 25 4 36
split_gain=304.574 152.894 110.323 84.2643 44.107 17.7384 6.7487 5.65035
threshold=0 30.372916500000006 18.450000000000003 20.050000000000004 -0.59869031648930193 10.850000000000003 0.99865421017599987 88.500000000000014
decision_type=1 2 2 2 2 2 2 2
left_child=-1 2 4 -4 -2 7 -7 -3
right_child=1 5 3 -5 -6 6 -8 -9
leaf_value=-3.1478561276554773 -3.053389804057892 -3.123312792881626 -2.9463413382482906 -3.0597576491145606 -3.1101417821370543 -2.893232751381396 -3.070923263280283 -3.0097476401183285
leaf_weight=191.87614768743515 40.647175312042236 0.90877830982208507 18.340798616409302 116.69539660215378 191.42175853252411 12.020658552646633 0.9087783098220833 4.3373510241508484
leaf_count=4645 984 22 444 2825 4634 291 22 105
internal_value=-3.09802 -3.07253 -3.0791 -3.04335 -3.10005 -2.93415 -2.90285 -3.03025
internal_weight=577.157 385.281 367.105 135.036 232.069 18.1756 12.9294 5.24613
internal_count=13972 9327 8887 3269 5618 440 313 127
cat_boundaries=0 1
cat_threshold=48
is_linear=0
shrinkage=1


Tree=1
num_leaves=9
num_cat=1
split_feature=0 19 21 4 39 36 38 15
split_gain=289.688 125.469 91.5977 51.3589 18.9993 12.1942 6.05824 1.26003
threshold=0 29.951389000000002 22.550000000000004 -0.62588817255938378 20.650000000000002 93.500000000000014 5.9175595000000003 0.15000000000000005
decision_type=1 2 2 2 2 2 2 2
left_child=-1 2 6 -4 7 -6 -2 -3
right_child=1 4 3 -5 5 -7 -8 -9
leaf_value=-0.049194479489144197 0.052013908085293763 0.026692563391043107 0.059629148578481811 0.015592788986674206 0.17025960999272083 0.058243324206811053 -0.042393057256351598 -0.028681134332934805
leaf_weight=183.26796185970306 0.93997186422347923 0.9262225329875976 94.558620110154152 219.24876902624965 16.507050391286615 4.4400344230234614 55.061956606805325 1.2187054753303526
leaf_count=4642 23 21 2191 5234 346 98 1340 30
internal_value=0.00101374 0.0251101 0.018491 0.0290094 0.136368 0.150252 -0.0399238 -0.00388536
internal_weight=576.169 392.901 369.809 313.807 23.092 20.9471 56.0019 2.14493
internal_count=13925 9283 8788 7425 495 444 1363 51
cat_boundaries=0 1
cat_threshold=48
is_linear=0
shrinkage=0.05


Tree=2
num_leaves=9
num_cat=1
split_feature=0 34 32 43 21 8 39 38
split_gain=261.798 98.539 69.3138 48.9615 12.2484 12.6102 9.65997 5.38162
threshold=0 22.550000000000004 29.989881000000004 18.450000000000003 22.750000000000004 34.350000000000001 20.650000000000002 6.3726190000000011
decision_type=1 2 2 2 2 2 2 2
left_child=-1 4 3 -3 7 -6 -4 -2
right_child=1 2 6 -5 5 -7 -8 -9
leaf_value=-0.048997952473231104 0.0015160125217707954 0.008940693147867879 0.016196759446374758 0.049298357511764673 -0.016557043959853728 0.070383062398847354 0.12310667897212746 -0.043716952487716794
leaf_weight=176.93562565371394 7.4218473061919203 161.42377855628729 2.6828958913683918 140.51832289621234 14.448766458779575 4.725863702595233 22.574905686080456 52.521241888403893
leaf_count=4689 186 3799 64 3135 343 114 420 1321
internal_value=4.14284e-06 0.0220716 0.0347065 0.0278231 -0.0272075 0.00729718 0.1128 -0.0381835
internal_weight=583.253 406.318 327.2 301.942 79.1177 19.1746 25.2578 59.9431
internal_count=14071 9382 7418 6934 1964 457 484 1507
cat_boundaries=0 1
cat_threshold=48
is_linear=0
shrinkage=0.05


Tree=3
num_leaves=9
num_cat=1
split_feature=0 21 32 4 7 15 7 34
split_gain=234.622 88.1601 50.4037 48.9272 11.3307 4.24502 4.03466 1.65988
threshold=0 22.550000000000004 29.851785500000002 -0.62588817255938378 29.325000000000006 1.3500000000000003 26.989583500000006 22.150000000000002
decision_type=1 2 2 2 2 2 2 2
left_child=-1 5 3 -3 -4 7 -7 -2
right_child=1 2 4 -5 -6 6 -8 -9
leaf_value=-0.048759779728984112 -0.048449108946106309 0.051571543166521516 -0.0175806103394586 0.010184817811005767 0.099300974563027111 -0.023382913329942891 0.055392171897931775 -0.016808424246458075
leaf_weight=168.31629869714379 41.050190139561892 102.70214964076877 1.9422488994896436 231.55085439234972 26.857420720160007 4.2961063757538787 1.345448452979326 6.1431628763675681
leaf_count=4667 1078 2190 45 5334 461 111 35 159
internal_value=-0.000792188 0.0193958 0.0286528 0.0230171 0.091093 -0.0399607 0.000915612 -0.0447647
internal_weight=584.204 415.888 363.053 334.253 28.7997 52.8349 5.64155 47.1934
internal_count=14080 9413 8030 7524 506 1383 146 1237
cat_boundaries=0 1
cat_threshold=48
is_linear=0
shrinkage=0.05


Tree=4
num_leaves=9
num_cat=3
split_feature=0 5 36 0 0 4 32 38
split_gain=225.503 86.4979 56.1555 77.7732 41.8579 30.0249 21.2449 17.0408
threshold=0 0.26659387353423863 93.500000000000014 1 2 -0.70291267844185523 26.673809500000004 10.977381000000001
decision_type=1 2 2 1 1 2 2 2
left_child=-1 2 4 -4 -2 6 -3 -7
right_child=1 5 3 -5 -6 7 -8 -9
leaf_value=-0.048533202845050687 0.12304926821928536 -0.007222872739932145 0.053991104083848163 -0.0030828134230228726 -0.0028281476383680659 -0.028810685022673393 0.072569245384139211 0.025827951954965612
leaf_weight=160.77591308951378 17.26396594196558 16.665473055094481 116.89612911641598 117.90047087147832 17.414276987314224 106.04563821107149 15.380144935101269 15.672295790165661
leaf_count=4664 304 349 2534 2557 306 2664 312 376
internal_value=-4.06916e-05 0.0191439 0.0366222 0.0275995 0.0952261 -0.0102889 0.0321101 -0.0216223
internal_weight=584.014 423.238 269.475 234.797 34.6782 153.764 32.0456 121.718
internal_count=14066 9402 5701 5091 610 3701 661 3040
cat_boundaries=0 1 2 3
cat_threshold=48 3 9
is_linear=0
shrinkage=0.05


Tree=5
num_leaves=9
num_cat=1
split_feature=0 34 32 43 8 34 38 39
split_gain=204.382 68.5828 47.4522 43.3771 9.86777 12.3639 10.4412 8.13486
threshold=0 22.550000000000004 29.851785500000002 18.050000000000004 34.350000000000001 21.050000000000004 6.3586310000000017 24.450000000000003
decision_type=1 2 2 2 2 2 2 2
left_child=-1 4 3 -3 6 -6 -2 -4
right_child=1 2 7 -5 5 -7 -8 -9
leaf_value=-0.04829983015002088 0.013004968444033541 0.0021189545952156465 0.063991663653479733 0.038804549281603262 0.10900953612075165 -0.010735416452673657 -0.041939827309642803 0.12723676157636268
leaf_weight=153.28398445248604 9.7847622931003553 160.31508460640907 24.910858854651451 161.24926010891795 1.8049729093909253 8.6923454292118532 53.771317977458239 8.1293160803616029
leaf_count=4652 254 3625 386 3289 45 215 1451 124
internal_value=-0.000741966 0.0170641 0.0265955 0.0205783 -0.0260498 0.0175447 -0.0334104 0.0828334
internal_weight=581.942 428.658 354.605 321.564 74.0534 10.4973 63.5561 33.0402
internal_count=14041 9389 7424 6914 1965 260 1705 510
cat_boundaries=0 1
cat_threshold=48
is_linear=0
shrinkage=0.05


Tree=6
num_leaves=15
num_cat=0
split_feature=21 32 4 44 43 34 39 15 5 38 4 38 7 13
split_gain=55.4842 42.1125 28.2665 33.8713 18.6587 6.41733 9.75277 2.81939 3.52162 3.24927 2.82522 2.30854 2.10068 1.64291
threshold=22.550000000000004 29.989881000000004 -0.61237985104942771 36.900000000000013 18.650000000000002 26.550000000000004 24.450000000000003 1.3500000000000003 0.99932962452255403 6.6523805000000005 0.52033990680116082 5.9392855000000013 27.093750000000004 8.2562500000000032
decision_type=2 2 2 2 2 2 2 2 2 2 2 2 2 2
left_child=7 2 3 -2 -4 6 -3 8 11 -9 -11 -1 -10 -7
right_child=1 5 4 -5 -6 13 -8 9 12 10 -12 -13 -14 -15
leaf_value=0.0082955194788064367 -0.008848531636595389 0.020445617919944217 -0.016827846367325743 0.038789013079886032 0.0080069662131336834 0.016934350836207038 0.078657660274164334 0.033832947246139486 -0.026629282330794042 -0.043204961996922975 0.031725854985075463 -0.049262373842851058 0.0454738677572505 0.09829611147372283
leaf_weight=1.5199226848781098 64.174779415130615 22.668671667575836 199.92986345663667 87.128209456801414 120.5153489485383 1.1761940941214541 10.334579363465307 1.9369467273354519 1.0589457824826234 4.9905978478491306 0.81618065387010563 58.573468219488859 1.0744793117046354 7.5713554657995701
leaf_count=41 1430 407 5127 1954 2771 21 172 54 32 145 23 1743 32 131
internal_value=-0.000492489 0.00522511 0.000916889 0.0186582 -0.00749194 0.0527442 0.0404512 -0.0419351 -0.0454605 -0.011647 -0.0295593 -0.0476946 0.012608 0.0902158
internal_weight=583.47 513.499 471.748 151.303 320.445 41.7508 33.0033 69.9705 62.2268 7.74373 5.80678 60.0934 2.13343 8.74755
internal_count=14083 12013 11282 3384 7898 731 579 2070 1848 222 168 1784 64 152
is_linear=0
shrinkage=0.05


Tree=7
num_leaves=8
num_cat=1
split_feature=0 5 34 35 40 32 19
split_gain=210.298 64.1535 36.4727 19.8911 9.65644 21.461 9.57513
threshold=0 0.86004965528756494 26.250000000000004 62.142857000000006 3.5500000000000003 26.854762000000004 31.047222000000001
decision_type=1 2 2 2 2 2 2
left_child=-1 2 3 -2 -3 -6 -4
right_child=1 4 6 -5 5 -7 -8
leaf_value=-0.048087426615071066 -0.022838547143611922 -0.050261591761535086 0.14208262258284149 0.02628228430306517 -0.048110356771148714 0.046764877264549691 0.049506718155641172
leaf_weight=147.30906675569713 21.165451560169458 29.863726161420345 7.1511950939893705 346.3293143324554 12.572751771658661 9.6428898163139802 6.7234959937632084
leaf_count=4692 533 838 92 7197 353 252 89
internal_value=0.00145022 0.0190266 0.0265787 0.0233989 -0.0321507 -0.00668844 0.103566
internal_weight=580.758 433.449 381.369 367.495 52.0794 22.2156 13.8747
internal_count=14046 9354 7911 7730 1443 605 181
cat_boundaries=0 1
cat_threshold=48
is_linear=0
shrinkage=0.05


Tree=8
num_leaves=9
num_cat=2
split_feature=0 21 34 4 1 5 15 15
split_gain=186.897 59.053 32.4652 29.2542 9.93022 3.53567 2.90261 2.25225
threshold=0 22.550000000000004 26.050000000000004 -0.61237985104942771 1 0.99932962452255403 1.3500000000000003 1.0000000180025095e-35
decision_type=1 2 2 2 1 2 2 2
left_child=-1 5 3 -3 -4 6 -2 -7
right_child=1 2 4 -5 -6 7 -8 -9
leaf_value=-0.047855231358459219 -0.044147679030068582 0.039854126699421642 0.042320344591936856 0.0099322826619834773 0.11899745042793659 0.058095406269703276 -0.0039005441745698028 -0.023301942524653563
leaf_weight=140.60723415948451 38.642278134822845 119.097197689116 9.8373466171324253 258.57167476043105 9.6598269268870354 0.8343527317047108 5.2813266925513735 0.82092103362083435
leaf_count=4686 1183 2231 123 5533 121 22 146 26
internal_value=0.00021556 0.0162672 0.0228338 0.0194484 0.084262 -0.0367222 -0.039503 0.0241544
internal_weight=583.352 442.745 397.166 377.669 19.4972 45.5789 43.9236 1.65527
internal_count=14071 9385 8008 7764 244 1377 1329 48
cat_boundaries=0 1 2
cat_threshold=48 1
is_linear=0
shrinkage=0.05


Tree=9
num_leaves=9
num_cat=1
split_feature=0 34 5 34 20 39 23 21
split_gain=177.162 58.178 31.9506 20.8748 8.69857 7.49605 4.66399 4.1575
threshold=0 22.550000000000004 0.79773375822167203 26.150000000000002 36.250000000000007 17.150000000000002 98.500000000000014 23.150000000000002
decision_type=1 2 2 2 2 2 2 2
left_child=-1 4 3 -3 5 -2 -4 -6
right_child=1 2 6 -5 7 -7 -8 -9
leaf_value=-0.047618210738235599 -0.0034584606162251751 0.024139862112055408 -0.049027756050641906 0.077026231816566218 -0.025219155994529729 -0.041153923461710692 0.0045407631217816635 0.074910266011481624
leaf_weight=134.0846552439034 18.621959729120135 342.24298699200153 15.282266624271871 19.024703960865736 0.94568638503551428 45.886630913242698 5.2018125094473353 2.1601433157920837
leaf_count=4673 522 6716 375 217 27 1358 126 49
internal_value=0.00058123 0.0157448 0.0236658 0.0271298 -0.026376 -0.0304911 -0.0358462 0.0457054
internal_weight=583.451 449.366 381.752 361.268 67.6144 64.5086 20.4841 3.10583
internal_count=14063 9390 7434 6933 1956 1880 501 76
cat_boundaries=0 1
cat_threshold=48
is_linear=0
shrinkage=0.05


Tree=10
num_leaves=8
num_cat=2
split_feature=0 21 39 4 0 38 5
split_gain=162.329 46.3172 20.53 40.9245 38.1171 5.50855 3.327
threshold=0 22.550000000000004 17.950000000000003 0.91596454896554913 1 5.9175595000000003 0.99932962452255403
decision_type=1 2 2 2 1 2 2
left_child=-1 5 3 -3 -4 -2 -7
right_child=1 2 4 -5 -6 6 -8
leaf_value=-0.047380141052031179 0.052156657576134358 -0.011908153466681155 0.041393315551046396 0.10173644883650067 0.0058630075910790962 -0.04063654638152079 0.020188637422745404
leaf_weight=127.94390575587749 0.93737492337822814 83.483746189624071 164.33749698102474 7.7416534982621661 156.68414234742522 40.010604741051793 1.8007308244705189
leaf_count=4664 23 1717 3088 144 3052 1304 52
internal_value=5.49917e-05 0.014196 0.0196595 -0.00126538 0.0255912 -0.0344911 -0.0376065
internal_weight=582.94 454.996 412.247 91.2254 321.022 42.7487 41.8113
internal_count=14044 9380 8001 1861 6140 1379 1356
cat_boundaries=0 1 2
cat_threshold=48 3
is_linear=0
shrinkage=0.05


Tree=11
num_leaves=8
num_cat=2
split_feature=0 5 34 34 0 40 19
split_gain=151.971 43.9707 22.5434 33.0512 10.0316 6.93532 15.2884
threshold=0 0.86004965528756494 25.750000000000004 24.450000000000003 1 3.0500000000000003 26.788194500000007
decision_type=1 2 2 2 1 2 2
left_child=-1 2 3 -2 -4 -3 -7
right_child=1 5 4 -5 -6 6 -8
leaf_value=-0.047175525978493046 0.022700466674987957 -0.049725689669635142 0.06726923761637478 -0.013099041458816886 0.0020265361071169254 -0.047762616263209046 0.031948969351823002
leaf_weight=123.24236930906773 289.37910570949316 24.677000988274813 20.82411016523838 82.152965135872364 18.879550963640213 11.906398599967362 10.329783033579586
leaf_count=4699 5776 775 243 1660 239 367 275
internal_value=-0.000275376 0.013157 0.018688 0.0147706 0.054082 -0.0319594 -0.0109514
internal_weight=581.391 458.149 411.236 371.532 39.7037 46.9132 22.2362
internal_count=14034 9335 7918 7436 482 1417 642
cat_boundaries=0 1 2
cat_threshold=48 9
is_linear=0
shrinkage=0.05


Tree=12
num_leaves=8
num_cat=1
split_feature=0 21 21 43 38 19 5
split_gain=134.096 44.831 21.9238 22.3315 5.84147 5.28603 2.76709
threshold=0 22.550000000000004 26.250000000000004 18.450000000000003 5.9175595000000003 31.047222000000001 0.99981043035926087
decision_type=1 2 2 2 2 2 2
left_child=-1 4 3 -3 -2 -4 -6
right_child=1 2 5 -5 6 -7 -8
leaf_value=-0.046892802887070484 0.050893244121014959 0.0017067858847361287 0.07731574583557832 0.025637971521525988 -0.04398906064354316 0.032789589966868662 0.022757149071265324
leaf_weight=116.45114406943321 0.95951496809720893 212.82845043763518 14.801652278751137 179.11006909236312 38.734774187207222 16.024699404835701 1.0334624499082554
leaf_count=4643 22 4437 174 3178 1322 184 29
internal_value=-0.00140439 0.0108762 0.0159583 0.0126804 -0.0383892 0.0559269 -0.0417389
internal_weight=579.944 463.493 422.765 391.939 40.7278 30.8264 39.7682
internal_count=13989 9346 7973 7615 1373 358 1351
cat_boundaries=0 1
cat_threshold=48
is_linear=0
shrinkage=0.05


Tree=13
num_leaves=9
num_cat=1
split_feature=0 21 19 34 38 15 34 38
split_gain=134.712 35.7634 21.8491 28.0762 5.73438 4.39223 4.23917 3.74287
threshold=0 22.550000000000004 29.951389000000002 24.450000000000003 12.827976500000002 1.3500000000000003 22.150000000000002 8.0687500000000032
decision_type=1 2 2 2 2 2 2 2
left_child=-1 5 3 -3 -4 6 -2 -7
right_child=1 2 4 -5 -6 7 -8 -9
leaf_value=-0.046680628777948714 -0.046403791993992444 0.019444914594588567 0.036656815141264183 -0.013421210562716135 0.079543428943172206 0.042572966633184134 0.00047445190261167429 -0.033710258352488157
leaf_weight=112.09040809608996 28.996093846857548 306.09043711423874 32.12760166823864 81.652873486280441 11.543565422296522 2.7258939854800692 5.7224739361554375 1.8834456223994491
leaf_count=4673 1064 5868 382 1667 119 80 170 63
internal_value=1.53518e-06 0.0119293 0.0163597 0.0125071 0.0495199 -0.0329132 -0.0388801 0.0109497
internal_weight=582.833 470.742 431.414 387.743 43.6712 39.3279 34.7186 4.60934
internal_count=14086 9413 8036 7535 501 1377 1234 143
cat_boundaries=0 1
cat_threshold=48
is_linear=0
shrinkage=0.05


Tree=14
num_leaves=9
num_cat=3
split_feature=0 5 0 5 5 38 1 23
split_gain=120.46 36.0863 19.8224 70.6278 56.5293 9.30761 16.4452 2.0651
threshold=0 0.82777578779003613 1 -0.83375966452616657 -0.97874870457683605 6.3586310000000017 2 82.500000000000014
decision_type=1 2 1 2 2 2 1 2
left_child=-1 2 4 -4 -2 6 -3 -7
right_child=1 5 3 -5 -6 7 -8 -9
leaf_value=-0.046429958966338232 0.10602775253558112 0.057144935910138077 -0.048754959821172894 0.019481770655399043 0.017894530266202167 0.011233949231004814 -0.045402961094229213 -0.043724867565339019
leaf_weight=106.97107999958098 19.123827688395977 6.8041510861366969 48.976836901158094 156.23237883485854 198.68171539343894 1.4090309739112843 6.8474992718547583 36.554097214713693
leaf_count=4661 349 188 983 2910 3550 46 189 1176
internal_value=-0.00114876 0.00990081 0.0149368 0.00289787 0.0249421 -0.0289903 0.00611999 -0.0414491
internal_weight=581.601 474.63 423.015 205.209 217.806 51.6148 13.6517 37.9631
internal_count=14052 9391 7792 3893 3899 1599 377 1222
cat_boundaries=0 1 2 3
cat_threshold=48 3 1
is_linear=0
shrinkage=0.05


Tree=15
num_leaves=9
num_cat=2
split_feature=0 21 0 5 5 7 40 39
split_gain=119.715 32.5918 15.2666 71.8683 64.3574 9.56476 14.375 5.5615
threshold=0 22.950000000000003 1 -0.83375966452616657 -0.97507822412530132 27.093750000000004 1.6500000000000001 13.350000000000003
decision_type=1 2 1 2 2 2 2 2
left_child=-1 5 4 -4 -3 7 -7 -2
right_child=1 2 3 -5 -6 6 -8 -9
leaf_value=-0.046240298253664748 0.018847278393533028 0.10373117381618134 -0.048468370444351254 0.021389401540604192 0.016055881822830857 -0.038305155695440296 0.039162261252330688 -0.044720193154303783
leaf_weight=103.60515621118248 3.2680030148476353 22.559049688279629 47.167454469949007 155.3285005427897 193.6799458861351 10.40851476788521 11.608831813558934 33.972358701750636
leaf_count=4719 101 378 990 2797 3359 358 312 1080
internal_value=-0.000252971 0.0105359 0.0156736 0.0047269 0.0245097 -0.0236774 0.00246707 -0.0387949
internal_weight=581.598 477.993 418.735 202.496 216.239 59.2577 22.0173 37.2404
internal_count=14094 9375 7524 3787 3737 1851 670 1181
cat_boundaries=0 1 2
cat_threshold=48 3
is_linear=0
shrinkage=0.05


Tree=16
num_leaves=9
num_cat=1
split_feature=0 34 33 4 33 22 4 39
split_gain=104.738 26.0729 17.4887 18.996 12.9455 15.1541 12.4829 5.57891
threshold=0 22.150000000000002 31.550000000000004 0.056951373111866661 34.750000000000007 62.305555500000004 -0.89406062840022227 15.550000000000002
decision_type=1 2 2 2 2 2 2 2
left_child=-1 4 6 -4 7 -6 -3 -2
right_child=1 2 3 -5 5 -7 -8 -9
leaf_value=-0.045970905133252193 0.0041165981134061889 0.009499348835218982 0.029339050057941858 0.0065399326140600129 -0.017304696333403737 0.12560726277667139 -0.034243385562603618 -0.04699034062721557
leaf_weight=98.630622299388051 6.1851893756538621 32.322247073054314 155.58833964914083 221.18649922497571 4.8435385692864648 1.8202551901340482 31.240453109145164 32.076715666800737
leaf_count=4695 199 514 2705 4054 154 40 616 1154
internal_value=-0.00179801 0.0080364 0.0119178 0.0160075 -0.0276878 0.0330285 -0.0121972 -0.0388343
internal_weight=583.894 485.263 440.338 376.775 44.9257 6.66379 63.5627 38.2619
internal_count=14131 9436 7889 6759 1547 194 1130 1353
cat_boundaries=0 1
cat_threshold=48
is_linear=0
shrinkage=0.05


Tree=17
num_leaves=8
num_cat=2
split_feature=0 5 0 5 5 40 32
split_gain=108.237 32.3059 17.1828 65.4071 48.8965 7.36551 13.3634
threshold=0 0.86004965528756494 1 -0.82413948779581736 -0.97507822412530132 3.5500000000000003 26.939583500000001
decision_type=1 2 1 2 2 2 2
left_child=-1 2 4 -4 -2 -3 -7
right_child=1 5 3 -5 -6 6 -8
leaf_value=-0.045719980871616113 0.089094565275430582 -0.049413664060661354 -0.048340072915826711 0.018172342089865144 0.016071927462864913 -0.042934319567187157 0.036726049356350973
leaf_weight=94.381365751847625 24.90150061622262 23.078285383060575 46.671523537486792 163.58341947384179 207.10645207576454 10.740324180573227 8.5726900063455087
leaf_count=4695 377 837 1010 2942 3602 380 209
internal_value=0.000307653 0.0100806 0.0143003 0.0031024 0.02326 -0.0309346 -0.00750729
internal_weight=579.036 484.654 442.263 210.255 232.008 42.3913 19.313
internal_count=14052 9357 7931 3952 3979 1426 589
cat_boundaries=0 1 2
cat_threshold=48 3
is_linear=0
shrinkage=0.05


Tree=18
num_leaves=9
num_cat=1
split_feature=0 21 31 38 4 38 27 5
split_gain=103.64 24.7068 18.3519 17.6798 15.2805 4.94373 9.11038 3.44116
threshold=0 22.550000000000004 29.700000000000003 7.2931550000000014 0.91596454896554913 6.3163690000000008 0.45000000000000007 0.99932962452255403
decision_type=1 2 2 2 2 2 2 2
left_child=-1 5 4 -4 -3 6 -2 -7
right_child=1 2 3 -5 -6 7 -8 -9
leaf_value=-0.045472096842973625 -0.038465985665789751 -0.016021989075975934 0.037900145116941709 0.012000647882729931 0.049256164233597077 -0.041167963734933762 0.075777289747084531 0.021771808231722704
leaf_weight=90.461301945149899 2.9921136796474448 71.987141622230411 85.487003967165947 284.48172828182578 9.2398908920586091 28.597399448975924 2.1399219706654549 1.7381020877510298
leaf_count=4703 120 1410 1462 4933 148 1156 50 52
internal_value=0.00060658 0.00997529 0.0133544 0.0180712 -0.00808763 -0.0294639 0.0137596 -0.0369821
internal_weight=577.125 486.663 451.196 369.969 81.227 35.4675 5.13204 30.3355
internal_count=14034 9331 7953 6395 1558 1378 170 1208
cat_boundaries=0 1
cat_threshold=48
is_linear=0
shrinkage=0.05


Tree=19
num_leaves=15
num_cat=1
split_feature=5 5 39 4 39 44 4 4 39 1 34 4 33 34
split_gain=25.5983 21.2108 23.1758 18.5856 16.9194 28.3713 16.0949 18.9729 11.3594 8.07628 7.16666 6.5217 18.2974 6.33149
threshold=0.28313308994381586 -0.49812626372919405 24.050000000000004 0.98049069993378934 18.450000000000003 33.300000000000004 -0.69057362043749781 -0.84315017450793706 16.150000000000002 0 23.450000000000003 0.85673801594079257 34.750000000000007 23.550000000000004
decision_type=2 2 2 2 2 2 2 2 2 1 2 2 2 2
left_child=1 4 3 -3 10 -6 7 13 -9 -4 -1 12 -8 -2
right_child=6 2 9 -5 5 -7 11 8 -10 -11 -12 -13 -14 -15
leaf_value=0.028996062374355508 -0.036675329379627503 0.019756744185915942 0.027670998201401276 -0.022794646168661375 0.074726335675877983 -0.0021971742970457123 -0.031409871440125532 0.0012944182329022087 0.071943369817027286 0.072768903693040829 -0.036473719800389631 -0.049820426953845108 0.015412139486215993 0.017953921069807765
leaf_weight=3.8912423290312281 17.42801011539996 100.47724379226565 21.660019103437662 33.428293621167541 11.913340326398609 166.41092531755567 82.691172922030091 10.082637282088401 12.170208387076853 21.071461416780949 41.967004215344787 21.645456314086914 27.111210880801082 6.739811446517705
leaf_count=79 388 1987 423 734 260 3703 3022 219 236 411 991 650 774 131
internal_value=-0.000472157 0.00653282 0.0194398 0.00904395 -0.00367792 0.00332992 -0.0162059 0.00896152 0.041365 0.0510648 -0.0304181 -0.0250943 -0.0198143 -0.0213325
internal_weight=578.688 400.82 176.637 133.906 224.183 178.324 177.869 46.4207 22.2528 42.7315 45.8582 131.448 109.802 24.1678
internal_count=14008 8588 3555 2721 5033 3963 5420 974 455 834 1070 4446 3796 519
cat_boundaries=0 1
cat_threshold=1
is_linear=0
shrinkage=0.05


Tree=20
num_leaves=8
num_cat=1
split_feature=0 21 34 33 38 5 44
split_gain=90.4729 21.4038 15.1181 13.093 4.55747 3.32497 0.720933
threshold=0 22.550000000000004 26.550000000000004 31.550000000000004 5.9175595000000003 0.99932962452255403 38.350000000000009
decision_type=1 2 2 2 2 2 2
left_child=-1 4 3 -3 -2 -6 -4
right_child=1 2 6 -5 5 -7 -8
leaf_value=-0.045134777321260484 0.045962173960463218 -0.011855324292072318 0.072539677305676217 0.012601694651257336 -0.037313642857467799 0.02493260592594522 0.030445667730224946
leaf_weight=85.312741756439209 1.0548540353775013 62.926777275279164 8.6628180146217328 385.95005780085921 31.264539020135999 1.6258765496313561 3.6176730990409842
leaf_count=4653 22 1118 78 6775 1324 49 31
internal_value=-0.000741581 0.00773734 0.010732 0.0091544 -0.0298751 -0.0335917 0.0633656
internal_weight=580.415 495.103 461.157 448.877 33.9453 32.8904 12.2805
internal_count=14050 9397 8002 7893 1395 1373 109
cat_boundaries=0 1
cat_threshold=48
is_linear=0
shrinkage=0.05


Tree=21
num_leaves=9
num_cat=2
split_feature=0 21 34 4 5 15 15 1
split_gain=85.8458 24.1879 15.7781 13.087 3.42871 4.18613 2.06761 0.198935
threshold=0 22.550000000000004 26.550000000000004 0.90892735371523092 0.99932962452255403 1.3500000000000003 1.0000000180025095e-35 1
decision_type=1 2 2 2 2 2 2 1
left_child=-1 4 3 -3 5 -2 -6 -4
right_child=1 2 7 -5 6 -7 -8 -9
leaf_value=-0.044885297288750847 -0.044094790810871178 0.0046551038110539036 0.041603717824168399 0.026083067720157907 0.057793529118469238 0.0086403629114359167 -0.021856314392931606 0.075700460472384087
leaf_weight=81.917719630524516 27.09671228565276 370.16782675869763 6.1137043014168722 87.442417614161968 0.83550019562244304 4.0032708030194035 0.7422000877559185 6.5173391476273537
leaf_count=4665 1197 6591 53 1391 18 140 30 54
internal_value=-0.000680444 0.0073397 0.0103974 0.00879761 -0.0334847 -0.0372489 0.0263809 0.0634597
internal_weight=584.837 502.919 470.241 457.61 32.6777 31.1 1.5777 12.631
internal_count=14139 9474 8089 7982 1385 1337 48 107
cat_boundaries=0 1 2
cat_threshold=48 1
is_linear=0
shrinkage=0.05


Tree=22
num_leaves=8
num_cat=3
split_feature=0 5 0 5 5 40 1
split_gain=78.0132 18.2255 12.2772 54.8059 43.3279 10.6204 17.3193
threshold=0 0.83730377313544024 1 -0.8611288361322974 0.097680735332368721 3.0500000000000003 2
decision_type=1 2 1 2 2 2 1
left_child=-1 2 4 -4 -2 -3 -7
right_child=1 5 3 -5 -6 6 -8
leaf_value=-0.044637358697265955 0.030346222548222342 -0.049158590636049548 -0.05129867027179208 0.012169967496598716 -0.016908969980481151 0.041244570640523559 -0.043288833311258802
leaf_weight=78.751396237872541 172.16903295367956 21.08720768801868 41.080321881920099 176.42603392153978 66.635597081854939 11.35998934879899 10.886011926457286
leaf_count=4684 2567 830 906 3041 1306 357 355
internal_value=-0.00169972 0.00591695 0.00899165 2.64548e-06 0.0164584 -0.0245984 -0.000204299
internal_weight=578.396 499.644 456.311 217.506 238.805 43.3332 22.246
internal_count=14046 9362 7820 3947 3873 1542 712
cat_boundaries=0 1 2 3
cat_threshold=48 3 1
is_linear=0
shrinkage=0.05


Tree=23
num_leaves=9
num_cat=2
split_feature=0 34 4 5 38 1 32 31
split_gain=77.114 16.7821 17.6883 26.3717 19.1285 5.19001 5.39841 3.23936
threshold=0 26.050000000000004 0.056951373111866661 -0.96687281075841669 11.015178500000001 1 31.130655000000001 38.350000000000009
decision_type=1 2 2 2 2 1 2 2
left_child=-1 2 3 -2 -4 7 -7 -3
right_child=1 5 4 -5 -6 6 -8 -9
leaf_value=-0.044363311277949541 0.055639588611320651 0.040538536703411746 -0.013336212244800708 0.0074734801299646911 0.020222716547246833 0.091093437333405469 0.023459597167232935 -0.0068225894817093074
leaf_weight=75.411134210415184 31.898969635367393 7.2034748084843159 175.94476568512619 212.25121752731502 54.912948533892632 7.7111421078443527 5.8351171314716339 6.0024983659386635
leaf_count=4682 523 64 3879 3826 908 63 50 54
internal_value=-0.000691271 0.00669672 0.00461159 0.0139678 -0.00530093 0.0446328 0.0655754 0.0200466
internal_weight=577.171 501.76 475.008 244.15 230.858 26.7522 13.5463 13.206
internal_count=14049 9367 9136 4349 4787 231 113 118
cat_boundaries=0 1 2
cat_threshold=48 1
is_linear=0
shrinkage=0.05


Tree=24
num_leaves=9
num_cat=1
split_feature=0 21 33 37 4 38 38 30
split_gain=75.0674 17.3626 13.6338 15.0292 13.8997 6.41288 10.0833 5.81532
threshold=0 22.650000000000002 31.550000000000004 65.500000000000014 -0.89406062840022227 9.9449405000000031 10.545833500000002 6.7500000000000009
decision_type=1 2 2 2 2 2 2 2
left_child=-1 5 4 -4 -3 7 -7 -2
right_child=1 2 3 -5 -6 6 -8 -9
leaf_value=-0.044095433116416782 -0.037554452275482833 0.010215593795355872 0.0097926901144511219 0.041025492958663153 -0.036313108078780375 0.11358482757731179 -0.033354844361414615 0.031508372093522356
leaf_weight=72.365201524458826 31.644761469215155 33.378870368003845 364.5944460183382 42.273427180945873 29.330812446773052 1.1234745122492307 1.8532076776027677 2.6105233058333388
leaf_count=4690 1359 502 6117 665 597 29 74 75
internal_value=-6.3656e-05 0.00702786 0.0097864 0.0131304 -0.0117754 -0.0252712 0.0367206 -0.0315469
internal_weight=579.175 506.81 469.578 406.868 62.7097 37.232 2.97668 34.2553
internal_count=14108 9418 7881 6782 1099 1537 103 1434
cat_boundaries=0 1
cat_threshold=48
is_linear=0
shrinkage=0.05


Tree=25
num_leaves=9
num_cat=2
split_feature=0 21 33 33 43 39 3 19
split_gain=71.0384 18.3321 12.1749 14.5932 12.6282 4.28763 4.31382 2.45753
threshold=0 22.550000000000004 31.550000000000004 32.750000000000007 20.600000000000005 13.350000000000003 1 27.431250000000002
decision_type=1 2 2 2 2 2 1 2
left_child=-1 5 4 -4 -3 6 -2 -7
right_child=1 2 3 -5 -6 7 -8 -9
leaf_value=-0.043811571379927798 0.060843316596956402 -0.037736581847163123 0.022891487910524283 0.0040136807401719744 0.0072791615762648259 -0.044344425046238839 -0.031218704218764701 -0.0062326865012052582
leaf_weight=69.318599008955061 1.666537880897522 25.273018708452582 182.75815742835402 232.34003027528524 37.64163220115006 21.228842731565241 1.5684473589062717 5.6707197725772849
leaf_count=4688 35 495 2876 3991 621 1044 74 224
internal_value=-5.40284e-05 0.006718 0.00925419 0.0123602 -0.0111113 -0.03036 0.0193761 -0.0368214
internal_weight=577.466 508.147 478.013 415.098 62.9147 30.1345 3.23499 26.8996
internal_count=14048 9360 7983 6867 1116 1377 109 1268
cat_boundaries=0 1 2
cat_threshold=48 2
is_linear=0
shrinkage=0.05


Tree=26
num_leaves=8
num_cat=1
split_feature=0 5 39 4 40 7 5
split_gain=62.598 15.8351 12.0824 13.1917 9.33557 15.1975 4.643
threshold=0 0.83730377313544024 14.850000000000003 -0.99467753128998015 3.0500000000000003 27.056250000000002 0.6174544326165855
decision_type=1 2 2 2 2 2 2
left_child=-1 2 6 -4 -3 -6 -2
right_child=1 4 3 -5 5 -7 -8
leaf_value=-0.043509629908273999 -0.037496656318012238 -0.048878116555079135 0.052508619361350865 0.0074385364555830287 -0.034181652815928699 0.047068640346645554 0.032016384529972609
leaf_weight=66.274943241849542 18.224016990512613 19.377856626175344 15.908558391034601 434.4123710077256 13.417427602224054 8.5803792644292098 1.9724253937602032
leaf_count=4677 331 830 224 7248 504 216 36
internal_value=-0.00155241 0.00471052 0.00742498 0.00914355 -0.024493 -0.00182087 -0.0295177
internal_weight=578.168 511.893 470.517 450.321 41.3757 21.9978 20.1964
internal_count=14066 9389 7839 7472 1550 720 367
cat_boundaries=0 1
cat_threshold=48
is_linear=0
shrinkage=0.05


Tree=27
num_leaves=8
num_cat=2
split_feature=0 5 11 5 1 40 14
split_gain=61.8845 14.0127 9.73335 11.0583 9.18754 15.5821 2.97697
threshold=0 0.85561368268953431 79.500000000000014 -0.4831374111459158 1 3.0500000000000003 20.650000000000002
decision_type=1 2 2 2 1 2 2
left_child=-1 2 6 -4 5 -3 -2
right_child=1 4 3 -5 -6 -7 -8
leaf_value=-0.043219305534303969 -0.043594084659562465 -0.046030433480446428 0.00078555724997394008 0.016381268793649557 -0.04876731604647308 0.040131888561722243 -0.0013220112386904161
leaf_weight=63.551980175077915 10.444091403856875 8.7123509971424955 208.2393850274384 249.54012472182512 17.618069048970938 10.413761191070078 6.648889956995844
leaf_count=4679 256 394 3429 4084 718 331 125
internal_value=-0.00062398 0.00547737 0.00790028 0.00930411 -0.0237642 0.000546159 -0.0281328
internal_weight=575.169 511.617 474.872 457.78 36.7442 19.1261 17.093
internal_count=14016 9337 7894 7513 1443 725 381
cat_boundaries=0 1 2
cat_threshold=48 1
is_linear=0
shrinkage=0.05


Tree=28
num_leaves=8
num_cat=1
split_feature=0 31 23 5 25 43 35
split_gain=57.398 13.7081 13.2766 14.0809 11.2323 6.13434 11.2789
threshold=0 28.600000000000005 98.500000000000014 -0.18493013702746816 9.1395830000000018 4.7500000000000009 81.404762000000019
decision_type=1 2 2 2 2 2 2
left_child=-1 5 3 -3 -4 -2 -7
right_child=1 2 4 -5 -6 6 -8
leaf_value=-0.042928491850499691 -0.047214532070182495 0.011363301940965381 0.016695771366117784 -0.010047554814368344 0.068042035695226002 0.039489437271432157 -0.01785913293891404
leaf_weight=60.994250916875899 11.543401838280259 184.67177473008633 117.27836919482797 129.98500636871904 10.916769724339245 9.2879022452980262 51.249712739139795
leaf_count=4683 514 2791 1836 2858 179 202 955
internal_value=-0.0010926 0.00467788 0.0080643 0.00251465 0.0215611 -0.0153132 -0.00856177
internal_weight=575.927 514.933 442.852 314.657 128.195 72.081 60.5376
internal_count=14018 9335 7664 5649 2015 1671 1157
cat_boundaries=0 1
cat_threshold=48
is_linear=0
shrinkage=0.05


Tree=29
num_leaves=9
num_cat=2
split_feature=0 5 34 34 5 1 42 40
split_gain=54.55 14.0528 11.741 10.3222 7.01353 9.37064 3.45756 0.202941
threshold=0 0.86004965528756494 26.550000000000004 24.450000000000003 0.99445195900249039 1 5.5000000000000009 13.750000000000002
decision_type=1 2 2 2 2 1 2 2
left_child=-1 2 3 -2 6 -6 -3 -4
right_child=1 4 7 -5 5 -7 -8 -9
leaf_value=-0.042676863385210949 0.0098255816415002417 -0.048716873161280733 0.032739142608587617 -0.0067874420572780611 0.062875018411221825 -0.039535918596794679 -0.0091483748957935651 0.060254504583199378
leaf_weight=58.937282536178827 338.21595338732004 18.856213403865699 6.1628122702240926 128.26987414434552 3.8028850983828297 3.2578047346323729 8.3967415913939458 7.4081118777394295
leaf_count=4720 5734 901 47 2066 123 122 272 56
internal_value=-0.00123217 0.0043342 0.00664519 0.00525274 -0.0260424 0.0165799 -0.037281 0.0508637
internal_weight=573.308 514.37 480.057 466.486 34.3136 7.06069 27.253 13.5709
internal_count=14041 9321 7903 7800 1418 245 1173 103
cat_boundaries=0 1 2
cat_threshold=48 1
is_linear=0
shrinkage=0.05


Tree=30
num_leaves=9
num_cat=2
split_feature=0 38 40 5 4 0 37 44
split_gain=51.7132 13.8121 26.1632 18.689 23.3541 14.5948 6.39116 4.95541
threshold=0 10.977381000000001 2.7500000000000004 -0.7614016681079937 0.73283908552571664 1 63.500000000000007 43.750000000000007
decision_type=1 2 2 2 2 1 2 2
left_child=-1 2 7 6 -5 -4 -3 -2
right_child=1 3 5 4 -6 -7 -8 -9
leaf_value=-0.042315904977894447 -0.044454947488239326 0.034338770177515764 -0.012837020460576266 0.088312197237147727 0.01870450215810706 0.0093964191464861405 -0.032089525078441025 0.036239287826827712
leaf_weight=56.088270693086088 33.656651107594371 3.5937900654971626 88.103066542185843 13.784276293590663 70.335667131468654 288.83480105549097 18.25498341023922 1.2901955600827921
leaf_count=4685 1295 60 1605 219 951 4804 355 41
internal_value=-0.000994167 0.00428722 0.000211974 0.0203778 0.0310142 0.00408846 -0.0201384 -0.0405506
internal_weight=573.942 517.853 411.885 105.969 84.1199 376.938 21.8488 34.9468
internal_count=14015 9330 7745 1585 1170 6409 415 1336
cat_boundaries=0 1 2
cat_threshold=48 8
is_linear=0
shrinkage=0.05


Tree=31
num_leaves=9
num_cat=2
split_feature=0 9 25 35 0 4 43 44
split_gain=48.4813 12.1795 10.0369 10.2497 8.99407 25.7869 21.7295 5.82179
threshold=0 23.350000000000005 10.454166500000001 66.122023500000026 1 0.91596454896554913 19.050000000000004 43.750000000000007
decision_type=1 2 2 2 1 2 2 2
left_child=-1 2 7 -4 6 -6 -3 -2
right_child=1 4 3 -5 5 -7 -8 -9
leaf_value=-0.042020049168381132 -0.030097597339077898 0.00074593002444155588 0.10442536616026231 -0.032502354506660031 -0.0096678598506677125 0.033389735942396685 0.030719238711594762 0.0408266508122705
leaf_weight=53.936740517616272 44.519012552686036 146.93799385149032 2.1939319316297765 1.7421033568680284 177.42448177561164 42.191364709287882 101.81187324598432 2.2394005414098492
leaf_count=4693 1620 2339 44 87 3155 631 1405 61
internal_value=-0.00128255 0.00375894 -0.0192159 0.049514 0.00636139 -0.00122643 0.0125839 -0.0259171
internal_weight=572.997 519.06 50.6944 3.93604 468.366 219.616 248.75 46.7584
internal_count=14035 9342 1812 131 7530 3786 3744 1681
cat_boundaries=0 1 2
cat_threshold=48 3
is_linear=0
shrinkage=0.05


Tree=32
num_leaves=9
num_cat=1
split_feature=0 32 4 33 33 44 10 31
split_gain=45.1457 11.5055 14.2926 16.5445 14.0844 11.9222 4.90679 0.486196
threshold=0 26.291964000000004 0.074116354202380164 36.95000000000001 31.550000000000004 43.000000000000007 89.270833500000023 48.050000000000004
decision_type=1 2 2 2 2 2 2 2
left_child=-1 5 4 -4 -3 6 -2 -7
right_child=1 2 3 -5 -6 7 -8 -9
leaf_value=-0.041747677989492443 -0.044995579081477693 -0.010153079165813296 -0.0096700457240586988 0.020642130717372299 0.020586083620260497 0.036752398334656051 0.014785202688041871 0.0037884652909785325
leaf_weight=52.077122442424297 25.798776437528435 46.286728529259562 200.90747512876987 56.946314457803965 179.70411853585392 5.629912056028842 3.4512672908604136 1.6443656682968137
leaf_count=4718 808 811 4143 608 2819 76 60 21
internal_value=-0.00180678 0.00300589 0.00512239 -0.0029218 0.0142732 -0.0236202 -0.0376863 0.0306593
internal_weight=572.446 520.369 483.845 257.854 225.991 36.5243 29.25 7.27428
internal_count=14064 9346 8381 4751 3630 965 868 97
cat_boundaries=0 1
cat_threshold=48
is_linear=0
shrinkage=0.05


Tree=33
num_leaves=6
num_cat=2
split_feature=0 32 22 0 20
split_gain=43.4146 10.8492 10.4115 8.81886 4.14929
threshold=0 25.986012000000006 61.402778000000005 1 36.250000000000007
decision_type=1 2 2 1 2
left_child=-1 -2 4 -4 -3
right_child=1 2 3 -5 -6
leaf_value=-0.041368201569970703 -0.046875962552415794 -0.042307453442766929 0.016520076067271631 0.0016241671805476425 -0.0016316762580755385
leaf_weight=49.600073181092739 9.5420790864154679 14.928083488717677 131.1697612022981 358.17920233216137 10.476330935955046
leaf_count=4682 399 533 2054 6201 185
internal_value=-0.00129663 0.00329069 0.00437353 0.00601258 -0.0262305
internal_weight=573.896 524.295 514.753 489.349 25.4044
internal_count=14054 9372 8973 8255 718
cat_boundaries=0 1 2
cat_threshold=48 1
is_linear=0
shrinkage=0.05


Tree=34
num_leaves=9
num_cat=3
split_feature=0 38 41 0 5 4 0 20
split_gain=40.4507 11.0247 22.5615 16.3035 59.9615 56.9575 13.351 4.5178
threshold=0 10.977381000000001 2.7500000000000004 1 0.51849435583340198 0.90892735371523092 2 36.250000000000007
decision_type=1 2 2 1 2 2 1 2
left_child=-1 2 7 5 -5 -3 -4 -2
right_child=1 3 6 4 -6 -7 -8 -9
leaf_value=-0.041006250581781881 -0.045162604437055484 -0.0109638474783888 -0.013693448406432503 -0.023769292255204917 0.14127938340025126 0.088509075985833241 0.0075750341033579199 0.018057739860305243
leaf_weight=47.410305536352098 30.501586342230439 28.828823801130056 86.539188189432025 48.761638514697552 5.1884885989129534 27.35015132650733 297.07687132898718 2.5765974149107924
leaf_count=4662 1290 454 1603 704 100 341 4854 56
internal_value=-0.00153249 0.0028144 -0.000862026 0.0168607 -0.00474969 0.0324835 0.00259491 -0.0398527
internal_weight=574.234 526.823 416.694 110.129 53.9501 56.179 383.616 33.0782
internal_count=14064 9402 7803 1599 804 795 6457 1346
cat_boundaries=0 1 2 3
cat_threshold=48 9 8
is_linear=0
shrinkage=0.05


Tree=35
num_leaves=9
num_cat=2
split_feature=0 33 0 4 42 30 38 4
split_gain=40.4286 10.6085 21.3807 31.6585 25.3299 13.9578 11.3837 10.5168
threshold=0 36.95000000000001 1 0.94138322595482449 5.5000000000000009 0.8500000000000002 11.088988000000002 0.99274428880883148
decision_type=1 2 1 2 2 2 2 2
left_child=-1 5 3 -3 -4 6 -2 -7
right_child=1 2 4 -5 -6 7 -8 -9
leaf_value=-0.040694417961237628 -0.034645776043286697 0.0068473492666682595 -0.044422220959257734 0.10407769249357052 0.05882311281099746 0.0060295173048574985 0.012921409866549039 -0.038519630661283742
leaf_weight=45.654125232249498 42.834804816171527 16.820698410272598 20.264543145895008 15.971137240529059 7.288416374474763 393.68449339829385 17.023458762094378 12.719074431806801
leaf_count=4674 1681 160 233 155 77 6549 286 219
internal_value=-0.000538554 0.00371419 0.0233316 0.0431209 -0.0118556 0.00121024 -0.0211278 0.00454415
internal_weight=572.261 526.607 60.3448 32.7918 27.553 466.262 59.8583 406.404
internal_count=14034 9360 625 315 310 8735 1967 6768
cat_boundaries=0 1 2
cat_threshold=48 9
is_linear=0
shrinkage=0.05


Tree=36
num_leaves=9
num_cat=1
split_feature=0 33 4 43 37 34 19 39
split_gain=37.7642 9.83157 12.0896 11.5654 10.7119 24.612 23.6537 4.38239
threshold=0 31.550000000000004 -0.89406062840022227 20.600000000000005 61.500000000000007 24.550000000000004 26.659027500000004 13.900000000000002
decision_type=1 2 2 2 2 2 2 2
left_child=-1 2 3 -2 6 -6 -3 -4
right_child=1 4 7 -5 5 -7 -8 -9
leaf_value=-0.040354977030490825 -0.036131024341413256 -0.041388522919829453 0.023055152425022207 0.023707056309560673 0.025597873676722657 -0.035170656951751665 0.005216183840824784 -0.040158947959298204
leaf_weight=43.84346382226795 10.552360214293001 29.042312577366829 2.3592377863824359 25.931476347148418 121.46216895803809 18.395411688834429 289.43547067604959 31.323960890062153
leaf_count=4669 164 793 93 352 1683 326 5181 789
internal_value=-0.000852205 0.00319665 -0.0140456 0.00589767 0.0059307 0.0174121 0.000850005 -0.0351942
internal_weight=572.346 528.502 70.167 36.4838 458.335 139.858 318.478 33.6832
internal_count=14050 9381 1398 516 7983 2009 5974 882
cat_boundaries=0 1
cat_threshold=48
is_linear=0
shrinkage=0.05


end of trees

feature_importances:
age_group=49
day_of_year_cos=34
day_of_year_sin=27
temperature_min_7d=22
wind_speed_mean_7d=20
temperature_min_3d=16
wind_speed_max_7d=14
temperature_max_7d=11
temperature_mean_7d=10
rain_max_daily_7d=10
precipitation_sum_7d=9
gender=8
precipitation_sum_current=8
temperature_mean_3d=7
temperature_mean_current=6
wind_gust_max_7d=6
wind_gust_max_3d=4
temperature_max_3d=3
humidity_max_3d=3
wind_speed_mean_3d=3
humidity_mean_7d=3
humidity_max_7d=3
humidity_min_7d=3
temperature_max_current=2
humidity_mean_3d=2
rain_max_daily_3d=2
rain_days_7d=2
season=1
temperature_min_current=1
humidity_mean_current=1
humidity_max_current=1
wind_speed_mean_current=1
wind_speed_max_current=1
precipitation_sum_3d=1
rain_sum_7d=1

parameters:
[boosting: gbdt]
[objective: binary]
[metric: binary_logloss]
[tree_learner: serial]
[device_type: cpu]
[data_sample_strategy: bagging]
[data: ]
[valid: ]
[num_iterations: 37]
[learning_rate: 0.05]
[num_leaves: 15]
[num_threads: 8]
[seed: 42]
[deterministic: 0]
[force_col_wise: 0]
[force_row_wise: 0]
[histogram_pool_size: -1]
[max_depth: 4]
[min_data_in_leaf: 20]
[min_sum_hessian_in_leaf: 0.001]
[bagging_fraction: 0.9]
[pos_bagging_fraction: 1]
[neg_bagging_fraction: 1]
[bagging_freq: 1]
[bagging_seed: 400]
[bagging_by_query: 0]
[feature_fraction: 0.9]
[feature_fraction_bynode: 1]
[feature_fraction_seed: 30056]
[extra_trees: 0]
[extra_seed: 12879]
[early_stopping_round: 0]
[early_stopping_min_delta: 0]
[first_metric_only: 0]
[max_delta_step: 0]
[lambda_l1: 0]
[lambda_l2: 1]
[linear_lambda: 0]
[min_gain_to_split: 0]
[drop_rate: 0.1]
[max_drop: 50]
[skip_drop: 0.5]
[xgboost_dart_mode: 0]
[uniform_drop: 0]
[drop_seed: 17869]
[top_rate: 0.2]
[other_rate: 0.1]
[min_data_per_group: 100]
[max_cat_threshold: 32]
[cat_l2: 10]
[cat_smooth: 10]
[max_cat_to_onehot: 4]
[top_k: 20]
[monotone_constraints: ]
[monotone_constraints_method: basic]
[monotone_penalty: 0]
[feature_contri: ]
[forcedsplits_filename: ]
[refit_decay_rate: 0.9]
[cegb_tradeoff: 1]
[cegb_penalty_split: 0]
[cegb_penalty_feature_lazy: ]
[cegb_penalty_feature_coupled: ]
[path_smooth: 0]
[interaction_constraints: ]
[verbosity: -1]
[saved_feature_importance_type: 0]
[use_quantized_grad: 0]
[num_grad_quant_bins: 4]
[quant_train_renew_leaf: 0]
[stochastic_rounding: 1]
[linear_tree: 0]
[max_bin: 255]
[max_bin_by_feature: ]
[min_data_in_bin: 3]
[bin_construct_sample_cnt: 200000]
[data_random_seed: 175]
[is_enable_sparse: 1]
[enable_bundle: 1]
[use_missing: 1]
[zero_as_missing: 0]
[feature_pre_filter: 1]
[pre_partition: 0]
[two_round: 0]
[header: 0]
[label_column: ]
[weight_column: ]
[group_column: ]
[ignore_column: ]
[categorical_feature: 0,1,3]
[forcedbins_filename: ]
[precise_float_parser: 0]
[parser_config_file: ]
[objective_seed: 16083]
[num_class: 1]
[is_unbalance: 0]
[scale_pos_weight: 1]
[sigmoid: 1]
[boost_from_average: 1]
[reg_sqrt: 0]
[alpha: 0.9]
[fair_c: 1]
[poisson_max_delta_step: 0.7]
[tweedie_variance_power: 1.5]
[lambdarank_truncation_level: 30]
[lambdarank_norm: 1]
[label_gain: ]
[lambdarank_position_bias_regularization: 0]
[eval_at: ]
[multi_error_top_k: 1]
[auc_mu_weights: ]
[num_machines: 1]
[local_listen_port: 12400]
[time_out: 120]
[machine_list_filename: ]
[machines: ]
[gpu_platform_id: -1]
[gpu_device_id: -1]
[gpu_device_id_list: ]
[gpu_use_dp: 0]
[num_gpu: 1]

end of parameters

pandas_categorical:[]
