tree
version=v4
num_class=1
num_tree_per_iteration=1
label_index=0
max_feature_idx=44
objective=binary sigmoid:1
feature_names=age_group gender month season day_of_year_sin day_of_year_cos weather_code_current temperature_mean_current temperature_max_current temperature_min_current humidity_mean_current humidity_max_current humidity_min_current wind_speed_mean_current wind_speed_max_current precipitation_sum_current rain_sum_current wind_gust_max_current rain_day_current temperature_mean_3d temperature_max_3d temperature_min_3d humidity_mean_3d humidity_max_3d humidity_min_3d wind_speed_mean_3d wind_speed_max_3d precipitation_sum_3d rain_sum_3d rain_days_3d rain_max_daily_3d wind_gust_max_3d temperature_mean_7d temperature_max_7d temperature_min_7d humidity_mean_7d humidity_max_7d humidity_min_7d wind_speed_mean_7d wind_speed_max_7d precipitation_sum_7d rain_sum_7d rain_days_7d rain_max_daily_7d wind_gust_max_7d
feature_infos=-1:0:1:2:3:4:5 -1:0:1 [1:12] -1:1:0 [-0.99999942202469239:0.99998555065071859] [-0.99997919295908244:0.9999907524084426] [0:61] [23.658332999999999:32.533332999999999] [25.899999999999999:39.200000000000003] [17.899999999999999:29.300000000000001] [48.958333000000003:91.625] [63:100] [23:86] [2.8541669999999999:19.695833] [6.4000000000000004:30.100000000000001] [0:63.100000000000001] [0:63.100000000000001] [14:56.899999999999999] [0:1] [23.766667000000002:32.427778000000004] [27.699999999999999:39.200000000000003] [17.899999999999999:28.100000000000001] [52.569443999999997:90.694444000000004] [73:100] [23:79] [4.125:17.329167000000002] [9.6999999999999993:30.100000000000001] [0:93.900000000000006] [0:93.900000000000006] [0:3] [0:63.100000000000001] [17.300000000000001:56.899999999999999] [24.365476000000001:32.235118999999997] [28.699999999999999:39.200000000000003] [17.899999999999999:27.5] [55.767856999999999:89.523809999999997] [77:100] [23:72] [4.5327380000000002:15.469643] [11.6:30.100000000000001] [0:163.90000000000001] [0:163.90000000000001] [0:7] [0:63.100000000000001] [23:56.899999999999999]
tree_sizes=1061 1100 1100 1110 1104 1102 1748 1102 1105 1105 1112 1104 1000 1101 1112 1100 1109 1104 1107 1415 1103 1107 1104 1114 1111 1113 1114 1115 1109 1108 1107 1111 1109 1104 1109 1112 1108 1102 1106 1417 1002 1114 1115 1094 1117 1106 1103 1412 1106 1016 1107 1108 1107 1110 1110 1109 1107 1305 1118 1102 1429 1100 1115 1109 1112 1126 809 1310 1426 1520 1733 1091 1535 1111 1531 901

Tree=0
num_leaves=9
num_cat=2
split_feature=0 0 4 34 34 33 5 36
split_gain=3941 1273 236.61 310.432 81.8629 70.8422 48.718 48.5111
threshold=0 1 0.10837544681456417 20.350000000000005 20.250000000000004 37.100000000000009 0.99138911339924218 94.500000000000014
decision_type=1 1 2 2 2 2 2 2
left_child=-1 2 7 -4 6 -6 -3 -2
right_child=1 4 3 -5 5 -7 -8 -9
leaf_value=0.24531288215728847 0.2895804805661622 0.24700950489352158 0.2558911031532331 0.4048212031956499 0.34699706830385257 0.39955493012986998 0.38678761817938861 0.43724119966398189
leaf_weight=563.76340399682522 4.8370948433876029 29.264423802495003 35.552647098898888 846.24974285066128 1024.9803973138332 67.477473065257072 7.4974970072507849 799.5717776119709
leaf_count=2331 20 121 147 3499 4238 279 31 3306
internal_value=0.364663 0.388936 0.416346 0.3987 0.347907 0.350272 0.275339 0.436261
internal_weight=3379.19 2815.43 1686.21 881.802 1129.22 1092.46 36.7619 804.409
internal_count=13972 11641 6972 3646 4669 4517 152 3326
cat_boundaries=0 1 2
cat_threshold=16 7
is_linear=0
shrinkage=1


Tree=1
num_leaves=9
num_cat=2
split_feature=0 0 4 34 33 2 36 5
split_gain=3480.85 1188.11 215.44 276.525 69.1708 120.772 49.0202 18.13
threshold=0 1 0.10837544681456417 20.350000000000005 37.100000000000009 5.5000000000000009 94.500000000000014 -0.013976481981245098
decision_type=1 1 2 2 2 2 2 2
left_child=-1 2 6 -4 5 -3 -2 -6
right_child=1 4 3 -5 7 -7 -8 -9
leaf_value=-0.11173219431743119 -0.069019624350479022 -0.039215752355016217 -0.10304048284246314 0.038744047578156762 0.013871875114723745 -0.0051886196928555709 0.070123629966917733 0.06878946515431518
leaf_weight=566.68167293071747 5.6311207860708228 450.79255726933479 34.925147354602814 833.62726271152496 46.854957863688469 617.59794391691685 786.55390405654907 21.625365167856216
leaf_count=2301 23 1857 142 3473 195 2545 3299 90
internal_value=4.48949e-05 0.0230352 0.0498903 0.0329308 -0.016297 -0.0195691 0.0690488 0.0319547
internal_weight=3364.29 2797.61 1660.74 868.552 1136.87 1068.39 792.185 68.4803
internal_count=13925 11624 6937 3615 4687 4402 3322 285
cat_boundaries=0 1 2
cat_threshold=16 7
is_linear=0
shrinkage=0.05


Tree=2
num_leaves=9
num_cat=2
split_feature=0 0 2 34 34 43 5 21
split_gain=3164.37 1050.67 189.286 248.272 64.9813 59.0397 46.3522 38.6428
threshold=0 1 6.5000000000000009 20.350000000000005 20.250000000000004 38.900000000000006 0.99138911339924218 25.150000000000002
decision_type=1 1 2 2 2 2 2 2
left_child=-1 2 3 -2 6 -6 -3 -4
right_child=1 4 7 -5 5 -7 -8 -9
leaf_value=-0.1051452121884936 -0.090966681759216975 -0.10862818808555141 0.068631860262912681 0.038115850349168916 -0.010669673738571455 -0.086737946754746928 0.024670932234339797 -0.0033460132441437821
leaf_weight=578.16699904203415 37.943644836544991 28.395808175206184 716.39879554510117 891.16650515794754 1085.1269586235285 25.149679869413376 7.9627400338649741 19.051533699035645
leaf_count=2323 153 115 3054 3746 4464 103 33 80
internal_value=0.000252321 0.0222534 0.0475258 0.0327522 -0.0145373 -0.0124693 -0.0795559 0.0667653
internal_weight=3389.36 2811.2 1664.56 929.11 1146.64 1110.28 36.3585 735.45
internal_count=14071 11748 7033 3899 4715 4567 148 3134
cat_boundaries=0 1 2
cat_threshold=16 7
is_linear=0
shrinkage=0.05


Tree=3
num_leaves=9
num_cat=2
split_feature=0 0 4 34 34 4 36 44
split_gain=2870.26 969.433 190.239 241.355 65.2473 59.4555 43.4707 21.2303
threshold=0 1 0.10837544681456417 20.350000000000005 20.250000000000004 -0.29343379936893915 94.500000000000014 28.250000000000004
decision_type=1 1 2 2 2 2 2 2
left_child=-1 2 6 -4 7 -6 -2 -3
right_child=1 4 3 -5 5 -7 -8 -9
leaf_value=-0.099574256095065081 -0.065423338886354848 -0.014447096176537215 -0.092709651666524617 0.035466250440217388 0.0032386232741590444 -0.020844968296192146 0.065044096262546064 -0.097972291716875909
leaf_weight=586.38145700097084 5.6827052682638159 10.697019904851912 37.464120984077454 839.60073271393776 404.07151095569134 698.43775983154774 764.78533211350441 29.121816277503967
leaf_count=2346 23 44 150 3557 1661 2865 3317 117
internal_value=-7.46818e-05 0.0211476 0.0455943 0.0298918 -0.0142093 -0.0120234 0.0639983 -0.0764375
internal_weight=3376.24 2789.86 1647.53 877.065 1142.33 1102.51 770.468 39.8188
internal_count=14080 11734 7047 3707 4687 4526 3340 161
cat_boundaries=0 1 2
cat_threshold=16 7
is_linear=0
shrinkage=0.05


Tree=4
num_leaves=9
num_cat=2
split_feature=0 0 4 34 33 2 36 5
split_gain=2582.57 881.615 193.592 221.583 60.7911 98.6824 37.4964 12.2798
threshold=0 1 0.10837544681456417 20.350000000000005 36.95000000000001 5.5000000000000009 94.500000000000014 -0.013976481981245098
decision_type=1 1 2 2 2 2 2 2
left_child=-1 2 6 -4 5 -3 -2 -6
right_child=1 4 3 -5 7 -7 -8 -9
leaf_value=-0.094770087363292774 -0.064956470300546965 -0.03380227093669274 -0.088327466339770663 0.03336734560631454 0.013917681691590068 -0.0032089369504516387 0.063419883148482945 0.056420290835976251
leaf_weight=580.26556062698364 4.9713093042373648 460.22889406979084 38.240914687514305 823.2214792072773 43.639291197061539 615.67868414521217 758.23145052790642 27.837408512830734
leaf_count=2324 20 1874 153 3518 181 2528 3352 116
internal_value=0.000132126 0.0202933 0.0438956 0.0278691 -0.0132263 -0.0163147 0.0624998 0.0310209
internal_weight=3352.31 2772.05 1624.67 861.462 1147.38 1075.91 763.203 71.4767
internal_count=14066 11742 7043 3671 4699 4402 3372 297
cat_boundaries=0 1 2
cat_threshold=16 7
is_linear=0
shrinkage=0.05


Tree=5
num_leaves=9
num_cat=2
split_feature=0 0 4 34 34 44 5 36
split_gain=2341.03 795.08 183.45 196.764 52.8126 54.4943 47.5153 37.655
threshold=0 1 0.10837544681456417 20.350000000000005 20.250000000000004 52.000000000000007 0.99138911339924218 94.500000000000014
decision_type=1 1 2 2 2 2 2 2
left_child=-1 2 7 -4 6 -6 -3 -2
right_child=1 4 3 -5 5 -7 -8 -9
leaf_value=-0.090618205515199751 -0.059346945230733632 -0.096998667264365651 -0.084104411024366235 0.031813487613899065 -0.0089421554127381443 -0.10033913180163706 0.036002022353668617 0.061676730790336698
leaf_weight=573.54412257671356 5.7391742914915076 30.481251955032349 37.367212772369385 823.74535603821278 1091.8446813970804 15.569205284118651 7.9676629453897467 735.99961227178574
leaf_count=2310 23 122 150 3551 4467 64 33 3321
internal_value=0.000280117 0.0195315 0.0421767 0.0266916 -0.0122449 -0.0103165 -0.0692233 0.0606617
internal_weight=3322.26 2748.71 1602.85 861.113 1145.86 1107.41 38.4489 741.739
internal_count=14041 11731 7045 3701 4686 4531 155 3344
cat_boundaries=0 1 2
cat_threshold=16 7
is_linear=0
shrinkage=0.05


Tree=6
num_leaves=15
num_cat=1
split_feature=4 33 44 34 44 4 39 35 19 43 27 1 4 5
split_gain=136.363 181.504 241.677 156.238 60.9679 50.6797 43.8047 83.0539 28.0085 4.70636 4.03521 3.18546 2.75669 2.74571
threshold=0.10837544681456417 36.95000000000001 46.250000000000007 20.350000000000005 48.800000000000004 -0.452744437932114 18.850000000000005 87.232143000000022 28.088194500000004 0.45000000000000007 33.750000000000007 0 -0.54220184589352438 -0.013976481981245098
decision_type=2 2 2 2 2 2 2 2 2 2 2 1 2 2
left_child=4 2 3 -2 6 12 7 -1 -8 11 -7 -3 -6 -11
right_child=1 9 -4 -5 5 10 8 -9 -10 13 -12 -13 -14 -15
leaf_value=0.013781807385474108 -0.083456368358681157 0.03041814315366357 -0.11869814100759229 -0.0080650125210612513 -0.069099170416563646 -0.0025087806309684758 0.023389984381384808 -0.026700327238410738 -0.038606788559150299 0.031354559899799316 0.027484896991249331 0.0028625670674933459 -0.038601872619196897 0.045449931533766641
leaf_weight=552.93342727422714 71.271446526050568 21.218459457159042 53.804326862096786 1407.5901182591915 36.114312037825584 23.300511628389359 725.9025526791811 163.2934313416481 17.816544756293297 112.41661101579666 20.348083972930908 20.2987449914217 15.302113831043242 63.921164602041245
leaf_count=2394 288 90 226 5913 153 101 3145 708 77 476 88 86 66 272
internal_value=6.10477e-05 -0.00950795 -0.0155816 -0.0117523 0.0108323 -0.0277736 0.0133635 0.00452788 0.0218549 0.0330977 0.0117761 0.0173298 -0.0609324 0.0366915
internal_weight=3305.53 1750.52 1532.67 1478.86 1555.01 95.065 1459.95 716.227 743.719 217.855 43.6486 41.5172 51.4164 176.338
internal_count=14083 7351 6427 6201 6732 408 6324 3102 3222 924 189 176 219 748
cat_boundaries=0 1
cat_threshold=1
is_linear=0
shrinkage=0.05


Tree=7
num_leaves=9
num_cat=2
split_feature=0 0 4 34 33 35 36 31
split_gain=2148.01 764.166 163.439 155.316 57.8556 59.2863 33.0807 10.4063
threshold=0 1 0.10837544681456417 20.350000000000005 36.95000000000001 79.535714000000013 94.500000000000014 34.750000000000007
decision_type=1 1 2 2 2 2 2 2
left_child=-1 2 6 -4 5 -3 -2 -6
right_child=1 4 3 -5 7 -7 -8 -9
leaf_value=-0.087053466419995132 -0.058273767992659001 -0.030904836521766295 -0.07655498626458046 0.03068294889383625 -0.016760048643162904 -0.006632067047832646 0.059661877728599794 0.037043443229235709
leaf_weight=577.36065891385078 5.2477281689643851 400.08593967556953 34.290448129177094 813.13376286625862 9.8328441530466062 676.84458011388779 713.30820366740227 64.184107050299644
leaf_count=2348 21 1622 140 3530 41 2771 3303 270
internal_value=-0.000408311 0.0182825 0.0409208 0.0262585 -0.012615 -0.0156698 0.0587208 0.0297677
internal_weight=3294.29 2716.93 1565.98 847.424 1150.95 1076.93 718.556 74.017
internal_count=14046 11698 6994 3670 4704 4393 3324 311
cat_boundaries=0 1 2
cat_threshold=16 7
is_linear=0
shrinkage=0.05


Tree=8
num_leaves=9
num_cat=2
split_feature=0 0 4 34 2 32 44 36
split_gain=1969.43 686.756 154.389 146.422 51.8147 59.1897 53.7021 30.7442
threshold=0 1 0.074116354202380164 20.350000000000005 5.5000000000000009 29.330059500000001 52.000000000000007 94.500000000000014
decision_type=1 1 2 2 2 2 2 2
left_child=-1 2 7 -4 5 -3 -6 -2
right_child=1 4 3 -5 6 -7 -8 -9
leaf_value=-0.083861631255783955 -0.051413793747982307 -0.030726023348518417 -0.073960619572200292 0.029705344566377714 0.00083901659748583071 0.012363531136436292 -0.088987570636062496 0.058187497627629495
leaf_weight=566.78828471899033 5.7356819063425055 437.66199718415737 34.596031621098518 823.28919848799706 600.41719244420528 96.813014671206474 16.112561196088791 688.03220818936825
leaf_count=2335 23 1769 143 3611 2461 404 65 3260
internal_value=-4.33139e-05 0.0178035 0.03942 0.0254436 -0.0114347 -0.0229124 -0.00164884 0.0572087
internal_weight=3269.45 2702.66 1551.65 857.885 1151 534.475 616.53 693.768
internal_count=14071 11736 7037 3754 4699 2173 2526 3283
cat_boundaries=0 1 2
cat_threshold=16 7
is_linear=0
shrinkage=0.05


Tree=9
num_leaves=9
num_cat=2
split_feature=0 0 4 34 43 34 44 39
split_gain=1813.6 653.855 143.359 135.697 48.1198 47.6109 27.8973 4.83117
threshold=0 1 0.10837544681456417 20.350000000000005 38.900000000000006 20.250000000000004 48.800000000000004 20.250000000000004
decision_type=1 1 2 2 2 2 2 2
left_child=-1 2 6 -4 5 -3 -2 -6
right_child=1 4 3 -5 7 -7 -8 -9
leaf_value=-0.081031269744865464 0.058016183114471633 -0.064049788982207145 -0.070299094443223853 0.028962971082809492 -0.092138304057092793 -0.0078573774996727845 0.01579119374101234 -0.037977223143993009
leaf_weight=558.03421168029308 655.5396986156702 38.089010328054428 35.048111602663994 798.31342099606991 17.948472261428837 1081.0496692508459 42.548892512917519 7.9778830558061591
leaf_count=2336 3182 155 147 3528 72 4412 199 32
internal_value=5.92922e-05 0.0172283 0.0385062 0.0247091 -0.0113251 -0.00982532 0.0554688 -0.0775016
internal_weight=3234.55 2676.52 1531.45 833.362 1145.07 1119.14 698.089 25.9264
internal_count=14063 11727 7056 3675 4671 4567 3381 104
cat_boundaries=0 1 2
cat_threshold=16 7
is_linear=0
shrinkage=0.05


Tree=10
num_leaves=9
num_cat=2
split_feature=0 0 4 34 39 2 25 21
split_gain=1658.2 574.579 135.361 133.183 44.8605 72.7501 68.9204 33.4962
threshold=0 1 0.056951373111866661 20.350000000000005 20.650000000000002 1.5000000000000002 6.8013890000000012 25.150000000000002
decision_type=1 1 2 2 2 2 2 2
left_child=-1 2 7 -4 6 -6 -3 -2
right_child=1 4 3 -5 5 -7 -8 -9
leaf_value=-0.078510198233496392 0.056162149369337472 -0.00018952148902429104 -0.069662445027200579 0.028117777616338869 -0.080614121266689598 0.0039749282156778453 -0.03478663311973678 -0.01526091633875238
leaf_weight=542.18491934239864 630.45943468809128 253.84968303143978 35.419716224074364 826.7914647012949 25.682405516505241 535.49187754094601 331.52748721837997 16.463227212429047
leaf_count=2312 3136 1035 151 3697 104 2188 1347 74
internal_value=0.000272363 0.0166131 0.0367969 0.0240249 -0.0100508 -3.28403e-05 -0.0198095 0.0543238
internal_weight=3197.87 2655.69 1509.13 862.211 1146.55 561.174 585.377 646.923
internal_count=14044 11732 7058 3848 4674 2292 2382 3210
cat_boundaries=0 1 2
cat_threshold=16 7
is_linear=0
shrinkage=0.05


Tree=11
num_leaves=9
num_cat=2
split_feature=0 0 4 34 33 2 36 19
split_gain=1536.66 539.109 127.474 128.705 43.8004 66.227 31.1837 11.3813
threshold=0 1 0.10837544681456417 25.150000000000002 36.95000000000001 5.5000000000000009 94.500000000000014 30.675694500000002
decision_type=1 1 2 2 2 2 2 2
left_child=-1 2 6 -4 5 -3 -2 -6
right_child=1 4 3 -5 7 -7 -8 -9
leaf_value=-0.07627031443909893 -0.056827542398826737 -0.026693829618544704 0.013659185201471344 0.066753090843902615 0.044794473816414541 -0.0017160779234746714 0.053334566729978383 0.005075257234185066
leaf_weight=538.06193122267723 5.7174474745988837 466.40355382859707 677.18934507668018 136.50300025939941 40.201991096138954 614.32847937941551 650.90160050988197 32.584178805351257
leaf_count=2343 23 1878 3039 618 171 2512 3313 137
internal_value=-0.000178438 0.0156795 0.035664 0.0226371 -0.00988965 -0.0125103 0.0522904 0.0273231
internal_weight=3161.89 2623.83 1470.31 813.692 1153.52 1080.73 656.619 72.7862
internal_count=14034 11691 6993 3657 4698 4390 3336 308
cat_boundaries=0 1 2
cat_threshold=16 7
is_linear=0
shrinkage=0.05


Tree=12
num_leaves=8
num_cat=2
split_feature=0 0 4 34 44 4 44
split_gain=1410.05 518.376 127.188 128.081 43.6102 52.84 25.8428
threshold=0 1 0.10837544681456417 25.150000000000002 52.000000000000007 -0.30983472475487861 48.800000000000004
decision_type=1 1 2 2 2 2 2
left_child=-1 2 6 -4 5 -3 -2
right_child=1 4 3 -5 -6 -7 -8
leaf_value=-0.07422372441748952 0.054179021744107249 0.0060915372575525845 0.012907056194652274 0.066449446302725965 -0.087665378674831942 -0.016842034564487483 0.013104308518561952
leaf_weight=522.64949283003807 600.50722561776638 378.57608005404472 679.92742799222469 132.84622856974602 16.963895618915558 742.80900438129902 41.695539280772209
leaf_count=2329 3142 1551 3064 616 68 3015 204
internal_value=-0.00018222 0.014991 0.0346741 0.0217294 -0.0102579 -0.0091012 0.0515367
internal_weight=3115.97 2593.33 1454.98 812.774 1138.35 1121.39 642.203
internal_count=13989 11660 7026 3680 4634 4566 3346
cat_boundaries=0 1 2
cat_threshold=16 7
is_linear=0
shrinkage=0.05


Tree=13
num_leaves=9
num_cat=2
split_feature=0 0 43 36 34 39 34 25
split_gain=1317.78 470.329 120.269 114.592 102.18 42.1712 80.9589 49.5756
threshold=0 1 43.800000000000004 96.500000000000014 25.350000000000005 15.450000000000001 23.350000000000005 6.8013890000000012
decision_type=1 1 2 2 2 2 2 2
left_child=-1 2 3 -2 -4 6 -3 -7
right_child=1 5 4 -5 -6 7 -8 -9
leaf_value=-0.072391869892469943 0.015134484229062786 0.0045788252890614474 -0.14373175606777602 0.045528120019579198 0.0641494586439567 0.013078681400516812 -0.094672898003926587 -0.012583989899565124
leaf_weight=514.56865729391575 462.515211597085 41.856699854135513 16.304868787527084 948.70707599818707 8.2627196162939089 242.41936859488487 39.189272075891495 829.85660928487778
leaf_count=2351 2129 170 74 4800 39 988 159 3376
internal_value=-0.000182629 0.0144147 0.033426 0.0355847 -0.0740414 -0.00934491 -0.0439827 -0.00677541
internal_weight=3103.68 2589.11 1435.79 1411.22 24.5676 1153.32 81.046 1072.28
internal_count=14086 11735 7042 6929 113 4693 329 4364
cat_boundaries=0 1 2
cat_threshold=16 7
is_linear=0
shrinkage=0.05


Tree=14
num_leaves=9
num_cat=2
split_feature=0 0 4 8 39 35 25 21
split_gain=1227.33 411.142 119.846 113.33 43.9929 59.8057 59.0205 23.3519
threshold=0 1 0.10837544681456417 33.150000000000013 20.650000000000002 86.669643000000022 6.8013890000000012 25.150000000000002
decision_type=1 1 2 2 2 2 2 2
left_child=-1 2 7 -4 6 -6 -3 -2
right_child=1 4 3 -5 5 -7 -8 -9
leaf_value=-0.070703874031462596 0.050703928724114368 0.00065373898980736211 -0.00069697862266431161 0.036999882202575836 -0.0070176026785596203 0.031351633022860294 -0.031389629826359969 -0.0083378548604849077
leaf_weight=496.36151665449142 599.97811669111252 252.92935617268085 367.92945167422295 434.12165036797523 429.52048316597939 131.91686397790909 331.64472284913063 16.95788137614727
leaf_count=2329 3292 1031 1684 2008 1748 541 1340 79
internal_value=0.000379596 0.0143769 0.0322832 0.0197277 -0.00789072 0.00203745 -0.0175479 0.0490702
internal_weight=3061.36 2565 1418.99 802.051 1146.01 561.437 584.574 616.936
internal_count=14052 11723 7063 3692 4660 2289 2371 3371
cat_boundaries=0 1 2
cat_threshold=16 7
is_linear=0
shrinkage=0.05


Tree=15
num_leaves=9
num_cat=2
split_feature=0 0 43 36 21 33 2 33
split_gain=1132.01 423.556 115.152 103.036 89.1237 39.9246 56.1356 12.5072
threshold=0 1 43.800000000000004 96.500000000000014 25.350000000000005 36.95000000000001 5.5000000000000009 38.800000000000004
decision_type=1 1 2 2 2 2 2 2
left_child=-1 2 3 -2 -4 6 -3 -7
right_child=1 5 4 -5 -6 7 -8 -9
leaf_value=-0.069190948867072027 0.014174512812897652 -0.024761064369659108 -0.13135510954736243 0.043442923726295879 0.062310118959917372 0.033782702498612156 -0.0018413322752665669 -0.027320420988430467
leaf_weight=490.16150572896004 450.69185043871403 470.59653457999229 17.748216420412067 910.53279033303261 7.978188842535018 64.401124641299248 616.65283845365047 8.842853441834448
leaf_count=2366 2108 1890 77 4787 39 272 2518 37
internal_value=-0.000477502 0.0129864 0.0315454 0.0337699 -0.071212 -0.00928219 -0.0117754 0.026137
internal_weight=3037.61 2547.44 1386.95 1361.22 25.7264 1160.49 1087.25 73.244
internal_count=14094 11728 7011 6895 116 4717 4408 309
cat_boundaries=0 1 2
cat_threshold=16 7
is_linear=0
shrinkage=0.05


Tree=16
num_leaves=9
num_cat=2
split_feature=0 0 4 34 26 5 40 38
split_gain=1050.93 376.48 109.234 115.385 39.5018 69.1222 44.9858 24.1387
threshold=0 1 0.091259403071267911 20.350000000000005 15.050000000000002 0.11478523713130602 72.500000000000014 13.519047500000001
decision_type=1 1 2 2 2 2 2 2
left_child=-1 2 7 -4 5 -3 -6 -2
right_child=1 4 3 -5 6 -7 -8 -9
leaf_value=-0.067787675725601584 0.048645050656126898 -0.058083749967554422 -0.070531624315589903 0.022401555475805954 -0.010887881924370188 -0.0015214287214302786 0.013282116971691155 -0.011190325757311189
leaf_weight=472.34154997766018 564.98804107308388 99.396756023168564 33.97134330868721 762.1347234994173 673.88312789797783 117.03288328647614 268.39996047317982 17.02440644800663
leaf_count=2348 3259 402 145 3587 2736 477 1096 81
internal_value=-0.000194609 0.0126299 0.0302059 0.0183524 -0.00836175 -0.0276457 -0.00399652 0.0468786
internal_weight=3009.17 2536.83 1378.12 796.106 1158.71 216.43 942.283 582.012
internal_count=14131 11783 7072 3732 4711 879 3832 3340
cat_boundaries=0 1 2
cat_threshold=16 7
is_linear=0
shrinkage=0.05


Tree=17
num_leaves=9
num_cat=2
split_feature=0 0 4 33 34 40 5 44
split_gain=966.949 332.434 114.635 117.437 41.4264 42.7541 34.7684 27.2
threshold=0 1 0.091259403071267911 36.850000000000001 20.250000000000004 0.75000000000000011 0.99138911339924218 48.800000000000004
decision_type=1 1 2 2 2 2 2 2
left_child=-1 2 7 -4 6 -6 -3 -2
right_child=1 4 3 -5 5 -7 -8 -9
leaf_value=-0.066481557537566349 0.049213513395456383 -0.083231217910095093 0.0092416327277788958 0.067264482354595215 0.024896613437845702 -0.0090702301363736835 0.032693611369567763 0.0057170087522707526
leaf_weight=454.02575841546059 523.50412665307522 29.364366427063942 686.46797867119312 98.983474805951118 100.95199251174927 1017.2100489586592 7.6317915618419638 38.888118922710419
leaf_count=2328 3112 122 3229 486 410 4132 31 202
internal_value=-0.00024964 0.0120036 0.0287887 0.01663 -0.00766808 -0.00598407 -0.0590865 0.0462213
internal_weight=2957.03 2503 1347.84 785.451 1155.16 1118.16 36.9962 562.392
internal_count=14052 11724 7029 3715 4695 4542 153 3314
cat_boundaries=0 1 2
cat_threshold=16 7
is_linear=0
shrinkage=0.05


Tree=18
num_leaves=9
num_cat=2
split_feature=0 0 4 33 33 2 37 5
split_gain=919.652 302.53 103.021 107.922 41.6151 50.2848 27.3963 8.67742
threshold=0 1 0.056951373111866661 36.850000000000001 36.95000000000001 5.5000000000000009 67.500000000000014 -0.013976481981245098
decision_type=1 1 2 2 2 2 2 2
left_child=-1 2 6 -4 5 -3 -2 -6
right_child=1 4 3 -5 7 -7 -8 -9
leaf_value=-0.06531401302357466 0.049774071714552753 -0.021710864257122139 0.0099895331444435909 0.065957180247529001 0.016043190252128938 9.8950860069968579e-05 0.015527343992599564 0.052158027982610523
leaf_weight=443.2113548964262 466.14559614658356 459.47922655940056 690.80066031217575 97.503930598497391 46.082067504525185 620.27248592674732 68.046742781996727 26.350242331624031
leaf_count=2346 2830 1846 3275 493 193 2529 408 114
internal_value=0.000106632 0.0120601 0.0282953 0.0169869 -0.00666622 -0.00919353 0.0454488 0.0297128
internal_weight=2917.89 2474.68 1322.5 788.305 1152.18 1079.75 534.192 72.4323
internal_count=14034 11688 7006 3768 4682 4375 3238 307
cat_boundaries=0 1 2
cat_threshold=16 7
is_linear=0
shrinkage=0.05


Tree=19
num_leaves=12
num_cat=0
split_feature=43 6 44 5 6 21 6 39 38 11 32
split_gain=97.1224 79.7936 72.9089 65.836 58.1718 57.8291 57.1061 56.5306 21.2313 0.272586 0.072561
threshold=43.800000000000004 2.5000000000000004 48.050000000000004 -0.97111920233974802 1.5000000000000002 25.350000000000005 27.000000000000004 27.250000000000004 8.3011905000000024 95.500000000000014 29.050297500000003
decision_type=2 2 2 2 2 2 2 2 2 2 2
left_child=1 3 6 8 -5 -2 -3 -4 -1 10 -7
right_child=5 2 7 4 -6 9 -8 -9 -10 -11 -12
leaf_value=0.006627983203150601 -0.10487842612583109 0.011783453944314223 -0.051231195851353578 -0.0041038467160956806 -0.047986892685142321 0.019202282726922912 -0.010918923816764015 0.013730098442896958 -0.094059297231547712 0.0016915478529773995 0.0073868260139250512
leaf_weight=6.1001489311456671 33.852716997265816 1691.6794349402189 94.322297155857086 535.02126851677895 86.978928446769714 4.6376654803752881 330.38038244843483 51.083714216947556 31.231002122163773 7.0202185064554206 4.2987838685512543
leaf_count=30 147 8305 458 2535 405 22 1653 250 150 33 20
internal_value=-0.000257698 0.000973472 0.00560716 -0.0142446 -0.0103075 -0.0687734 0.00807059 -0.0284712 -0.0778627 0.00949266 0.014834
internal_weight=2876.61 2826.8 2167.47 659.331 622 49.8094 2022.06 145.406 37.3312 15.9567 8.93645
internal_count=14008 13786 10666 3120 2940 222 9958 708 180 75 42
is_linear=0
shrinkage=0.05


Tree=20
num_leaves=9
num_cat=2
split_feature=0 0 36 34 33 34 44 5
split_gain=842.887 282.246 105.282 228.605 131.103 39.9864 38.7498 33.7496
threshold=0 1 96.500000000000014 24.450000000000003 36.850000000000001 20.250000000000004 52.000000000000007 0.99138911339924218
decision_type=1 1 2 2 2 2 2 2
left_child=-1 2 4 -4 -2 7 -7 -3
right_child=1 5 3 -5 -6 6 -8 -9
leaf_value=-0.064201790753295809 -0.0054683296750001747 -0.08042153385341981 0.05003185131947642 -0.01436606038137074 0.063691893499445026 -0.0040477603002523543 -0.081346186432775081 0.032443638588156368
leaf_weight=424.06537748873234 365.36448107659817 30.003139093518257 696.99247013032436 171.23417146503925 83.305955231189728 1089.8372725397348 15.462465599179266 7.8268985301256171
leaf_count=2321 1729 127 4049 866 435 4429 62 32
internal_value=-2.7657e-05 0.0112715 0.0269703 0.0373292 0.00748594 -0.00689831 -0.00520167 -0.056836
internal_weight=2884.09 2460.03 1316.9 868.227 448.67 1143.13 1105.3 37.83
internal_count=14050 11729 7079 4915 2164 4650 4491 159
cat_boundaries=0 1 2
cat_threshold=16 7
is_linear=0
shrinkage=0.05


Tree=21
num_leaves=9
num_cat=2
split_feature=0 0 4 8 34 43 5 37
split_gain=778.906 265.318 92.168 120.358 38.6432 37.8574 27.9813 26.2127
threshold=0 1 0.10837544681456417 33.250000000000007 20.250000000000004 38.900000000000006 0.99138911339924218 67.500000000000014
decision_type=1 1 2 2 2 2 2 2
left_child=-1 2 7 -4 6 -6 -3 -2
right_child=1 4 3 -5 5 -7 -8 -9
leaf_value=-0.063192291202407977 0.046137208327362705 -0.077769110955576787 -0.0053493231860069074 0.034179061720435853 -0.0040273434386763922 -0.06579907108754332 0.025542808838243239 0.012685554818089338
leaf_weight=410.49591740965843 465.2569769769907 29.872626915574074 376.75831499695778 392.41810402274132 1093.7825082093477 24.386477053165436 7.7922996282577506 68.030189782381058
leaf_count=2324 2980 129 1782 1929 4443 99 32 421
internal_value=-0.000375542 0.0103501 0.0257437 0.0148354 -0.00707541 -0.00543213 -0.0562876 0.0419016
internal_weight=2868.79 2458.3 1302.46 769.176 1155.83 1118.17 37.6649 533.287
internal_count=14139 11815 7112 3711 4703 4542 161 3401
cat_boundaries=0 1 2
cat_threshold=16 7
is_linear=0
shrinkage=0.05


Tree=22
num_leaves=9
num_cat=2
split_feature=0 0 43 36 21 44 39 19
split_gain=741.357 229.877 91.4713 92.8986 71.2596 34.0009 42.0684 0.748107
threshold=0 1 43.800000000000004 96.500000000000014 25.350000000000005 52.000000000000007 20.650000000000002 27.527778000000005
decision_type=1 1 2 2 2 2 2 2
left_child=-1 2 3 -2 -4 6 -3 -7
right_child=1 5 4 -5 -6 7 -8 -9
leaf_value=-0.062263494564583889 0.008469789588521735 -0.013973359384219576 -0.11652831630414724 0.037181731533019895 0.059798155709086045 -0.084071860975335547 0.005264301081087633 -0.043927016020220769
leaf_weight=400.01186317205429 434.06925076246262 591.97674345970154 18.584544301033024 805.53431904315948 7.3729619532823554 11.390970587730409 544.92537119984627 5.7339261174201956
leaf_count=2345 2131 2402 77 4758 38 46 2226 23
internal_value=-0.000159083 0.0103441 0.0249826 0.0271427 -0.0660842 -0.00579342 -0.00475609 -0.0737954
internal_weight=2819.6 2419.59 1265.56 1239.6 25.9575 1154.03 1136.9 17.1249
internal_count=14046 11701 7004 6889 115 4697 4628 69
cat_boundaries=0 1 2
cat_threshold=16 7
is_linear=0
shrinkage=0.05


Tree=23
num_leaves=9
num_cat=2
split_feature=0 0 4 34 33 34 44 5
split_gain=687.965 215.787 91.3566 108.319 33.3043 47.5745 27.4169 12.6404
threshold=0 1 0.056951373111866661 25.150000000000002 37.100000000000009 24.450000000000003 48.800000000000004 -0.013976481981245098
decision_type=1 1 2 2 2 2 2 2
left_child=-1 2 6 -4 5 -3 -2 -6
right_child=1 4 3 -5 7 -7 -8 -9
leaf_value=-0.061379350434680374 0.044541880186157741 -0.0029963822713460716 0.0055026128885727532 0.058276500911153155 0.01323732993044183 -0.029640266560782759 -0.00021647587331264707 0.060469292199516134
leaf_weight=385.4496813416481 448.46329525113106 879.18667390942574 651.33247609436512 113.35114625096321 45.931305885314941 206.06835849583149 37.023166641592979 20.021246358752251
leaf_count=2342 3055 3572 3159 607 193 831 201 89
internal_value=-0.000341179 0.00969279 0.0239977 0.0133913 -0.00592196 -0.00807816 0.0411352 0.0282646
internal_weight=2786.83 2401.38 1250.17 764.684 1151.21 1085.26 485.486 65.9526
internal_count=14049 11707 7022 3766 4685 4403 3256 282
cat_boundaries=0 1 2
cat_threshold=16 7
is_linear=0
shrinkage=0.05


Tree=24
num_leaves=9
num_cat=2
split_feature=0 0 4 8 39 34 2 32
split_gain=658.54 197.868 101.882 106.275 32.5324 73.0575 40.1618 23.1764
threshold=0 1 0.091259403071267911 33.250000000000007 15.450000000000001 23.350000000000005 5.5000000000000009 27.709226500000003
decision_type=1 1 2 2 2 2 2 2
left_child=-1 2 7 -4 5 -3 -6 -2
right_child=1 4 3 -5 6 -7 -8 -9
leaf_value=-0.060569696571998566 0.04463936978368413 0.011092877953353156 -0.0065087899772025316 0.030902485474420389 -0.012906064393893902 -0.082997917457565018 0.0064972689970235423 0.0011993184165606193
leaf_weight=373.18197986483574 453.34689277410507 41.414243683218956 375.68881410360336 382.12748199701309 508.23897069692612 39.702889144420624 558.99488414824009 32.990313321352005
leaf_count=2351 3141 169 1804 1935 2068 160 2278 202
internal_value=0.000216486 0.00993081 0.0236707 0.0123716 -0.00503867 -0.0354099 -0.00274643 0.0417012
internal_weight=2765.69 2392.5 1244.15 757.816 1148.35 81.1171 1067.23 486.337
internal_count=14108 11757 7082 3739 4675 329 4346 3343
cat_boundaries=0 1 2
cat_threshold=16 7
is_linear=0
shrinkage=0.05


Tree=25
num_leaves=9
num_cat=2
split_feature=0 0 4 33 34 40 5 4
split_gain=609.169 192.543 79.7516 97.1403 31.3614 37.6572 34.3296 24.7913
threshold=0 1 0.10837544681456417 36.850000000000001 20.250000000000004 0.35000000000000003 0.99138911339924218 -0.79384350655589164
decision_type=1 1 2 2 2 2 2 2
left_child=-1 2 7 -4 6 -6 -3 -2
right_child=1 4 3 -5 5 -7 -8 -9
leaf_value=-0.059792710266728756 0.023696416090135796 -0.075217249082882243 0.0061443293890139925 0.06178589800549638 0.033318279922636078 -0.0063500715540312285 0.037687707332114115 0.047679289733787239
leaf_weight=359.44155183434486 172.23372501134872 28.888021349906921 654.28562933206558 88.175509601831436 62.466246873140335 1045.6660165041685 8.0156253725290281 303.39213721454144
leaf_count=2351 1235 128 3178 503 252 4251 33 2117
internal_value=-0.000159915 0.00914618 0.0229067 0.0128266 -0.00557088 -0.00408591 -0.0503465 0.0390625
internal_weight=2722.56 2363.12 1218.09 742.461 1145.04 1108.13 36.9036 475.626
internal_count=14048 11697 7033 3681 4664 4503 161 3352
cat_boundaries=0 1 2
cat_threshold=16 7
is_linear=0
shrinkage=0.05


Tree=26
num_leaves=9
num_cat=2
split_feature=0 0 6 6 33 33 34 5
split_gain=571.834 162.585 84.0191 77.2771 58.4216 31.0905 44.728 10.9936
threshold=0 1 2.5000000000000004 27.000000000000004 36.850000000000001 37.100000000000009 24.450000000000003 -0.013976481981245098
decision_type=1 1 2 2 2 2 2 2
left_child=-1 2 4 -4 -2 6 -3 -7
right_child=1 5 3 -5 -6 7 -8 -9
leaf_value=-0.059060394839408385 -0.0081945067039940461 -0.0016398902943907676 0.036318344388215108 -0.0021673745166871992 0.062330619761206046 0.014608362322790681 -0.027571550220268522 0.059084355802750489
leaf_weight=343.79627464711666 275.03421396017075 875.14684192836285 744.28809860348701 157.97246046364307 31.860551789402962 45.274655804038048 204.33852444589138 19.709663033485413
leaf_count=2335 1443 3558 4474 968 185 190 824 89
internal_value=0.000132022 0.00901228 0.0217262 0.0295851 -0.000694217 -0.00449919 -0.00656953 0.0287889
internal_weight=2697.42 2353.63 1209.16 902.261 306.895 1144.47 1079.49 64.9843
internal_count=14066 11731 7070 5442 1628 4661 4382 279
cat_boundaries=0 1 2
cat_threshold=16 7
is_linear=0
shrinkage=0.05


Tree=27
num_leaves=9
num_cat=2
split_feature=0 0 36 34 33 44 34 19
split_gain=534.739 157.111 86.2257 179.058 135.856 32.0674 31.4521 0.00921533
threshold=0 1 95.500000000000014 24.450000000000003 36.850000000000001 52.000000000000007 20.250000000000004 27.527778000000005
decision_type=1 1 2 2 2 2 2 2
left_child=-1 2 4 -4 -2 6 -3 -7
right_child=1 5 3 -5 -6 7 -8 -9
leaf_value=-0.058382103775681593 -0.017546595656673228 -0.050267494445712796 0.042236534124468567 -0.012123022249415964 0.060207455576934701 -0.07999462314251643 -0.002136400839360389 -0.045750563012469145
leaf_weight=331.12613713741302 254.50338172912598 34.029137626290321 659.42936357855797 196.08544321358204 71.012763649225235 11.006824254989626 1098.6403808295727 5.4433920085430136
leaf_count=2337 1225 151 4298 1043 432 45 4463 22
internal_value=6.7812e-06 0.00853943 0.0212725 0.0297776 -0.000451767 -0.00462484 -0.00362548 -0.0719344
internal_weight=2661.28 2330.15 1181.03 855.515 325.516 1149.12 1132.67 16.4502
internal_count=14016 11679 6998 5341 1657 4681 4614 67
cat_boundaries=0 1 2
cat_threshold=16 7
is_linear=0
shrinkage=0.05


Tree=28
num_leaves=9
num_cat=2
split_feature=0 0 2 8 44 25 36 5
split_gain=498.522 134.933 72.3932 61.6517 59.4085 47.1642 13.0921 7.77635
threshold=0 1 6.5000000000000009 33.150000000000013 52.000000000000007 6.8013890000000012 94.500000000000014 -0.89404254237865755
decision_type=1 1 2 2 2 2 2 2
left_child=-1 2 3 -2 5 -3 -4 -6
right_child=1 4 6 -5 7 -7 -8 -9
leaf_value=-0.057754112292734062 -0.004194418214098751 0.015468727235232136 -0.04168511728320367 0.030496251581442754 -0.027197422613561562 -0.0047902174568705035 0.047056486232963622 -0.097845816327835927
leaf_weight=320.05973763018847 246.83278422057629 384.63325273990631 3.4952353239059439 264.71434120833874 6.3183020651340511 1125.5427965819836 267.2044143229723 16.071338072419167
leaf_count=2348 1239 1801 14 1399 28 5082 2033 74
internal_value=-0.000350335 0.00782377 0.0245789 0.0137817 -0.000842547 0.000376442 0.0457615 -0.0799242
internal_weight=2634.87 2314.81 782.247 511.547 1532.57 1510.18 270.7 22.3896
internal_count=14018 11670 4685 2638 6985 6883 2047 102
cat_boundaries=0 1 2
cat_threshold=16 6
is_linear=0
shrinkage=0.05


Tree=29
num_leaves=9
num_cat=2
split_feature=0 0 36 34 32 37 33 9
split_gain=473.118 130.692 82.8441 219.554 118.185 28.7417 37.097 4.00778
threshold=0 1 96.500000000000014 24.450000000000003 26.779762000000002 25.500000000000004 37.100000000000009 26.550000000000004
decision_type=1 1 2 2 2 2 2 2
left_child=-1 2 4 -4 -2 7 -7 -3
right_child=1 5 3 -5 -6 6 -8 -9
leaf_value=-0.057157898523222408 -0.07525649242469952 -0.078611660883384865 0.044153996055014209 -0.021664484209252086 0.010944640672061808 -0.0053782692243016473 0.035825615889042699 -0.025884675121656039
leaf_weight=309.80468701571226 43.468125477433205 12.973291218280794 574.82831042259932 161.78073006868362 374.80590079724789 1071.0698979645967 56.566285088658333 6.6829344034194937
leaf_count=2365 198 57 3987 859 1954 4347 246 28
internal_value=-0.000257286 0.00763636 0.0194403 0.0296886 0.00182827 -0.00431745 -0.00328142 -0.062806
internal_weight=2611.98 2302.18 1154.88 736.609 418.274 1147.29 1127.64 19.6562
internal_count=14041 11676 6998 4846 2152 4678 4593 85
cat_boundaries=0 1 2
cat_threshold=16 7
is_linear=0
shrinkage=0.05


Tree=30
num_leaves=9
num_cat=2
split_feature=0 0 43 36 21 26 5 25
split_gain=446.74 114.917 78.2773 77.3822 61.2502 31.9336 61.271 54.7291
threshold=0 1 43.800000000000004 95.500000000000014 25.350000000000005 15.450000000000001 0.11478523713130602 6.8013890000000012
decision_type=1 1 2 2 2 2 2 2
left_child=-1 2 3 -2 -4 6 -3 -7
right_child=1 5 4 -5 -6 7 -8 -9
leaf_value=-0.056599439008982191 -0.00022101883621281169 -0.047150791183307825 -0.10998705061701436 0.029094701691134352 0.057066923182139517 0.029801727027592123 0.0034593156491883551 -0.0046732734832316833
leaf_weight=298.43049891293049 313.81665369868279 110.53267231583595 19.11292323470116 795.13944986462593 6.828859254717826 134.38192892074585 128.6648408472538 768.18436825275421
leaf_count=2369 1629 449 78 5243 38 547 526 3136
internal_value=-0.000215606 0.00741288 0.0186129 0.0208061 -0.0655262 -0.00379115 -0.0200264 0.000486966
internal_weight=2575.09 2276.66 1134.9 1108.96 25.9418 1141.76 239.198 902.566
internal_count=14015 11646 6988 6872 116 4658 975 3683
cat_boundaries=0 1 2
cat_threshold=16 7
is_linear=0
shrinkage=0.05


Tree=31
num_leaves=9
num_cat=2
split_feature=0 0 4 8 44 6 4 40
split_gain=411.457 110.325 73.5939 64.2837 56.4497 50.9717 13.7535 6.63506
threshold=0 1 1.0000000180025095e-35 33.150000000000013 52.000000000000007 2.5000000000000004 -0.77245553105869302 47.20000000000001
decision_type=1 1 2 2 2 2 2 2
left_child=-1 2 6 -4 5 -3 -2 -6
right_child=1 4 3 -5 7 -7 -8 -9
leaf_value=-0.056024528180354798 0.030319694767284539 -0.016316309719712246 -0.0068641894338323482 0.029167535424069004 -0.028830494021792802 0.0053551928034438444 0.054552706481152936 -0.098004632143049289
leaf_weight=282.59055645018816 105.03255624324083 353.53044494241476 242.50824981927872 251.19335778802633 5.8116410672664669 1155.106596775353 147.91240756213665 14.943486303091047
leaf_count=2336 871 1570 1239 1361 26 5357 1205 70
internal_value=-0.000303882 0.00685185 0.022468 0.0114905 -0.000877941 0.0002693 0.0446492 -0.0808508
internal_weight=2558.63 2276.04 746.647 493.702 1529.39 1508.64 252.945 20.7551
internal_count=14035 11699 4676 2600 7023 6927 2076 96
cat_boundaries=0 1 2
cat_threshold=16 6
is_linear=0
shrinkage=0.05


Tree=32
num_leaves=9
num_cat=2
split_feature=0 0 6 6 33 34 40 5
split_gain=389.574 101.081 84.9001 67.3394 53.0567 30.0136 32.3658 23.9953
threshold=0 1 2.5000000000000004 27.000000000000004 36.850000000000001 20.250000000000004 0.35000000000000003 0.99138911339924218
decision_type=1 1 2 2 2 2 2 2
left_child=-1 2 4 -4 -2 7 -7 -3
right_child=1 5 3 -5 -6 6 -8 -9
leaf_value=-0.055525430588060948 -0.01303505304932915 -0.071571084567759097 0.032106492051803 -0.0051636485047160769 0.056951250196094941 0.032115821633088813 -0.0046067381402481507 0.025269269838722838
leaf_weight=273.64565321803093 262.74603401869535 26.391513660550117 679.64120849221945 147.14235050231218 29.187693700194359 62.642173603177071 1049.2639524936676 7.7820032536983481
leaf_count=2356 1421 123 4456 966 185 253 4272 32
internal_value=-0.000381437 0.00651923 0.0171453 0.0254753 -0.00586725 -0.00391753 -0.00251088 -0.0494271
internal_weight=2538.44 2264.8 1118.72 826.784 291.934 1146.08 1111.91 34.1735
internal_count=14064 11708 7028 5422 1606 4680 4525 155
cat_boundaries=0 1 2
cat_threshold=16 7
is_linear=0
shrinkage=0.05


Tree=33
num_leaves=9
num_cat=2
split_feature=0 0 4 44 44 43 32 5
split_gain=361.294 94.7076 68.7218 62.8389 44.799 43.9568 20.386 5.36199
threshold=0 1 0.056951373111866661 45.20000000000001 52.000000000000007 43.800000000000004 27.930655000000005 -0.89404254237865755
decision_type=1 1 2 2 2 2 2 2
left_child=-1 2 6 -4 5 -3 -2 -6
right_child=1 4 3 -5 7 -7 -8 -9
leaf_value=-0.055003490932952939 0.045135622667404368 0.0012150424416953875 0.015905049055698933 -0.044279976216632294 -0.027110919369105271 -0.063098442663461277 -0.019994246762543678 -0.087958864921979144
leaf_weight=259.36170653998852 243.22516723722219 1481.781413666904 426.4797141700983 47.300067469477654 6.2401722967624691 26.052905187010765 12.095023706555365 14.705891191959379
leaf_count=2327 2105 6830 2252 255 28 111 77 69
internal_value=-0.000370164 0.00614342 0.0208374 0.00981583 -0.000963198 6.2728e-05 0.0419843 -0.0718926
internal_weight=2517.24 2257.88 729.1 473.78 1528.78 1507.83 255.32 20.9461
internal_count=14054 11727 4689 2507 7038 6941 2182 97
cat_boundaries=0 1 2
cat_threshold=16 6
is_linear=0
shrinkage=0.05


Tree=34
num_leaves=9
num_cat=2
split_feature=0 0 4 8 41 25 39 32
split_gain=342.901 86.097 67.9421 64.0212 40.7832 56.3109 52.7478 18.3579
threshold=0 1 0.056951373111866661 33.150000000000013 130.55000000000004 6.8013890000000012 21.250000000000004 27.930655000000005
decision_type=1 1 2 2 2 2 2 2
left_child=-1 2 7 -4 5 -3 -6 -2
right_child=1 4 3 -5 6 -7 -8 -9
leaf_value=-0.054543909610215519 0.044833881674846712 0.017289978937486912 -0.0093507828273143856 0.027074876010655998 -0.11743871947696818 -0.0051904210754957344 0.011336880136586659 -0.019512055561121941
leaf_weight=249.87717751413584 232.04602617770433 369.69885550439358 233.5050463527441 247.69133052229881 15.85997347533703 1119.7865152135491 14.745803564786909 11.102974355220793
leaf_count=2336 2075 1766 1182 1376 72 5114 73 70
internal_value=-0.000274939 0.00600469 0.0200623 0.00941625 -0.000789949 0.0003972 -0.0569992 0.0418278
internal_weight=2494.31 2244.44 724.345 481.196 1520.09 1489.49 30.6058 243.149
internal_count=14064 11728 4703 2558 7025 6880 145 2145
cat_boundaries=0 1 2
cat_threshold=16 6
is_linear=0
shrinkage=0.05


Tree=35
num_leaves=9
num_cat=2
split_feature=0 0 36 34 32 39 5 27
split_gain=319.554 81.1916 74.7644 200.136 108.886 32.5377 88.2526 70.3919
threshold=0 1 96.500000000000014 24.450000000000003 29.595238000000005 19.050000000000004 0.11478523713130602 16.050000000000004
decision_type=1 1 2 2 2 2 2 2
left_child=-1 2 4 -4 -2 6 -3 -7
right_child=1 5 3 -5 -6 7 -8 -9
leaf_value=-0.054080342503888268 -0.01227877870304432 -0.039556050295773651 0.040527552434764337 -0.023589416254347413 0.060049487691606243 -0.012028238307566103 0.0068226149170113499 0.018917223301600779
leaf_weight=238.437763415277 347.46280887722969 192.68751467764378 520.99905334413052 157.98373100161552 60.169936954975128 389.12889569997787 217.51589173078537 346.43944197893143
leaf_count=2324 1765 782 4007 857 397 1601 886 1415
internal_value=-0.000396784 0.0055759 0.0153055 0.0255963 -0.00148171 -0.00370915 -0.0150064 0.00255241
internal_weight=2470.83 2232.39 1086.62 678.983 407.633 1145.77 410.203 735.568
internal_count=14034 11710 7026 4864 2162 4684 1668 3016
cat_boundaries=0 1 2
cat_threshold=16 7
is_linear=0
shrinkage=0.05


Tree=36
num_leaves=9
num_cat=2
split_feature=0 0 36 34 33 39 2 35
split_gain=304.876 82.781 72.1028 179.257 101.179 30.8932 51.8572 49.464
threshold=0 1 96.500000000000014 24.450000000000003 36.850000000000001 20.650000000000002 1.5000000000000002 87.955357000000006
decision_type=1 1 2 2 2 2 2 2
left_child=-1 2 4 -4 -2 7 -7 -3
right_child=1 5 3 -5 -6 6 -8 -9
leaf_value=-0.053668998318388554 -0.012045645905615044 -0.0084489077356604946 0.03997740446244763 -0.020410975903683404 0.056732550200303149 -0.067450308481795479 0.007636289935698851 -0.072285295172897182
leaf_weight=230.48290878534317 339.28357625007629 550.50788417458534 511.70114340633154 160.93669548630714 62.442217499017715 23.022135272622108 538.45716543495655 31.151717036962509
leaf_count=2342 1703 2245 4030 868 431 99 2204 128
internal_value=-0.000307577 0.00547762 0.0153787 0.0255199 -0.00124079 -0.00388565 0.0044431 -0.011986
internal_weight=2447.99 2217.5 1074.36 672.638 401.726 1143.14 561.479 581.66
internal_count=14050 11708 7032 4898 2134 4676 2303 2373
cat_boundaries=0 1 2
cat_threshold=16 7
is_linear=0
shrinkage=0.05


Tree=37
num_leaves=9
num_cat=2
split_feature=0 37 0 34 4 33 37 4
split_gain=286.326 76.1159 81.9997 91.9783 53.5031 51.434 5.7449 0.195008
threshold=0 25.500000000000004 1 24.450000000000003 0.95752911693909504 37.100000000000009 24.500000000000004 0.97112537654464559
decision_type=1 2 1 2 2 2 2 2
left_child=-1 4 5 -4 6 -3 -2 -6
right_child=1 2 3 -5 7 -7 -8 -9
leaf_value=-0.05326075890708213 -0.066402375207471123 -0.013770282180758748 0.019187346927224333 -0.0084679650679740787 0.0082339461595432751 0.052985298254513313 -0.12096549084877357 0.023144434551592243
leaf_weight=221.83749454468489 14.674162954092026 529.7794738560915 1191.4588994458318 401.3636782169342 4.7536487728357306 29.539267629384995 14.83921679854393 9.5773097425699216
leaf_count=2352 71 2158 7092 2067 27 129 65 55
internal_value=-0.000530692 0.00503739 0.00640091 0.0121416 -0.0594193 -0.00997837 -0.0969018 0.0190582
internal_weight=2417.82 2195.99 2152.14 1592.82 43.8443 559.319 29.5134 14.331
internal_count=14016 11664 11446 9159 218 2287 136 82
cat_boundaries=0 1 2
cat_threshold=16 32
is_linear=0
shrinkage=0.05


Tree=38
num_leaves=9
num_cat=2
split_feature=0 6 6 40 42 34 0 34
split_gain=272.752 77.5651 84.0525 105.453 80.9486 98.686 76.7727 67.3348
threshold=0 2.5000000000000004 27.000000000000004 41.050000000000004 2.5000000000000004 20.950000000000003 1 25.350000000000005
decision_type=1 2 2 2 2 2 1 2
left_child=-1 4 6 -4 5 -2 -3 -6
right_child=1 2 3 -5 7 -7 -8 -9
leaf_value=-0.052884534090828439 -0.052855382029464763 0.027997538010123092 -0.097418533100344679 -0.0032392146551489492 -0.028958363471807354 0.045518814326713314 0.0041051668953999585 0.044123578179555006
leaf_weight=214.36071632057428 32.799937680363655 635.29339364916086 32.480441093444824 265.52497412264347 370.48292483389378 103.53971289098263 728.6200512945652 33.55598159134388
leaf_count=2370 156 4482 152 1469 1819 496 2986 178
internal_value=-0.000485157 0.00485482 0.0102266 -0.0137956 -0.0115645 0.0216399 0.0154815 -0.0227949
internal_weight=2416.66 2202.3 1661.92 298.005 540.379 136.34 1363.91 404.039
internal_count=14108 11738 9089 1621 2649 652 7468 1997
cat_boundaries=0 1 2
cat_threshold=16 7
is_linear=0
shrinkage=0.05


Tree=39
num_leaves=12
num_cat=0
split_feature=43 37 33 34 2 21 5 2 13 35 40
split_gain=69.3111 60.9128 55.4467 116.778 44.0093 37.5381 13.179 2.23784 0.474979 0.269003 0.0698308
threshold=43.800000000000004 25.500000000000004 36.750000000000007 24.450000000000003 3.5000000000000004 25.350000000000005 0.31595530242620651 2.5000000000000004 13.335417000000001 82.389881000000017 107.35000000000001
decision_type=2 2 2 2 2 2 2 2 2 2 2
left_child=1 4 3 -3 7 -2 -4 -1 -6 -7 -11
right_child=5 2 6 -5 8 9 -8 -9 -10 10 -12
leaf_value=-0.066716478008151225 -0.089728484422586088 0.0057759921547525205 0.034994207485391907 -0.023654506628198027 -0.006587085707036755 0.016107257105085714 -0.020245879135073409 -0.10807610896339233 0.012433234429192103 0.0059632309695229887 -0.0026407729554852417
leaf_weight=14.510556258261204 31.815495811402798 1713.6680420190096 143.24090220779181 418.52479968965054 3.5268481522798565 5.7797009125351888 11.035926528275011 15.226603880524635 13.829198494553564 4.1025425791740417 3.5755607485771179
leaf_count=78 151 10357 874 2207 22 31 66 74 88 23 20
internal_value=-0.000280156 0.000921035 0.00209147 -9.25514e-06 -0.0547679 -0.0608761 0.0309378 -0.0907214 0.0084199 0.00882202 0.0021139
internal_weight=2378.84 2333.56 2286.47 2132.19 47.0932 45.2733 154.277 29.7372 17.356 13.4578 7.6781
internal_count=13991 13766 13504 12564 262 225 940 152 110 74 43
is_linear=0
shrinkage=0.05


Tree=40
num_leaves=8
num_cat=2
split_feature=0 43 0 39 21 33 9
split_gain=255.558 68.189 73.5105 74.6003 41.2343 34.5049 0.563896
threshold=0 43.800000000000004 1 23.550000000000004 25.350000000000005 31.250000000000004 26.450000000000003
decision_type=1 2 1 2 2 2 2
left_child=-1 2 3 -2 -3 -4 -6
right_child=1 4 5 -5 6 -7 -8
leaf_value=-0.052459386837747292 0.02365111679438919 -0.088269451831973003 -0.029209844842877693 -0.007791759791883764 0.026094761801310963 0.00022714052612521097 0.0040202469232778091
leaf_weight=201.57781224697828 772.95350600033998 29.814210370182991 109.37136194109917 248.89016719907522 7.4555406123399717 1015.0279890149832 5.0378435701131821
leaf_count=2323 5395 127 450 1538 37 4160 25
internal_value=-0.000109616 0.00495083 0.00622409 0.0158376 -0.0571501 -0.00263621 0.018151
internal_weight=2390.13 2188.55 2146.24 1021.84 42.3076 1124.4 12.4934
internal_count=14055 11732 11543 6933 189 4610 62
cat_boundaries=0 1 2
cat_threshold=16 7
is_linear=0
shrinkage=0.05


Tree=41
num_leaves=9
num_cat=1
split_feature=0 25 39 43 40 40 4 19
split_gain=238.681 68.9342 108.251 149.203 100.486 78.8775 50.9197 6.28546
threshold=0 6.8013890000000012 19.550000000000004 5.3500000000000005 66.050000000000011 130.55000000000004 0.92273069556937581 26.439583500000001
decision_type=1 2 2 2 2 2 2 2
left_child=-1 5 3 -3 -4 6 -2 -7
right_child=1 2 4 -5 -6 7 -8 -9
leaf_value=-0.052099403353874689 0.026258372882339304 0.026843778174644853 -0.0015112241696033082 -0.03800953461060437 0.031145418977941181 -0.047880669068375389 -0.06478061589149646 -0.12908222707613834
leaf_weight=194.2475033774972 489.07630790024996 118.87300644814968 876.6530430316925 341.46472090482712 321.069993250072 6.0485953092575055 14.9267580807209 6.8866456001996994
leaf_count=2336 2863 609 4402 1818 1864 38 69 42
internal_value=-0.000551139 0.00429412 -0.000659654 -0.0212406 0.00726162 0.0202367 0.0234392 -0.0972726
internal_weight=2369.25 2175 1658.06 460.338 1197.72 516.938 504.003 12.9352
internal_count=14041 11705 8693 2427 6266 3012 2932 80
cat_boundaries=0 1
cat_threshold=16
is_linear=0
shrinkage=0.05


Tree=42
num_leaves=9
num_cat=2
split_feature=0 0 4 26 44 40 4 5
split_gain=230.542 64.823 57.6676 56.8261 39.5107 40.4851 15.5617 7.23934
threshold=0 1 1.0000000180025095e-35 14.950000000000001 52.000000000000007 130.55000000000004 -0.77245553105869302 -0.89404254237865755
decision_type=1 1 2 2 2 2 2 2
left_child=-1 2 6 -4 5 -3 -2 -6
right_child=1 4 3 -5 7 -7 -8 -9
leaf_value=-0.051761335836440117 0.0222717248205796 0.00080676258442249687 -0.038377639474787145 0.014227146169915864 -0.019085900990173738 -0.058091033812974695 0.050457957064379624 -0.087565162614628961
leaf_weight=187.77670139074326 84.590879373252392 1446.8842494115233 57.717690348625183 408.80503761768341 6.0671706646680859 28.776831395924091 124.55792611092329 14.238324254751204
leaf_count=2357 870 6792 309 2291 27 142 1227 68
internal_value=-0.000212371 0.00448433 0.0172114 0.00765077 -0.00134767 -0.000380364 0.0392182 -0.0689601
internal_weight=2359.41 2171.64 675.672 466.523 1495.97 1475.66 209.149 20.3055
internal_count=14083 11726 4697 2600 7029 6934 2097 95
cat_boundaries=0 1 2
cat_threshold=16 6
is_linear=0
shrinkage=0.05


Tree=43
num_leaves=9
num_cat=2
split_feature=0 6 6 27 0 5 6 38
split_gain=218.036 66.836 73.5516 85.6694 69.9112 65.1994 55.8727 28.0262
threshold=0 2.5000000000000004 27.000000000000004 15.15 1 -0.97111920233974802 1.5000000000000002 8.5220240000000018
decision_type=1 2 2 2 1 2 2 2
left_child=-1 5 4 -4 -3 7 -7 -2
right_child=1 2 3 -5 -6 6 -8 -9
leaf_value=-0.051406093733849315 0.0089915403903797052 0.026746765830832103 -0.090739938338310858 -0.0037799624503562497 0.0035908991384746148 0.00054933506498001917 -0.046065054173907494 -0.10328670882317777
leaf_weight=179.70197886228561 6.8894703239202526 607.53100420534611 30.785374745726585 260.9008294865489 715.21212838590145 426.6807786077261 74.681716978549957 24.814166098833084
leaf_count=2354 37 4472 144 1454 2942 2135 350 117
internal_value=-0.00016005 0.00436907 0.0094571 -0.0132366 0.0144677 -0.0109475 -0.0064721 -0.0793588
internal_weight=2327.2 2147.5 1614.43 291.686 1322.74 533.066 501.362 31.7036
internal_count=14005 11651 9012 1598 7414 2639 2485 154
cat_boundaries=0 1 2
cat_threshold=16 7
is_linear=0
shrinkage=0.05


Tree=44
num_leaves=9
num_cat=2
split_feature=0 6 6 40 0 5 6 38
split_gain=199.872 60.1428 70.6384 84.0119 70.6197 60.4115 57.7473 18.5481
threshold=0 2.5000000000000004 27.000000000000004 41.050000000000004 1 -0.97111920233974802 1.5000000000000002 8.3011905000000024
decision_type=1 2 2 2 1 2 2 2
left_child=-1 5 4 -4 -3 7 -7 -2
right_child=1 2 3 -5 -6 6 -8 -9
leaf_value=-0.051012639799429139 0.014198853735445459 -0.0051996882944064064 -0.085591315885882979 -0.0037010042890571158 0.020472753512492382 0.00070539416417044701 -0.046587279801452192 -0.091265926490564822
leaf_weight=169.59321909025311 4.5921888649463645 369.91551102697849 34.605555459856987 261.07705777138472 959.45122902095318 424.90973909944296 75.104046724736691 27.537605985999107
leaf_count=2321 24 1520 157 1456 5960 2130 349 129
internal_value=-0.000478136 0.00373562 0.00852969 -0.0135413 0.0134453 -0.0108229 -0.00647696 -0.0762187
internal_weight=2326.79 2157.19 1625.05 295.683 1329.37 532.144 500.014 32.1298
internal_count=14046 11725 9093 1613 7480 2632 2479 153
cat_boundaries=0 1 2
cat_threshold=16 32
is_linear=0
shrinkage=0.05


Tree=45
num_leaves=9
num_cat=2
split_feature=0 33 36 34 40 0 33 7
split_gain=192.165 63.3714 117.284 117.459 103.117 24.7544 15.9693 2.44146
threshold=0 36.850000000000001 94.500000000000014 24.450000000000003 0.35000000000000003 1 38.100000000000009 29.014583500000004
decision_type=1 2 2 2 2 1 2 2
left_child=-1 2 4 -4 -2 6 -3 -7
right_child=1 5 3 -5 -6 7 -8 -9
leaf_value=-0.050720337724366252 0.020852522840509587 0.016044807860352409 0.014319371825308022 -0.01787959892046849 -0.039265173325167151 0.027728905524675718 -0.053075449759213272 0.054062041552124365
leaf_weight=164.60395742207766 95.202087566256523 27.554834872484207 1273.5489507094026 363.23846749216318 277.25027483701706 13.514480695128439 10.820913627743719 89.177770309150219
leaf_count=2350 435 121 7444 1745 1256 77 46 578
internal_value=-0.000422925 0.0036678 0.00140223 0.00716717 -0.0238839 0.0359576 -0.00342766 0.0464206
internal_weight=2314.91 2150.31 2009.24 1636.79 372.452 141.068 38.3757 102.692
internal_count=14052 11702 10880 9189 1691 822 167 655
cat_boundaries=0 1 2
cat_threshold=16 8
is_linear=0
shrinkage=0.05


Tree=46
num_leaves=9
num_cat=2
split_feature=0 33 36 44 39 0 33 40
split_gain=187.861 63.748 100.243 94.6457 74.7376 13.5991 17.8422 2.91214
threshold=0 36.95000000000001 94.500000000000014 45.20000000000001 18.950000000000003 1 38.100000000000009 0.35000000000000003
decision_type=1 2 2 2 2 1 2 2
left_child=-1 2 3 -2 -4 6 -3 -7
right_child=1 5 4 -5 -6 7 -8 -9
leaf_value=-0.050420335309947079 -0.010612712254027677 0.025826842661326139 -0.0050344949088607189 -0.080304379347688179 0.016451089087266547 0.015381610475204241 -0.051140354824047822 0.053377810033664042
leaf_weight=159.17676447331905 313.91421441733837 24.155399978160858 706.46258098632097 56.765066549181938 945.54485027492046 6.3955511897802344 9.7491094022989255 87.240055583417416
leaf_count=2374 1436 108 4063 248 5239 40 41 578
internal_value=0.000161233 0.0041425 0.00199097 -0.0214725 0.00726553 0.0383055 0.00222631 0.0461011
internal_weight=2309.4 2150.23 2022.69 370.679 1652.01 127.54 33.9045 93.6356
internal_count=14127 11753 10986 1684 9302 767 149 618
cat_boundaries=0 1 2
cat_threshold=16 8
is_linear=0
shrinkage=0.05


Tree=47
num_leaves=12
num_cat=0
split_feature=37 43 44 39 22 21 2 11 33 22 2
split_gain=63.1797 55.1654 43.138 85.4712 43.8818 32.6921 28.8282 0.90153 0.802303 0.108622 0.0786836
threshold=25.500000000000004 43.800000000000004 48.050000000000004 27.250000000000004 55.000000000000007 25.350000000000005 3.5000000000000004 95.500000000000014 39.150000000000013 64.187500000000014 2.5000000000000004
decision_type=2 2 2 2 2 2 2 2 2 2 2
left_child=6 2 4 -4 -2 -3 10 -7 -8 -10 -1
right_child=1 5 3 -5 -6 7 8 -9 9 -11 -12
leaf_value=-0.067433962768142605 -0.10593094154840953 -0.081723431427149107 -0.055585458113169096 0.021811673505597394 0.0046436140997215712 0.022134193538726282 0.019444134170336594 -0.003300157060923594 -0.010147746921593115 -0.00049536066571764738 -0.097889772747017503
leaf_weight=14.280748877674341 8.0135153234004957 30.3359419927001 85.938237074762583 59.762130208313465 2041.9838595986366 7.4386029839515668 2.8639421463012669 5.5428388267755508 6.9598054066300392 4.7676427215337753 15.45092997699976
leaf_count=77 40 152 505 383 12634 43 20 33 49 32 74
internal_value=-8.82983e-06 0.00117372 0.00228745 -0.0239071 0.00415994 -0.0540576 -0.0584541 0.0118149 -0.000545182 -0.00657093 -0.0859315
internal_weight=2283.34 2239.02 2195.7 145.7 2050 43.3174 44.3231 12.9814 14.5914 11.7274 29.7317
internal_count=14042 13790 13562 888 12674 228 252 76 101 81 151
is_linear=0
shrinkage=0.05


Tree=48
num_leaves=9
num_cat=2
split_feature=0 34 34 39 5 44 31 0
split_gain=175.682 60.7728 141.723 126.901 101.137 17.6554 30.7658 20.4206
threshold=0 25.250000000000004 24.550000000000004 19.150000000000002 -0.6523320455745395 34.750000000000007 31.500000000000004 1
decision_type=1 2 2 2 2 2 2 1
left_child=-1 2 4 -4 -2 6 -3 -7
right_child=1 5 3 -5 -6 7 -8 -9
leaf_value=-0.050083625740796694 0.03002386486969745 0.032476321296201399 -0.077300173592123031 -0.0078676932385950381 0.00053836964082320409 0.00026803045035432891 -0.082911663164347921 0.049273627047834605
leaf_weight=151.39858377724886 373.93871503323317 16.363011956214908 95.608328297734261 207.25203489512205 1296.5204425752163 36.473909005522728 7.6632311046123496 101.87994274497032
leaf_count=2355 2207 82 441 1001 7175 153 38 628
internal_value=5.9514e-05 0.00385228 0.00144321 -0.0299687 0.00715283 0.0331762 -0.00616937 0.0400041
internal_weight=2287.1 2135.7 1973.32 302.86 1670.46 162.38 24.0262 138.354
internal_count=14080 11725 10824 1442 9382 901 120 781
cat_boundaries=0 1 2
cat_threshold=16 8
is_linear=0
shrinkage=0.05


Tree=49
num_leaves=8
num_cat=1
split_feature=0 34 44 39 4 5 2
split_gain=164.244 63.3413 57.9127 92.9701 72.5383 37.959 8.15186
threshold=0 20.250000000000004 46.600000000000001 27.250000000000004 0.93237596376505805 0.99138911339924218 11.500000000000002
decision_type=1 2 2 2 2 2 2
left_child=-1 5 4 -4 -3 6 -2
right_child=1 2 3 -5 -6 -7 -8
leaf_value=-0.049778848306822908 -0.072780267579588789 0.01163236748256315 -0.045602919468988277 0.029766590350716788 -0.016085171969290393 0.036478588870748056 -0.030648766390503575
leaf_weight=145.51983406022191 38.915022969245911 1597.084420979023 127.1724558994174 59.278571590781212 276.05669663101435 11.741200424730776 19.279606148600578
leaf_count=2363 185 8912 687 347 1359 79 130
internal_value=-0.000338709 0.00327978 0.00489289 -0.0216096 0.00754105 -0.0431628 -0.0595759
internal_weight=2275.05 2129.53 2059.59 186.451 1873.14 69.9358 58.1946
internal_count=14062 11699 11305 1034 10271 394 315
cat_boundaries=0 1
cat_threshold=16
is_linear=0
shrinkage=0.05


Tree=50
num_leaves=9
num_cat=2
split_feature=0 0 2 8 44 22 32 19
split_gain=150.699 58.4628 52.2166 59.5434 35.6382 32.1876 10.1222 5.01936
threshold=0 1 6.5000000000000009 33.150000000000013 52.000000000000007 89.020833500000023 27.970238000000005 27.527778000000005
decision_type=1 1 2 2 2 2 2 2
left_child=-1 2 3 -2 5 -3 -4 -6
right_child=1 4 6 -5 7 -7 -8 -9
leaf_value=-0.049415831242315286 -0.0120710334169176 -0.00065379032527389128 0.039238630847487681 0.024147089974657761 -0.08343758030337553 -0.04646408955654735 -0.017661967614623224 -0.026585538481385746
leaf_weight=137.49320766329765 226.98964568972588 1418.5477687492967 186.68319315463305 225.05004581063986 13.754231706261637 38.410782068967819 7.6129163652658454 6.9955766052007666
leaf_count=2332 1231 6754 2048 1354 67 191 45 32
internal_value=-0.000716948 0.00267713 0.0150892 0.00597383 -0.00282318 -0.00189256 0.0369301 -0.0663741
internal_weight=2261.54 2124.04 646.336 452.04 1477.71 1456.96 194.296 20.7498
internal_count=14054 11722 4678 2585 7044 6945 2093 99
cat_boundaries=0 1 2
cat_threshold=16 6
is_linear=0
shrinkage=0.05


Tree=51
num_leaves=9
num_cat=1
split_feature=0 25 39 29 34 40 26 4
split_gain=146.036 53.6932 101.794 123.753 81.2346 67.4274 42.7767 7.88698
threshold=0 6.8013890000000012 19.550000000000004 2.5000000000000004 20.550000000000004 130.55000000000004 14.15 -0.89406062840022227
decision_type=1 2 2 2 2 2 2 2
left_child=-1 5 3 -3 -4 6 -2 -7
right_child=1 2 4 -5 -6 7 -8 -9
leaf_value=-0.049085971048722067 0.00041535777896353055 0.018817214852528685 -0.051891979034413498 -0.038185251972121921 0.009613122917404078 -0.026012962476695729 0.031360536395084779 -0.11644784543653411
leaf_weight=131.03152753785253 171.52933535724878 134.90283095091581 55.414046049118042 318.58290135860443 1114.101245097816 4.1381434351205817 319.19135071337223 8.7283520102500898
leaf_count=2321 1046 726 279 1700 6017 27 1906 51
internal_value=9.25454e-06 0.00327128 -0.00114155 -0.0212241 0.00665704 0.0175322 0.0205666 -0.0913355
internal_weight=2257.62 2126.59 1623 453.486 1169.52 503.587 490.721 12.8665
internal_count=14073 11752 8722 2426 6296 3030 2952 78
cat_boundaries=0 1
cat_threshold=16
is_linear=0
shrinkage=0.05


Tree=52
num_leaves=9
num_cat=2
split_feature=0 0 4 34 33 2 38 4
split_gain=139.975 56.3441 51.3479 49.0613 36.9692 52.2349 43.4269 15.2213
threshold=0 1 0.056951373111866661 25.150000000000002 31.250000000000004 7.5000000000000009 6.4553575000000007 -0.814291907305839
decision_type=1 1 2 2 2 2 2 2
left_child=-1 2 7 -4 5 -3 -6 -2
right_child=1 4 3 -5 6 -7 -8 -9
leaf_value=-0.048852944554760865 0.017581976291710533 0.028036855064107448 -0.00043245888628258317 0.048655915574503987 0.022376189571693378 -0.044471599616695175 -0.0035657994444560238 0.0472054504890261
leaf_weight=127.9095851816237 68.648336671292782 31.856704488396645 384.90506576001644 57.654380396008492 186.65250224620104 103.18295733630657 1148.6916029378772 125.39446211606264
leaf_count=2365 766 155 2110 419 934 520 5402 1390
internal_value=-0.000232878 0.00295821 0.0152533 0.0060578 -0.00243867 -0.027286 7.43658e-05 0.0368692
internal_weight=2234.9 2106.99 636.602 442.559 1470.38 135.04 1335.34 194.043
internal_count=14061 11696 4685 2529 7011 675 6336 2156
cat_boundaries=0 1 2
cat_threshold=16 6
is_linear=0
shrinkage=0.05


Tree=53
num_leaves=9
num_cat=2
split_feature=0 34 34 39 5 0 44 25
split_gain=129.542 51.8096 133.991 113.015 98.871 22.2008 26.5496 24.3994
threshold=0 25.250000000000004 24.550000000000004 19.150000000000002 -0.6523320455745395 1 34.750000000000007 8.8416670000000028
decision_type=1 2 2 2 2 1 2 2
left_child=-1 2 4 -4 -2 7 -7 -3
right_child=1 5 3 -5 -6 6 -8 -9
leaf_value=-0.048537452656638162 0.028913345727042072 0.041765144093278139 -0.074567526297288911 -0.0094134726584135138 -0.00076665031359789625 -0.013591428225401075 0.052932966946359544 -0.033579673297180763
leaf_weight=122.21586808562279 358.35082060843706 16.380360782146454 97.011104121804237 208.49587489664555 1280.1093636900187 17.276526018977165 97.242044061422348 27.17474839091301
leaf_count=2362 2169 67 447 1014 7159 93 629 115
internal_value=-0.000722156 0.00229952 6.54727e-05 -0.0302784 0.0057384 0.0297449 0.039451 -0.00403639
internal_weight=2224.26 2102.04 1943.97 305.507 1638.46 158.074 114.519 43.5551
internal_count=14055 11693 10789 1461 9328 904 722 182
cat_boundaries=0 1 2
cat_threshold=16 8
is_linear=0
shrinkage=0.05


Tree=54
num_leaves=9
num_cat=2
split_feature=0 0 37 34 32 36 2 39
split_gain=124.061 55.5136 65.8342 48.1327 42.7434 21.209 16.2085 8.5416
threshold=0 1 25.500000000000004 24.450000000000003 29.595238000000005 90.500000000000014 3.5000000000000004 20.650000000000002
decision_type=1 1 2 2 2 2 2 2
left_child=-1 4 6 -4 5 -2 -3 -6
right_child=1 2 3 -5 7 -7 -8 -9
leaf_value=-0.04819775935765698 -0.053524887059788119 -0.085520080300967624 0.014489605272099982 -0.0059525199853621112 -0.0074572003688663183 -0.011747230488928756 -0.0093082663717881861 0.055460459592013289
leaf_weight=115.97461072355509 31.497604936361313 21.847766071557999 1111.3133108466864 387.91334333270788 6.4250027537345877 494.27903743088245 10.426991052925585 26.727728694677353
leaf_count=2340 130 100 7108 2076 28 2051 73 121
internal_value=-0.000205399 0.00269649 0.00761209 0.00919992 -0.0106595 -0.0143469 -0.0619181 0.0434057
internal_weight=2206.41 2090.43 1531.5 1499.23 558.929 525.777 32.2748 33.1527
internal_count=14027 11687 9357 9184 2330 2181 173 149
cat_boundaries=0 1 2
cat_threshold=16 32
is_linear=0
shrinkage=0.05


Tree=55
num_leaves=9
num_cat=2
split_feature=0 0 4 44 44 39 4 40
split_gain=117.215 54.8371 46.583 46.5618 30.4322 32.0114 14.6164 4.99963
threshold=0 1 0.056951373111866661 46.250000000000007 52.000000000000007 20.650000000000002 -0.77245553105869302 50.000000000000007
decision_type=1 1 2 2 2 2 2 2
left_child=-1 2 6 -4 5 -3 -2 -6
right_child=1 4 3 -5 7 -7 -8 -9
leaf_value=-0.0478512882818313 0.018687072723631959 -0.008942515370938646 0.010783368750380414 -0.052804143196305157 -0.024863868978507755 0.0059311828834972598 0.047519756806485104 -0.080996581001642018
leaf_weight=109.92146801576018 75.255581833422184 740.22492786496878 408.46607942134142 29.977562934160233 7.3095625787973431 705.64605159312487 111.89587178081274 12.547790110111235
leaf_count=2315 869 3569 2362 171 33 3356 1294 62
internal_value=1.9121e-05 0.00277234 0.0150323 0.00632545 -0.00253337 -0.00168444 0.0360868 -0.0625167
internal_weight=2201.24 2091.32 625.595 438.444 1465.73 1445.87 187.151 19.8574
internal_count=14031 11716 4696 2533 7020 6925 2163 95
cat_boundaries=0 1 2
cat_threshold=16 6
is_linear=0
shrinkage=0.05


Tree=56
num_leaves=9
num_cat=2
split_feature=0 34 42 37 32 5 2 1
split_gain=110.001 50.7159 54.9472 95.2069 48.5905 33.5185 7.08561 5.10934
threshold=0 20.250000000000004 2.5000000000000004 32.500000000000007 26.779762000000002 0.99138911339924218 11.500000000000002 1
decision_type=1 2 2 2 2 2 2 1
left_child=-1 5 4 -4 -3 6 -2 -7
right_child=1 2 3 -5 -6 7 -8 -9
leaf_value=-0.047586753349458513 -0.069848993070030799 -0.026049021769745245 -0.034949984253711049 0.0043772805241289259 0.036385177888865777 0.063258064868801145 -0.029607674993068073 0.00014582167273064945
leaf_weight=106.20999194681644 35.895522937178612 36.315880045294762 169.00175461173058 1623.2097506150603 194.81658288091421 5.8182732537388784 18.823383472859859 6.0631761699914932
leaf_count=2337 181 180 842 9306 1011 40 131 41
internal_value=-0.0004499 0.00218432 0.0036164 0.000651381 0.0265055 -0.0404095 -0.0567857 0.0335631
internal_weight=2196.15 2089.94 2023.34 1792.21 231.132 66.6004 54.7189 11.8814
internal_count=14069 11732 11339 10148 1191 393 312 81
cat_boundaries=0 1 2
cat_threshold=16 1
is_linear=0
shrinkage=0.05


Tree=57
num_leaves=11
num_cat=0
split_feature=43 37 33 36 21 2 5 7 13 7
split_gain=46.0902 47.8353 40.9134 82.247 29.1787 24.953 12.5303 0.884817 0.444403 0.178506
threshold=43.800000000000004 25.500000000000004 36.750000000000007 94.500000000000014 25.350000000000005 3.5000000000000004 0.31595530242620651 28.964583500000003 14.543750000000001 29.931250000000002
decision_type=2 2 2 2 2 2 2 2 2 2
left_child=1 5 3 -3 -2 -1 -4 -6 -7 -9
right_child=4 2 6 -5 7 8 -8 9 -10 -11
leaf_value=-0.07889752254499581 -0.077213421713307723 -0.02161084305377756 0.033144369711543706 0.0051383910915652753 0.028050939256430287 -0.0062010702763472302 -0.025336225206190423 0.0080968709639763145 0.010261872976056021 -0.0060716068065399973
leaf_weight=27.041783425956964 29.690065965056419 348.74026200175285 123.61953065171838 1610.3492094539106 4.9652743488550168 7.5470128096640092 9.1701839156448823 3.7215942963957787 6.9200731962919235 3.2399897798895836
leaf_count=153 160 1849 880 10732 31 54 61 21 54 20
internal_value=0.000101242 0.00112921 0.00219522 0.000368126 -0.0513849 -0.0513811 0.0289466 0.0139104 0.00182802 0.00156835
internal_weight=2175 2133.39 2091.88 1959.09 41.6169 41.5089 132.79 11.9269 14.4671 6.96158
internal_count=14015 13783 13522 12581 232 261 941 72 108 41
is_linear=0
shrinkage=0.05


Tree=58
num_leaves=9
num_cat=1
split_feature=0 25 39 43 40 40 4 4
split_gain=104.88 46.8628 80.7114 117.858 83.4711 67.9 41.582 7.11035
threshold=0 6.8013890000000012 19.550000000000004 5.3500000000000005 72.750000000000014 130.55000000000004 0.92273069556937581 -0.89406062840022227
decision_type=1 2 2 2 2 2 2 2
left_child=-1 5 3 -3 -4 6 -2 -7
right_child=1 2 4 -5 -6 7 -8 -9
leaf_value=-0.047305118647426807 0.021951951755864316 0.024063317839083446 -0.0024989909970167725 -0.034933875818522947 0.029144809323147194 -0.026404709700855157 -0.058010440009996445 -0.11063247370183518
leaf_weight=101.99551326595247 452.81128118932247 112.58969864249229 873.82874821126461 333.05495550483465 272.61360350996256 4.2627562060952178 15.923714995384215 9.8525789082050306
leaf_count=2338 2844 599 4582 1814 1701 26 75 58
internal_value=-0.000391585 0.00215367 -0.0019762 -0.0200081 0.00504446 0.0157914 0.0191178 -0.0886258
internal_weight=2176.93 2074.94 1592.09 445.645 1146.44 482.85 468.735 14.1153
internal_count=14037 11699 8696 2413 6283 3003 2919 84
cat_boundaries=0 1
cat_threshold=16
is_linear=0
shrinkage=0.05


Tree=59
num_leaves=9
num_cat=2
split_feature=0 34 0 44 32 5 2 12
split_gain=100.7 47.7363 48.2703 49.3141 37.3511 31.5573 5.83837 0.0283272
threshold=0 20.250000000000004 1 46.250000000000007 29.595238000000005 0.99138911339924218 11.500000000000002 35.500000000000007
decision_type=1 2 1 2 2 2 2 2
left_child=-1 5 4 -4 -3 6 -2 -7
right_child=1 2 3 -5 -6 7 -8 -9
leaf_value=-0.046946194835702636 -0.067885025147497516 -0.012129280749810255 0.011861466106614474 -0.018492825398055777 0.042317884083131724 0.020689848055679694 -0.030242585655098627 0.042952420202320117
leaf_weight=96.528008071705699 34.025082856416702 509.29850018024445 1316.455897603184 148.03414365649223 32.600414946675301 3.42516917362809 18.286866649985313 6.700807299464941
leaf_count=2310 180 2109 8145 917 150 26 126 50
internal_value=0.000238452 0.00267551 0.00403671 0.00872313 -0.00862301 -0.0400177 -0.0555403 0.0379584
internal_weight=2165.35 2068.83 2006.39 1464.49 541.899 62.4379 52.3119 10.126
internal_count=14013 11703 11321 9062 2259 382 306 76
cat_boundaries=0 1 2
cat_threshold=16 32
is_linear=0
shrinkage=0.05


Tree=60
num_leaves=12
num_cat=2
split_feature=0 37 0 39 37 39 32 36 2 39 5
split_gain=96.4295 52.6654 45.3488 42.9327 86.8403 85.9309 40.041 20.1127 13.3039 7.82036 1.23154
threshold=0 25.500000000000004 1 20.000000000000004 67.500000000000014 23.550000000000004 29.595238000000005 94.500000000000014 3.5000000000000004 20.650000000000002 -0.18493013702746816
decision_type=1 2 1 2 2 2 2 2 2 2 2
left_child=2 8 6 4 -3 -5 7 -1 -2 -8 -10
right_child=1 3 -4 5 -6 -7 9 -9 10 -11 -12
leaf_value=-0.035546646690351381 -0.078499239237268814 0.0030404518045985375 -0.046663864718661074 0.029317738501222018 -0.079967290951494033 -0.0035885591573642534 -0.0060418070452353707 -0.0091822406993386785 -0.019230627717238345 0.053571534605127417 0.014811683179056498
leaf_weight=85.718993291258812 20.774854741990566 625.29080906510353 92.87502209842205 488.98544525355101 32.177587330341339 333.04869829118252 6.6096822768449774 444.95280224084854 7.5441625192761421 27.018128454685211 2.9959623515605944
leaf_count=362 102 3983 2320 3090 213 1931 29 1851 53 126 22
internal_value=1.54621e-05 0.00696744 -0.0158187 0.00838742 -0.00113736 0.0159975 -0.00994685 -0.0134997 -0.0561483 0.0420182 -0.00910932
internal_weight=2167.99 1510.82 657.175 1479.5 657.468 822.034 564.3 530.672 31.315 33.6278 10.5401
internal_count=14082 9394 4688 9217 4196 5021 2368 2213 177 155 75
cat_boundaries=0 1 2
cat_threshold=48 32
is_linear=0
shrinkage=0.05


Tree=61
num_leaves=9
num_cat=3
split_feature=0 34 34 39 5 0 1 44
split_gain=89.6647 47.4168 111.617 97.1615 80.864 16.7668 24.2012 21.3054
threshold=0 25.250000000000004 24.550000000000004 19.150000000000002 -0.6523320455745395 1 2 34.750000000000007
decision_type=1 2 2 2 2 1 1 2
left_child=-1 2 4 -4 -2 6 -3 -7
right_child=1 5 3 -5 -6 7 -8 -9
leaf_value=-0.046361507662401054 0.026512480610218304 0.032848451780875747 -0.070438062554015357 -0.0088242607169160322 -0.00073639737819971695 -0.0093357227355057304 -0.041050420317063782 0.049813825726469356
leaf_weight=89.023370776325464 346.67007997632027 22.192111507058144 92.325272649526596 204.64310996979475 1255.1819453947246 17.783307999372482 20.216429814696312 94.154440402984619
leaf_count=2322 2180 93 429 1000 7160 96 85 642
internal_value=-0.000129459 0.00211213 -5.04009e-05 -0.0281516 0.00517362 0.0286813 -0.00204309 0.0371298
internal_weight=2142.19 2053.17 1898.82 296.968 1601.85 154.346 42.4085 111.938
internal_count=14007 11685 10769 1429 9340 916 178 738
cat_boundaries=0 1 2 3
cat_threshold=16 8 1
is_linear=0
shrinkage=0.05


Tree=62
num_leaves=9
num_cat=2
split_feature=0 0 4 20 33 38 2 4
split_gain=85.5997 44.3774 42.1271 49.1715 29.2541 48.4786 46.9727 18.2182
threshold=0 1 0.056951373111866661 33.350000000000001 31.250000000000004 7.8068455000000005 8.5000000000000018 -0.814291907305839
decision_type=1 1 2 2 2 2 2 2
left_child=-1 2 7 -4 5 -3 -6 -2
right_child=1 4 3 -5 6 -7 -8 -9
leaf_value=-0.046100830600107487 0.012473549455211404 -0.052283511526955255 -0.015197389116939795 0.019155982706752207 -0.0053394802240301206 0.0077787029686921388 0.018097503997480686 0.045806215414691591
leaf_weight=86.032176462933421 65.468904756009579 72.816127233207226 177.64166255295277 248.95771623402834 1045.7209758386016 61.240258663892746 267.66060501337051 113.17019060999155
leaf_count=2342 773 367 984 1535 4948 307 1393 1397
internal_value=-0.000207147 0.00195284 0.0131964 0.00484869 -0.00281265 -0.0249912 -0.000553005 0.0337277
internal_weight=2138.71 2052.68 605.238 426.599 1447.44 134.056 1313.38 178.639
internal_count=14046 11704 4689 2519 7015 674 6341 2170
cat_boundaries=0 1 2
cat_threshold=16 6
is_linear=0
shrinkage=0.05


Tree=63
num_leaves=9
num_cat=2
split_feature=0 33 36 40 34 0 33 30
split_gain=80.4695 45.8126 82.1085 94.8739 71.994 12.9064 13.6856 1.4078
threshold=0 36.95000000000001 94.500000000000014 0.35000000000000003 24.450000000000003 1 38.400000000000006 18.250000000000004
decision_type=1 2 2 2 2 1 2 2
left_child=-1 2 3 -2 -4 6 -3 -7
right_child=1 5 4 -5 -6 7 -8 -9
leaf_value=-0.045781709506664402 0.022630985848752439 0.016437509363480599 0.010717034735198173 -0.036090566750712989 -0.014822560004975414 0.047676939264070704 -0.058003935826501388 0.0088214578905546539
leaf_weight=82.224646305665374 90.989790588617325 26.459526374936104 1208.1575167737901 273.77409294992685 356.58627988398075 76.062846340239048 6.9649838954210272 2.9279986247420302
leaf_count=2335 430 120 7488 1261 1763 587 29 22
internal_value=-0.000351289 0.00171533 -9.15273e-05 -0.0214207 0.00489112 0.032607 -0.000239377 0.0412128
internal_weight=2124.15 2041.92 1929.51 364.764 1564.74 112.415 33.4245 78.9908
internal_count=14035 11700 10942 1691 9251 758 149 609
cat_boundaries=0 1 2
cat_threshold=16 8
is_linear=0
shrinkage=0.05


Tree=64
num_leaves=9
num_cat=2
split_feature=0 34 34 39 5 0 25 44
split_gain=76.0976 41.2118 82.3279 130.772 70.2386 17.9504 22.9305 20.3656
threshold=0 25.250000000000004 24.450000000000003 19.150000000000002 -0.6905596507703472 1 8.8416670000000028 34.750000000000007
decision_type=1 2 2 2 2 1 2 2
left_child=-1 2 4 -4 -2 6 -3 -7
right_child=1 5 3 -5 -6 7 -8 -9
leaf_value=-0.045450330204060016 0.026373844929827722 0.041418182491912203 -0.066512845338946205 -0.0016268471752796184 -0.00056054004704095891 -0.01153879263308673 -0.032842757009821179 0.048779437599013126
leaf_weight=78.474681375548244 300.63651164621115 15.788309574127195 111.49864652752876 250.86233756691217 1225.0444998368621 16.150132589042187 26.324719831347466 89.573384210467339
leaf_count=2325 1956 65 515 1253 7048 86 112 634
internal_value=-0.000318048 0.00165807 -0.000330474 -0.0217204 0.0047607 0.0269971 -0.00380468 0.0361558
internal_weight=2114.35 2035.88 1888.04 362.361 1525.68 147.837 42.113 105.724
internal_count=13994 11669 10772 1768 9004 897 177 720
cat_boundaries=0 1 2
cat_threshold=16 8
is_linear=0
shrinkage=0.05


Tree=65
num_leaves=9
num_cat=1
split_feature=0 26 34 25 39 25 33 21
split_gain=72.4097 44.6965 101.439 53.5253 45.0036 34.346 29.6106 29.3228
threshold=0 15.050000000000002 23.250000000000004 6.8013890000000012 19.550000000000004 6.6923610000000009 33.95000000000001 23.450000000000003
decision_type=1 2 2 2 2 2 2 2
left_child=-1 2 6 7 -5 -4 -2 -3
right_child=1 3 5 4 -6 -7 -8 -9
leaf_value=-0.045119804047760004 0.018930721987110849 -0.0015710434498039578 -0.018796370020209632 -0.014295962198076419 0.0064378231294559178 -0.060764858100839918 -0.10266107653169397 0.037375526015955431
leaf_weight=74.964616987854242 156.82312365248799 66.250124759972095 107.45715880766511 343.12942807748914 1091.9194901846349 90.305116139352322 4.1875296384096137 176.88198323920369
leaf_count=2317 1015 409 668 1871 6125 474 18 1132
internal_value=-0.000166197 0.00172247 -0.0142634 0.00515676 0.00147374 -0.0381699 0.0151542 0.0268002
internal_weight=2111.92 2036.95 358.773 1678.18 1435.05 197.762 161.011 243.132
internal_count=14029 11712 2175 9537 7996 1142 1033 1541
cat_boundaries=0 1
cat_threshold=16
is_linear=0
shrinkage=0.05


Tree=66
num_leaves=6
num_cat=1
split_feature=0 22 26 34 25
split_gain=69.0095 40.9769 42.7879 95.9849 52.0113
threshold=0 55.000000000000007 15.050000000000002 23.250000000000004 6.8013890000000012
decision_type=1 2 2 2 2
left_child=-1 -2 3 -3 -4
right_child=1 2 4 -5 -6
leaf_value=-0.044821706333777356 -0.092898400469951944 0.015307517809841159 0.026992701484760542 -0.036242584516781542 0.001950661342496279
leaf_weight=72.060756778344512 10.390141412615774 162.00259910151362 241.72246007621288 201.78690068051219 1424.0372674129903
leaf_count=2323 51 1055 1553 1156 7936
internal_value=-0.000143827 0.00166705 0.00220489 -0.0133073 0.00559859
internal_weight=2112 2039.94 2029.55 363.789 1665.76
internal_count=14074 11751 11700 2211 9489
cat_boundaries=0 1
cat_threshold=16
is_linear=0
shrinkage=0.05


Tree=67
num_leaves=11
num_cat=0
split_feature=34 42 37 33 39 34 4 4 5 2
split_gain=42.2512 43.1958 83.441 59.7702 50.542 39.4538 47.4443 33.9805 26.4629 4.41031
threshold=20.250000000000004 2.5000000000000004 32.500000000000007 36.95000000000001 19.550000000000004 21.050000000000004 0.24372619187392147 0.59177612190863982 0.99138911339924218 11.500000000000002
decision_type=2 2 2 2 2 2 2 2 2 2
left_child=8 5 3 -3 -4 7 -7 -2 9 -1
right_child=1 2 4 -5 -6 6 -8 -9 -10 -11
leaf_value=-0.066066104978214205 0.021982002959772054 -0.048526801612543136 -0.0078177844955800695 0.026102001348500228 0.0098705534872206777 -0.05666119487302982 0.039330281115298182 -0.057181024644401793 0.025928525379874386 -0.032777635125859447
leaf_weight=33.577363381162286 26.983784537762403 140.925188543275 734.90173225663602 32.407306665554643 894.06961175054312 13.060684934258459 168.5568879339844 25.45886516943574 11.850147768855093 18.878749011084437
leaf_count=213 172 763 5049 254 6071 90 1046 135 101 151
internal_value=-0.000267421 0.00100166 -0.00162672 -0.0345041 0.00189065 0.0211615 0.0321548 -0.0167994 -0.0398551 -0.054923
internal_weight=2100.67 2036.36 1802.3 173.332 1628.97 234.06 181.618 52.4426 64.3063 52.4561
internal_count=14045 13580 12137 1017 11120 1443 1136 307 465 364
is_linear=0
shrinkage=0.05


Tree=68
num_leaves=12
num_cat=2
split_feature=0 37 6 40 6 0 32 22 2 39 4
split_gain=67.9503 43.8045 43.5709 63.8955 46.565 32.2554 33.2628 18.4101 10.5457 6.80919 1.00993
threshold=0 25.500000000000004 27.000000000000004 41.050000000000004 2.5000000000000004 1 29.564285500000004 88.465277500000013 3.5000000000000004 20.650000000000002 0.98213580174693116
decision_type=1 2 2 2 2 1 2 2 2 2 2
left_child=5 8 4 -4 -3 6 7 -1 -2 -8 -10
right_child=1 2 3 -5 -6 -7 9 -9 10 -11 -12
leaf_value=-0.010753955911058525 -0.074421158960112976 -0.0049237631972819818 -0.086260486665524688 -0.0040558410239113791 0.01621791204986087 -0.04457908289482157 -0.0064621516748380146 -0.049999897910227492 -0.019488472110000793 0.049132762475085773 0.012544833917482491
leaf_weight=487.16530737280846 19.757256247103214 371.41629419848323 26.26149383187294 178.74412227421999 867.69367870315909 69.895851453766227 6.6381206661462775 30.958237960934639 6.86726061999798 26.169334813952446 2.7707104831933975
leaf_count=2052 102 2031 123 1169 5868 2347 30 132 53 132 22
internal_value=-0.000785089 0.00506787 0.00634835 -0.014954 0.00988195 -0.0145108 -0.00989814 -0.0131907 -0.0543111 0.0380255 -0.00996599
internal_weight=2094.34 1473.51 1444.12 205.006 1239.11 620.827 550.931 518.124 29.3952 32.8075 9.63797
internal_count=14061 9368 9191 1292 7899 4693 2346 2184 177 162 75
cat_boundaries=0 1 2
cat_threshold=48 32
is_linear=0
shrinkage=0.05


Tree=69
num_leaves=13
num_cat=3
split_feature=0 36 32 4 34 33 0 0 19 4 38 37
split_gain=67.7594 46.5071 85.2062 81.951 69.8379 99.0977 53.757 31.2576 27.5384 21.8039 16.0212 6.34664
threshold=0 96.500000000000014 26.738393000000006 0.97508442350096225 24.550000000000004 33.750000000000007 1 2 29.951389000000002 0.22700754078277599 5.8788690000000008 34.500000000000007
decision_type=1 2 2 2 2 2 1 1 2 2 2 2
left_child=7 2 9 -4 6 -6 -3 8 10 -2 -1 -10
right_child=1 4 3 -5 5 -7 -8 -9 11 -11 -12 -13
leaf_value=0.021866801754221676 0.022853348600546622 0.0029715319304174717 0.0095211698584410295 -0.044910863857603261 -0.054636078326838401 0.018845645679052891 0.030167216160762868 -0.044318541446880869 0.017601735585978669 -0.079709966271824528 -0.014607951163955558 0.069401506816018019
leaf_weight=31.197944983839989 5.4160931557416907 329.28286154568195 396.77159710228443 82.699160948395729 85.308335304260254 97.162222430109978 426.72877054288983 67.653774604201317 14.713942319154741 44.042512647807598 491.19702350348234 10.094989210367201
leaf_count=131 30 1395 2141 458 415 517 4179 2370 79 219 2071 47
internal_value=-0.000475215 0.00536734 -0.00644512 5.87951e-05 0.0120818 -0.015619 0.0187794 -0.0142607 -0.00974433 -0.0682482 -0.012392 0.0405519
internal_weight=2082.27 1467.41 528.929 479.471 938.482 182.471 756.012 614.858 547.204 49.4586 522.395 24.8089
internal_count=14052 9354 2848 2599 6506 932 5574 4698 2328 249 2202 126
cat_boundaries=0 1 2 3
cat_threshold=48 8 32
is_linear=0
shrinkage=0.05


Tree=70
num_leaves=15
num_cat=0
split_feature=44 39 40 4 8 6 44 39 43 43 33 4 34 5
split_gain=41.4438 76.3811 74.2001 40.4031 65.8125 81.4206 64.5103 164.356 34.3172 27.2379 18.1227 7.85786 7.68812 3.3695
threshold=46.600000000000001 27.250000000000004 51.650000000000013 0.93845596220871974 33.350000000000001 2.5000000000000004 38.70000000000001 24.950000000000003 30.050000000000004 43.800000000000004 33.550000000000004 0.94978112945126536 24.950000000000003 -0.90892157495189674
decision_type=2 2 2 2 2 2 2 2 2 2 2 2 2 2
left_child=3 2 12 4 5 -1 9 -8 -4 -5 -6 13 -2 -3
right_child=1 11 8 6 10 -7 7 -9 -10 -11 -12 -13 -14 -15
leaf_value=-0.030151722420491328 -0.095768347470954557 0.019621897152111639 0.0083408616423119048 0.017689624672704896 -0.047485631530104662 0.0045527375702440129 -0.078489246657042544 0.032747900166485551 -0.079929537555482918 -0.0741064301156448 0.024076160576742174 0.042565227271470038 -0.043170964487492199 -0.012940595661293384
leaf_weight=200.41932693123817 46.179043367505074 17.715743452310566 54.594216018915176 108.4967338796705 8.1591711193323118 1049.2803023979068 92.235637314617634 50.870903786271811 12.747255913913248 7.7415165305137625 382.19410306401551 27.709114806726575 11.064402405172585 12.901513842865823
leaf_count=1265 242 126 421 651 45 7619 523 328 95 43 2372 209 55 86
internal_value=-0.000525893 -0.0231897 -0.0451822 0.00166768 0.00456989 -0.00103261 -0.0166325 -0.0389943 -0.00929316 0.010996 0.0224629 0.023756 -0.0865177 0.00592539
internal_weight=2082.31 182.911 124.585 1899.4 1640.05 1249.7 259.345 143.107 67.3415 116.238 390.353 58.3264 57.2434 30.6173
internal_count=14080 1234 813 12846 11301 8884 1545 851 516 694 2417 421 297 212
is_linear=0
shrinkage=0.05


Tree=71
num_leaves=9
num_cat=3
split_feature=0 34 44 39 0 5 2 1
split_gain=59.6724 39.761 40.3982 64.9091 50.1861 21.4702 5.67712 3.95209
threshold=0 20.250000000000004 46.600000000000001 27.450000000000006 1 0.99138911339924218 11.500000000000002 2
decision_type=1 2 2 2 1 2 2 1
left_child=-1 5 4 -4 -3 6 -2 -7
right_child=1 2 3 -5 -6 7 -8 -9
leaf_value=-0.043943953717706076 -0.06460866073071124 0.014180842233136259 -0.039740713273218847 0.026349438243278102 -0.0026647746851855437 0.056513150933367409 -0.02701402323284767 -0.0033312457820408995
leaf_weight=64.275839198380709 31.632725313305855 790.22455881163478 123.90135230496526 52.067378334701061 984.29938919842243 4.5003340132534486 17.756150372326374 5.3249681405723095
leaf_count=2344 187 6155 691 331 4148 38 127 41
internal_value=-0.000235552 0.00139513 0.00263614 -0.0201469 0.00490548 -0.0386166 -0.0518971 0.026768
internal_weight=2073.98 2009.71 1950.49 175.969 1774.52 59.2142 49.3889 9.8253
internal_count=14062 11718 11325 1022 10303 393 314 79
cat_boundaries=0 1 2 3
cat_threshold=16 7 1
is_linear=0
shrinkage=0.05


Tree=72
num_leaves=13
num_cat=2
split_feature=0 36 20 4 4 34 39 43 0 32 34 39
split_gain=62.1886 39.632 76.2882 81.9865 75.6443 73.0924 81.8958 54.9384 28.5573 21.6192 17.3322 7.29313
threshold=0 96.500000000000014 33.45000000000001 0.35846314187849704 0.81925054981890411 24.450000000000003 18.750000000000004 21.700000000000006 1 29.595238000000005 21.550000000000004 20.650000000000002
decision_type=1 2 2 2 2 2 2 2 1 2 2 2
left_child=8 2 3 -2 -4 7 -7 -3 9 10 -1 -11
right_child=1 5 4 -5 -6 6 -8 -9 -10 11 -12 -13
leaf_value=0.012271388809902117 0.0010247864891710196 0.03041183294944972 0.032338232792487501 -0.081231394104619159 -0.012046883430759645 -0.049027310254116767 0.01272697399731699 0.0017816096087771042 -0.043585486496841075 -0.015771979416638514 -0.015302610662618286 0.043870331551647934
leaf_weight=64.376848787069321 60.20881625264883 436.62971953675151 154.12853802740574 59.918654695153236 250.90207327902317 92.561667867004871 125.23661992698908 271.72790764272213 61.339077453128994 5.9379856437444714 454.69945744425058 23.321642503142357
leaf_count=283 343 3346 820 283 1409 447 676 2046 2331 27 1911 122
internal_value=-0.000221035 0.00540972 -0.00551894 -0.0403359 0.00488128 0.0116642 -0.013622 0.0194472 -0.0134797 -0.00932097 -0.0118658 0.0316452
internal_weight=2060.99 1451.31 525.158 120.127 405.031 926.156 217.798 708.358 609.675 548.336 519.076 29.2596
internal_count=14044 9370 2855 626 2229 6515 1123 5392 4674 2343 2194 149
cat_boundaries=0 1 2
cat_threshold=48 32
is_linear=0
shrinkage=0.05


Tree=73
num_leaves=9
num_cat=2
split_feature=0 0 40 39 25 4 44 40
split_gain=52.624 37.5075 27.2303 36.3864 35.5451 24.2552 20.1765 4.47201
threshold=0 1 130.55000000000004 21.250000000000004 6.8013890000000012 -0.065535378769913832 45.20000000000001 133.00000000000003
decision_type=1 1 2 2 2 2 2 2
left_child=-1 5 4 -4 -3 7 -7 -2
right_child=1 2 3 -5 -6 6 -8 -9
leaf_value=-0.043258398755731911 0.044716188524168775 0.012078805397203702 -0.096016474848820241 0.0080432799712052087 -0.0050961948447081403 0.014701767798101043 -0.03372454007783951 -0.018073685897151148
leaf_weight=58.854723932221532 71.335739813745022 392.66367191448808 16.637166284024715 15.768225185573099 1282.3205415718257 187.77830665558577 23.321017988026142 2.4425884112715712
leaf_count=2328 964 2354 95 97 6845 1201 138 26
internal_value=-0.000603247 0.000890478 -0.00194581 -0.0466568 -0.00106508 0.0173299 0.00921813 0.0424235
internal_weight=2051.12 1992.27 1707.39 32.4054 1674.98 284.878 211.099 73.7783
internal_count=14048 11720 9391 192 9199 2329 1339 990
cat_boundaries=0 1 2
cat_threshold=16 4
is_linear=0
shrinkage=0.05


Tree=74
num_leaves=13
num_cat=2
split_feature=0 44 43 33 4 44 37 0 4 33 38 4
split_gain=55.5321 47.997 54.6589 79.9266 36.9436 103.608 44.1023 35.1701 28.6652 21.8159 26.993 24.2912
threshold=0 45.20000000000001 12.550000000000002 36.95000000000001 0.37446826358596375 34.400000000000013 67.500000000000014 1 -0.40614700388750385 30.950000000000003 8.8559525000000026 -0.30163705152652737
decision_type=1 2 2 2 2 2 2 1 2 2 2 2
left_child=1 4 3 -3 6 -6 -1 9 -4 10 -2 -11
right_child=7 2 8 -5 5 -7 -8 -9 -10 11 -12 -13
leaf_value=0.032091427320624845 -0.073763024849791844 -0.079732225451495678 -0.020858493431859221 0.045842624411829999 -0.032494158106079411 0.01975022474722618 -0.030348651001598882 -0.042959713283476593 0.051128226486843391 0.0059684460059895895 0.02106262438060072 -0.0098851298254807249
leaf_weight=295.0565106458962 23.187381878495216 51.740737155079842 25.483980998396873 15.949393048882483 134.66763943433762 314.85151316225529 30.480462141335011 56.760370085015893 28.187326151877642 370.26910735666752 10.341901227831839 691.53811397403479
leaf_count=3191 99 239 226 135 700 1992 312 2342 279 1567 43 2978
internal_value=-0.000585101 0.00869166 -0.0203353 -0.0499072 0.0133692 0.00406139 0.02617 -0.00781202 0.0171915 -0.00558164 -0.0447517 -0.00435632
internal_weight=2048.51 896.418 121.361 67.6901 775.056 449.519 325.537 1152.1 53.6713 1095.34 33.5293 1061.81
internal_count=14103 7074 879 374 6195 2692 3503 7029 505 4687 142 4545
cat_boundaries=0 1 2
cat_threshold=7 40
is_linear=0
shrinkage=0.05


Tree=75
num_leaves=7
num_cat=2
split_feature=0 22 0 4 33 8
split_gain=49.2538 32.8782 33.5586 38.8966 28.4305 0.0776541
threshold=0 55.000000000000007 1 0.022575936829235404 31.250000000000004 32.850000000000001
decision_type=1 2 1 2 2 2
left_child=-1 5 3 -3 -4 -2
right_child=1 2 4 -5 -6 -7
leaf_value=-0.042624783733475183 -0.048386322973152041 0.033841256937303686 -0.024267846340823511 0.0043184707231740385 5.3550163032994982e-05 -0.096761278243490303
leaf_weight=54.478895946405828 3.786677420139311 152.04506837204099 131.69218906015158 413.03545814752579 1271.856395766139 6.2612736821174622
leaf_count=2342 27 2100 675 2584 6304 27
internal_value=4.42453e-05 0.00144799 0.00193704 0.0120942 -0.00222827 -0.0845605
internal_weight=2033.16 1978.68 1968.63 565.081 1403.55 10.048
internal_count=14059 11717 11663 4684 6979 54
cat_boundaries=0 1 2
cat_threshold=16 6
is_linear=0
shrinkage=0.05


end of trees

feature_importances:
age_group=132
temperature_min_7d=65
day_of_year_sin=58
temperature_max_7d=40
day_of_year_cos=36
wind_speed_max_7d=36
wind_gust_max_7d=36
month=27
humidity_max_7d=26
precipitation_sum_7d=22
rain_max_daily_7d=20
weather_code_current=19
humidity_min_7d=16
wind_speed_mean_3d=15
temperature_mean_7d=15
temperature_min_3d=12
temperature_max_current=9
wind_speed_mean_7d=8
temperature_mean_3d=7
humidity_mean_3d=6
wind_speed_max_3d=6
humidity_mean_7d=5
gender=4
temperature_mean_current=3
precipitation_sum_3d=3
rain_days_7d=3
temperature_min_current=2
humidity_max_current=2
wind_speed_mean_current=2
temperature_max_3d=2
wind_gust_max_3d=2
humidity_min_current=1
rain_days_3d=1
rain_max_daily_3d=1
rain_sum_7d=1

parameters:
[boosting: gbdt]
[objective: binary]
[metric: binary_logloss]
[tree_learner: serial]
[device_type: cpu]
[data_sample_strategy: bagging]
[data: ]
[valid: ]
[num_iterations: 76]
[learning_rate: 0.05]
[num_leaves: 15]
[num_threads: 8]
[seed: 42]
[deterministic: 0]
[force_col_wise: 0]
[force_row_wise: 0]
[histogram_pool_size: -1]
[max_depth: 4]
[min_data_in_leaf: 20]
[min_sum_hessian_in_leaf: 0.001]
[bagging_fraction: 0.9]
[pos_bagging_fraction: 1]
[neg_bagging_fraction: 1]
[bagging_freq: 1]
[bagging_seed: 400]
[bagging_by_query: 0]
[feature_fraction: 0.9]
[feature_fraction_bynode: 1]
[feature_fraction_seed: 30056]
[extra_trees: 0]
[extra_seed: 12879]
[early_stopping_round: 0]
[early_stopping_min_delta: 0]
[first_metric_only: 0]
[max_delta_step: 0]
[lambda_l1: 0]
[lambda_l2: 1]
[linear_lambda: 0]
[min_gain_to_split: 0]
[drop_rate: 0.1]
[max_drop: 50]
[skip_drop: 0.5]
[xgboost_dart_mode: 0]
[uniform_drop: 0]
[drop_seed: 17869]
[top_rate: 0.2]
[other_rate: 0.1]
[min_data_per_group: 100]
[max_cat_threshold: 32]
[cat_l2: 10]
[cat_smooth: 10]
[max_cat_to_onehot: 4]
[top_k: 20]
[monotone_constraints: ]
[monotone_constraints_method: basic]
[monotone_penalty: 0]
[feature_contri: ]
[forcedsplits_filename: ]
[refit_decay_rate: 0.9]
[cegb_tradeoff: 1]
[cegb_penalty_split: 0]
[cegb_penalty_feature_lazy: ]
[cegb_penalty_feature_coupled: ]
[path_smooth: 0]
[interaction_constraints: ]
[verbosity: -1]
[saved_feature_importance_type: 0]
[use_quantized_grad: 0]
[num_grad_quant_bins: 4]
[quant_train_renew_leaf: 0]
[stochastic_rounding: 1]
[linear_tree: 0]
[max_bin: 255]
[max_bin_by_feature: ]
[min_data_in_bin: 3]
[bin_construct_sample_cnt: 200000]
[data_random_seed: 175]
[is_enable_sparse: 1]
[enable_bundle: 1]
[use_missing: 1]
[zero_as_missing: 0]
[feature_pre_filter: 1]
[pre_partition: 0]
[two_round: 0]
[header: 0]
[label_column: ]
[weight_column: ]
[group_column: ]
[ignore_column: ]
[categorical_feature: 0,1,3]
[forcedbins_filename: ]
[precise_float_parser: 0]
[parser_config_file: ]
[objective_seed: 16083]
[num_class: 1]
[is_unbalance: 0]
[scale_pos_weight: 1]
[sigmoid: 1]
[boost_from_average: 1]
[reg_sqrt: 0]
[alpha: 0.9]
[fair_c: 1]
[poisson_max_delta_step: 0.7]
[tweedie_variance_power: 1.5]
[lambdarank_truncation_level: 30]
[lambdarank_norm: 1]
[label_gain: ]
[lambdarank_position_bias_regularization: 0]
[eval_at: ]
[multi_error_top_k: 1]
[auc_mu_weights: ]
[num_machines: 1]
[local_listen_port: 12400]
[time_out: 120]
[machine_list_filename: ]
[machines: ]
[gpu_platform_id: -1]
[gpu_device_id: -1]
[gpu_device_id_list: ]
[gpu_use_dp: 0]
[num_gpu: 1]

end of parameters

pandas_categorical:[]
