tree
version=v4
num_class=1
num_tree_per_iteration=1
label_index=0
max_feature_idx=44
objective=binary sigmoid:1
feature_names=age_group gender month season day_of_year_sin day_of_year_cos weather_code_current temperature_mean_current temperature_max_current temperature_min_current humidity_mean_current humidity_max_current humidity_min_current wind_speed_mean_current wind_speed_max_current precipitation_sum_current rain_sum_current wind_gust_max_current rain_day_current temperature_mean_3d temperature_max_3d temperature_min_3d humidity_mean_3d humidity_max_3d humidity_min_3d wind_speed_mean_3d wind_speed_max_3d precipitation_sum_3d rain_sum_3d rain_days_3d rain_max_daily_3d wind_gust_max_3d temperature_mean_7d temperature_max_7d temperature_min_7d humidity_mean_7d humidity_max_7d humidity_min_7d wind_speed_mean_7d wind_speed_max_7d precipitation_sum_7d rain_sum_7d rain_days_7d rain_max_daily_7d wind_gust_max_7d
feature_infos=-1:0:1:2:3:4:5 -1:0:1 [1:12] -1:1:0 [-0.99999942202469239:0.99998555065071859] [-0.99997919295908244:0.9999907524084426] [0:61] [23.658332999999999:32.533332999999999] [25.899999999999999:39.200000000000003] [17.899999999999999:29.300000000000001] [48.958333000000003:91.625] [63:100] [23:86] [2.8541669999999999:19.695833] [6.4000000000000004:30.100000000000001] [0:63.100000000000001] [0:63.100000000000001] [14:56.899999999999999] [0:1] [23.766667000000002:32.427778000000004] [27.699999999999999:39.200000000000003] [17.899999999999999:28.100000000000001] [52.569443999999997:90.694444000000004] [73:100] [23:79] [4.125:17.329167000000002] [9.6999999999999993:30.100000000000001] [0:93.900000000000006] [0:93.900000000000006] [0:3] [0:63.100000000000001] [17.300000000000001:56.899999999999999] [24.365476000000001:32.235118999999997] [28.699999999999999:39.200000000000003] [17.899999999999999:27.5] [55.767856999999999:89.523809999999997] [77:100] [23:72] [4.5327380000000002:15.469643] [11.6:30.100000000000001] [0:163.90000000000001] [0:163.90000000000001] [0:7] [0:63.100000000000001] [23:56.899999999999999]
tree_sizes=1652 1709 1706 1701 1713 1723 1747 1728 1703 1711 1725 1736 1722 1715 1708 1626 1610 1725 1712 1548 1506 1712 1704 1712 1729 1503 1517 1718 1710 1742 1711 1620 1610 1726 1736 1745 1732 1532 1613 1755 1411 1411 1529 1395 1603 1636 1617 1734 1423 1536 1400 1532 1613 1547

Tree=0
num_leaves=15
num_cat=4
split_feature=0 0 36 34 2 32 4 32 0 38 1 40 2 12
split_gain=3014 491.505 130.025 117.992 117.363 73.9279 51.0239 26.6213 21.8676 21.9533 31.1874 23.3165 1.22743 1.32904
threshold=0 1 96.500000000000014 24.450000000000003 11.500000000000002 29.595238000000005 -0.24372957273992743 28.075297500000001 2 5.5770835000000014 3 0.95000000000000007 11.500000000000002 59.500000000000007
decision_type=1 1 2 2 2 2 2 2 1 2 1 2 2 2
left_child=1 2 5 -4 7 -1 -6 -3 9 10 -2 -11 -10 -14
right_child=8 4 3 -5 6 -7 -8 -9 12 11 -12 -13 13 -15
leaf_value=-1.2182465755527234 -1.3075713025131197 -1.2426942986988814 -1.1505458673884041 -1.2118862693101093 -1.0825920209022744 -1.1470053523664272 -1.2290081567950699 -1.2719314154911558 -1.3174580901716528 -1.2657622645259836 -1.1444771701577745 -1.3026864012543031 -1.3096862723237015 -1.2829931530808911
leaf_weight=202.60155647993088 5.0089046359062177 269.78996694087982 457.88297206163406 96.896396577358246 14.33583050966263 44.04381662607193 10.363250970840452 108.29597264528275 758.58997106552124 49.74360466003418 4.8361837863922119 340.0873526930809 41.453003883361816 9.3269258737564069
leaf_count=1173 29 1562 2651 561 83 255 60 627 4392 288 28 1969 240 54
internal_value=-1.25402 -1.19828 -1.1756 -1.16116 -1.2443 -1.20514 -1.14066 -1.25109 -1.30953 -1.29512 -1.22474 -1.29802 -1.316 -1.30544
internal_weight=2413.26 1204.21 801.425 554.779 402.785 246.645 24.6991 378.086 1209.05 399.676 9.84509 389.831 809.37 50.7799
internal_count=13972 6972 4640 3212 2332 1428 143 2189 7000 2314 57 2257 4686 294
cat_boundaries=0 1 2 3 4
cat_threshold=7 6 32 1
is_linear=0
shrinkage=1


Tree=1
num_leaves=15
num_cat=4
split_feature=0 0 36 2 34 7 4 33 0 40 1 39 2 12
split_gain=2700.39 408.368 114.816 89.1998 86.6456 66.9227 34.266 26.6997 18.284 24.6967 16.2809 15.1884 2.30708 2.82329
threshold=0 1 96.500000000000014 11.500000000000002 24.450000000000003 27.227083500000003 -0.24372957273992743 32.150000000000013 2 0.95000000000000007 3 25.350000000000005 11.500000000000002 57.500000000000007
decision_type=1 1 2 2 2 2 2 2 1 2 1 2 2 2
left_child=1 2 5 7 -4 -1 -5 -3 9 11 -11 -2 -10 -14
right_child=8 3 4 6 -6 -7 -8 -9 12 10 -12 -13 13 -15
leaf_value=-0.01414601554678166 -0.021951766697233768 0.022903004833804669 0.093008491855987474 0.14257769271109016 0.041404823483023018 0.05487402532471998 0.02515734325634187 -0.0059857709325107193 -0.062478618048205842 -0.057495697382125635 -0.035221742298721111 0.046268000724510039 -0.057019203253003838 -0.028392863779412653
leaf_weight=41.747386157512665 42.039743587374687 113.66911214590073 480.42673297226429 15.308904290199282 100.75208052992821 208.87589052319527 10.857343673706053 263.495315939188 726.29021970927715 173.57204410433769 170.08358687162399 9.0943118780851346 31.966976776719093 16.378341302275658
leaf_count=237 245 654 2631 81 570 1176 62 1526 4359 1033 1010 53 191 97
internal_value=-0.000326553 0.0510126 0.0710746 0.00884956 0.0841491 0.0433665 0.0965752 0.00275822 -0.0545177 -0.0407619 -0.046606 -0.00916397 -0.0608593 -0.0480931
internal_weight=2404.56 1235.13 831.802 403.331 581.179 250.623 26.1662 377.164 1169.43 394.79 343.656 51.1341 774.636 48.3453
internal_count=13925 6937 4614 2323 3201 1413 143 2180 6988 2341 2043 298 4647 288
cat_boundaries=0 1 2 3 4
cat_threshold=7 6 32 1
is_linear=0
shrinkage=0.05


Tree=2
num_leaves=15
num_cat=3
split_feature=0 0 2 38 43 40 5 33 0 40 38 33 2 5
split_gain=2484.5 347.117 73.9583 69.0823 54.5722 48.1266 40.057 29.5653 22.5536 24.0926 23.7821 16.7915 2.19784 2.44833
threshold=0 1 11.500000000000002 6.9169645000000015 14.650000000000002 125.2 0.97263757644091864 32.150000000000013 2 0.8500000000000002 5.5770835000000014 34.45000000000001 11.500000000000002 0.95936279103287792
decision_type=1 1 2 2 2 2 2 2 1 2 2 2 2 2
left_child=1 3 7 5 -5 -1 -4 -3 9 11 -11 -2 -10 -14
right_child=8 2 6 4 -6 -7 -8 -9 12 10 -12 -13 13 -15
leaf_value=0.095434722434825869 0.029723582102981035 0.024345601749209987 0.12978495671925272 0.045303334934987755 0.07481331957407332 -0.020593841195065798 0.0081229906182807843 -0.005896103647945663 -0.061567523461444756 0.030162240387874725 -0.046613985988848944 -0.031165264095329562 -0.034317073641318113 -0.060118665678974018
leaf_weight=211.94086888432503 18.904002025723457 114.75292235612869 17.677608251571659 375.94032962620258 278.56990091502666 8.9924932271242124 10.829114004969595 266.9095057696104 702.99201491475105 9.752204552292822 335.58049038052559 25.299213588237762 25.502136215567589 22.68545389175415
leaf_count=1116 111 652 88 2040 1478 47 61 1551 4377 57 2050 148 155 140
internal_value=0.000246146 0.0477143 0.00892424 0.0655523 0.0579582 0.0906406 0.0854097 0.00323641 -0.0531985 -0.0389305 -0.044365 -0.00504397 -0.0599287 -0.0474391
internal_weight=2426.33 1285.61 410.169 875.444 654.51 220.933 28.5067 381.662 1140.72 389.536 345.333 44.2032 751.18 48.1876
internal_count=14071 7033 2352 4681 3518 1163 149 2203 7038 2366 2107 259 4672 295
cat_boundaries=0 1 2 3
cat_threshold=7 6 32
is_linear=0
shrinkage=0.05


Tree=3
num_leaves=15
num_cat=4
split_feature=0 0 36 34 2 32 4 38 0 39 1 42 39 2
split_gain=2243.01 306.503 89.8344 70.1186 64.9261 53.8075 38.5086 27.1505 24.4083 18.6141 22.3365 19.4746 1.89772 1.29269
threshold=0 1 96.500000000000014 24.250000000000004 11.500000000000002 29.595238000000005 -0.22701068973476937 11.2630955 2 25.350000000000005 3 2.5000000000000004 17.650000000000002 6.5000000000000009
decision_type=1 1 2 2 2 2 2 2 1 2 1 2 2 2
left_child=1 2 5 -4 7 -1 -6 -3 9 10 -2 -11 13 -10
right_child=8 4 3 -5 6 -7 -8 -9 12 11 -12 -13 -14 -15
leaf_value=0.025356166021738298 -0.054809806491224994 -0.0034982001018258367 0.079817630700234107 0.039252817897129651 0.11827313474644444 0.08301194104663831 -0.0010635664300494522 0.033818252720591961 -0.060871287016452495 0.056313902208147359 -0.028899969876235151 -0.026512937851105679 -0.061728438188224793 -0.048414729300403546
leaf_weight=217.57539278268814 170.5401002317667 327.44942006468773 499.3357175886631 139.3309348076582 19.083639323711399 49.255778670310974 10.163241460919378 56.242128759622574 63.586646899580956 9.0797057002782804 170.65144850313663 22.98900394141674 567.56848339736462 99.04876708984375
leaf_count=1177 1069 1885 2520 736 90 256 57 326 411 53 1055 144 3667 634
internal_value=2.08237e-06 0.0438595 0.0601835 0.0710432 0.0074311 0.0362694 0.0781397 0.0020454 -0.0523151 -0.0375558 -0.041973 -0.00206816 -0.0591904 -0.0536272
internal_weight=2421.9 1318.44 905.498 638.667 412.938 266.831 29.2469 383.692 1103.46 373.26 341.192 32.0687 730.204 162.635
internal_count=14080 7047 4689 3256 2358 1433 147 2211 7033 2321 2124 197 4712 1045
cat_boundaries=0 1 2 3 4
cat_threshold=7 6 32 1
is_linear=0
shrinkage=0.05


Tree=4
num_leaves=15
num_cat=4
split_feature=0 0 36 2 5 7 4 0 33 38 1 39 39 5
split_gain=1993.21 274.487 64.2434 63.837 61.1652 54.5392 26.1426 23.2582 21.9287 21.3925 22.4266 20.0981 1.69195 9.10931
threshold=0 1 96.500000000000014 11.500000000000002 -0.18493013702746816 27.568750000000005 -0.22701068973476937 2 32.150000000000013 5.5770835000000014 3 25.350000000000005 17.650000000000002 -0.96687281075841669
decision_type=1 1 2 2 2 2 2 1 2 2 1 2 2 2
left_child=1 2 5 8 -4 -1 -5 9 -3 10 -2 -11 13 -9
right_child=7 3 4 6 -6 -7 -8 12 -10 11 -12 -13 -14 -15
leaf_value=-0.0037263642465162252 -0.049090171880178307 0.0173867483694378 0.049433522694345665 0.10840530295482241 0.080413774817267206 0.047665063630050568 0.010028165063803593 -0.01312599940001552 -0.0082202980821218363 -0.043644905885202284 0.099390754487764077 -0.0027382276296126218 -0.061016489461849815 -0.056782825299830302
leaf_weight=68.887684777379036 3.6724489629268628 120.95815309882164 353.70140704512596 19.053539320826534 302.51271989941597 203.39254832267761 10.513854891061781 13.783427029848097 264.85779185593128 325.85925421118736 4.8586930185556412 33.216981887817383 540.99095638096333 144.2592855989933
leaf_count=373 23 678 1765 86 1476 1064 59 92 1542 2086 27 204 3633 958
internal_value=-0.000776305 0.0395955 0.0547344 0.0052169 0.0638159 0.0346968 0.0748959 -0.0515192 -0.000167973 -0.0369948 0.037029 -0.0398789 -0.0584658 -0.0530818
internal_weight=2410.52 1343.88 928.494 415.383 656.214 272.28 29.5674 1066.64 385.816 367.607 8.53114 359.076 699.034 158.043
internal_count=14066 7043 4678 2365 3241 1437 145 7023 2220 2340 50 2290 4683 1050
cat_boundaries=0 1 2 3 4
cat_threshold=7 6 32 1
is_linear=0
shrinkage=0.05


Tree=5
num_leaves=15
num_cat=3
split_feature=0 0 36 34 34 2 0 40 4 32 5 44 2 12
split_gain=1867.72 227.883 69.7472 59.0762 51.1831 50.2167 23.7787 21.7177 20.852 20.8167 18.6175 12.6717 2.66181 2.95992
threshold=0 1 96.500000000000014 24.450000000000003 21.550000000000004 11.500000000000002 2 0.95000000000000007 -0.24372957273992743 28.075297500000001 -0.61236746317008228 31.850000000000005 11.500000000000002 57.500000000000007
decision_type=1 1 2 2 2 2 1 2 2 2 2 2 2 2
left_child=1 2 4 -4 -1 9 7 11 -7 -3 -9 -2 -8 -14
right_child=6 5 3 -5 -6 8 12 10 -10 -11 -12 -13 13 -15
leaf_value=-0.01534583463731771 0.0415184113885975 0.0091616805530366462 0.067696197457780133 0.027659070961006966 0.040963177164293395 0.099372676379565456 -0.059362273278642214 -0.02503756875241793 0.013846213920520132 -0.01673559875909791 -0.050933510514535908 -0.01885707132174512 -0.053473785682242141 -0.023477680422288229
leaf_weight=48.433061480522156 10.131103649735449 278.15679405629635 563.00646975636482 112.46195234358311 228.09967136383057 18.619382411241535 626.01085576415062 111.55185697972775 11.768606245517729 106.48142731189728 198.80099579691887 38.827743962407112 27.655056014657021 15.071187049150465
leaf_count=262 62 1587 2673 576 1174 81 4366 733 65 627 1310 237 189 99
internal_value=0.000173923 0.0383379 0.0518643 0.061081 0.0310812 0.00677237 -0.0504441 -0.0358711 0.0677465 0.00196759 -0.0417359 -0.00578254 -0.057567 -0.0436719
internal_weight=2395.08 1367.03 952.001 675.468 276.533 415.026 1028.05 359.312 30.388 384.638 310.353 48.9588 668.737 42.7262
internal_count=14041 7045 4685 3249 1436 2360 6996 2342 146 2214 2043 299 4654 288
cat_boundaries=0 1 2 3
cat_threshold=7 6 32
is_linear=0
shrinkage=0.05


Tree=6
num_leaves=15
num_cat=0
split_feature=36 34 34 39 4 34 42 44 33 44 40 39 36 32
split_gain=57.7945 71.7232 39.3361 42.1238 35.4873 35.4594 32.0275 35.178 26.0917 18.5141 18.4189 9.87042 8.01418 2.9686
threshold=96.500000000000014 24.450000000000003 25.350000000000005 19.350000000000005 -0.70291267844185523 21.050000000000004 2.5000000000000004 45.20000000000001 31.950000000000003 28.250000000000004 27.450000000000003 25.250000000000004 95.500000000000014 26.738393000000006
decision_type=2 2 2 2 2 2 2 2 2 2 2 2 2 2
left_child=5 4 3 -3 8 12 11 -8 -2 -6 -4 -7 13 -1
right_child=1 2 10 -5 9 6 7 -9 -10 -11 -12 -13 -14 -15
leaf_value=-0.056850894147276468 -0.0088410666722938246 -0.05362537983545921 -0.037127890183201312 -0.0093949741403942452 0.035546232682275143 0.0030937656269321673 -0.0078942825230451149 -0.044083446455044584 0.015117364283687812 0.013126565097668064 0.033611197735713499 0.029429491113826502 -0.0056308332640132965 -0.034722265560123214
leaf_weight=41.013808220624924 336.92607432603836 89.520708099007607 10.645471841096876 134.13200442492962 103.85007421672344 123.92959588766098 363.39291359484196 81.566424995660782 170.21782545745373 789.96472950279713 44.619360610842705 49.065806403756142 14.038907960057257 35.846878737211227
leaf_count=255 1950 542 65 813 587 748 2204 493 990 4566 271 291 88 220
internal_value=0.000116524 0.00516849 -0.0179439 -0.0272588 0.00977947 -0.0118463 -0.0075232 -0.0146122 -0.000785732 0.0157683 0.0195673 0.0106894 -0.0408338 -0.0471089
internal_weight=2388.73 1679.88 278.918 223.653 1400.96 708.854 617.955 444.959 507.144 893.815 55.2648 172.995 90.8996 76.8607
internal_count=14083 9784 1691 1355 8093 4299 3736 2697 2940 5153 336 1039 563 475
is_linear=0
shrinkage=0.05


Tree=7
num_leaves=15
num_cat=3
split_feature=0 0 6 6 33 4 5 0 40 38 44 33 39 5
split_gain=1702.5 189.272 59.6017 47.9059 34.8936 46.2976 29.7998 24.6365 22.8767 21.6303 17.382 15.1384 2.37763 10.943
threshold=0 1 2.5000000000000004 27.000000000000004 32.150000000000013 -0.58482361983252518 -0.97111920233974802 2 0.95000000000000007 5.5770835000000014 29.700000000000003 34.45000000000001 17.650000000000002 -0.96687281075841669
decision_type=1 1 2 2 2 2 2 1 2 2 2 2 2 2
left_child=1 2 6 -4 5 -3 -1 8 11 -10 -6 -2 13 -9
right_child=7 4 3 -5 10 -7 -8 12 9 -11 -12 -13 -14 -15
leaf_value=-0.046973569884417726 0.028322225019792931 0.0028623697509788902 0.060723871758426001 0.027473902081313631 0.03506461213592079 0.061795748462356186 0.029584568986991168 -0.00671454978889494 0.032933214213954107 -0.043230781769377974 -0.0078205576087729337 -0.027745181884663274 -0.059739611722291468 -0.054985308047714898
leaf_weight=12.667580142617224 20.375220596790314 81.184914767742157 617.39191111922264 134.34938944876194 25.120937779545784 55.652414321899414 204.76294320821762 13.182671368122099 8.9311903268098813 295.41700068116188 247.40268513560295 26.58254037797451 503.20214964449406 134.52792114019394
leaf_count=62 122 450 2951 641 139 286 1017 93 53 2003 1448 166 3659 956
internal_value=-0.000373994 0.0355692 0.0476601 0.0548259 0.0064454 0.0271053 0.0249296 -0.0496589 -0.0349074 -0.0408952 -0.0037537 -0.00333395 -0.056908 -0.0507514
internal_weight=2380.75 1378.53 969.172 751.741 409.361 136.837 217.431 1002.22 351.306 304.348 272.524 46.9578 650.913 147.711
internal_count=14046 6994 4671 3592 2323 736 1079 7052 2344 2056 1587 288 4708 1049
cat_boundaries=0 1 2 3
cat_threshold=7 6 32
is_linear=0
shrinkage=0.05


Tree=8
num_leaves=15
num_cat=4
split_feature=0 0 6 6 2 5 0 40 1 38 35 39 39 5
split_gain=1567.65 168.093 52.5893 49.2851 45.9141 26.7383 22.8157 20.9677 21.9117 20.8107 14.8176 14.6746 2.21219 9.41924
threshold=0 1 2.5000000000000004 27.000000000000004 11.500000000000002 -0.97111920233974802 2 0.95000000000000007 3 11.2630955 79.860119000000012 25.350000000000005 17.650000000000002 -0.96687281075841669
decision_type=1 1 2 2 2 2 1 2 1 2 2 2 2 2
left_child=1 2 5 -4 9 -1 7 11 -9 -3 -6 -2 13 -8
right_child=6 4 3 -5 10 -7 12 8 -10 -11 -12 -13 -14 -15
leaf_value=-0.045746369005061287 -0.017974734722869475 -0.0034419385029501506 0.056884415476674992 0.02362225847738245 0.031007374520875704 0.027371682651798009 -0.0083943839291169674 -0.054422736672738808 -0.026889580951120623 0.029409276504439055 0.10247990139212504 0.050637665900364427 -0.059162072538712362 -0.054240010435753987
leaf_weight=12.428564757108687 39.684477537870407 329.10012289881706 637.73778863251209 137.34767942130566 17.49926491081715 203.61672802269459 12.696783453226088 145.22036872804165 150.56500096619129 55.45533199608326 13.184687927365301 8.6470233500003797 480.37512724101543 129.52068577706814
leaf_count=62 249 1892 2978 648 86 999 90 1026 1027 317 55 49 3638 955
internal_value=-0.000340974 0.0332588 0.0444939 0.0510283 0.0059858 0.022974 -0.0490428 -0.034569 -0.0405452 0.00135941 0.0639838 -0.0049216 -0.0563036 -0.0502342
internal_weight=2373.08 1406.37 991.131 775.085 415.239 216.045 966.709 344.117 295.785 384.555 30.684 48.3315 622.593 142.217
internal_count=14071 7037 4687 3626 2350 1061 7034 2351 2053 2209 141 298 4683 1045
cat_boundaries=0 1 2 3 4
cat_threshold=7 6 32 1
is_linear=0
shrinkage=0.05


Tree=9
num_leaves=15
num_cat=4
split_feature=0 0 6 2 6 0 5 40 1 35 44 35 39 5
split_gain=1456.52 149.801 47.3633 42.3145 40.2946 27.7321 27.7129 19.496 21.203 16.0434 14.1077 13.9876 1.56135 7.73671
threshold=0 1 2.5000000000000004 11.500000000000002 27.000000000000004 2 -0.97111920233974802 0.95000000000000007 3 86.669643000000022 31.850000000000005 78.616071500000018 17.650000000000002 -0.96687281075841669
decision_type=1 1 2 2 2 1 2 2 1 2 2 2 2 2
left_child=1 2 6 9 -4 7 -1 10 -9 -3 -2 -5 13 -7
right_child=5 3 4 11 -6 12 -8 8 -10 -11 -12 -13 -14 -15
leaf_value=-0.048338642596661326 0.045885710565902821 -0.0043810010517762203 0.053506699778194403 0.024789080240818769 0.023799753056503458 -0.01223945417591887 0.026309928593048284 -0.05259894330709565 -0.025119388494537338 0.019604304351447884 -0.018222684816015321 0.093438701868050034 -0.058624765887819022 -0.054239764688655212
leaf_weight=12.320085808634756 10.053513675928114 289.88486501574516 657.23808635771275 15.187072455883028 140.97911860048771 12.773084372282026 207.14113456010818 139.84440305829048 147.00734096765518 90.701347142457962 37.448568299412727 15.602961286902426 461.1699820458889 122.79430724680424
leaf_count=63 59 1684 3006 75 659 91 1004 1024 1020 501 234 64 3639 940
internal_value=0.000258434 0.031879 0.0422207 0.00586206 0.0482963 -0.0480817 0.0219191 -0.0327767 -0.0386523 0.00137158 -0.00398824 0.0614225 -0.0559086 -0.0504011
internal_weight=2360.15 1429.05 1017.68 411.376 798.217 931.091 219.461 334.354 286.852 380.586 47.5021 30.79 596.737 135.567
internal_count=14063 7056 4732 2324 3665 7007 1067 2337 2044 2185 293 139 4670 1031
cat_boundaries=0 1 2 3 4
cat_threshold=7 6 32 1
is_linear=0
shrinkage=0.05


Tree=10
num_leaves=15
num_cat=4
split_feature=0 0 33 4 36 8 5 0 44 39 1 5 39 5
split_gain=1298.67 125.287 42.9959 47.4227 41.9109 45.1157 44.5642 27.34 17.3988 16.7368 21.4139 21.2363 3.10186 10.521
threshold=0 1 32.150000000000013 -0.58482361983252518 96.500000000000014 33.150000000000013 -0.18493013702746816 2 29.700000000000003 25.350000000000005 3 -0.76696334127844745 17.650000000000002 -0.96687281075841669
decision_type=1 1 2 2 2 2 2 1 2 2 1 2 2 2
left_child=1 4 3 -3 5 -1 -6 9 -4 10 -2 -11 13 -9
right_child=7 2 8 -5 6 -7 -8 12 -10 11 -12 -13 -14 -15
leaf_value=-0.0069076197975176216 -0.050211269157733412 0.0035719295134402627 0.033045787912734652 0.062066839795007302 0.03392727610374377 0.035617816918234881 0.058977271180960883 -0.0038665540678516699 -0.0097985265021062438 -0.054683847891806775 -0.023193751117231539 0.031466720200871767 -0.058123283112217511 -0.052346781672672066
leaf_weight=87.385205119848251 143.56242624670267 82.996482253074646 25.19320809841156 58.642467170953751 388.34059281647205 214.38961811363697 336.75563427805901 12.528949856758116 249.53299978375435 9.7532311975955981 155.46302746236324 20.375265583395958 437.85176941752434 118.69318275153637
leaf_count=437 1070 457 136 289 1769 1029 1474 90 1467 69 1083 130 3601 943
internal_value=-1.08847e-05 0.0292957 0.00564522 0.0280558 0.0387238 0.0233215 0.0456264 -0.0468842 -0.00576398 -0.0317593 -0.036289 0.00271717 -0.0548643 -0.0477822
internal_weight=2341.46 1443.24 416.365 141.639 1026.87 301.775 725.096 898.228 274.726 329.154 299.025 30.1285 569.074 131.222
internal_count=14044 7058 2349 746 4709 1466 3243 6986 1603 2352 2153 199 4634 1033
cat_boundaries=0 1 2 3 4
cat_threshold=7 6 32 1
is_linear=0
shrinkage=0.05


Tree=11
num_leaves=15
num_cat=3
split_feature=0 0 36 37 34 4 5 0 6 40 5 33 2 39
split_gain=1211.73 126.556 45.6005 44.6842 39.1448 34.4771 50.1811 24.5729 18.8975 15.8742 19.5166 10.0417 2.16797 0.644696
threshold=0 1 96.500000000000014 52.500000000000007 21.550000000000004 -0.22701068973476937 0.78724360164103002 2 2.5000000000000004 0.95000000000000007 -0.6652727025667432 34.45000000000001 11.500000000000002 15.850000000000003
decision_type=1 1 2 2 2 2 2 1 2 2 2 2 2 2
left_child=1 2 4 -4 -1 6 -3 9 -7 11 -11 -2 -9 -14
right_child=7 5 3 -5 -6 8 -8 12 -10 10 -12 -13 13 -15
leaf_value=-0.020766015256247671 0.018851905055520785 0.0080600754417635683 0.065750944763334082 0.036533182446549732 0.028152021245009946 -0.029520227529738343 0.079641427731406908 -0.056898979165696507 0.00058194286681064085 -0.019143517414321475 -0.047521995839661713 -0.02622677589047126 -0.051743015685934347 -0.032974183355440632
leaf_weight=48.2451062053442 20.990290194749832 137.49542732536793 173.09756833314896 563.65906749665737 246.16832989454269 73.676797091960907 28.866731584072113 515.60498744249344 172.61654809117317 94.12723920494318 180.04636777192354 27.303369104862213 14.302358217537401 22.786374002695084
leaf_count=250 126 759 756 2494 1168 435 127 4390 1004 696 1356 178 112 183
internal_value=-0.00099997 0.0270844 0.0364734 0.0434776 0.0200927 0.00328444 0.0208823 -0.0470828 -0.00850585 -0.0322446 -0.0378843 -0.00664887 -0.0549419 -0.0413804
internal_weight=2318.99 1443.83 1031.17 736.757 294.413 412.656 166.362 875.161 246.293 322.467 274.174 48.2937 552.694 37.0887
internal_count=14034 6993 4668 3250 1418 2325 886 7041 1439 2356 2052 304 4685 295
cat_boundaries=0 1 2 3
cat_threshold=7 6 32
is_linear=0
shrinkage=0.05


Tree=12
num_leaves=15
num_cat=4
split_feature=0 0 44 37 40 33 39 0 38 1 40 43 39 5
split_gain=1094.43 96.576 39.4688 42.481 33.812 30.6558 35.5528 27.3268 18.2375 22.6556 17.1662 16.196 3.10361 11.5113
threshold=0 1 48.800000000000004 29.500000000000004 1.3500000000000003 32.150000000000013 18.950000000000003 2 5.5770835000000014 3 0.8500000000000002 28.350000000000005 17.650000000000002 -0.96687281075841669
decision_type=1 1 2 2 2 2 2 1 2 1 2 2 2 2
left_child=1 2 3 -1 -4 6 -3 8 9 -2 -10 -7 13 -9
right_child=7 5 4 -5 -6 11 -8 12 10 -11 -12 -13 -14 -15
leaf_value=0.00039707285372065292 -0.046602203606266969 -0.002697443553374227 0.058411424202446431 0.039333441094918278 -0.033197740892037163 -0.00047085583533666101 0.046396206989177721 0.00075222799907210636 -0.0030043900552321774 0.10751310077424699 -0.037882387594251506 -0.037813206797101678 -0.057222662309667542 -0.051479523817773543
leaf_weight=75.831913217902184 3.5460746586322776 69.542313188314438 12.718459814786909 921.43652926385403 37.035030081868172 235.69148470461369 77.262064442038536 11.616306126117705 40.985530033707619 4.2973511517047882 260.65594316273928 32.120716527104378 403.99987306445837 110.77438177913427
leaf_count=367 26 357 58 4092 173 1385 405 87 257 24 2007 189 3612 950
internal_value=-0.000292236 0.0257556 0.0338856 0.0363761 -0.00909026 0.00487982 0.0232793 -0.0455798 -0.0302062 0.0404456 -0.0331689 -0.00507361 -0.0538152 -0.0465562
internal_weight=2297.51 1461.64 1047.02 997.268 49.7535 414.617 146.804 835.875 309.485 7.84343 301.641 267.812 526.391 122.391
internal_count=13989 7026 4690 4459 231 2336 762 6963 2314 50 2264 1574 4649 1037
cat_boundaries=0 1 2 3 4
cat_threshold=7 6 32 1
is_linear=0
shrinkage=0.05


Tree=13
num_leaves=15
num_cat=4
split_feature=0 0 6 6 32 43 0 5 38 38 1 40 39 5
split_gain=1048.49 85.2139 34.487 29.727 26.0907 23.1001 22.9053 21.954 20.8148 18.4373 18.4592 16.1577 3.08359 8.85704
threshold=0 1 2.5000000000000004 27.000000000000004 28.075297500000001 27.050000000000004 2 -0.97111920233974802 12.961607000000003 5.5770835000000014 3 0.95000000000000007 17.650000000000002 -0.96687281075841669
decision_type=1 1 2 2 2 2 1 2 2 2 1 2 2 2
left_child=1 2 7 -4 5 -3 9 -1 -6 10 -2 -11 13 -8
right_child=6 4 3 -5 8 -7 12 -9 -10 11 -12 -13 -14 -15
leaf_value=-0.046255398909301221 -0.046354655816625373 0.019373187795574176 0.041789275046860974 0.016846181210265647 -0.022630358756818018 -0.014065201743276599 -0.0049098032415121375 0.019217923387888292 0.060847406941463712 -0.0063551243660765729 0.085653773387643337 -0.038921351631568346 -0.056806731894756213 -0.050559061668315579
leaf_weight=12.660318389534948 3.5738544166088086 248.03682640194893 681.96258679032326 147.0821243673563 96.640435233712196 64.384160876274109 12.010881215333937 218.14448048174381 7.1304646730422965 45.438640609383583 5.664821669459343 249.25758546590805 391.94413970410824 109.30264528095722
leaf_count=63 27 1355 2968 657 586 359 90 1012 42 288 30 1977 3659 973
internal_value=-0.000363671 0.0247504 0.0323246 0.0373897 0.00512668 0.0124593 -0.0454474 0.0154425 -0.0163683 -0.0307258 0.0350482 -0.0339385 -0.0533374 -0.0461166
internal_weight=2293.23 1476.04 1059.85 829.045 416.192 312.421 817.193 230.805 103.771 303.935 9.23868 294.696 513.258 121.314
internal_count=14086 7042 4700 3625 2342 1714 7044 1075 628 2322 57 2265 4722 1063
cat_boundaries=0 1 2 3 4
cat_threshold=7 6 32 1
is_linear=0
shrinkage=0.05


Tree=14
num_leaves=15
num_cat=4
split_feature=0 0 36 4 4 0 2 38 39 5 1 21 2 10
split_gain=939.854 84.7723 35.9125 43.4897 39.7831 29.8137 25.2932 22.1491 18.0307 22.2231 21.8442 10.4441 3.39994 5.46392
threshold=0 1 96.500000000000014 0.98213580174693116 0.95752911693909504 2 11.500000000000002 11.2630955 25.350000000000005 -0.76696334127844745 3 22.850000000000005 11.500000000000002 82.020833500000023
decision_type=1 1 2 2 2 1 2 2 2 2 1 2 2 2
left_child=1 2 3 -1 -4 8 7 -3 10 -10 -2 -8 -7 -14
right_child=5 6 4 -5 -6 12 11 -9 9 -11 -12 -13 13 -15
leaf_value=0.023485348072306813 -0.048214856478315742 -0.004843240059693648 0.033959316217959799 -0.032818439862708187 0.085778387112020418 -0.055245062554896418 0.023357779156728275 0.028373685449519983 -0.053069746098431216 0.037457838753260538 -0.019539686709323503 0.083739213587365954 -0.045804063601201157 0.0054683726331755285
leaf_weight=268.55683147907257 128.40071370452642 329.71114812791348 725.3064931333065 38.406854420900345 38.585587546229362 453.97373769432306 21.068702355027202 58.16337513923645 9.0966821461915988 19.703872621059418 141.24715217202902 10.875134631991385 25.587300993502144 6.2111040353775016
leaf_count=1260 1066 1891 3107 176 163 4376 96 325 71 131 1064 45 229 52
internal_value=-0.000179072 0.0230973 0.0305936 0.016357 0.0366855 -0.0441289 0.00368336 0.000197929 -0.0283692 0.00804327 -0.0333219 0.0458323 -0.0529688 -0.0359278
internal_weight=2274.89 1490.67 1070.86 306.964 763.892 784.221 419.818 387.875 298.448 28.8006 269.648 31.9438 485.772 31.7984
internal_count=14052 7063 4706 1436 3270 6989 2357 2216 2332 202 2130 141 4657 281
cat_boundaries=0 1 2 3 4
cat_threshold=7 6 32 1
is_linear=0
shrinkage=0.05


Tree=15
num_leaves=14
num_cat=3
split_feature=0 0 34 36 37 33 34 0 40 5 37 39 5
split_gain=892.34 67.4902 47.2014 46.3414 38.9606 36.7597 34.1844 26.3824 15.7982 12.9773 9.41382 2.78494 8.79508
threshold=0 1 24.350000000000005 95.500000000000014 25.500000000000004 36.750000000000007 25.350000000000005 2 0.15000000000000005 -0.61236746317008228 26.500000000000004 17.650000000000002 -0.96687281075841669
decision_type=1 1 2 2 2 2 2 1 2 2 2 2 2
left_child=1 4 3 -3 -1 -4 -6 8 10 -10 -2 12 -9
right_child=7 2 5 -5 6 -7 -8 11 9 -11 -12 -13 -14
leaf_value=-0.060800427417851556 -0.028049372565598168 -0.0068176456486801103 -0.015708091920119193 0.026390382947340963 0.035314515704449163 0.029504891493358561 0.086553951177902821 -0.0046118463937141526 -0.017121370552680145 -0.040311591964793426 0.042690888882319401 -0.056062848651515576 -0.050201174304135635
leaf_weight=9.1413471698760969 6.891292572021487 127.79814390838146 188.38776931166649 580.19219946861267 491.85232827067375 57.969574078917503 34.510433554649353 12.056232944130896 93.052898652851582 183.4998077750206 10.915298864245413 361.24026076495647 99.974780291318893
leaf_count=43 47 677 962 2748 2139 291 151 94 752 1487 67 3674 962
internal_value=-0.000492095 0.0220452 0.0136995 0.0203949 0.0363434 -0.0049929 0.0388317 -0.0439206 -0.028689 -0.0325985 0.0152781 -0.0525274 -0.0453793
internal_weight=2257.48 1489.85 954.348 707.99 535.504 246.357 526.363 767.631 294.359 276.553 17.8066 473.271 112.031
internal_count=14094 7011 4678 3425 2333 1253 2290 7083 2353 2239 114 4730 1056
cat_boundaries=0 1 2 3
cat_threshold=7 2 32
is_linear=0
shrinkage=0.05


Tree=16
num_leaves=14
num_cat=4
split_feature=0 0 37 34 37 34 0 40 39 1 5 39 5
split_gain=825.945 65.2261 39.6914 37.2369 46.0788 42.8104 30.6575 24.2625 17.298 23.2478 19.7891 3.01828 10.9292
threshold=0 1 25.500000000000004 24.350000000000005 32.500000000000007 25.150000000000002 2 127.05000000000001 25.350000000000005 3 -0.76696334127844745 17.650000000000002 -0.96687281075841669
decision_type=1 1 2 2 2 2 1 2 2 1 2 2 2
left_child=1 2 -1 4 -3 -5 8 -4 9 -2 -10 12 -8
right_child=6 3 7 5 -6 -7 11 -9 10 -11 -12 -13 -14
leaf_value=-0.064157753509802115 -0.047828642617552292 -0.0097673967689711656 0.03933225780041856 -0.018468043323209071 0.024610851814333441 0.024800062665134542 0.0011818136734726501 -0.026554148699059407 -0.052152388569722222 -0.017653639628961892 0.034306230221322009 -0.055720066898128917 -0.050040869650404329
leaf_weight=8.8844454735517484 121.2513215020299 115.75551827251911 522.93558873236179 162.63526204228401 600.52989380061626 86.878924965858459 11.636831581592558 13.69909121096134 8.516112834215166 137.54734833538532 20.831570819020271 346.07132039964199 94.518117107450962
leaf_count=43 1067 604 2253 833 2841 439 91 59 70 1073 137 3677 944
internal_value=0.00011551 0.0212861 0.0351885 0.0131257 0.0190493 -0.00336356 -0.0427804 0.0376041 -0.0268775 -0.0319208 0.00832587 -0.0520344 -0.0444672
internal_weight=2251.69 1511.32 545.519 965.8 716.285 249.514 740.373 536.635 288.146 258.799 29.3477 452.226 106.155
internal_count=14131 7072 2355 4717 3445 1272 7059 2312 2347 2140 207 4712 1035
cat_boundaries=0 1 2 3 4
cat_threshold=7 2 32 1
is_linear=0
shrinkage=0.05


Tree=17
num_leaves=15
num_cat=3
split_feature=0 0 6 6 0 2 8 40 5 39 35 31 2 22
split_gain=741.139 64.3281 39.2356 30.0342 28.66 20.9687 17.9238 15.6953 16.216 15.3951 11.3818 9.55727 3.6643 5.9675
threshold=0 1 2.5000000000000004 27.000000000000004 2 11.500000000000002 33.250000000000007 0.15000000000000005 -0.62587551141915865 17.850000000000005 78.889881000000017 27.900000000000002 11.500000000000002 80.097222000000002
decision_type=1 1 2 2 1 2 2 2 2 2 2 2 2 2
left_child=1 2 6 -4 7 9 -1 11 -9 -3 -7 -2 -6 -14
right_child=4 5 3 -5 12 10 -8 8 -10 -11 -12 -13 13 -15
leaf_value=-0.0076102929781402808 0.069487887405017032 -0.019985038444242306 0.03533077615126308 0.010609269661137871 -0.053940915593823448 0.013389759892486357 0.02011818156792624 -0.012743580766304149 -0.039121175807540286 0.0043579592169962185 0.071726457511412059 -0.0070342012957171855 -0.048743368058227855 -0.0014333235806587388
leaf_weight=103.58885249495506 5.0287946164608028 81.478523671627045 705.65986517071724 150.02340014278889 398.98842611908913 19.439303666353226 131.03777295351028 88.054400220513344 179.18622940778732 304.62638159096241 14.484305396676062 12.139767885208128 19.715847454965118 9.9187917783856374
leaf_count=470 28 453 2983 652 4365 90 597 736 1520 1726 58 83 199 92
internal_value=-0.000432141 0.0193891 0.0258143 0.0310139 -0.042068 0.00247752 0.00789558 -0.0265986 -0.0305098 -0.000817425 0.0396383 0.0179706 -0.0514103 -0.0334723
internal_weight=2223.37 1510.34 1090.31 855.683 713.032 420.029 234.627 284.409 267.241 386.105 33.9236 17.1686 428.623 29.6346
internal_count=14052 7029 4702 3635 7023 2327 1067 2367 2256 2179 148 111 4656 291
cat_boundaries=0 1 2 3
cat_threshold=7 6 32
is_linear=0
shrinkage=0.05


Tree=18
num_leaves=15
num_cat=4
split_feature=0 0 0 36 39 8 33 39 44 38 39 1 2 35
split_gain=683.957 51.915 31.628 30.6591 35.6932 34.7366 23.3718 40.9144 16.8117 15.9512 15.2454 15.2334 4.64929 12.3285
threshold=0 1 2 96.500000000000014 18.850000000000005 34.350000000000001 32.150000000000013 18.950000000000003 29.700000000000003 5.5770835000000014 25.350000000000005 3 11.500000000000002 81.330357000000006
decision_type=1 1 1 2 2 2 2 2 2 2 2 1 2 2
left_child=1 3 9 5 -5 -1 7 -3 -8 11 -11 -2 -4 -14
right_child=2 6 12 4 -6 -7 8 -9 -10 10 -12 -13 13 -15
leaf_value=-0.0046487524342598762 -0.043217728517803776 -0.0079821459062475574 -0.053575352296053286 0.018328717676983183 0.039968823267488629 0.028566399527687802 0.0323084178593896 0.044120834123683388 -0.0091472007546298841 -0.032198327118640895 0.0060483192101963863 0.083279611144524146 -0.051093601146322144 0.018931043655765586
leaf_weight=161.72280532121658 2.9902167245745641 71.2542395144701 383.89375235140324 355.13320554792881 417.84907634556293 151.91600058972836 26.138860881328583 78.342056110501289 247.93209262192249 240.72568015754223 28.879685290157795 5.443176731467247 20.184484213590626 8.3182250857353193
leaf_count=755 26 359 4384 1479 1750 674 138 393 1458 2096 206 29 209 78
internal_value=-0.000164082 0.0186709 -0.0410089 0.0244895 0.0300632 0.0114792 0.00350538 0.0194154 -0.00509039 -0.0250427 -0.0280942 0.0386009 -0.0508431 -0.0307086
internal_weight=2200.72 1510.29 690.435 1086.62 772.982 313.639 423.667 149.596 274.071 278.039 269.605 8.43339 412.396 28.5027
internal_count=14034 7006 7028 4658 3229 1429 2348 752 1596 2357 2302 55 4671 287
cat_boundaries=0 1 2 3 4
cat_threshold=7 6 32 1
is_linear=0
shrinkage=0.05


Tree=19
num_leaves=13
num_cat=1
split_feature=38 41 43 39 44 22 5 31 20 1 41 44
split_gain=29.5668 27.0644 25.1757 70.4493 52.6618 39.8329 37.2294 24.4003 22.1664 15.8293 11.5566 7.02553
threshold=6.4553575000000007 130.55000000000004 14.350000000000003 18.850000000000005 48.800000000000004 82.479166500000005 -0.78858226040708135 28.600000000000005 32.850000000000001 0 56.70000000000001 34.400000000000013
decision_type=2 2 2 2 2 2 2 2 2 1 2 2
left_child=1 8 6 5 -5 -4 10 -8 9 -1 -2 -10
right_child=2 -3 3 4 -6 -7 7 -9 11 -11 -12 -13
leaf_value=-0.0030074817687721282 -0.047941252699614682 -0.06319495691380965 0.022639761445778402 0.017674827667390532 -0.036620314293916205 -0.027775466748367252 0.014583146272237802 -0.008888822368825126 0.049140365618871737 0.020649741238315925 0.016927700925198474 0.0050887522417307329
leaf_weight=138.49789198487997 69.206568136811256 10.417627118527887 47.379203319549561 525.85533706843853 47.865018077194691 208.75864968448877 127.75843378156424 792.37730367481709 52.369388774037361 142.99077270925045 7.1158627048134795 11.197383277118204
leaf_count=860 471 68 304 3348 308 1337 771 5222 329 870 45 75
internal_value=-0.000501268 0.0126712 -0.00307069 0.00336011 0.0130892 -0.0183981 -0.00842431 -0.00561751 0.0151377 0.00904049 -0.0417525 0.0415796
internal_weight=2181.79 355.473 1826.32 829.858 573.72 256.138 996.458 920.136 345.055 281.489 76.3224 63.5668
internal_count=14008 2202 11806 5297 3656 1641 6509 5993 2134 1730 516 404
cat_boundaries=0 1
cat_threshold=1
is_linear=0
shrinkage=0.05


Tree=20
num_leaves=13
num_cat=3
split_feature=0 0 44 37 0 34 4 38 39 26 39 5
split_gain=637.124 50.6829 32.8557 32.8342 29.9335 27.1493 25.7838 16.5264 17.064 9.08514 3.28018 11.2535
threshold=0 1 52.000000000000007 25.500000000000004 2 24.350000000000005 0.98802474685579855 5.5770835000000014 25.350000000000005 14.65 17.650000000000002 -0.96687281075841669
decision_type=1 1 2 2 1 2 2 2 2 2 2 2
left_child=1 3 5 -1 7 -3 -5 9 -9 -2 11 -6
right_child=4 2 -4 6 10 -7 -8 8 -10 -11 -12 -13
leaf_value=-0.059230355472331901 -0.017067430362982625 0.016377159853530762 -0.066130506215807752 0.034293279534055039 0.0073236787189869647 -0.0030522968060310474 -0.012618197808975424 -0.032489091929258446 0.0086836044519716087 0.081212333988115892 -0.054816876176743856 -0.048403770622267771
leaf_weight=9.2295718789100629 3.5701108202338201 720.25293622910976 12.831386670470236 519.77430364489555 9.8744771331548673 239.12173753976822 30.547485515475273 233.66781276464462 27.771565079689026 4.5560645908117294 298.79439581185579 83.498408354818821
leaf_count=45 24 3424 63 2200 85 1217 130 2081 199 28 3620 934
internal_value=-0.000193992 0.0175138 0.0103381 0.0295417 -0.0407967 0.0115363 0.0316711 -0.0249535 -0.0280991 0.0408957 -0.050709 -0.0424953
internal_weight=2193.49 1531.76 972.206 559.551 661.733 959.375 550.322 269.566 261.439 8.12618 392.167 93.3729
internal_count=14050 7079 4704 2375 6971 4641 2330 2332 2280 52 4639 1019
cat_boundaries=0 1 2 3
cat_threshold=7 2 32
is_linear=0
shrinkage=0.05


Tree=21
num_leaves=15
num_cat=4
split_feature=0 0 0 44 40 37 2 40 1 4 44 24 2 35
split_gain=601.645 45.558 28.3589 25.9988 29.7845 24.5307 20.498 16.1589 20.9805 13.6904 13.215 10.0465 4.8767 11.0498
threshold=0 1 2 48.800000000000004 1.3500000000000003 29.500000000000004 11.500000000000002 0.95000000000000007 3 -0.24372957273992743 40.850000000000009 38.500000000000007 11.500000000000002 81.330357000000006
decision_type=1 1 1 2 2 2 2 2 1 2 2 2 2 2
left_child=1 3 7 5 -5 -1 10 11 -9 -8 -3 -2 -4 -14
right_child=2 6 12 4 -6 -7 9 8 -10 -11 -12 -13 13 -15
leaf_value=-0.0025716407660663983 -0.010610034453581413 -0.0062466644140879877 -0.052738846391698735 0.050153144792225261 -0.034175703418594307 0.026488942313238464 0.062860605764258434 -0.047219585146134266 -0.016338034362635947 -0.0023639464542533715 0.01352288872022149 0.045050694073471134 -0.050076238963647428 0.016454659525831413
leaf_weight=78.203268215060234 31.880094490945339 274.34390679001808 353.21190032362938 13.323796510696409 38.193270653486252 985.9264162927866 21.63392248749733 102.46676817536354 120.9717500731349 12.372544437646864 120.97766619920731 9.7655552849173528 18.170710012316707 8.6562656536698324
leaf_count=364 224 1550 4401 57 174 4149 87 1021 1033 60 671 63 202 83
internal_value=0.000189141 0.0171202 -0.0399683 0.0224719 -0.0118261 0.0243529 0.00299931 -0.0244212 -0.0306473 0.0397404 -0.000177862 0.00319228 -0.0498207 -0.0287888
internal_weight=2190.1 1544.97 645.123 1115.65 51.5171 1064.13 429.328 265.084 223.439 34.0065 395.322 41.6456 380.039 26.827
internal_count=14139 7112 7027 4744 231 4513 2368 2341 2054 147 2221 287 4686 285
cat_boundaries=0 1 2 3 4
cat_threshold=7 6 32 1
is_linear=0
shrinkage=0.05


Tree=22
num_leaves=15
num_cat=4
split_feature=0 0 0 34 34 2 39 39 1 4 4 33 2 22
split_gain=550.021 46.8928 30.3874 23.3816 56.1865 16.4431 15.6901 13.9464 20.02 11.0214 9.52204 7.95453 3.30207 5.87208
threshold=0 1 2 25.350000000000005 24.550000000000004 11.500000000000002 21.450000000000003 27.100000000000005 3 0.94978112945126536 0.99466373373798567 32.550000000000004 11.500000000000002 80.097222000000002
decision_type=1 1 1 2 2 2 2 2 1 2 2 2 2 2
left_child=1 3 7 4 -1 6 -3 8 -2 -9 -5 -7 -4 -14
right_child=2 5 12 10 -6 11 -8 9 -10 -11 -12 -13 13 -15
leaf_value=0.023231910858902388 -0.04311583202321792 -0.010754257591510309 -0.053130864612595988 0.050608739530892594 -0.011711288484763625 0.050227916855388903 0.0095449969889572096 -0.018862693625565197 -0.014328169462731022 0.062421359655060737 -0.01700819652037466 -0.0066192154684039765 -0.049531659053636837 -0.0017787740795651556
leaf_weight=895.46367055177689 113.05656795203686 219.7860074788332 338.39807166159153 77.886975586414337 131.35409790277481 22.51439863443375 166.37391231954098 7.931882902979849 131.61730220168829 7.0441213399171829 5.1089536845684043 8.0449805557727796 17.351035326719288 10.034748151898382
leaf_count=3761 1123 1238 4405 329 590 94 931 64 1109 43 22 39 202 96
internal_value=-0.00089916 0.0152903 -0.039981 0.020668 0.0187548 0.000805207 -0.00200642 -0.0239577 -0.0277515 0.0208842 0.0462935 0.035527 -0.0503235 -0.032713
internal_weight=2151.97 1526.53 625.434 1109.81 1026.82 416.719 386.16 259.65 244.674 14.976 82.9959 30.5594 365.784 27.3858
internal_count=14046 7004 7042 4702 4351 2302 2169 2339 2232 107 351 133 4703 298
cat_boundaries=0 1 2 3 4
cat_threshold=7 6 32 1
is_linear=0
shrinkage=0.05


Tree=23
num_leaves=15
num_cat=3
split_feature=0 0 0 38 39 40 38 2 39 39 35 39 5 26
split_gain=505.492 39.9407 31.3385 23.4955 27.6334 25.0264 16.6641 16.5706 18.322 14.5862 9.44193 4.48456 11.0252 4.27493
threshold=0 1 2 6.4553575000000007 20.000000000000004 130.55000000000004 5.5770835000000014 11.500000000000002 17.850000000000005 27.100000000000005 78.889881000000017 17.650000000000002 -0.96687281075841669 14.65
decision_type=1 1 1 2 2 2 2 2 2 2 2 2 2 2
left_child=1 3 6 5 -5 -1 13 8 -3 -8 -9 12 -4 -2
right_child=2 7 11 4 -6 -7 9 10 -10 -11 -12 -13 -14 -15
leaf_value=0.039726708629904406 -0.00094383114743203523 -0.022798738379472262 0.010303522842774311 0.0055315158270162253 0.02350716756789975 -0.066079719343798499 -0.028718051533105311 0.011010758877697653 0.0042800366855711 0.021375102736721933 0.063528002545741771 -0.054058205165089683 -0.045795811581049478 0.071178328452743897
leaf_weight=179.29392419755459 3.2050820365548125 77.072513327002525 9.5001827105879766 336.08885821700096 590.27373577654362 4.8941818922758094 232.23232315480709 19.928200677037239 311.57048623263836 14.794851906597613 14.722378268837927 262.77261101454496 76.679031483829021 4.5980738252401352
leaf_count=727 22 435 88 1417 2523 21 2185 91 1748 104 60 3636 963 29
internal_value=-0.000163769 0.0150979 -0.0385082 0.0200943 0.0169985 0.0365736 -0.0224424 0.00181238 -0.00113474 -0.0256438 0.0344804 -0.0491962 -0.0395643 0.0448126
internal_weight=2137.63 1533.84 603.782 1110.55 926.363 184.188 254.83 423.294 388.643 247.027 34.6506 348.952 86.1792 7.80316
internal_count=14049 7022 7027 4688 3940 748 2340 2334 2183 2289 151 4687 1051 51
cat_boundaries=0 1 2 3
cat_threshold=7 6 32
is_linear=0
shrinkage=0.05


Tree=24
num_leaves=15
num_cat=3
split_feature=0 0 0 6 44 4 33 5 38 32 38 39 39 5
split_gain=478.683 42.9877 29.3023 26.0151 22.3972 18.9174 47.5554 17.25 14.8047 39.4269 14.2607 13.7005 3.00282 8.77896
threshold=0 1 2 2.5000000000000004 52.750000000000007 -0.22701068973476937 32.650000000000013 -0.97111920233974802 6.2892860000000015 27.311905000000003 12.961607000000003 25.350000000000005 17.650000000000002 -0.96687281075841669
decision_type=1 1 1 2 2 2 2 2 2 2 2 2 2 2
left_child=1 3 8 7 -5 6 -3 -1 9 -2 -7 -10 13 -4
right_child=2 5 12 4 -6 10 -8 -9 11 -11 -12 -13 -14 -15
leaf_value=-0.049202366874158673 -0.033283150589389417 0.0055564426712589 0.002495995098769107 0.024239309009725676 -0.044582626104333084 -0.010388112098901179 0.10445792210182914 0.0080298305806528469 -0.033213174867869233 0.077184092812066868 0.060982897465424471 0.0043959153902231362 -0.053825879491575884 -0.047133467722676015
leaf_weight=12.979175642132757 21.080429807305336 163.43786719441414 10.023019820451735 871.59797056019306 11.101956307888029 245.08230908215046 12.144413277506827 227.33276514708996 189.78978230059147 11.747138842940329 6.2184729576110831 27.485925622284412 251.65707126259804 72.800766952335835
leaf_count=62 193 833 92 3610 51 1428 64 1000 1851 92 34 203 3645 950
internal_value=-0.000508131 0.0140483 -0.0386394 0.0191861 0.0233242 0.000389603 0.0129499 0.00474765 -0.022836 0.00735998 -0.00838732 -0.0284572 -0.0493528 -0.0411694
internal_weight=2134.48 1549.89 584.584 1123.01 882.7 426.883 175.582 240.312 250.103 32.8276 251.301 217.276 334.481 82.8238
internal_count=14108 7082 7026 4723 3661 2359 897 1062 2339 285 1462 2054 4687 1042
cat_boundaries=0 1 2 3
cat_threshold=7 6 32
is_linear=0
shrinkage=0.05


Tree=25
num_leaves=13
num_cat=4
split_feature=0 0 44 37 0 4 34 39 1 5 39 5
split_gain=427.682 31.8407 30.8747 30.8028 29.302 23.1187 22.1903 15.1409 23.7112 19.975 5.41436 11.6399
threshold=0 1 52.000000000000007 25.500000000000004 2 0.9893236546938301 24.050000000000004 25.350000000000005 3 -0.76696334127844745 17.650000000000002 -0.96687281075841669
decision_type=1 1 2 2 1 2 2 2 1 2 2 2
left_child=1 3 6 -1 7 -5 -3 8 -2 -9 11 -6
right_child=4 2 -4 5 10 -7 -8 9 -10 -11 -12 -13
leaf_value=-0.064062948482163373 -0.045158402866254721 0.014223870494178524 -0.065176763199744664 0.027244917885928355 0.015711918626251594 -0.016877372225694295 -0.001698390275393505 -0.051006550764461173 -0.011914675252599875 0.038368039307621449 -0.053602069433462241 -0.043968687098569124
leaf_weight=9.012531176209448 96.927925586700439 636.13823039829731 13.340457007288931 517.89073702692986 8.7100085690617544 30.843467026948929 332.993996322155 7.9575008153915432 120.82021627575159 19.886409863829613 239.6075195632875 71.032979130744934
leaf_count=44 1056 2993 67 2151 80 130 1648 71 1079 131 3635 963
internal_value=-0.000437766 0.0132276 0.00761033 0.0227839 -0.0372276 0.0247387 0.00875687 -0.0215487 -0.0268515 0.0119429 -0.0481661 -0.0373362
internal_weight=2105.16 1540.22 982.473 557.747 564.943 548.734 969.132 245.592 217.748 27.8439 319.351 79.743
internal_count=14048 7033 4708 2325 7015 2281 4641 2337 2135 202 4678 1043
cat_boundaries=0 1 2 3 4
cat_threshold=7 2 32 1
is_linear=0
shrinkage=0.05


Tree=26
num_leaves=13
num_cat=3
split_feature=0 0 0 44 37 33 4 40 5 2 39 5
split_gain=400.581 33.0748 32.7213 27.2425 25.6055 25.2669 23.5837 13.7667 18.1598 7.30963 4.5588 9.49868
threshold=0 1 2 52.000000000000007 25.500000000000004 38.800000000000004 0.99053107487289871 0.15000000000000005 -0.61236746317008228 2.5000000000000004 17.650000000000002 -0.96687281075841669
decision_type=1 1 1 2 2 2 2 2 2 2 2 2
left_child=1 4 7 5 -1 -3 -6 9 -9 -2 11 -4
right_child=2 3 10 -5 6 -7 -8 8 -10 -11 -12 -13
leaf_value=-0.057602309851654925 -0.0037808524347075754 0.0075333741953435137 0.0067800617987218651 -0.063341651609305036 0.026770104710694971 0.091071969921716692 -0.01969159098603716 -0.0042327494403226395 -0.034188288578816152 0.063428048426329306 -0.053393644617192898 -0.044670119300976092
leaf_weight=8.7658599466085416 9.8175163939595205 965.26804029941559 10.046468898653982 12.453903675079344 530.19104218482971 8.1471559703350049 28.099172994494438 76.661333605647087 149.59604419767857 5.7590661048889151 227.61185437440872 67.323495864868164
leaf_count=44 73 4610 91 65 2194 38 119 743 1490 36 3615 948
internal_value=3.40548e-05 0.0130087 -0.0363437 0.00728292 0.0226353 0.00832531 0.0244006 -0.0201299 -0.0241019 0.0233953 -0.048052 -0.0379881
internal_weight=2099.74 1552.93 546.816 985.869 567.056 973.415 558.29 241.834 226.257 15.5766 304.982 77.37
internal_count=14066 7070 6996 4713 2357 4648 2313 2342 2233 109 4654 1039
cat_boundaries=0 1 2 3
cat_threshold=7 2 32
is_linear=0
shrinkage=0.05


Tree=27
num_leaves=15
num_cat=4
split_feature=0 0 0 36 33 8 4 33 40 1 43 33 39 5
split_gain=367.075 35.0358 30.2041 20.9008 34.3553 26.8342 16.6 42.5446 13.8554 20.7815 11.9168 7.12626 5.31681 10.6978
threshold=0 1 2 96.500000000000014 34.850000000000001 33.050000000000004 -0.22701068973476937 32.650000000000013 0.95000000000000007 3 28.350000000000005 34.45000000000001 17.650000000000002 -0.96687281075841669
decision_type=1 1 1 2 2 2 2 2 2 1 2 2 2 2
left_child=1 3 8 5 -5 -1 7 -3 11 -10 -8 -2 13 -4
right_child=2 6 12 4 -6 -7 10 -9 9 -11 -12 -13 -14 -15
leaf_value=-0.017181443005103599 0.026659492130959906 0.0039326270044149243 0.010201759325155201 0.018164806010384327 0.05954251637381941 0.014872073359905478 -0.0044723531006801188 0.093842806504485177 -0.04454962420940109 -0.011827848935695273 -0.036678871686824904 -0.014041652256117573 -0.053195729310129239 -0.043964756131368014
leaf_weight=89.964937210083008 19.372894823551178 161.48873987793922 10.218550585210322 743.8796015381813 53.083011448383331 230.79606886208057 216.72381903231144 13.335110574960707 87.401049442589283 109.81783491373062 32.184601232409477 21.852531358599663 219.45095402747393 63.760116308927536
leaf_count=416 130 819 92 3039 216 998 1253 67 1022 1021 190 169 3652 932
internal_value=-0.000510013 0.0118706 -0.0358951 0.01651 0.020992 0.00585646 -0.000475366 0.0112855 -0.0201517 -0.0264807 -0.00876686 0.00526327 -0.0474979 -0.0364466
internal_weight=2073.33 1541.46 531.874 1117.72 796.963 320.761 423.732 174.824 238.444 197.219 248.908 41.2254 293.43 73.9787
internal_count=14016 6998 7018 4669 3255 1414 2329 886 2342 2043 1443 299 4676 1024
cat_boundaries=0 1 2 3 4
cat_threshold=7 6 32 1
is_linear=0
shrinkage=0.05


Tree=28
num_leaves=15
num_cat=4
split_feature=0 0 0 38 39 2 43 32 5 1 40 40 2 35
split_gain=353.774 32.3101 29.1261 22.0384 32.3813 23.4957 16.7713 19.3105 14.3836 35.8777 26.0426 9.98677 4.59705 9.06682
threshold=0 1 2 6.9169645000000015 19.450000000000003 1.5000000000000002 28.200000000000006 28.075297500000001 -0.67801649466304881 3 0.95000000000000007 111.95 11.500000000000002 81.330357000000006
decision_type=1 1 1 2 2 2 2 2 2 1 2 2 2 2
left_child=2 8 3 5 -5 -1 7 -4 9 -2 -10 -8 -3 -14
right_child=1 12 6 4 -6 -7 11 -9 10 -11 -12 -13 13 -15
leaf_value=0.067786279002164718 -0.040960608207033317 -0.050973221394136015 0.011981927008982395 -0.0054936474877503002 0.017800050728973914 0.023150545484353163 -0.038721500565722565 -0.014096931283487685 0.0069210882369688548 0.030524899811758488 -0.039202688063929569 0.0023445131026589351 -0.047073767958854568 0.019444679912636542
leaf_weight=32.856535449624062 30.229913890361786 260.46724916622043 262.61230526864529 193.71650616824627 642.40814362466335 253.99537807703018 37.785659298300743 96.208304017782211 40.16598529368639 39.076479598879814 124.01862831413746 23.768429026007652 14.013347174972298 7.0883734151720992
leaf_count=133 341 4395 1388 812 2713 1027 219 581 291 343 1360 128 206 81
internal_value=0.000182797 -0.0352608 0.012176 0.016386 0.0124032 0.0284809 0.000798553 0.00496982 -0.0191092 -0.000794604 -0.0279454 -0.0230803 -0.0474325 -0.0248605
internal_weight=2058.41 515.06 1543.35 1122.98 836.125 286.852 420.375 358.821 233.491 69.3064 164.185 61.5541 281.569 21.1017
internal_count=14018 7017 7001 4685 3525 1160 2316 1969 2335 684 1651 347 4682 287
cat_boundaries=0 1 2 3 4
cat_threshold=7 32 6 1
is_linear=0
shrinkage=0.05


Tree=29
num_leaves=15
num_cat=2
split_feature=0 0 6 6 31 5 44 6 40 5 33 2 35 5
split_gain=316.797 32.4895 25.983 30.2948 29.564 20.6821 17.1828 14.817 13.0527 20.6513 8.36287 4.51809 9.34464 3.9984
threshold=0 1 2.5000000000000004 27.000000000000004 25.750000000000004 -0.97111920233974802 52.750000000000007 1.5000000000000002 0.95000000000000007 -0.61236746317008228 34.45000000000001 11.500000000000002 81.586309500000013 -0.96687281075841669
decision_type=1 1 2 2 2 2 2 2 2 2 2 2 2 2
left_child=2 8 5 6 -5 -1 -4 -7 10 -10 -2 13 -13 -3
right_child=1 11 3 4 -6 7 -8 -9 9 -11 -12 12 -14 -15
leaf_value=-0.054312701136162281 0.02966173413368698 -0.031238589611510284 0.018747443248939181 -0.069996508562463894 0.0023656453320265985 0.0059393299553148178 -0.041430290107564535 -0.025009345892541408 -0.0040195553455995015 -0.037752424874507327 -0.014439120287286503 -0.046880958259646464 0.02119226360627019 -0.052910710957969946
leaf_weight=16.455903619527817 19.15814047306776 29.355050317943096 990.03448355197906 14.209315225481985 195.47455038130283 273.53132803738117 11.097796574234961 44.018773481249809 74.625673785805702 115.78319852799177 22.122537039220333 13.946370597928764 6.891250640153884 220.02221260592341
leaf_count=85 126 442 4406 66 885 1287 55 214 743 1314 172 213 77 3956
internal_value=-0.000288139 -0.034363 0.0109491 0.0144233 -0.00284697 -0.00132366 0.0180397 0.00158418 -0.0183311 -0.0246218 0.00624532 -0.0468544 -0.0244288 -0.0504946
internal_weight=2046.73 501.904 1544.82 1210.82 209.684 334.006 1001.13 317.55 231.69 190.409 41.2807 270.215 20.8376 249.377
internal_count=14041 7043 6998 5412 951 1586 4461 1501 2355 2057 298 4688 290 4398
cat_boundaries=0 1 2
cat_threshold=7 32
is_linear=0
shrinkage=0.05


Tree=30
num_leaves=15
num_cat=4
split_feature=0 0 0 34 33 33 43 20 38 38 1 44 2 35
split_gain=280.29 35.84 25.1784 25.3984 32.3985 29.9421 21.7088 29.632 20.8447 15.5557 30.3457 14.5178 4.63707 8.23368
threshold=0 1 2 24.150000000000002 38.800000000000004 31.950000000000003 14.250000000000002 33.150000000000013 12.908035500000002 6.0229165000000009 3 43.400000000000013 11.500000000000002 80.366071500000018
decision_type=1 1 1 2 2 2 2 2 2 2 1 2 2 2
left_child=2 9 6 5 -5 -4 8 -8 -1 10 -2 -11 -3 -14
right_child=1 12 3 4 -6 -7 7 -9 -10 11 -12 -13 13 -15
leaf_value=0.011850883964222472 -0.049826562532524168 -0.050416096949236704 -0.0045574335573124918 -0.010154645779553585 0.084277547048695486 0.017575732054386072 0.023462738913826595 0.082467659120333048 -0.051692251891742425 -0.028656712520094454 0.068662262627633946 0.0035414923678556351 -0.04938232890879439 0.012598063261678453
leaf_weight=275.31020869314671 7.9759327992796898 239.30447211489081 229.02278326451778 291.55699528753757 8.3801689147949201 456.06009843945503 249.4705413877964 22.533551886677742 12.560124740004538 159.05499361455441 12.806645981967451 44.548628002405167 11.800968252122404 8.6413021609187108
leaf_count=1149 91 4420 1016 1448 38 2175 1013 92 57 1715 96 414 191 100
internal_value=-0.000667406 -0.0334263 0.00976649 0.00482378 -0.00724495 0.0101808 0.018202 0.028635 0.00890907 -0.016673 0.0229888 -0.0216288 -0.0466336 -0.0238165
internal_weight=2029.03 484.133 1544.89 985.02 299.937 685.083 559.874 272.004 287.87 224.386 20.7826 203.604 259.747 20.4423
internal_count=14015 7027 6988 4677 1486 3191 2311 1105 1206 2316 187 2129 4711 291
cat_boundaries=0 1 2 3 4
cat_threshold=7 32 2 1
is_linear=0
shrinkage=0.05


Tree=31
num_leaves=14
num_cat=3
split_feature=0 0 37 2 39 39 2 38 39 4 39 39 1
split_gain=271.359 26.8384 24.9277 43.5897 59.7352 40.4313 19.1961 17.514 12.0465 14.0377 10.4154 6.77283 10.4098
threshold=0 1 32.500000000000007 1.5000000000000002 18.850000000000005 24.950000000000003 3.5000000000000004 12.172619000000003 29.150000000000002 0.73283908552571664 19.450000000000003 17.650000000000002 2
decision_type=1 1 2 2 2 2 2 2 2 2 2 2 1
left_child=2 8 5 10 -5 6 -1 -7 9 -2 -4 12 -3
right_child=1 11 3 4 -6 7 -8 -9 -10 -11 -12 -13 -14
leaf_value=-0.026853699682885607 -0.013511924808954818 -0.012125229621111337 0.055227296777505902 -0.0044089376632993156 0.018373990803665186 0.046465708585822614 0.02212866607260517 0.00046329296902493708 0.057422620345633439 -0.042448892811644351 0.013705221424151596 -0.052523439490112268 -0.052317939264014734
leaf_weight=137.4263790845871 164.57509395480156 32.607149049639702 67.994580075144768 463.60523283481598 755.89063732326031 39.84260331094265 22.603454038500786 41.973653569817543 4.0679267197847357 56.061131693422794 20.363094165921211 182.80316404998302 32.433457482606173
leaf_count=668 1728 523 299 2063 3396 182 101 196 25 604 92 3641 517
internal_value=-0.000738637 -0.033459 0.00940898 0.0121953 0.00971629 -0.00525954 -0.0198407 0.023156 -0.0185334 -0.0210228 0.0459185 -0.0456284 -0.0326566
internal_weight=2022.25 472.548 1549.7 1307.85 1219.5 241.846 160.03 81.8163 224.704 220.636 88.3577 247.844 65.0406
internal_count=14035 7038 6997 5850 5459 1147 769 378 2357 2332 391 4681 1040
cat_boundaries=0 1 2 3
cat_threshold=7 32 1
is_linear=0
shrinkage=0.05


Tree=32
num_leaves=14
num_cat=4
split_feature=0 0 0 43 40 44 33 37 13 1 40 39 5
split_gain=243.557 33.7249 32.8506 24.6423 29.496 22.5125 21.5958 17.3333 12.7759 26.6624 14.2145 5.32707 9.33237
threshold=0 1 2 14.250000000000002 127.05000000000001 52.000000000000007 38.800000000000004 25.500000000000004 5.2229165000000011 3 0.35000000000000003 17.650000000000002 -0.96687281075841669
decision_type=1 1 1 2 2 2 2 2 2 1 2 2 2
left_child=2 8 3 7 -5 6 -4 -1 9 -2 -10 12 -3
right_child=1 11 5 4 -6 -7 -8 -9 10 -11 -12 -13 -14
leaf_value=-0.056882411242428432 -0.047783886716143281 0.013623771952273329 0.0034637178278346253 0.033403900262112818 -0.036442255738422538 -0.062294921318750821 0.080709097101252014 0.010804310175095096 0.01728310450148168 0.076397387167199224 -0.024675940703349525 -0.052366021879217552 -0.041589894469785171
leaf_weight=8.7996597737073881 6.5577952787280065 8.3909030184149724 968.82773093879223 260.64245714247227 15.241459250450133 11.903545439243315 8.1364371031522733 284.40215055644512 21.942203693091869 9.3134941235184652 184.26153951883316 174.32148184999824 54.356458205729723
leaf_count=45 83 85 4581 1055 63 64 36 1184 159 79 2041 3640 949
internal_value=-0.000563154 -0.0321251 0.00890207 0.018401 0.0294275 0.00329321 0.00418891 0.00858644 -0.0160815 0.0252964 -0.0201492 -0.0457745 -0.0341085
internal_weight=2017.1 459.144 1557.95 569.086 275.884 988.868 976.964 293.202 222.075 15.8713 206.204 237.069 62.7474
internal_count=14064 7036 7028 2347 1118 4681 4617 1229 2362 162 2200 4674 1034
cat_boundaries=0 1 2 3 4
cat_threshold=7 32 2 1
is_linear=0
shrinkage=0.05


Tree=33
num_leaves=15
num_cat=3
split_feature=0 0 0 32 34 4 39 4 30 6 4 39 5 40
split_gain=225.036 33.0084 23.4162 20.049 32.7818 17.6843 12.5106 20.9388 10.579 12.7156 9.43904 6.12693 10.0502 3.83166
threshold=0 1 2 29.595238000000005 24.250000000000004 0.9962888416657264 27.100000000000005 0.73283908552571664 28.200000000000006 2.5000000000000004 0.94978112945126536 17.650000000000002 -0.96687281075841669 117.15000000000002
decision_type=1 1 1 2 2 2 2 2 2 2 2 2 2 2
left_child=2 6 3 4 -1 -5 7 -2 9 -4 -8 12 -3 -10
right_child=1 11 8 5 -6 -7 10 -9 13 -11 -12 -13 -14 -15
leaf_value=0.015283784255128481 -0.010204661091870945 0.015314646424620375 -0.015576009050569604 0.046895939438097008 -0.0060444887201457848 -0.024921289092961096 -0.013449800902332529 -0.047444896284612972 -0.041927026971701274 0.0055154105571579171 0.064038613205737616 -0.052217748489045618 -0.040819228886145559 -0.0017455868051065094
leaf_weight=826.92499029636383 155.34250063821673 8.8592851385474187 91.958571866154671 63.814089432358742 229.67561776936054 9.2390963137149793 6.933709539473055 49.226926654577255 19.922961995005611 308.01241005957127 7.2779239192605019 166.8757550753653 51.611215502023697 8.406403496861456
leaf_count=3403 1669 89 528 262 985 39 60 583 118 1639 43 3653 938 45
internal_value=-0.000454385 -0.031321 0.00854493 0.0123121 0.0106463 0.0375993 -0.0154714 -0.0193532 -0.0014506 0.000639465 0.027834 -0.0451555 -0.0324799 -0.0304697
internal_weight=2004.08 446.127 1557.95 1129.65 1056.6 73.0532 218.781 204.569 428.3 399.971 14.2116 227.346 60.4705 28.3294
internal_count=14054 7035 7019 4689 4388 301 2355 2252 2330 2167 103 4680 1027 163
cat_boundaries=0 1 2 3
cat_threshold=7 32 6
is_linear=0
shrinkage=0.05


Tree=34
num_leaves=15
num_cat=3
split_feature=0 6 6 0 26 5 44 6 41 1 38 2 35 38
split_gain=225.448 25.1146 31.8768 24.1465 23.9493 19.9364 19.3176 15.712 12.8121 18.2549 9.51867 5.51511 8.85272 4.54635
threshold=0 2.5000000000000004 27.000000000000004 1 19.050000000000004 -0.97111920233974802 48.800000000000004 1.5000000000000002 0.8500000000000002 2 6.6723215000000007 11.500000000000002 81.330357000000006 8.5220240000000018
decision_type=1 2 2 1 2 2 2 2 2 1 2 2 2 2
left_child=1 5 6 8 -4 13 -3 -7 10 -10 -2 -5 -13 -1
right_child=3 2 4 11 -6 7 -8 -9 9 -11 -12 12 -14 -15
leaf_value=-0.0042724119630991059 0.078521021979782057 0.016302181616384647 -0.019083494276485112 -0.049628210207538742 0.015638241081422425 0.0031682845322072261 -0.017854739778814934 -0.029366268600126727 -0.042758937858391147 -0.010350598331113976 -0.00079210288705521513 -0.044697452536094438 0.024477813123167137 -0.065682137045189423
leaf_weight=3.9254861474037197 3.3116496801376334 978.18348033726215 134.80015884339809 199.77177103236318 77.380131617188454 275.55538564920425 42.427328214049339 41.862259238958359 75.732165846973658 102.2066647335887 30.692075662314892 11.268860939890148 6.6132686287164679 14.443935289978979
leaf_count=21 20 4314 613 4385 348 1289 199 206 1034 1038 234 208 81 74
internal_value=-0.000979436 0.00785254 0.0112026 -0.0325962 -0.00640685 -0.00421018 0.0148662 -0.00120125 -0.0181024 -0.0243057 0.00895481 -0.0451598 -0.0191732 -0.0534572
internal_weight=1998.17 1568.58 1232.79 429.596 212.18 335.787 1020.61 317.418 211.943 177.939 34.0037 217.654 17.8821 18.3694
internal_count=14064 7064 5474 7000 961 1590 4513 1495 2326 2072 254 4674 289 95
cat_boundaries=0 1 2 3
cat_threshold=7 32 1
is_linear=0
shrinkage=0.05


Tree=35
num_leaves=15
num_cat=2
split_feature=0 0 6 6 40 31 5 43 38 32 39 39 5 38
split_gain=197.17 28.741 26.038 25.6548 23.065 19.4477 18.1467 13.1316 12.4743 30.6727 13.1123 5.27902 10.6224 2.79147
threshold=0 1 2.5000000000000004 27.000000000000004 41.050000000000004 28.250000000000004 -0.97111920233974802 16.250000000000004 6.2892860000000015 27.311905000000003 25.350000000000005 17.650000000000002 -0.96687281075841669 8.5220240000000018
decision_type=1 1 2 2 2 2 2 2 2 2 2 2 2 2
left_child=2 8 6 5 -5 -4 13 -8 9 -2 -10 12 -3 -1
right_child=1 11 3 4 -6 -7 7 -9 10 -11 -12 -13 -14 -15
leaf_value=-0.011998970556674003 -0.027698855941831402 0.016415543511495427 0.029144711862843654 -0.055177355918208493 0.00028899008085641367 0.010785872380988833 -0.0068333001294145412 0.020292591530773355 -0.026951717029082403 0.073251637114418261 0.010905544716355527 -0.051944961456030461 -0.041846614893303491 -0.064127716689436162
leaf_weight=3.7803588211536434 17.781218223273758 8.7344584167003614 174.03153602778912 19.73771108686924 194.72828307747841 838.30839744210243 265.43647143244743 52.600088655948639 156.24009935930371 11.600665822625158 26.206035614013672 150.82200069725513 48.526716362684965 13.253826931118963
leaf_count=21 196 90 745 94 876 3722 1258 240 1858 91 205 3619 949 70
internal_value=-0.000996406 -0.0309519 0.00722361 0.0106419 -0.00504808 0.0139676 -0.00507149 -0.0022974 -0.0158795 0.0132579 -0.0214842 -0.0447278 -0.0328303 -0.0538657
internal_weight=1981.79 419.911 1561.88 1226.81 214.466 1012.34 335.071 318.037 211.828 29.3819 182.446 208.083 57.2612 17.0342
internal_count=14034 7008 7026 5437 970 4467 1589 1498 2350 287 2063 4658 1039 91
cat_boundaries=0 1 2
cat_threshold=7 32
is_linear=0
shrinkage=0.05


Tree=36
num_leaves=15
num_cat=3
split_feature=0 0 44 6 39 5 5 1 39 2 35 5 2 4
split_gain=194.047 26.6889 20.9733 20.1286 31.4425 17.0994 11.0988 23.1621 22.8438 7.14166 10.1853 3.72307 2.54612 0.0874526
threshold=0 1 52.750000000000007 2.5000000000000004 20.000000000000004 -0.97111920233974802 -0.62587551141915865 2 27.100000000000005 11.500000000000002 80.366071500000018 -0.96687281075841669 8.5000000000000018 -0.43733984355855576
decision_type=1 1 2 2 2 2 2 1 2 2 2 2 2 2
left_child=2 6 3 5 -5 -1 7 -2 -8 11 -11 -3 13 -4
right_child=1 9 12 4 -6 -7 8 -9 -10 10 -12 -13 -14 -15
leaf_value=-0.050024209599676822 -0.033938903641711732 -0.027951154168094468 -0.016043490199971183 0.0031720885298638542 0.019287937603475757 0.00027220687146676154 -0.030793435761710303 0.024400065043460931 0.039964343050949508 -0.047528769766392746 0.026632723127023861 -0.051902523883175816 -0.066522294169100799 -0.032504297443913817
leaf_weight=16.846820682287216 28.212272308766842 22.345153100788593 6.117682173848153 590.29585294425488 621.1321919709444 317.80500830709934 127.00544572994113 39.743710063397884 11.66733195632696 9.1033237650990504 7.662204682826995 161.65095235779881 7.440788432955741 3.8506296575069436
leaf_count=92 370 420 33 2609 2746 1495 1515 367 75 186 99 3986 36 21
internal_value=-0.000274282 -0.030538 0.00777137 0.00844772 0.0114442 -0.00240127 -0.0157735 3.93973e-05 -0.0245967 -0.0441252 -0.0140441 -0.0491606 -0.0452689 -0.0247858
internal_weight=1970.88 407.39 1563.49 1546.08 1211.43 334.652 206.629 67.956 138.673 200.762 16.7655 183.996 17.4091 9.96831
internal_count=14050 7018 7032 6942 5355 1587 2327 737 1590 4691 285 4406 90 54
cat_boundaries=0 1 2 3
cat_threshold=7 32 1
is_linear=0
shrinkage=0.05


Tree=37
num_leaves=13
num_cat=2
split_feature=0 0 38 35 4 44 39 37 39 5 2 4
split_gain=164.51 34.8163 17.1794 31.1847 18.0637 16.0215 22.2451 16.6574 8.98268 11.1732 9.55134 8.17267
threshold=0 1 6.3017855000000003 84.306547500000008 -0.005375728450543499 48.800000000000004 27.250000000000004 29.500000000000004 17.650000000000002 -0.96687281075841669 11.500000000000002 -0.013976118469459398
decision_type=1 1 2 2 2 2 2 2 2 2 2 2
left_child=8 5 3 -3 -4 7 -7 -2 9 11 -11 -1
right_child=1 2 4 -5 -6 6 -8 -9 -10 10 -12 -13
leaf_value=0.053884857072385266 -0.010439145170226236 0.048439555067499113 0.0024415926290942427 -0.011105280192351697 -0.015843963517765205 -0.056029816758359399 0.01046299389152632 0.013151079380281481 -0.051700696297409893 -0.050810975937886728 -0.00027081639844647276 -0.04039564716625637
leaf_weight=5.8764814585447311 80.160904318094254 39.122381284832954 238.31165238469839 47.995980471372604 310.02310163527727 20.511137202382088 29.67704550921917 998.26615528762341 138.7397836111486 32.106039065867662 13.041630793362854 2.5850420594215375
leaf_count=61 358 243 1679 339 2387 92 132 4101 3651 738 208 27
internal_value=-0.00011195 0.00476925 -0.0045543 0.0158809 -0.0079069 0.0100121 -0.0172753 0.0113895 -0.0427092 -0.0267397 -0.0365339 0.0238564
internal_weight=1956.42 1764.07 635.453 87.1184 548.335 1128.62 50.1882 1078.43 192.349 53.6092 45.1477 8.46152
internal_count=14016 9331 4648 582 4066 4683 224 4459 4685 1034 946 88
cat_boundaries=0 1 2
cat_threshold=24 6
is_linear=0
shrinkage=0.05


Tree=38
num_leaves=14
num_cat=4
split_feature=0 0 0 4 32 24 44 33 40 5 38 39 1
split_gain=159.141 26.4391 22.2226 20.442 53.713 26.5742 19.3064 17.4889 12.9646 25.4761 21.7524 8.35627 12.2189
threshold=0 1 2 0.95752911693909504 29.217262000000002 40.500000000000007 52.000000000000007 38.800000000000004 2.2500000000000004 -0.6391983530350368 6.5687500000000005 17.650000000000002 3
decision_type=1 1 1 2 2 2 2 2 2 2 2 2 1
left_child=2 8 3 4 -1 -5 7 -4 10 -10 -2 12 -3
right_child=1 11 6 5 -6 -7 -8 -9 9 -11 -12 -13 -14
leaf_value=0.013434132851588711 0.085178169394462044 -0.0033844654688285391 0.0023160982331801284 -0.043379539360734742 0.076520919673017773 0.024220585130047698 -0.060206192832883032 0.074958356416261834 0.00087715089281258758 -0.040574066833766881 -0.006304299638483799 -0.05158453159233916 -0.051268695693289783
leaf_weight=480.21915127336979 6.5116656981408587 27.063741330057383 976.35709027945995 31.69636482000351 35.376772210001945 25.304312571883202 11.258330121636389 7.3580841720104209 65.994629230350256 83.447516776621342 47.386411264538765 133.83906802907586 25.532045520842075
leaf_count=1976 46 527 4584 135 143 104 64 32 718 1125 447 3694 513
internal_value=-0.000420992 -0.0285539 0.00672712 0.0145085 0.0179025 -0.0134696 0.00213936 0.00293502 -0.0141496 -0.0223848 0.00609835 -0.0426007 -0.0271522
internal_weight=1957.35 389.775 1567.57 572.597 515.596 57.0007 994.974 983.715 203.34 149.442 53.8981 186.435 52.5958
internal_count=14108 7070 7038 2358 2119 239 4680 4616 2336 1843 493 4734 1040
cat_boundaries=0 1 2 3 4
cat_threshold=7 32 2 1
is_linear=0
shrinkage=0.05


Tree=39
num_leaves=15
num_cat=1
split_feature=38 39 5 40 5 34 20 40 44 1 31 5 44 4
split_gain=21.4931 25.3969 50.1175 49.4417 35.554 26.8946 23.5761 18.1692 17.7752 15.8439 12.6309 9.03622 5.87231 2.04644
threshold=6.4553575000000007 20.000000000000004 0.83730377313544024 50.350000000000009 -0.79382744783423187 25.150000000000002 32.550000000000004 130.55000000000004 48.800000000000004 0 23.600000000000005 0.99803555425430601 37.250000000000007 0.022575936829235404
decision_type=2 2 2 2 2 2 2 2 2 1 2 2 2 2
left_child=6 2 5 4 -3 -2 7 10 -5 -4 -1 12 -8 -13
right_child=1 3 9 8 -6 -7 11 -9 -10 -11 -12 13 -14 -15
leaf_value=-0.024069979292075407 -0.022523823488674148 -0.045229077091400283 0.031503305809160574 0.018391701941679061 -0.0029721041589099812 0.0217768296477855 0.046448875003285435 -0.064522166098054237 -0.019893591840754125 -0.0016496284376385116 0.010972765897586206 -0.031806059623785687 0.0067182322559193389 0.014595182703496416
leaf_weight=28.457082934677601 410.04789114743471 53.795038994401693 71.680581942200661 391.74902573600411 545.71156366169453 36.59008664265275 61.608545575290918 8.34540196508169 32.044432908296585 71.293269403278828 203.59630152583122 4.8733382634818536 11.360279250890015 3.2197364270687103
leaf_count=192 3034 431 498 2764 4040 273 407 64 241 491 1424 33 77 22
internal_value=-3.99493e-06 -0.00235863 -0.010615 0.00240431 -0.00683292 -0.018854 0.0117809 0.00386485 0.0154568 0.0150751 0.00659058 0.0349238 0.0404378 -0.0137709
internal_weight=1934.37 1612.91 589.612 1023.3 599.507 446.638 321.461 240.399 423.793 142.974 232.053 81.0619 72.9688 8.09307
internal_count=13991 11772 4296 7476 4471 3307 2219 1680 3005 989 1616 539 484 55
cat_boundaries=0 1
cat_threshold=1
is_linear=0
shrinkage=0.05


Tree=40
num_leaves=12
num_cat=3
split_feature=0 0 40 43 38 35 38 38 39 1 5
split_gain=140.435 30.7635 18.588 26.351 18.0888 27.8511 21.2806 17.8075 9.25071 12.6378 16.5509
threshold=0 1 130.55000000000004 18.050000000000004 6.3017855000000003 84.306547500000008 11.053273500000001 9.2145835000000016 17.650000000000002 2 -0.96687281075841669
decision_type=1 1 2 2 2 2 2 2 2 1 2
left_child=8 2 3 -2 5 -3 -6 -4 9 10 -1
right_child=1 4 7 -5 6 -7 -8 -9 -10 -11 -12
leaf_value=0.073871235197299032 0.0038149328868334505 0.044765318093615392 -0.062132935004829519 0.019827813116541852 -0.013287410324009475 -0.010403529055796492 0.011747423778815692 0.031570682834327415 -0.051463840788337961 -0.050964022141804732 -0.020459264555685291
leaf_weight=4.8127103149890926 705.10200145840645 42.090222615748644 16.183723658323292 403.77019581198692 442.99464146792889 48.125835131853819 104.12701573967934 6.4676169157028189 125.43718024343252 24.112605594098568 22.255266241729259
leaf_count=49 2962 256 69 1642 3358 339 738 26 3629 512 475
internal_value=-0.000612571 0.00373109 0.00865411 0.00965826 -0.00500773 0.015544 -0.0085101 -0.0351742 -0.0417507 -0.0254162 -0.0016529
internal_weight=1945.48 1768.86 1131.52 1108.87 637.338 90.2161 547.122 22.6513 176.618 51.1806 27.068
internal_count=14055 9390 4699 4604 4691 595 4096 95 4665 1036 524
cat_boundaries=0 1 2 3
cat_threshold=24 6 1
is_linear=0
shrinkage=0.05


Tree=41
num_leaves=12
num_cat=3
split_feature=0 0 34 34 37 37 36 38 39 1 5
split_gain=143.529 25.1252 23.0513 28.4057 23.3678 20.2835 21.3497 14.125 6.54154 9.37111 13.6126
threshold=0 1 24.450000000000003 25.150000000000002 25.500000000000004 29.500000000000004 91.500000000000014 8.629166500000002 17.650000000000002 2 -0.97111920233974802
decision_type=1 1 2 2 2 2 2 2 2 1 2
left_child=8 5 4 -4 -3 7 -7 -2 9 10 -1
right_child=1 2 3 -5 -6 6 -8 -9 -10 -11 -12
leaf_value=0.063586324593428542 -0.059741488014442047 -0.061630002111640117 -0.026807258304074079 0.0069882490505390211 0.0047719038929112702 0.052615909441231547 0.013097890146345333 -0.00010028656327460794 -0.05134852730035832 -0.050812625592438571 -0.02432862705291421
leaf_weight=4.4600302278995541 13.417983293533323 12.445544458925722 151.86341214925051 104.23071249574423 923.02481015771627 35.938942119479179 486.95356446504593 31.884998723864555 119.75114656612277 23.88208270445466 21.943811416625977
leaf_count=43 61 77 975 634 5327 148 1992 141 3637 529 477
internal_value=6.52629e-06 0.00434182 0.000181477 -0.0130788 0.00382362 0.0128974 0.0159093 -0.0186737 -0.0423986 -0.0287668 -0.00769995
internal_weight=1929.8 1759.76 1191.56 256.094 935.47 568.195 522.893 45.303 170.037 50.2859 26.4038
internal_count=14041 9355 7013 1609 5404 2342 2140 202 4686 1049 520
cat_boundaries=0 1 2 3
cat_threshold=24 2 1
is_linear=0
shrinkage=0.05


Tree=42
num_leaves=13
num_cat=2
split_feature=0 0 32 34 32 39 38 4 39 44 37 33
split_gain=131.045 33.0286 19.9077 27.6596 16.5462 30.884 28.7383 12.7592 8.82699 9.58743 8.21365 3.68347
threshold=0 1 29.595238000000005 24.450000000000003 28.075297500000001 27.450000000000006 11.015178500000001 0.9962888416657264 17.650000000000002 35.800000000000004 60.500000000000007 31.550000000000004
decision_type=1 1 2 2 2 2 2 2 2 2 2 2
left_child=8 2 3 -2 6 -6 -3 -4 9 11 -11 -1
right_child=1 4 7 -5 5 -7 -8 -9 -10 10 -12 -13
leaf_value=-0.0058054658132127984 0.011389759941680615 -0.0043044602336073795 0.041619713066643804 -0.01001922241640946 -0.026044678556307568 0.052831635339836182 0.036834921877431627 -0.02283799842205203 -0.051241869773123984 0.071234741559909484 -0.016845535382225225 -0.043463239971736178
leaf_weight=8.579977620393036 876.25854425132275 435.79084411635995 65.898423403501511 181.389982894063 139.53803209587932 12.682914957404135 46.020578715950251 8.0331777781248075 114.62386297434568 3.3974537812173349 5.9241276904940605 30.89005209505558
leaf_count=181 3603 3146 269 791 1158 72 314 34 3651 47 130 687
internal_value=0.000252324 0.00430979 0.00940184 0.00771206 -0.00478352 -0.0191709 -0.000306847 0.0344046 -0.0411078 -0.0250052 0.0190485 -0.0356229
internal_weight=1929.03 1765.61 1131.58 1057.65 634.032 152.221 481.811 73.9316 163.415 48.7916 9.32158 39.47
internal_count=14083 9387 4697 4394 4690 1230 3460 303 4696 1045 177 868
cat_boundaries=0 1 2
cat_threshold=24 6
is_linear=0
shrinkage=0.05


Tree=43
num_leaves=12
num_cat=4
split_feature=0 0 35 39 4 1 35 39 1 20 13
split_gain=125.104 23.8014 18.153 18.959 16.3853 35.9638 11.9455 7.62629 9.99162 16.0975 0.294662
threshold=0 1 58.401786000000008 20.000000000000004 0.7090011537757156 2 64.050595500000014 17.650000000000002 3 31.550000000000004 10.397916500000003
decision_type=1 1 2 2 2 1 2 2 1 2 2
left_child=7 4 10 -4 5 -2 -6 8 9 -1 -3
right_child=1 2 3 -5 6 -7 -8 -9 -10 -11 -12
leaf_value=0.042993623119764256 -0.033032974876443293 -0.061333579378393781 0.00060689904729778455 0.011728056687346894 -0.0037444046540988417 0.017048250313033208 -0.053340725331180755 -0.051137985644352173 -0.050397549787349276 -0.035155783033864289 -0.028408933497039802
leaf_weight=9.870126888155939 60.138154089450836 7.76976630091667 700.44573559612036 845.50213629007339 18.860973823815584 85.6883589848876 33.90518232062459 109.01643808372319 21.558938283473253 15.75404032319784 3.8617189973592758
leaf_count=184 831 41 3133 3818 176 842 474 3641 514 332 19
internal_value=0.000164641 0.00407408 0.00616962 0.00669288 -0.0118226 -0.00368932 -0.0360122 -0.0411759 -0.0261206 -0.00456935 -0.0535169
internal_weight=1912.37 1756.17 1557.58 1545.95 198.593 145.827 52.7662 156.2 47.1831 25.6242 11.6315
internal_count=14005 9334 7011 6951 2323 1673 650 4671 1030 516 60
cat_boundaries=0 1 2 3 4
cat_threshold=24 32 1 1
is_linear=0
shrinkage=0.05


Tree=44
num_leaves=14
num_cat=5
split_feature=0 0 0 40 5 38 44 38 39 1 5 39 1
split_gain=121.35 19.2124 18.2373 20.5725 27.1393 19.7811 18.3302 19.4764 11.7133 19.4146 19.1362 8.46234 10.7068
threshold=0 1 2 31.300000000000001 0.24997576770840005 12.908035500000002 52.000000000000007 11.053273500000001 25.350000000000005 3 -0.76696334127844745 17.650000000000002 4
decision_type=1 1 1 2 2 2 2 2 2 1 2 2 1
left_child=2 8 3 5 -5 -1 7 -4 9 -2 -10 12 -3
right_child=1 11 6 4 -6 -7 -8 -9 10 -11 -12 -13 -14
leaf_value=0.0055915022643249976 -0.039344218751718091 -0.0023195119944965127 -0.00053158548873907157 0.014693597833853381 0.052740352091834253 -0.061214583976440522 -0.059260961909516477 0.01896102681556221 -0.049682418943358342 -0.0054803502945422527 0.040256095137960364 -0.051030887236965729 -0.050201894148681606
leaf_weight=244.32015663385391 72.053914271295071 25.44097201898694 828.41155450046062 258.27470728754997 56.697126761078835 10.606284305453299 11.170419961214064 150.58685198426247 7.3048371747136143 101.5402243360877 19.882726363837719 103.44666636921465 20.736871318891644
leaf_count=1018 1089 516 3897 1053 229 48 66 701 74 1073 139 3628 515
internal_value=-0.000138497 -0.0262605 0.00587243 0.0129349 0.0216875 0.00258369 0.00171011 0.002483 -0.014204 -0.0196811 0.0151859 -0.0403585 -0.0244302
internal_weight=1910.47 350.406 1560.07 569.898 314.972 254.926 990.169 978.998 200.782 173.594 27.1876 149.625 46.1778
internal_count=14046 7034 7012 2348 1282 1066 4664 4598 2375 2162 213 4659 1031
cat_boundaries=0 1 2 3 4 5
cat_threshold=7 32 2 1 1
is_linear=0
shrinkage=0.05


Tree=45
num_leaves=14
num_cat=2
split_feature=0 0 38 34 33 38 39 37 2 42 38 39 24
split_gain=112.817 25.8211 18.0704 22.8393 21.3778 15.6301 28.0575 21.8252 6.94546 11.1184 3.6245 2.80217 4.59002
threshold=0 1 11.524702500000002 24.850000000000005 35.750000000000007 6.9169645000000015 19.450000000000003 67.500000000000014 11.500000000000002 6.5000000000000009 5.9392855000000013 16.950000000000003 65.500000000000014
decision_type=1 1 2 2 2 2 2 2 2 2 2 2 2
left_child=8 5 4 -4 -3 7 -7 -2 11 10 -10 12 -1
right_child=1 2 3 -5 -6 6 -8 -9 9 -11 -12 -13 -14
leaf_value=-0.042255339125546895 0.021452670410413266 -0.004845904240513438 0.035881329844251679 -0.019439077713685426 -0.039114062364832974 -0.011844654475210922 0.009658485497984922 -0.039024908220451252 0.027487738379834738 0.06685209823889024 -0.042868362131031179 -0.051076220697783316 0.0049285144678176867
leaf_weight=19.100864177569751 268.55976934731007 498.11778884008527 53.767378780990839 27.51639224216342 49.143576301634312 197.78425551950932 640.26547493040562 14.892508313059805 1.494302213191985 2.7332029044628134 9.6540082544088346 105.49054499529302 6.6710445452481499
leaf_count=506 1087 3696 353 206 431 828 2678 62 20 34 231 3795 125
internal_value=-0.00018816 0.00342552 -0.00464268 0.0171455 -0.00798888 0.0079485 0.00457556 0.0181492 -0.0409192 -0.00931254 -0.0319515 -0.0472598 -0.0303139
internal_weight=1895.19 1750.05 628.545 81.2838 547.261 1121.5 838.05 283.452 145.144 13.8815 11.1483 131.262 25.7719
internal_count=14052 9341 4686 559 4127 4655 3506 1149 4711 285 251 4426 631
cat_boundaries=0 1 2
cat_threshold=24 6
is_linear=0
shrinkage=0.05


Tree=46
num_leaves=14
num_cat=3
split_feature=0 0 5 2 32 39 38 2 42 5 39 43 1
split_gain=101.83 23.457 18.7586 21.8015 16.7359 21.691 18.7165 9.5348 10.7907 4.97652 13.0162 4.27611 3.09914
threshold=0 1 0.99349222267034765 11.500000000000002 28.054166500000004 27.450000000000006 10.791369000000001 11.500000000000002 6.5000000000000009 -0.96687281075841669 17.250000000000004 7.8500000000000005 2
decision_type=1 1 2 2 2 2 2 2 2 2 2 2 1
left_child=7 2 3 -2 6 -6 -3 9 11 10 -1 -9 -4
right_child=1 4 12 -5 5 -7 -8 8 -10 -11 -12 -13 -14
leaf_value=0.039781436266804526 0.007784176652327477 -0.0037444566153045904 0.026908922129599906 -0.023691571736599023 -0.024783223318606711 0.039036595191819928 0.027390475241852563 -0.046221932498604484 0.066200738087394767 -0.05100035585587305 -0.048226913377866408 0.016657449465846765 0.0607448731654621
leaf_weight=5.3235872685909298 1040.6274619847536 417.91773269698024 16.557126328349113 57.123863577842712 143.087826307863 13.776109643280504 53.555071234703064 7.6258677802979928 3.1564411148428908 108.80422589741647 11.983892725780604 3.3199209682643414 15.275803416967394
leaf_count=58 4327 3051 67 230 1212 74 367 197 37 4010 379 56 62
internal_value=-0.000475191 0.00289657 0.00718253 0.0061262 -0.00479948 -0.0189667 -0.000157321 -0.0398525 -0.00341578 -0.0470033 -0.0204622 -0.0273524 0.0445015
internal_weight=1898.13 1757.92 1129.58 1097.75 628.337 156.864 471.473 140.214 14.1022 126.112 17.3075 10.9458 31.8329
internal_count=14127 9390 4686 4557 4704 1286 3418 4737 290 4447 437 253 129
cat_boundaries=0 1 2 3
cat_threshold=24 6 2
is_linear=0
shrinkage=0.05


Tree=47
num_leaves=15
num_cat=0
split_feature=38 20 43 39 22 5 44 44 40 31 33 5 44 4
split_gain=20.8012 23.0883 22.8551 58.9418 43.0892 28.6694 28.4148 21.8376 17.0177 14.778 10.4068 8.9118 7.90022 2.39694
threshold=6.4553575000000007 32.550000000000004 14.350000000000003 18.850000000000005 82.479166500000005 -0.78858226040708135 48.800000000000004 29.700000000000003 130.55000000000004 23.600000000000005 34.150000000000013 0.99803555425430601 37.250000000000007 0.022575936829235404
decision_type=2 2 2 2 2 2 2 2 2 2 2 2 2 2
left_child=1 8 5 4 -4 10 -5 -7 9 -1 -2 12 -3 -13
right_child=2 11 3 6 -6 7 -8 -9 -10 -11 -12 13 -14 -15
leaf_value=-0.026971072952397014 -0.0512941497695956 0.045966873910846175 0.027306854187783128 0.016955814087080596 -0.028139808143085372 0.020797955934524659 -0.027661758356038454 -0.0081331285682472755 -0.062797773790669684 0.010881449804052628 -0.003912522087444136 -0.037734376775464089 0.00011955740184834524 0.014450847028957187
leaf_weight=28.56380557641387 48.443552019074559 63.3523158300668 42.637950202450156 459.1479577999562 179.38843453861773 70.785079771652818 37.791479194536805 717.13989611715078 8.3248642161488515 202.32590368390083 15.364100048318504 4.2340416982769957 11.008822729811071 3.0762144699692726
leaf_count=194 399 423 317 3353 1335 484 300 5480 69 1430 126 31 79 22
internal_value=-0.000239263 0.0113408 -0.00261072 0.00395111 -0.0174171 -0.00814784 0.013514 -0.00551097 0.0034533 0.00610253 -0.0401216 0.034122 0.039271 -0.016678
internal_weight=1891.58 320.886 1570.7 718.966 222.026 851.733 496.939 787.925 239.215 230.89 63.8077 81.6714 74.3611 7.31026
internal_count=14042 2248 11794 5305 1652 6489 3653 5964 1693 1624 525 555 502 53
is_linear=0
shrinkage=0.05


Tree=48
num_leaves=12
num_cat=2
split_feature=0 44 34 39 38 2 33 33 39 1 4
split_gain=94.8515 20.9521 28.818 20.7794 40.767 30.3188 19.3852 15.227 9.64635 11.5517 14.6074
threshold=0 29.350000000000005 23.350000000000005 20.000000000000004 6.998809500000001 1.5000000000000002 33.550000000000004 30.850000000000005 17.650000000000002 1 -0.022576249993022598
decision_type=1 2 2 2 2 2 2 2 2 1 2
left_child=8 2 7 4 -3 -5 -4 -2 9 10 -1
right_child=1 3 6 5 -6 -7 -8 -9 -10 -11 -12
leaf_value=0.029757989015633243 -0.020995043260995303 0.0077367037027084975 -0.035860535913285078 -0.032224249128956654 -0.017743383926406252 0.0083909319258743814 0.043435420408132967 0.037946060429885159 -0.050757450886887545 -0.049800010399759995 -0.047223347705068301
leaf_weight=15.770783100277187 11.500830333679913 305.39815104752779 29.998122047632933 47.400568373501301 321.09199750050902 915.78723389655352 9.3323514163494092 112.05878986418247 90.528515608981252 18.744816625490785 8.7427875436842424
leaf_count=306 55 1591 165 273 1800 4888 50 558 3660 515 219
internal_value=0.000298476 0.00348918 0.0205312 0.00175305 -0.00532995 0.00636082 -0.0164347 0.0323354 -0.0386089 -0.0213364 0.00152773
internal_weight=1886.35 1752.57 162.89 1589.68 626.49 963.188 39.3305 123.56 133.787 43.2584 24.5136
internal_count=14080 9380 828 8552 3391 5161 215 613 4700 1040 525
cat_boundaries=0 1 2
cat_threshold=24 1
is_linear=0
shrinkage=0.05


Tree=49
num_leaves=13
num_cat=2
split_feature=0 0 36 39 34 40 5 39 5 2 39 32
split_gain=86.3761 19.9331 16.9103 31.1118 24.3557 13.1982 21.5089 10.3661 9.64304 10.4351 7.5228 7.18242
threshold=0 1 96.500000000000014 18.850000000000005 21.050000000000004 0.95000000000000007 -0.61236746317008228 17.650000000000002 -0.96687281075841669 11.500000000000002 17.250000000000004 28.410119000000005
decision_type=1 1 2 2 2 2 2 2 2 2 2 2
left_child=7 5 4 -4 -3 11 -7 8 10 -10 -1 -2
right_child=1 2 3 -5 -6 6 -8 -9 9 -11 -12 -13
leaf_value=0.054511754996388356 0.027766455915496726 -0.033442780016524336 -0.0011415386603958176 0.015782256719275099 0.001122069274212328 0.0028521655009606742 -0.034789686476581677 -0.05066509859288474 -0.049630477939253896 0.0079127140978758857 -0.038588791488180438 -0.018853743581598539
leaf_weight=5.8332204893231374 26.297864846885204 57.374632105231285 493.80135470628738 602.05176508426666 401.05848056077957 65.250858154147863 89.237076178193092 86.776373852044344 23.579714834690094 11.232240810990332 2.3394014090299606 11.024996265769003
leaf_count=64 197 289 2204 2639 1883 733 1285 3686 747 210 29 96
internal_value=-0.000156744 0.0028641 0.00476054 0.00816215 -0.00326723 -0.0119279 -0.0189749 -0.0378421 -0.0199953 -0.0313614 0.0265603 0.0138625
internal_weight=1875.86 1746.1 1554.29 1095.85 458.433 191.811 154.488 129.761 42.9846 34.812 8.17262 37.3229
internal_count=14062 9326 7015 4843 2172 2311 2018 4736 1050 957 93 293
cat_boundaries=0 1 2
cat_threshold=24 32
is_linear=0
shrinkage=0.05


Tree=50
num_leaves=12
num_cat=4
split_feature=0 0 32 34 1 32 39 34 39 1 5
split_gain=79.5828 20.3755 16.0385 29.168 15.154 12.2538 19.6509 17.5429 9.83157 11.8399 12.0327
threshold=0 1 29.595238000000005 24.250000000000004 2 28.111012000000006 27.450000000000006 24.850000000000005 17.650000000000002 3 -0.96687281075841669
decision_type=1 1 2 2 1 2 2 2 2 1 2
left_child=8 2 3 -2 -4 7 -7 -3 9 10 -1
right_child=1 5 4 -5 -6 6 -8 -9 -10 -11 -12
leaf_value=0.067601770484500376 0.0093909516045249577 0.0010890411875335002 0.0057122431383375138 -0.010808125593538047 0.050923021394121804 -0.022987942114552525 0.037733789555717344 -0.049298396485983054 -0.050569338044874707 -0.049628809092570558 -0.014958197883333291
leaf_weight=4.6695875599980381 823.77909299731255 464.21904385834932 36.39253556728363 227.26728038489819 37.382508561015129 135.488894443959 13.862609602510927 16.940517161041498 81.329095097258687 17.756227023899555 18.951081084087491
leaf_count=44 3397 3350 149 979 153 1166 73 136 3623 512 472
internal_value=-0.000275375 0.00254306 0.00655602 0.00501719 0.0289956 -0.00460565 -0.0171383 -0.00078355 -0.0374653 -0.0199639 0.00344596
internal_weight=1878.04 1755.33 1124.82 1051.05 73.775 630.511 149.352 481.16 122.706 41.3769 23.6207
internal_count=14054 9403 4678 4376 302 4725 1239 3486 4651 1028 516
cat_boundaries=0 1 2 3 4
cat_threshold=24 6 1 1
is_linear=0
shrinkage=0.05


Tree=51
num_leaves=13
num_cat=2
split_feature=0 0 32 34 38 42 40 4 39 5 2 39
split_gain=83.5671 21.441 18.1362 30.6401 18.4942 18.058 29.4281 22.9239 6.89952 7.54849 6.35202 6.15571
threshold=0 1 26.469345500000006 22.650000000000002 6.112797500000001 4.5000000000000009 32.850000000000009 0.94704596667653973 17.650000000000002 -0.96687281075841669 11.500000000000002 17.250000000000004
decision_type=1 1 2 2 2 2 2 2 2 2 2 2
left_child=8 2 4 -4 -2 7 -7 -3 9 11 -11 -1
right_child=1 5 3 -5 -6 6 -8 -9 -10 10 -12 -13
leaf_value=0.045408670350177822 -0.030147510580984995 0.0025070813100970361 -0.021144951994690294 0.01273419953805064 0.037292645936731539 -0.019733218390319118 0.0010458285770340683 0.035775919338438988 -0.050487877715114128 -0.049354887484739957 -0.0026697067628055683 -0.038857430942976723
leaf_weight=5.4322692565619937 10.662407323718069 246.84208357706666 79.679615199565887 386.56645140051842 91.972451627254486 231.68136839568615 636.16936994343996 64.583302050828934 78.116415085271001 21.9364402461797 10.853017698973416 2.3661861382424831
leaf_count=57 44 1443 336 1592 381 1467 3757 360 3648 751 208 29
internal_value=0.000209142 0.00306252 0.0109419 0.00691152 0.0300632 -0.000804451 -0.00451767 0.00949879 -0.0385246 -0.0241029 -0.0344388 0.0183304
internal_weight=1866.86 1748.16 568.881 466.246 102.635 1179.28 867.851 311.425 118.704 40.5879 32.7895 7.79846
internal_count=14073 9380 2353 1928 425 7027 5224 1803 4693 1045 959 86
cat_boundaries=0 1 2
cat_threshold=24 2
is_linear=0
shrinkage=0.05


Tree=52
num_leaves=14
num_cat=3
split_feature=0 40 38 43 1 7 2 35 1 25 5 39 4
split_gain=76.1959 18.2269 22.6009 22.8254 20.8803 16.3862 7.12373 8.41567 11.8797 6.08646 5.16619 10.0945 1.2569
threshold=0 130.55000000000004 6.4553575000000007 14.350000000000003 1 26.052083500000006 11.500000000000002 80.366071500000018 2 9.7347220000000014 -0.96687281075841669 17.250000000000004 -0.96689237009891416
decision_type=1 2 2 2 1 2 2 2 1 2 2 2 2
left_child=6 2 4 -4 -2 12 10 -8 -9 -7 11 -1 -3
right_child=1 5 3 -5 -6 9 7 8 -10 -11 -12 -13 -14
leaf_value=0.030554727465865045 0.0019602844680168172 0.0045498721141287958 -0.0051131977348222966 0.0075843956419602912 0.029117666257056397 -0.06264517563959697 -0.044559090797749099 0.080406361499784196 -0.039429002023635196 0.001144441092803018 -0.050574344133328425 -0.047198786703039536 0.04391324690985858
leaf_weight=5.9216564521193495 137.0615629889071 3.8414068408310413 791.36080265045166 638.64859557896852 145.69909007847309 21.542391195893291 6.0513791907578689 3.8324688747525215 2.8031890280544758 4.4405579194426528 85.553781896829605 9.8403572589158994 4.0065293721854678
leaf_count=59 720 21 4352 3391 713 126 185 50 49 23 3973 379 20
internal_value=-0.000308981 0.00237708 0.00311712 0.000558942 0.0160071 -0.0334205 -0.0380244 -0.00552331 0.0312488 -0.052105 -0.0457169 -0.0179073 0.0273375
internal_weight=1860.6 1746.6 1712.77 1430.01 282.761 33.8309 114.003 12.687 6.63566 25.9829 101.316 15.762 7.84794
internal_count=14061 9366 9176 7743 1433 190 4695 284 99 149 4411 438 41
cat_boundaries=0 1 2 3
cat_threshold=24 1 1
is_linear=0
shrinkage=0.05


Tree=53
num_leaves=13
num_cat=1
split_feature=0 44 34 39 40 44 39 34 39 5 39 2
split_gain=68.8956 17.9615 28.8673 24.8468 38.2328 31.7655 22.0484 18.8936 7.6709 9.75944 5.92279 5.01803
threshold=0 29.350000000000005 23.350000000000005 20.000000000000004 50.350000000000009 38.350000000000009 15.250000000000002 20.250000000000004 17.650000000000002 -0.96687281075841669 17.250000000000004 11.500000000000002
decision_type=1 2 2 2 2 2 2 2 2 2 2 2
left_child=8 2 7 5 -5 -3 -4 -2 9 10 -1 -11
right_child=1 3 6 4 -6 -7 -8 -9 -10 11 -12 -13
leaf_value=0.046703892307515739 -0.0055994763000067772 -0.0033580555165768364 -0.048494775191556268 -0.0032287139202494168 0.016867855343122958 -0.038677072527183394 0.026922952667234171 0.040614204734017736 -0.050313657298773795 -0.048990212866718813 -0.037172663083474868 -0.0061624872184468625
leaf_weight=6.2751367017626745 28.628656096756458 548.0278911665082 23.797204211354256 553.62467088550329 412.03423702344298 71.068857196718454 15.08101239800453 93.007195066660643 70.626198036596179 19.904025012627244 2.1086838319897652 10.641095781698825
leaf_count=61 137 2979 139 3048 2131 400 76 466 3635 749 28 206
internal_value=-0.000564521 0.00195171 0.017847 0.00034381 0.00535481 -0.00746832 -0.0192984 0.0297802 -0.0371232 -0.0218291 0.0238942 -0.0347385
internal_weight=1854.82 1745.27 160.514 1584.76 965.659 619.097 38.8782 121.636 109.555 38.9289 8.38382 30.5451
internal_count=14055 9376 818 8558 5179 3379 215 603 4679 1044 89 955
cat_boundaries=0 1
cat_threshold=24
is_linear=0
shrinkage=0.05


end of trees

feature_importances:
age_group=129
wind_speed_max_7d=84
day_of_year_cos=66
wind_speed_mean_7d=44
month=43
precipitation_sum_7d=38
gender=37
day_of_year_sin=34
wind_gust_max_7d=33
temperature_min_7d=31
temperature_max_7d=28
weather_code_current=22
temperature_mean_7d=18
humidity_mean_7d=17
humidity_min_7d=17
humidity_max_7d=15
rain_max_daily_7d=13
wind_gust_max_3d=6
temperature_max_3d=5
rain_days_7d=5
temperature_max_current=4
humidity_mean_3d=4
temperature_mean_current=3
humidity_min_current=3
humidity_min_3d=3
wind_speed_max_3d=3
rain_sum_7d=3
wind_speed_mean_current=2
humidity_mean_current=1
temperature_min_3d=1
wind_speed_mean_3d=1
rain_max_daily_3d=1

parameters:
[boosting: gbdt]
[objective: binary]
[metric: binary_logloss]
[tree_learner: serial]
[device_type: cpu]
[data_sample_strategy: bagging]
[data: ]
[valid: ]
[num_iterations: 54]
[learning_rate: 0.05]
[num_leaves: 15]
[num_threads: 8]
[seed: 42]
[deterministic: 0]
[force_col_wise: 0]
[force_row_wise: 0]
[histogram_pool_size: -1]
[max_depth: 4]
[min_data_in_leaf: 20]
[min_sum_hessian_in_leaf: 0.001]
[bagging_fraction: 0.9]
[pos_bagging_fraction: 1]
[neg_bagging_fraction: 1]
[bagging_freq: 1]
[bagging_seed: 400]
[bagging_by_query: 0]
[feature_fraction: 0.9]
[feature_fraction_bynode: 1]
[feature_fraction_seed: 30056]
[extra_trees: 0]
[extra_seed: 12879]
[early_stopping_round: 0]
[early_stopping_min_delta: 0]
[first_metric_only: 0]
[max_delta_step: 0]
[lambda_l1: 0]
[lambda_l2: 1]
[linear_lambda: 0]
[min_gain_to_split: 0]
[drop_rate: 0.1]
[max_drop: 50]
[skip_drop: 0.5]
[xgboost_dart_mode: 0]
[uniform_drop: 0]
[drop_seed: 17869]
[top_rate: 0.2]
[other_rate: 0.1]
[min_data_per_group: 100]
[max_cat_threshold: 32]
[cat_l2: 10]
[cat_smooth: 10]
[max_cat_to_onehot: 4]
[top_k: 20]
[monotone_constraints: ]
[monotone_constraints_method: basic]
[monotone_penalty: 0]
[feature_contri: ]
[forcedsplits_filename: ]
[refit_decay_rate: 0.9]
[cegb_tradeoff: 1]
[cegb_penalty_split: 0]
[cegb_penalty_feature_lazy: ]
[cegb_penalty_feature_coupled: ]
[path_smooth: 0]
[interaction_constraints: ]
[verbosity: -1]
[saved_feature_importance_type: 0]
[use_quantized_grad: 0]
[num_grad_quant_bins: 4]
[quant_train_renew_leaf: 0]
[stochastic_rounding: 1]
[linear_tree: 0]
[max_bin: 255]
[max_bin_by_feature: ]
[min_data_in_bin: 3]
[bin_construct_sample_cnt: 200000]
[data_random_seed: 175]
[is_enable_sparse: 1]
[enable_bundle: 1]
[use_missing: 1]
[zero_as_missing: 0]
[feature_pre_filter: 1]
[pre_partition: 0]
[two_round: 0]
[header: 0]
[label_column: ]
[weight_column: ]
[group_column: ]
[ignore_column: ]
[categorical_feature: 0,1,3]
[forcedbins_filename: ]
[precise_float_parser: 0]
[parser_config_file: ]
[objective_seed: 16083]
[num_class: 1]
[is_unbalance: 0]
[scale_pos_weight: 1]
[sigmoid: 1]
[boost_from_average: 1]
[reg_sqrt: 0]
[alpha: 0.9]
[fair_c: 1]
[poisson_max_delta_step: 0.7]
[tweedie_variance_power: 1.5]
[lambdarank_truncation_level: 30]
[lambdarank_norm: 1]
[label_gain: ]
[lambdarank_position_bias_regularization: 0]
[eval_at: ]
[multi_error_top_k: 1]
[auc_mu_weights: ]
[num_machines: 1]
[local_listen_port: 12400]
[time_out: 120]
[machine_list_filename: ]
[machines: ]
[gpu_platform_id: -1]
[gpu_device_id: -1]
[gpu_device_id_list: ]
[gpu_use_dp: 0]
[num_gpu: 1]

end of parameters

pandas_categorical:[]
