tree
version=v4
num_class=1
num_tree_per_iteration=1
label_index=0
max_feature_idx=44
objective=binary sigmoid:1
feature_names=age_group gender month season day_of_year_sin day_of_year_cos weather_code_current temperature_mean_current temperature_max_current temperature_min_current humidity_mean_current humidity_max_current humidity_min_current wind_speed_mean_current wind_speed_max_current precipitation_sum_current rain_sum_current wind_gust_max_current rain_day_current temperature_mean_3d temperature_max_3d temperature_min_3d humidity_mean_3d humidity_max_3d humidity_min_3d wind_speed_mean_3d wind_speed_max_3d precipitation_sum_3d rain_sum_3d rain_days_3d rain_max_daily_3d wind_gust_max_3d temperature_mean_7d temperature_max_7d temperature_min_7d humidity_mean_7d humidity_max_7d humidity_min_7d wind_speed_mean_7d wind_speed_max_7d precipitation_sum_7d rain_sum_7d rain_days_7d rain_max_daily_7d wind_gust_max_7d
feature_infos=-1:0:1:2:3:4:5 -1:0:1 [1:12] -1:1:0 [-0.99999942202469239:0.99998555065071859] [-0.99997919295908244:0.9999907524084426] [0:61] [23.658332999999999:32.533332999999999] [25.899999999999999:39.200000000000003] [17.899999999999999:29.300000000000001] [48.958333000000003:91.625] [63:100] [23:86] [2.8541669999999999:19.695833] [6.4000000000000004:30.100000000000001] [0:63.100000000000001] [0:63.100000000000001] [14:56.899999999999999] [0:1] [23.766667000000002:32.427778000000004] [27.699999999999999:39.200000000000003] [17.899999999999999:28.100000000000001] [52.569443999999997:90.694444000000004] [73:100] [23:79] [4.125:17.329167000000002] [9.6999999999999993:30.100000000000001] [0:93.900000000000006] [0:93.900000000000006] [0:3] [0:63.100000000000001] [17.300000000000001:56.899999999999999] [24.365476000000001:32.235118999999997] [28.699999999999999:39.200000000000003] [17.899999999999999:27.5] [55.767856999999999:89.523809999999997] [77:100] [23:72] [4.5327380000000002:15.469643] [11.6:30.100000000000001] [0:163.90000000000001] [0:163.90000000000001] [0:7] [0:63.100000000000001] [23:56.899999999999999]
tree_sizes=1671 1708 1703 1494 1504 1728

Tree=0
num_leaves=15
num_cat=3
split_feature=0 2 32 1 0 5 43 43 8 43 9 4 38 24
split_gain=475.861 113.494 109.573 107.35 53.6594 76.9532 85.8862 50.0429 95.1282 21.6246 11.1437 3.48205 12.9471 0.615448
threshold=0 11.500000000000002 26.971428500000005 1 2 -0.6391983530350368 19.600000000000005 0.55000000000000016 33.150000000000013 38.900000000000006 24.950000000000003 0.61237135649459018 8.3872025000000026 43.500000000000007
decision_type=1 2 2 1 1 2 2 2 2 2 2 2 2 2
left_child=1 7 3 -3 5 6 -2 10 -9 -7 -1 -6 -13 -4
right_child=4 2 13 -5 11 9 -8 8 -10 -11 -12 12 -14 -15
leaf_value=-3.2590328114315446 -3.2394651283146638 -2.7502866225265121 -3.218111813330562 -3.1385825837570565 -3.2765777263296627 -3.2591774091932493 -3.0621775037168439 -3.1805891831013224 -3.0848743752757732 -3.0823112381638529 -3.1769438858606285 -3.2279959083759056 -3.2737467804386529 -3.2612026013728084
leaf_weight=15.924672044813635 13.754797562956812 3.7513084262609464 0.73555067181587253 3.7145308926701546 173.36929334700108 58.439500875771046 12.283696219325064 105.99285180866718 34.166328705847263 0.80910573899745841 4.5236366316676131 20.521863743662834 63.551578044891357 2.3169846162199974
leaf_count=433 374 102 20 101 4714 1589 334 2882 929 22 123 558 1728 63
internal_value=-3.22521 -3.15953 -3.00323 -2.91046 -3.259 -3.22316 -3.1529 -3.16703 -3.15643 -3.25444 -3.23948 -3.27046 -3.26275 -3.25171
internal_weight=513.856 171.126 10.5184 7.46584 342.73 85.2871 26.0385 160.607 140.159 59.2486 20.4483 257.443 84.0734 3.05254
internal_count=13972 4653 286 203 9319 2319 708 4367 3811 1611 556 7000 2286 83
cat_boundaries=0 1 2 3
cat_threshold=5 1 2
is_linear=0
shrinkage=1


Tree=1
num_leaves=15
num_cat=3
split_feature=0 34 1 39 39 0 5 43 43 10 30 34 40 21
split_gain=427.961 79.1075 114.141 50.1768 74.7607 47.6109 70.353 53.58 19.7043 16.5459 11.6635 5.44955 26.7148 3.03072
threshold=0 19.950000000000006 1 17.350000000000005 18.050000000000004 2 -0.6523320455745395 19.600000000000005 38.900000000000006 67.020833500000023 1.2500000000000002 25.450000000000003 32.850000000000009 22.450000000000003
decision_type=1 2 1 2 2 1 2 2 2 2 2 2 2 2
left_child=1 2 9 10 -5 6 7 -2 -8 -1 -3 13 -13 -7
right_child=5 3 -4 4 -6 11 8 -9 -10 -11 -12 12 -14 -15
leaf_value=0.10048072122286429 -0.0069909201018606209 0.053064322622458374 -0.034894454492945363 0.1937722853570501 0.058670293262880896 -0.031805938513338718 -0.035466848905392964 0.12954076757356045 0.12706647871452822 0.49780039666643366 -0.015626409712667873 -0.048224448267076316 0.09836847134454324 -0.050632685387886955
leaf_weight=0.97675735875964109 13.498188346624376 7.0981153547763816 2.0256712213158607 10.393957797437904 133.49506391957402 31.443378649652004 56.849935319274664 14.13271604478359 0.9641745388507833 1.6373981386423109 25.089209664613008 13.132431633770468 3.0043974220752707 198.45873602479696
leaf_count=22 372 182 52 265 3420 892 1595 331 23 29 646 373 83 5640
internal_value=0.000321144 0.0601237 0.249289 0.0571547 0.0696995 -0.0331749 0.000588665 0.064928 -0.0306419 0.418223 0.000664119 -0.0444238 -0.0167839 -0.0482067
internal_weight=512.2 180.716 4.63983 176.076 143.889 331.484 85.445 27.6309 57.8141 2.61416 32.1873 246.039 16.1368 229.902
internal_count=13925 4616 103 4513 3685 9309 2321 703 1618 51 828 6988 456 6532
cat_boundaries=0 1 2 3
cat_threshold=5 1 2
is_linear=0
shrinkage=0.05


Tree=2
num_leaves=15
num_cat=3
split_feature=0 32 1 5 32 5 0 5 43 21 37 39 33 38
split_gain=386.784 72.6381 92.0603 87.0755 62.2974 263.38 47.1995 60.9051 42.4262 34.5682 33.78 19.5087 3.0293 7.81112
threshold=0 26.361012000000006 1 0.16587474750015926 28.410119000000005 -0.90161545992537195 2 -0.6391983530350368 19.600000000000005 23.350000000000005 32.500000000000007 14.050000000000002 33.650000000000013 8.4187500000000011
decision_type=1 2 1 2 2 2 1 2 2 2 2 2 2 2
left_child=1 2 3 -1 10 -6 7 8 -2 -4 -3 -9 -8 -14
right_child=6 4 9 -5 5 -7 12 11 -10 -11 -12 -13 13 -15
leaf_value=-0.025379408348213485 -0.0084164421234325746 -0.048442141061041638 -0.03037519059144609 0.27541094914774028 0.497375018772791 0.057063148030713495 -0.051461559268963258 0.092159962038527443 0.10792223198094282 0.14000484325642951 0.03437217092438942 -0.037251686607512637 -0.01578835495809144 -0.048457364707603534
leaf_weight=2.8081742376089105 13.977702639997007 12.969617255032061 8.274798605591057 11.033580373972653 2.7329965569078913 42.899843111634254 149.96944734826684 2.1375697925686827 16.453033655881882 3.433722212910653 109.86498553678393 53.847402330487967 28.151324454694986 59.305906109511852
leaf_count=69 388 326 208 226 62 1012 4461 62 343 85 2700 1552 812 1765
internal_value=-0.00018476 0.0539088 0.133955 0.216789 0.044231 0.0935341 -0.0332937 3.6046e-05 0.055917 0.0266765 0.0253076 -0.03078 -0.0448891 -0.038239
internal_weight=517.86 194.018 25.5503 13.8418 168.467 45.6328 323.842 86.4157 30.4307 11.7085 122.835 55.985 237.427 87.4572
internal_count=14071 4688 588 295 4100 1074 9383 2345 731 293 3026 1614 7038 2577
cat_boundaries=0 1 2 3
cat_threshold=5 1 2
is_linear=0
shrinkage=0.05


Tree=3
num_leaves=13
num_cat=4
split_feature=0 1 39 0 4 34 2 39 4 38 1 21
split_gain=320.165 58.8718 75.1612 52.587 114.346 48.1574 46.1212 22.1873 4.91112 16.1207 23.3578 3.62051
threshold=0 1 22.950000000000003 2 0.63257020223555627 19.650000000000002 5.5000000000000009 24.950000000000003 0.61237135649459018 8.3872025000000026 3 21.350000000000005
decision_type=1 1 2 1 2 2 2 2 2 2 1 2
left_child=1 2 5 4 -3 -1 -5 -4 -2 10 -10 -11
right_child=8 3 7 6 -6 -7 -8 -9 9 11 -12 -13
leaf_value=0.22722473104794172 -0.051381183269696443 0.0027196552049031353 -0.041909097976284754 -0.050961963090448453 0.16086089720419761 0.069339487103753025 0.019015466774978704 0.032462499742735018 0.057310568469288115 0.0097766354786774107 -0.04710723895689569 -0.050757637710181172
leaf_weight=4.3235615007579318 152.699941881001 33.564282026141882 18.491574693471193 42.184566807001829 16.361439142376184 105.00929447263479 50.941518016159534 19.666011951863766 9.550362341105938 2.2793045341968527 9.8850319124758244 52.831993848085403
leaf_count=58 4757 803 452 1085 378 2524 1268 479 276 70 285 1645
internal_value=-0.000805247 0.0334546 0.0566654 0.0116187 0.047382 0.0775859 -0.0116501 -0.00372862 -0.044096 -0.0345275 0.00449629 -0.0481244
internal_weight=517.789 290.542 147.49 143.052 49.9257 109.333 93.1261 38.1576 227.247 74.5467 19.4354 55.1113
internal_count=14080 7047 3513 3534 1181 2582 2353 931 7033 2276 561 1715
cat_boundaries=0 1 2 3 4
cat_threshold=7 1 1 1
is_linear=0
shrinkage=0.05


Tree=4
num_leaves=13
num_cat=3
split_feature=0 1 32 0 4 5 34 4 4 38 33 21
split_gain=291.339 41.6688 64.5808 49.0899 95.0769 48.7012 46.6269 42.7361 5.46096 17.3337 22.4427 6.53767
threshold=0 1 26.147024000000005 2 0.59177612190863982 -0.98521978256641018 24.150000000000002 0.17646842360078757 0.61237135649459018 8.0687500000000032 33.650000000000013 22.450000000000003
decision_type=1 1 2 1 2 2 2 2 2 2 2 2
left_child=1 2 7 4 -3 -4 -5 -1 -2 10 -10 -11
right_child=8 3 5 6 -6 -7 -8 -9 9 11 -12 -13
leaf_value=0.18286541120913283 -0.051277783065582165 0.0015766331000448498 0.14287644046849551 -0.0374396034076954 0.1379946021078029 0.030355537908728122 0.037744163600845586 -0.036780329320340963 -0.045608786376046775 0.0083249169433322386 0.069411108529548668 -0.050690507430802494
leaf_weight=12.0723371617496 144.81894096359611 33.361487329006195 9.5044541321694833 60.37602299451828 19.719295550137758 131.88325789943337 30.116605374962091 2.3053385615348807 7.3571885414421541 4.8562603294849387 7.6663194559514523 52.808777397498488
leaf_count=200 4733 795 212 1575 398 3075 739 49 219 150 211 1710
internal_value=-0.000661093 0.0309126 0.0497781 0.0123806 0.0454633 0.0388698 -0.011069 0.147546 -0.043481 -0.0333629 0.0137534 -0.0456633
internal_weight=516.846 299.339 155.765 143.573 53.0808 141.388 90.4926 14.3777 217.507 72.6885 15.0235 57.665
internal_count=14066 7043 3536 3507 1193 3287 2314 249 7023 2290 430 1860
cat_boundaries=0 1 2 3
cat_threshold=7 1 1
is_linear=0
shrinkage=0.05


Tree=5
num_leaves=15
num_cat=2
split_feature=0 2 0 5 32 43 43 8 39 23 43 4 38 10
split_gain=285.326 42.4859 40.4609 53.7633 36.0705 34.8285 30.8552 49.8682 26.0466 15.9033 10.8804 5.73588 17.9194 0.540445
threshold=0 11.500000000000002 1 -0.6391983530350368 26.971428500000005 19.600000000000005 0.55000000000000016 33.150000000000013 14.050000000000002 96.500000000000014 9.3500000000000032 0.61237135649459018 8.3872025000000026 69.395833500000023
decision_type=1 2 1 2 2 2 2 2 2 2 2 2 2 2
left_child=1 6 3 5 10 -2 9 -8 -5 -1 -3 -4 -13 -6
right_child=2 4 11 8 13 -7 7 -9 -10 -11 -12 12 -14 -15
leaf_value=-0.028256998681807977 -0.0098292870349177257 0.16466711371608495 -0.051179809713436435 0.10068092509693934 0.0042138697799876858 0.0917813898718777 0.028359824965582221 0.08795450381697649 -0.038982166170077243 0.10276657006494128 0.019726157259712888 0.0089691847362171357 -0.047668518370653279 -0.036704290467461272
leaf_weight=21.91443265974522 14.443305786699055 12.623127829283478 138.06145843118429 2.6106607541441909 0.81131510064005796 18.687798045575619 130.12611796334386 47.991273477673531 53.474084800109267 1.5930822417139996 1.7561844401061524 18.745226088911295 50.716008752584457 2.3746215514838696
leaf_count=522 383 178 4734 64 20 338 2920 938 1556 37 29 538 1724 60
internal_value=0.000615256 0.0426957 -0.0309031 -0.00104591 0.1175 0.0484947 0.0377382 0.0448182 -0.0308312 -0.0155467 0.149399 -0.0430402 -0.0324736 -0.0277669
internal_weight=515.929 219.19 296.739 89.2158 17.5652 33.1311 201.625 178.117 56.0847 23.5075 14.3793 207.523 69.4612 3.18594
internal_count=14041 4704 9337 2341 287 721 4417 3858 1620 559 207 6996 2262 80
cat_boundaries=0 1 2
cat_threshold=5 2
is_linear=0
shrinkage=0.05


end of trees

feature_importances:
age_group=12
rain_max_daily_7d=9
day_of_year_sin=7
day_of_year_cos=7
gender=6
wind_speed_max_7d=6
temperature_mean_7d=5
wind_speed_mean_7d=5
temperature_min_3d=4
temperature_min_7d=4
month=3
temperature_max_current=2
humidity_mean_current=2
temperature_max_7d=2
temperature_min_current=1
humidity_max_3d=1
humidity_min_3d=1
rain_max_daily_3d=1
humidity_min_7d=1
precipitation_sum_7d=1

parameters:
[boosting: gbdt]
[objective: binary]
[metric: binary_logloss]
[tree_learner: serial]
[device_type: cpu]
[data_sample_strategy: bagging]
[data: ]
[valid: ]
[num_iterations: 6]
[learning_rate: 0.05]
[num_leaves: 15]
[num_threads: 8]
[seed: 42]
[deterministic: 0]
[force_col_wise: 0]
[force_row_wise: 0]
[histogram_pool_size: -1]
[max_depth: 4]
[min_data_in_leaf: 20]
[min_sum_hessian_in_leaf: 0.001]
[bagging_fraction: 0.9]
[pos_bagging_fraction: 1]
[neg_bagging_fraction: 1]
[bagging_freq: 1]
[bagging_seed: 400]
[bagging_by_query: 0]
[feature_fraction: 0.9]
[feature_fraction_bynode: 1]
[feature_fraction_seed: 30056]
[extra_trees: 0]
[extra_seed: 12879]
[early_stopping_round: 0]
[early_stopping_min_delta: 0]
[first_metric_only: 0]
[max_delta_step: 0]
[lambda_l1: 0]
[lambda_l2: 1]
[linear_lambda: 0]
[min_gain_to_split: 0]
[drop_rate: 0.1]
[max_drop: 50]
[skip_drop: 0.5]
[xgboost_dart_mode: 0]
[uniform_drop: 0]
[drop_seed: 17869]
[top_rate: 0.2]
[other_rate: 0.1]
[min_data_per_group: 100]
[max_cat_threshold: 32]
[cat_l2: 10]
[cat_smooth: 10]
[max_cat_to_onehot: 4]
[top_k: 20]
[monotone_constraints: ]
[monotone_constraints_method: basic]
[monotone_penalty: 0]
[feature_contri: ]
[forcedsplits_filename: ]
[refit_decay_rate: 0.9]
[cegb_tradeoff: 1]
[cegb_penalty_split: 0]
[cegb_penalty_feature_lazy: ]
[cegb_penalty_feature_coupled: ]
[path_smooth: 0]
[interaction_constraints: ]
[verbosity: -1]
[saved_feature_importance_type: 0]
[use_quantized_grad: 0]
[num_grad_quant_bins: 4]
[quant_train_renew_leaf: 0]
[stochastic_rounding: 1]
[linear_tree: 0]
[max_bin: 255]
[max_bin_by_feature: ]
[min_data_in_bin: 3]
[bin_construct_sample_cnt: 200000]
[data_random_seed: 175]
[is_enable_sparse: 1]
[enable_bundle: 1]
[use_missing: 1]
[zero_as_missing: 0]
[feature_pre_filter: 1]
[pre_partition: 0]
[two_round: 0]
[header: 0]
[label_column: ]
[weight_column: ]
[group_column: ]
[ignore_column: ]
[categorical_feature: 0,1,3]
[forcedbins_filename: ]
[precise_float_parser: 0]
[parser_config_file: ]
[objective_seed: 16083]
[num_class: 1]
[is_unbalance: 0]
[scale_pos_weight: 1]
[sigmoid: 1]
[boost_from_average: 1]
[reg_sqrt: 0]
[alpha: 0.9]
[fair_c: 1]
[poisson_max_delta_step: 0.7]
[tweedie_variance_power: 1.5]
[lambdarank_truncation_level: 30]
[lambdarank_norm: 1]
[label_gain: ]
[lambdarank_position_bias_regularization: 0]
[eval_at: ]
[multi_error_top_k: 1]
[auc_mu_weights: ]
[num_machines: 1]
[local_listen_port: 12400]
[time_out: 120]
[machine_list_filename: ]
[machines: ]
[gpu_platform_id: -1]
[gpu_device_id: -1]
[gpu_device_id_list: ]
[gpu_use_dp: 0]
[num_gpu: 1]

end of parameters

pandas_categorical:[]
