tree
version=v4
num_class=1
num_tree_per_iteration=1
label_index=0
max_feature_idx=44
objective=binary sigmoid:1
feature_names=age_group gender month season day_of_year_sin day_of_year_cos weather_code_current temperature_mean_current temperature_max_current temperature_min_current humidity_mean_current humidity_max_current humidity_min_current wind_speed_mean_current wind_speed_max_current precipitation_sum_current rain_sum_current wind_gust_max_current rain_day_current temperature_mean_3d temperature_max_3d temperature_min_3d humidity_mean_3d humidity_max_3d humidity_min_3d wind_speed_mean_3d wind_speed_max_3d precipitation_sum_3d rain_sum_3d rain_days_3d rain_max_daily_3d wind_gust_max_3d temperature_mean_7d temperature_max_7d temperature_min_7d humidity_mean_7d humidity_max_7d humidity_min_7d wind_speed_mean_7d wind_speed_max_7d precipitation_sum_7d rain_sum_7d rain_days_7d rain_max_daily_7d wind_gust_max_7d
feature_infos=-1:0:1:2:3:4:5 -1:0:1 [1:12] -1:1:0 [-0.99999942202469239:0.99998555065071859] [-0.99997919295908244:0.9999907524084426] [0:61] [23.658332999999999:32.533332999999999] [25.899999999999999:39.200000000000003] [17.899999999999999:29.300000000000001] [48.958333000000003:91.625] [63:100] [23:86] [2.8541669999999999:19.695833] [6.4000000000000004:30.100000000000001] [0:63.100000000000001] [0:63.100000000000001] [14:56.899999999999999] [0:1] [23.766667000000002:32.427778000000004] [27.699999999999999:39.200000000000003] [17.899999999999999:28.100000000000001] [52.569443999999997:90.694444000000004] [73:100] [23:79] [4.125:17.329167000000002] [9.6999999999999993:30.100000000000001] [0:93.900000000000006] [0:93.900000000000006] [0:3] [0:63.100000000000001] [17.300000000000001:56.899999999999999] [24.365476000000001:32.235118999999997] [28.699999999999999:39.200000000000003] [17.899999999999999:27.5] [55.767856999999999:89.523809999999997] [77:100] [23:72] [4.5327380000000002:15.469643] [11.6:30.100000000000001] [0:163.90000000000001] [0:163.90000000000001] [0:7] [0:63.100000000000001] [23:56.899999999999999]
tree_sizes=779 1070 1093 1090 791 1081 1755 776 795 898 1004 1320 782 1098 1324 1216 1014 1184 1330 1751 1100 1113 1220 1216 1224 1116 1311 1222 884 1327 1308 1306 1326 1221 1112 1324 1401 1220 1431 1529 1414 1307 1323 1222 1207 1421 1420 1211 1315 1426 1313 1223 1212 1435 1522 1104 1428 1744 1104 1109 1405 1107 1010 1119 1116

Tree=0
num_leaves=6
num_cat=1
split_feature=0 38 4 38 4
split_gain=6414.45 78.735 81.2733 245.09 80.2538
threshold=0 14.349107500000001 0.63257020223555627 11.149702000000001 -0.97509794945709782
decision_type=1 2 2 2 2
left_child=1 2 4 -4 -1
right_child=-2 -3 3 -5 -6
leaf_value=-2.1755954885975912 -2.379843158727041 -2.3619978812138371 -2.1817333172696238 -1.9579118809421057 -2.0153842094073284
leaf_weight=11.428664714097975 941.60849633812904 1.8642502725124348 42.148267030715942 17.913013488054276 117.52882152795792
leaf_count=141 11617 23 520 221 1450
internal_value=-2.32557 -2.06957 -2.05301 -2.11004 -2.02831
internal_weight=1132.49 190.883 189.019 60.0613 128.957
internal_count=13972 2355 2332 741 1591
cat_boundaries=0 1
cat_threshold=8
is_linear=0
shrinkage=1


Tree=1
num_leaves=9
num_cat=2
split_feature=0 1 4 5 4 44 4 34
split_gain=4885.39 60.0229 130.717 100.229 79.7249 58.96 47.55 11.39
threshold=0 1 -0.814291907305839 0.097680735332368721 0.10837544681456417 48.800000000000004 0.8697513045430848 24.450000000000003
decision_type=1 1 2 2 2 2 2 2
left_child=1 5 3 -3 -4 6 -1 -7
right_child=-2 2 4 -5 -6 7 -8 -9
leaf_value=0.25691393388245448 -0.053196938866625104 -0.039763291093410653 0.26020133921292643 0.17927085447635399 0.15895331727967368 0.10824490384637674 0.15455044087076156 -0.022956149664591079
leaf_weight=94.74673830717802 897.89107751101255 11.506404504179956 37.055685102939606 8.148988410830496 59.181302450597286 3.2815614044666281 19.433167204260826 2.2127509042620659
leaf_count=936 11579 117 360 81 597 31 200 24
internal_value=0.000358865 0.197745 0.176325 0.0553294 0.200214 0.233242 0.240985 0.0600071
internal_weight=1133.46 235.567 115.892 19.6554 96.237 119.674 114.18 5.49431
internal_count=13925 2346 1155 198 957 1191 1136 55
cat_boundaries=0 1 2
cat_threshold=8 1
is_linear=0
shrinkage=0.05


Tree=2
num_leaves=9
num_cat=1
split_feature=0 42 24 38 40 40 40 32
split_gain=3945.97 53.6759 120.924 48.7403 24.0502 14.3401 18.0688 11.9167
threshold=0 4.5000000000000009 37.500000000000007 13.519047500000001 2.1500000000000008 4.0500000000000007 1.0000000180025095e-35 27.930655000000005
decision_type=1 2 2 2 2 2 2 2
left_child=1 5 4 -4 -3 6 -1 -7
right_child=-2 2 3 -5 -6 7 -8 -9
leaf_value=0.1278226069707846 -0.05297079771234281 0.10819099069127863 0.16528178787364889 -0.040253915703017583 -0.027000860568345317 0.14905604586537249 0.22948192360855951 0.0092902119516790477
leaf_weight=9.5382490158081037 869.50485426187515 3.5662812963128081 186.71096009016037 2.5712855085730544 10.851534083485602 6.034717880189417 53.451562657952309 2.1251136288046837
leaf_count=81 11722 31 1590 28 100 50 449 20
internal_value=-0.000580864 0.160839 0.151712 0.162293 0.0112875 0.206796 0.216326 0.117644
internal_weight=1144.35 274.85 203.7 189.282 14.4178 71.1496 62.9898 8.15983
internal_count=14071 2349 1749 1618 131 600 530 70
cat_boundaries=0 1
cat_threshold=8
is_linear=0
shrinkage=0.05


Tree=3
num_leaves=9
num_cat=1
split_feature=0 6 36 30 43 32 4 41
split_gain=3390.22 39.7465 37.7765 38.479 34.7982 45.7037 30.0633 23.1253
threshold=0 2.5000000000000004 88.500000000000014 1.1500000000000001 1.3500000000000003 28.609821500000006 0.10837544681456417 1.6500000000000001
decision_type=1 2 2 2 2 2 2 2
left_child=1 4 7 -4 5 -1 -6 -3
right_child=-2 2 3 -5 6 -7 -8 -9
leaf_value=0.081471730197103465 -0.052741874150193047 0.12185542278536608 0.19878644627639872 0.14355570375687027 0.12808294079274885 0.2130225324958297 0.038179701268782416 -0.045534164526672742
leaf_weight=15.730407632887365 830.9864798784256 2.6387865915894499 49.100027494132519 185.08629129827023 14.74611673504114 13.692170374095438 25.979632802307606 3.9106573835015297
leaf_count=118 11714 20 359 1413 108 100 212 36
internal_value=2.14504e-05 0.138039 0.152616 0.155931 0.105972 0.14768 0.0730217 0.0291152
internal_weight=1141.87 310.884 240.736 234.186 70.1483 29.4226 40.7257 6.54944
internal_count=14080 2366 1828 1772 538 218 320 56
cat_boundaries=0 1
cat_threshold=8
is_linear=0
shrinkage=0.05


Tree=4
num_leaves=6
num_cat=1
split_feature=0 34 4 39 44
split_gain=2825.76 37.4408 41.3482 68.0766 56.7194
threshold=0 26.050000000000004 0.63920241694561786 23.750000000000004 48.800000000000004
decision_type=1 2 2 2 2
left_child=1 2 4 -4 -1
right_child=-2 -3 3 -5 -6
leaf_value=0.13374952003312138 -0.052403759940086093 0.22753354926422364 0.056966654242487529 0.15120676313102022 0.0060643730179401273
leaf_weight=231.29548496007919 794.0808826982975 8.2171671614050847 63.580142505466938 27.989585570991039 9.1368745192885381
leaf_count=1550 11707 56 490 189 74
internal_value=-0.000791712 0.117563 0.117697 0.0870947 0.128942
internal_weight=1134.3 340.219 332.002 91.5697 240.432
internal_count=14066 2359 2303 679 1624
cat_boundaries=0 1
cat_threshold=8
is_linear=0
shrinkage=0.05


Tree=5
num_leaves=9
num_cat=2
split_feature=0 1 4 5 32 12 34 38
split_gain=2497.98 34.1216 56.9694 61.9573 42.3045 26.0786 18.2536 12.8074
threshold=0 1 -0.814291907305839 0.097680735332368721 27.430952500000004 75.500000000000014 25.250000000000004 7.547619000000001
decision_type=1 1 2 2 2 2 2 2
left_child=1 5 3 -3 -4 6 -1 -7
right_child=-2 2 4 -5 -6 7 -8 -9
leaf_value=0.12157016321412582 -0.052198738635907717 -0.043167122785335001 0.13140278332951968 0.10247693528450537 0.075788231899681174 -0.028759866406488546 0.18744867364012449 0.079508577534323804
leaf_weight=163.04414590448141 758.55387838929892 15.102442540228369 71.39461013674736 12.448536545038221 77.291971988976002 3.7569895237684232 14.629269070923327 6.1306318193674088
leaf_count=1033 11697 115 443 80 519 23 92 39
internal_value=-0.00065653 0.105209 0.0910052 0.0239245 0.103192 0.123582 0.128013 0.0395069
internal_weight=1122.35 363.799 176.238 27.551 148.687 187.561 177.673 9.88762
internal_count=14041 2344 1157 195 962 1187 1125 62
cat_boundaries=0 1 2
cat_threshold=8 1
is_linear=0
shrinkage=0.05


Tree=6
num_leaves=15
num_cat=1
split_feature=2 1 4 5 40 12 35 43 37 21 4 21 19 31
split_gain=13.472 14.292 18.2062 21.333 20.4426 11.1928 13.5643 7.84336 3.77021 2.49241 2.00641 3.01953 1.96527 1.69608
threshold=11.500000000000002 0 -0.814291907305839 0.097680735332368721 77.750000000000014 76.500000000000014 84.776786000000016 6.1500000000000012 65.500000000000014 23.150000000000002 -0.15951315977791497 21.150000000000002 27.100000000000005 21.400000000000002
decision_type=2 1 2 2 2 2 2 2 2 2 2 2 2 2
left_child=1 5 3 -3 -4 6 -1 10 -7 -9 13 -12 -11 -2
right_child=7 2 4 -5 -6 8 -8 9 -10 12 11 -13 -14 -15
leaf_value=-0.001890608863644772 0.0035134852820924833 -0.050128860612927865 -0.0095237371055526612 -0.00070700442457180502 0.017892395699974261 -0.042072249247263667 0.01482186746804608 -0.013538366057078458 -0.0023081144257580516 0.04135757923980958 0.036776589201524733 -0.0035243970779076095 -0.0076687948471003357 0.04293440230352006
leaf_weight=298.17838831990957 3.2288516908884075 50.081168301403522 346.49685497581959 38.187659934163094 83.568903565406799 16.395949438214306 203.57403875887394 17.212181165814403 9.2533186674118024 3.6021845787763587 8.0564788728952426 9.2218386977910978 3.1988397538661957 27.155586540699005
leaf_count=3752 42 686 4407 479 1046 207 2513 211 120 43 99 112 42 324
internal_value=-0.00110994 -0.00255431 -0.00844287 -0.028995 -0.00416718 0.00323804 0.00490607 0.0197082 -0.0283517 -0.00353525 0.0312506 0.016251 0.0202711 0.0389907
internal_weight=1117.41 1045.74 518.335 88.2688 430.066 527.402 501.752 71.676 25.6493 24.0132 47.6628 17.2783 6.80102 30.3844
internal_count=14083 13210 6618 1165 5453 6592 6265 873 327 296 577 211 85 366
cat_boundaries=0 1
cat_threshold=1
is_linear=0
shrinkage=0.05


Tree=7
num_leaves=6
num_cat=1
split_feature=0 34 34 38 26
split_gain=2200.76 26.024 37.1364 44.3685 23.3848
threshold=0 26.050000000000004 24.450000000000003 6.9169645000000015 10.65
decision_type=1 2 2 2 2
left_child=1 2 4 -4 -1
right_child=-2 -3 3 -5 -6
leaf_value=-0.024746338917059144 -0.051797377923530445 0.17448905451251781 0.16798377041087584 0.046060891577581399 0.10299172488512023
leaf_weight=3.2723563313484183 723.56015864014626 10.719570770859717 7.6885756552219382 67.137346357107162 300.66212768852711
leaf_count=21 11686 60 46 431 1802
internal_value=-0.000397085 0.0939021 0.0936406 0.060639 0.10154
internal_weight=1113.04 389.48 378.76 74.8259 303.934
internal_count=14046 2360 2300 477 1823
cat_boundaries=0 1
cat_threshold=8
is_linear=0
shrinkage=0.05


Tree=8
num_leaves=6
num_cat=1
split_feature=0 34 36 43 25
split_gain=1953.74 21.8895 30.6285 48.5211 29.6616
threshold=0 26.050000000000004 95.500000000000014 5.9500000000000011 10.420833500000002
decision_type=1 2 2 2 2
left_child=1 2 4 -4 -1
right_child=-2 -3 3 -5 -6
leaf_value=0.022983777667002311 -0.051617684978945068 0.15372314364023662 0.13222793342133335 0.081216040141624896 0.083524219572452915
leaf_weight=38.484730906784534 693.83120074123144 12.333134874701498 61.017893262207508 252.42695039510727 44.208158515393734
leaf_count=238 11723 63 335 1453 259
internal_value=-0.00078476 0.0846684 0.0842688 0.0915354 0.0559604
internal_weight=1102.3 408.471 396.138 313.445 82.6929
internal_count=14071 2348 2285 1788 497
cat_boundaries=0 1
cat_threshold=8
is_linear=0
shrinkage=0.05


Tree=9
num_leaves=7
num_cat=1
split_feature=0 43 43 40 42 21
split_gain=1763.82 24.9618 25.3337 41.0612 34.2601 15.6239
threshold=0 38.900000000000006 27.750000000000004 117.80000000000003 4.5000000000000009 24.850000000000005
decision_type=1 2 2 2 2 2
left_child=1 2 4 -4 -1 -3
right_child=-2 5 3 -5 -6 -7
leaf_value=0.098764230469963493 -0.051446137466828162 -0.053571039433642123 0.13546786977356681 0.033004411834621175 0.064603842422901958 0.067160321781993632
leaf_weight=114.43281449377537 663.50190072506666 5.3303408324718458 44.930195964872837 13.413654670119284 242.48473882675171 3.6481406390666962
leaf_count=599 11729 32 247 78 1357 21
internal_value=-0.00082573 0.0776618 0.0812674 0.112864 0.0758015 -0.00270104
internal_weight=1087.74 424.24 415.261 58.3439 356.918 8.97848
internal_count=14063 2334 2281 325 1956 53
cat_boundaries=0 1
cat_threshold=8
is_linear=0
shrinkage=0.05


Tree=10
num_leaves=8
num_cat=1
split_feature=0 39 38 5 34 4 42
split_gain=1555.19 18.9796 58.3205 40.2804 27.8095 30.3027 15.3985
threshold=0 21.350000000000005 8.8104165000000005 0.14888728888808322 20.550000000000004 -0.90163369914317004 4.5000000000000009
decision_type=1 2 2 2 2 2 2
left_child=1 2 3 -1 -3 -6 -4
right_child=-2 4 6 -5 5 -7 -8
leaf_value=0.047926481090333435 -0.051129100854424347 -0.020160027438688569 0.076172927948094493 0.092269094734359652 0.028749227748162451 0.09523229688033763 -0.0066943542267886265
leaf_weight=97.836411014199257 633.640495210886 5.8218864798545829 5.6688758581876746 117.40610042214394 20.426651418209076 157.42007675021887 34.418203182518482
leaf_count=529 11722 32 29 586 118 826 202
internal_value=-0.00136146 0.0699962 0.0621582 0.0724284 0.0842871 0.0877998 0.00659297
internal_weight=1072.64 438.998 255.33 215.243 183.669 177.847 40.0871
internal_count=14044 2322 1346 1115 976 944 231
cat_boundaries=0 1
cat_threshold=8
is_linear=0
shrinkage=0.05


Tree=11
num_leaves=11
num_cat=1
split_feature=0 6 36 24 6 40 43 44 4 4
split_gain=1408.15 22.5741 18.2515 21.2753 16.2473 15.4681 14.3055 6.57407 0.20899 2.89126
threshold=0 2.5000000000000004 88.500000000000014 58.500000000000007 1.5000000000000002 1.6500000000000001 1.3500000000000003 41.600000000000001 -0.67803021058859214 -0.83377653105606597
decision_type=1 2 2 2 2 2 2 2 2 2
left_child=1 4 5 -4 6 -3 -1 -6 9 -2
right_child=8 2 3 -5 7 -7 -8 -9 -10 -11
leaf_value=0.074187603571592153 -0.052314525753397512 0.065276833874463827 0.089150541885498272 0.062693819430646225 0.016690286276401681 -0.050780481410591494 0.032740727293071349 -0.052868574744898235 -0.052783633666884794 -0.033970997497360773
leaf_weight=39.545980155467987 94.276716902852058 4.3489658981561643 140.15201985836029 204.7555361315608 9.341862738132475 5.2006478160619736 48.898300282657146 4.0770902037620536 470.97070582583547 38.793842390179634
leaf_count=196 1838 22 688 1056 51 37 269 23 9103 751
internal_value=-0.00111644 0.0643318 0.0717883 0.0736711 0.0441937 0.00325051 0.0518951 -0.00664472 -0.0508072 -0.0472601
internal_weight=1060.36 456.32 354.457 344.908 101.863 9.54961 88.4443 13.419 604.041 133.071
internal_count=14034 2342 1803 1744 539 59 465 74 11692 2589
cat_boundaries=0 1
cat_threshold=8
is_linear=0
shrinkage=0.05


Tree=12
num_leaves=6
num_cat=2
split_feature=0 34 1 29 4
split_gain=1236.25 22.6056 23.4518 36.2062 20.9982
threshold=0 26.050000000000004 1 1.5000000000000002 0.86113431103781346
decision_type=1 2 1 2 2
left_child=1 2 4 -4 -1
right_child=-2 -3 3 -5 -6
leaf_value=0.074900874312840357 -0.050819299855788459 0.12052588651135157 0.084858368227542447 0.034113681055993286 0.033374785906530327
leaf_weight=190.9868158698082 575.66638758406043 14.22963973879814 44.083911381661892 175.74845845252275 39.017289347946644
leaf_count=920 11669 63 214 915 208
internal_value=-0.00231334 0.0576897 0.0567187 0.0446279 0.0680315
internal_weight=1039.73 464.066 449.836 219.832 230.004
internal_count=13989 2320 2257 1129 1128
cat_boundaries=0 1 2
cat_threshold=8 1
is_linear=0
shrinkage=0.05


Tree=13
num_leaves=9
num_cat=1
split_feature=0 34 34 34 43 37 38 44
split_gain=1163.5 18.3092 38.7208 23.9005 23.2794 9.54413 36.005 2.29844
threshold=0 25.350000000000005 24.550000000000004 24.950000000000003 38.900000000000006 34.500000000000007 11.772321500000002 35.800000000000004
decision_type=1 2 2 2 2 2 2 2
left_child=1 2 4 -4 -1 6 -3 -7
right_child=-2 5 3 -5 -6 7 -8 -9
leaf_value=0.059610856126787765 -0.050339169113327878 -0.053417656374911485 -0.015045826090929183 0.049235173086576794 -0.05085152804696768 0.068121278663584611 0.10540366124500232 0.12473429635393665
leaf_weight=388.19930843263865 552.15335785970092 4.7139945253729811 31.540594942867756 25.173880413174629 4.1140246987342826 7.1213597059249905 9.2450377792119962 15.638244509696959
leaf_count=1873 11715 28 169 129 25 36 39 72
internal_value=-0.00116076 0.0546411 0.0527512 0.0138453 0.0583261 0.0902268 0.0517839 0.110633
internal_weight=1037.9 485.746 449.028 56.7145 392.313 36.7186 13.959 22.7596
internal_count=14086 2371 2196 298 1898 175 67 108
cat_boundaries=0 1
cat_threshold=8
is_linear=0
shrinkage=0.05


Tree=14
num_leaves=11
num_cat=1
split_feature=0 2 39 34 38 34 40 38 4 4
split_gain=1093.59 19.8004 28.3244 34.2097 32.7924 28.1763 6.35166 5.95149 0.0110049 2.18155
threshold=0 9.5000000000000018 21.100000000000005 20.700000000000006 6.9169645000000015 23.850000000000005 80.550000000000011 6.4422620000000004 -0.67803021058859214 -0.83377653105606597
decision_type=1 2 2 2 2 2 2 2 2 2
left_child=1 2 4 -4 -1 7 -7 -3 9 -2
right_child=8 5 3 -5 -6 6 -8 -9 -10 -11
leaf_value=0.064096580757589547 -0.051836214211779634 0.061173999154925433 -0.046423224254999396 0.065167636293059952 0.019012862255884125 0.029360499355084831 -0.04804593663406654 0.091399311468559119 -0.052354575896983127 -0.034426373670985957
leaf_weight=59.206241443753242 82.932630654424429 36.725705653429031 6.4483283162116996 189.49419619143009 126.43552895635366 4.1479077041149122 4.5542818605899811 60.216217502951622 410.06502065435052 35.052636843174696
leaf_count=276 1856 164 33 904 638 20 23 270 9102 766
internal_value=-0.000959973 0.0524608 0.0479638 0.0612782 0.0336577 0.0730208 -0.0119267 0.0806902 -0.0502978 -0.0469967
internal_weight=1015.28 487.228 381.584 195.943 185.642 105.644 8.70219 96.9419 528.05 117.985
internal_count=14052 2328 1851 937 914 477 43 434 11724 2622
cat_boundaries=0 1
cat_threshold=8
is_linear=0
shrinkage=0.05


Tree=15
num_leaves=10
num_cat=1
split_feature=0 34 34 43 39 5 8 4 4
split_gain=983.203 16.4625 39.9375 20.6239 15.7308 13.1753 13.3584 0.10868 2.59979
threshold=0 25.050000000000004 24.550000000000004 38.900000000000006 21.250000000000004 -0.8142754349318998 32.350000000000001 -0.69057362043749781 -0.83377653105606597
decision_type=1 2 2 2 2 2 2 2 2
left_child=1 2 3 -1 -4 -3 -7 8 -2
right_child=7 5 4 -5 -6 6 -8 -9 -10
leaf_value=0.051725321449933165 -0.051672968119902976 0.12792139576180775 -0.027780717979182964 -0.05081449834062568 0.027909705679321235 -0.014531544906709271 0.071230532248015899 -0.052223937791881364 -0.032272473291275236
leaf_weight=400.49058629572392 77.970986269414425 9.8192718476057035 22.157273471355438 4.2128200829029074 27.039165616035461 4.844539910554885 35.086641520261765 395.01693607121706 31.351848740130663
leaf_count=1853 1830 43 119 26 136 25 162 9193 707
internal_value=-0.00128362 0.0476268 0.0453761 0.0505353 0.00277389 0.0762467 0.0607249 -0.0500763 -0.0464522
internal_weight=1007.99 503.65 453.9 404.703 49.1964 49.7505 39.9312 504.34 109.323
internal_count=14094 2364 2134 1879 255 230 187 11730 2537
cat_boundaries=0 1
cat_threshold=8
is_linear=0
shrinkage=0.05


Tree=16
num_leaves=8
num_cat=1
split_feature=0 34 36 43 42 4 4
split_gain=911.893 15.5618 19.5855 30.9952 22.2831 0.306886 2.88915
threshold=0 26.050000000000004 95.500000000000014 1.3500000000000003 4.5000000000000009 -0.67803021058859214 -0.83377653105606597
decision_type=1 2 2 2 2 2 2
left_child=1 2 4 -4 -1 6 -2
right_child=5 -3 3 -5 -6 -7 -8
leaf_value=0.039724542616829575 -0.051530697504487882 0.095941912069077234 0.089859511802035233 0.044221014566518627 -0.0099743518461523142 -0.05209694129876849 -0.031592105291668712
leaf_weight=72.943400755524635 74.920184232294559 14.789804592728613 42.078811496496201 349.87642015516758 31.9586546048522 375.25653570517898 32.820918679237366
leaf_count=331 1843 61 178 1619 175 9161 763
internal_value=-0.00107651 0.0449839 0.0441809 0.0493368 0.0246324 -0.0497624 -0.0458032
internal_weight=994.645 511.647 496.857 391.955 104.902 482.998 107.741
internal_count=14131 2364 2303 1797 506 11767 2606
cat_boundaries=0 1
cat_threshold=8
is_linear=0
shrinkage=0.05


Tree=17
num_leaves=10
num_cat=3
split_feature=0 5 1 42 44 35 1 4 4
split_gain=846.592 18.1322 19.3061 37.9138 14.6803 12.3649 7.6015 0.175527 2.44567
threshold=0 -0.99465740988130902 1 3.5000000000000004 48.800000000000004 85.583333500000023 2 -0.67803021058859214 -0.83377653105606597
decision_type=1 2 1 2 2 2 1 2 2
left_child=1 5 4 -4 -3 6 -1 8 -2
right_child=7 2 3 -5 -6 -7 -8 -9 -10
leaf_value=-0.0073090117739054222 -0.051382283844888132 0.054078243509584428 0.068049307612153789 0.0204084159221617 -0.0033684878317088692 0.12356516310425003 0.07950640597580326 -0.051976602948385721 -0.03225699795406687
leaf_weight=4.4686928838491458 70.853881146758795 238.85722751915455 53.452575027942657 186.35894659906626 11.542530074715613 11.197901979088781 4.362055167555809 357.00597611069679 31.566110119223595
leaf_count=20 1827 1063 232 887 58 48 20 9142 755
internal_value=-0.00102907 0.0428815 0.041648 0.0312658 0.0514273 0.0900478 0.0392999 -0.0496368 -0.0458567
internal_weight=969.666 510.24 490.211 239.812 250.4 20.0287 8.83075 459.426 102.42
internal_count=14052 2328 2240 1119 1121 88 40 11724 2582
cat_boundaries=0 1 2 3
cat_threshold=8 1 1
is_linear=0
shrinkage=0.05


Tree=18
num_leaves=11
num_cat=1
split_feature=0 6 6 26 44 6 43 2 4 4
split_gain=782.348 13.4974 18.3047 25.5486 17.9358 13.0191 9.09712 6.27234 0.430941 3.05889
threshold=0 2.5000000000000004 27.000000000000004 14.350000000000003 48.050000000000004 1.0000000180025095e-35 1.3500000000000003 7.5000000000000009 -0.67803021058859214 -0.83377653105606597
decision_type=1 2 2 2 2 2 2 2 2 2
left_child=1 5 4 -4 -3 6 -1 -7 9 -2
right_child=8 2 3 -5 -6 7 -8 -9 -10 -11
leaf_value=0.055439943550627674 -0.051243483803962889 0.053037865117029452 -0.046141313260976646 0.034858399383667138 0.0015210661510536112 -0.0055474241779359884 0.018192199335502993 0.039251008041138638 -0.051862144478305928 -0.030183055717237468
leaf_weight=37.479898348450661 67.601990479975939 319.38393402844667 10.847552865743635 55.788660600781441 17.899018332362175 35.134772941470146 31.021526426076889 8.9833816438913328 339.53457621484995 30.875762797892094
leaf_count=162 1828 1404 52 257 88 172 150 40 9120 761
internal_value=-0.000813113 0.0404926 0.0455748 0.0211854 0.0503165 0.0255877 0.0390764 0.00424226 -0.0493046 -0.0450102
internal_weight=954.551 516.539 403.919 66.6362 337.283 112.62 68.5014 44.1182 438.012 98.4778
internal_count=14034 2325 1801 309 1492 524 312 212 11709 2589
cat_boundaries=0 1
cat_threshold=8
is_linear=0
shrinkage=0.05


Tree=19
num_leaves=15
num_cat=1
split_feature=1 4 5 4 42 34 21 36 41 26 44 4 5 44
split_gain=12.638 23.4966 18.2633 17.2753 14.0132 11.1416 8.46761 12.2613 17.0995 11.9169 12.5145 7.28759 6.91132 5.64787
threshold=0 -0.814291907305839 0.13185577213185917 0.10837544681456417 4.5000000000000009 24.750000000000004 23.150000000000002 93.500000000000014 30.200000000000006 14.65 48.800000000000004 -0.90893996196865012 0.29958852271690523 35.45000000000001
decision_type=1 2 2 2 2 2 2 2 2 2 2 2 2 2
left_child=6 2 -2 5 -5 -3 7 13 -9 12 -11 -4 -8 -1
right_child=1 3 11 4 -6 -7 9 8 -10 10 -12 -13 -14 -15
leaf_value=0.019447089862377614 -0.053415427759100076 0.014885619967201419 0.017478100684821387 0.0044406305460687762 -0.020203897740271051 -0.039738442690603962 -0.026319477347754146 0.012764680724170294 -0.035285520708432681 0.014569754880895855 -0.025935292580476922 -0.030262941803966843 0.018773048239317219 -0.05329909620934619
leaf_weight=2.6276529803872135 42.271804541349411 142.67901830375195 17.81274634599686 96.999494820833206 140.20658458024263 9.0332277752459031 33.664775434881449 71.670166619122028 23.845956273376942 299.86884858459234 19.460013844072819 12.910301327705382 10.459457177668808 16.198076546192169
leaf_count=40 710 2032 274 1423 2198 150 502 1029 357 4404 309 183 149 248
internal_value=-0.000766127 -0.00665618 -0.0324825 -0.00173805 -0.0101498 0.0113943 0.00493016 -0.00689416 0.000527466 0.00865878 0.0120281 -0.002905 -0.0154513 -0.0426766
internal_weight=939.708 461.913 72.9949 388.918 237.206 151.712 477.795 114.342 95.5161 363.453 319.329 30.723 44.1242 18.8257
internal_count=14008 6970 1167 5803 3621 2182 7038 1674 1386 5364 4713 457 651 288
cat_boundaries=0 1
cat_threshold=1
is_linear=0
shrinkage=0.05


Tree=20
num_leaves=9
num_cat=1
split_feature=0 44 5 44 5 5 38 39
split_gain=718.513 13.64 19.1513 28.8277 28.1115 8.10682 7.28256 3.10467
threshold=0 29.350000000000005 -0.6391983530350368 48.050000000000004 0.046214085385334856 0.89309379682046119 6.2392855000000003 15.850000000000003
decision_type=1 2 2 2 2 2 2 2
left_child=1 5 3 -3 -4 6 -1 -7
right_child=-2 2 4 -5 -6 7 -8 -9
leaf_value=-0.010845067895477459 -0.049433747162190442 0.056835758571316723 0.0075472422934715318 -0.014983798605979476 0.039096784460753674 0.09948926446259751 0.054523225087546645 0.053622638265218917
leaf_weight=5.3293419480323818 418.53039897978306 142.31099632382393 107.9528578594327 15.072872027754782 206.2230170071125 15.110226273536684 15.667141646146773 10.900414213538168
leaf_count=24 11732 617 523 76 903 61 69 45
internal_value=-0.00141122 0.0375957 0.0356112 0.0499063 0.0283145 0.0641786 0.0381927 0.0829646
internal_weight=937.097 518.567 471.56 157.384 314.176 47.0071 20.9965 26.0106
internal_count=14050 2318 2119 693 1426 199 93 106
cat_boundaries=0 1
cat_threshold=8
is_linear=0
shrinkage=0.05


Tree=21
num_leaves=9
num_cat=1
split_feature=0 34 36 43 42 36 4 4
split_gain=654.816 15.3193 21.4402 26.2314 16.5153 2.02588 0.550023 3.23142
threshold=0 26.050000000000004 95.500000000000014 1.3500000000000003 4.5000000000000009 89.500000000000014 -0.67803021058859214 -0.814291907305839
decision_type=1 2 2 2 2 2 2 2
left_child=1 2 4 -4 -1 -3 7 -2
right_child=6 5 3 -5 -6 -7 -8 -9
leaf_value=0.026615863270768054 -0.050284905089116719 0.042459597058761199 0.075453003348317269 0.034411982681441099 -0.015257778059189415 0.097175436054169562 -0.05165605351069235 -0.027247846689033284
leaf_weight=75.874586269259453 66.077119670808315 4.8629043847322455 43.700685277581215 364.8268069922924 33.171351790428162 10.560527607798575 310.01186225190759 25.269159559160471
leaf_count=329 1974 20 178 1617 175 43 9141 662
internal_value=-0.00138527 0.0346669 0.0337201 0.0389757 0.0138552 0.0835596 -0.0488759 -0.0442762
internal_weight=934.355 532.997 517.573 408.527 109.046 15.4234 401.358 91.3463
internal_count=14139 2362 2299 1795 504 63 11777 2636
cat_boundaries=0 1
cat_threshold=8
is_linear=0
shrinkage=0.05


Tree=22
num_leaves=10
num_cat=1
split_feature=0 5 5 33 5 35 37 4 4
split_gain=622.161 12.6793 18.7748 28.5873 19.0232 12.1418 0.511547 0.417233 2.86974
threshold=0 -0.99465740988130902 -0.96234030595689413 33.750000000000007 -0.7444366621422277 85.583333500000023 57.500000000000007 -0.67803021058859214 -0.83377653105606597
decision_type=1 2 2 2 2 2 2 2 2
left_child=1 5 3 -3 -4 6 -1 8 -2
right_child=7 2 4 -5 -6 -7 -8 -9 -10
leaf_value=0.036550565979010498 -0.050832819847291148 -0.023586403880149574 0.056511277907437943 0.092566065373632073 0.030489615221772043 0.10479912209526215 0.010711274884428903 -0.051555826184891046 -0.029062470318485297
leaf_weight=4.5304551422595996 58.435158140957355 28.721404731273651 87.14032618701458 5.447203040122985 394.34012743830681 11.563714116811751 4.7341108471155167 294.29997219890356 27.427147287875414
leaf_count=20 1840 122 380 23 1746 47 20 9105 743
internal_value=-0.000611531 0.0338109 0.0327698 -0.00296369 0.0353065 0.0723936 0.0256768 -0.0487569 -0.0442933
internal_weight=916.64 536.477 515.649 34.1686 481.48 20.8283 9.26457 380.162 85.8623
internal_count=14046 2358 2271 145 2126 87 40 11688 2583
cat_boundaries=0 1
cat_threshold=8
is_linear=0
shrinkage=0.05


Tree=23
num_leaves=10
num_cat=1
split_feature=0 2 26 21 5 30 33 4 4
split_gain=562.694 14.1116 16.1461 25.9897 23.5284 9.56118 2.38111 0.717278 3.42615
threshold=0 11.500000000000002 20.450000000000003 22.550000000000004 0.13185577213185917 6.1500000000000012 32.550000000000004 -0.67803021058859214 -0.83377653105606597
decision_type=1 2 2 2 2 2 2 2 2
left_child=1 2 4 -4 -1 6 -3 8 -2
right_child=7 5 3 -5 -6 -7 -8 -9 -10
leaf_value=0.011005140680280544 -0.050700918032303845 0.082430733104749854 -0.016189173486172659 0.047458431046429474 0.038571036171548209 0.0014256769732444517 0.042456729119652342 -0.051460819924558809 -0.02719094635820575
leaf_weight=187.28234486281872 55.246556740254164 21.634682849049572 17.281256332993507 164.07077278196812 132.37980937957764 5.622413143515586 8.9455926716327649 280.88643789663911 27.360245883464813
leaf_count=849 1824 87 77 713 560 23 36 9119 761
internal_value=-0.00119417 0.0311049 0.029391 0.0413379 0.0225055 0.0617561 0.0724519 -0.0484094 -0.0433325
internal_weight=900.71 537.217 501.014 181.352 319.662 36.2027 30.5803 363.493 82.6068
internal_count=14049 2345 2199 790 1409 146 123 11704 2585
cat_boundaries=0 1
cat_threshold=8
is_linear=0
shrinkage=0.05


Tree=24
num_leaves=10
num_cat=1
split_feature=0 5 5 33 5 44 4 4 22
split_gain=533.157 13.1685 19.8511 22.748 17.3483 11.2673 0.864711 4.18559 9.79192
threshold=0 -0.99465740988130902 -0.96234030595689413 33.750000000000007 -0.76696334127844745 34.400000000000013 -0.69057362043749781 -0.83377653105606597 86.51388900000002
decision_type=1 2 2 2 2 2 2 2 2
left_child=1 5 3 -3 -4 -1 7 -2 -9
right_child=6 2 4 -5 -6 -7 -8 8 -10
leaf_value=0.0069452272675114661 -0.050584219180195733 -0.025477216856022999 0.052683907654268093 0.082604623779151842 0.027159819696982897 0.089287829466976332 -0.05137486118172261 -0.045827064325482877 0.019089565912083856
leaf_weight=5.759226173162463 53.051015447825193 28.758461624383926 80.944485500454903 4.8281115442514411 401.9511457234621 15.777163967490194 271.81168614141643 15.799588263034822 8.1846045628190023
leaf_count=25 1838 122 347 20 1758 64 9250 450 234
internal_value=-0.000917812 0.0301073 0.0289566 -0.00800119 0.0315383 0.0685532 -0.0481992 -0.0426561 -0.0237969
internal_weight=886.865 538.019 516.482 33.5866 482.896 21.5364 348.847 77.0352 23.9842
internal_count=14108 2336 2247 142 2105 89 11772 2522 684
cat_boundaries=0 1
cat_threshold=8
is_linear=0
shrinkage=0.05


Tree=25
num_leaves=9
num_cat=1
split_feature=0 34 36 5 39 4 4 36
split_gain=502.034 13.7472 18.7163 27.8957 16.5439 0.579246 3.54249 0.16772
threshold=0 26.050000000000004 95.500000000000014 0.24997576770840005 24.450000000000003 -0.67803021058859214 -0.82415615971448097 90.500000000000014
decision_type=1 2 2 2 2 2 2 2
left_child=1 2 4 -4 -1 6 -2 -3
right_child=5 7 3 -5 -6 -7 -8 -9
leaf_value=-0.0043386685124708387 -0.050519296264930985 0.047990444088002404 0.023142911867418806 0.050380177460009223 0.035556893750076674 -0.051282252791035078 -0.025366329736726423 0.087094261681641361
leaf_weight=72.582173481583595 53.020875172689557 5.327768698334693 264.0477147102356 148.22378577291965 39.317024827003479 254.9667898081243 23.61471876502037 9.0574206560850126
leaf_count=336 1916 22 1159 605 168 9117 688 37
internal_value=-0.000613233 0.0290158 0.0281169 0.0330337 0.00986986 -0.0481025 -0.0431952 0.0766722
internal_weight=870.158 538.556 524.171 412.272 111.899 331.602 76.6356 14.3852
internal_count=14048 2327 2268 1764 504 11721 2604 59
cat_boundaries=0 1
cat_threshold=8
is_linear=0
shrinkage=0.05


Tree=26
num_leaves=11
num_cat=2
split_feature=0 5 5 33 5 35 1 4 5 35
split_gain=450.369 11.0747 16.0742 23.4932 21.3005 11.2176 5.83564 0.924405 10.0589 3.98111
threshold=0 -0.99465740988130902 -0.95242240592625282 33.750000000000007 -0.7444366621422277 85.547619000000012 1 -0.67803021058859214 -0.55656394595157355 86.931547500000008
decision_type=1 2 2 2 2 2 1 2 2 2
left_child=1 5 3 -3 -4 6 -1 8 9 -2
right_child=7 2 4 -5 -6 -7 -8 -9 -10 -11
leaf_value=-0.017890462903173709 -0.016722396013992967 -0.021940890493322124 0.050164343587710748 0.080839551517021713 0.022653716864989789 0.092613327453183361 0.053548944101521001 -0.051199612194627091 -0.050629073728462065 0.042851929198728766
leaf_weight=4.9516828805208224 10.45390948653221 33.493048593401909 86.192698210477829 5.6321728080511084 392.3605340719223 11.729051426053045 4.739560455083847 244.08797760121524 60.189924707636237 2.7159061431884757
leaf_count=21 312 142 365 23 1701 47 20 9160 2195 80
internal_value=-0.00143966 0.0262573 0.0251878 -0.00549944 0.027703 0.0615402 0.0187882 -0.0477358 -0.0420966 -0.00227971
internal_weight=856.546 539.099 517.678 39.1252 478.553 21.4203 9.69124 317.448 73.3597 13.1698
internal_count=14066 2319 2231 165 2066 88 41 11747 2587 392
cat_boundaries=0 1 2
cat_threshold=8 1
is_linear=0
shrinkage=0.05


Tree=27
num_leaves=10
num_cat=1
split_feature=0 34 36 43 25 36 4 5 35
split_gain=413.248 13.3446 19.5924 24.7819 13.9988 1.79746 0.987433 10.3461 5.47319
threshold=0 26.050000000000004 95.500000000000014 1.3500000000000003 10.402083500000002 89.500000000000014 -0.67803021058859214 -0.55656394595157355 86.931547500000008
decision_type=1 2 2 2 2 2 2 2 2
left_child=1 2 4 -4 -1 -3 7 8 -2
right_child=6 5 3 -5 -6 -7 -8 -9 -10
leaf_value=-0.01449468503300385 -0.019197061186674913 0.034155088277738992 0.062843323126557799 0.023984420616681022 0.020945395657694321 0.083356466533796053 -0.051117092917049314 -0.050525515992657991 0.049504418307092624
leaf_weight=50.80453659594059 9.7986962478607875 4.7924945503473273 45.724258095026016 375.02861045300961 59.372961714863777 9.9646551609039289 230.44167759828269 57.951688727363944 2.9631096124649039
leaf_count=235 297 20 185 1599 259 41 9078 2218 84
internal_value=-0.00146218 0.0243954 0.0234406 0.0283463 0.00462005 0.0705596 -0.0474774 -0.0416892 -0.000807437
internal_weight=846.843 545.688 530.93 420.753 110.177 14.7571 301.155 70.7135 12.7618
internal_count=14016 2339 2278 1784 494 61 11677 2599 381
cat_boundaries=0 1
cat_threshold=8
is_linear=0
shrinkage=0.05


Tree=28
num_leaves=7
num_cat=2
split_feature=0 5 1 2 21 35
split_gain=401.759 13.0251 15.5161 29.3514 14.1707 7.46408
threshold=0 -0.99465740988130902 1 10.500000000000002 23.150000000000002 85.583333500000023
decision_type=1 2 1 2 2 2
left_child=1 5 4 -4 -3 -1
right_child=-2 2 3 -5 -6 -7
leaf_value=0.02508967797165941 -0.047573906714106995 0.011471542628039793 0.0070887968217181315 0.054313377701425483 0.038136986633125813 0.087518961394774608
leaf_weight=9.3356088846921939 287.59699595347047 67.613472416996956 219.18664622306824 37.808244153857231 200.9449454843998 11.94267316162586
leaf_count=39 11684 280 966 153 848 48
internal_value=-0.000785274 0.0242894 0.0230885 0.0142199 0.031491 0.0624845
internal_weight=834.429 546.832 525.553 256.995 268.558 21.2783
internal_count=14018 2334 2247 1119 1128 87
cat_boundaries=0 1 2
cat_threshold=8 1
is_linear=0
shrinkage=0.05


Tree=29
num_leaves=11
num_cat=1
split_feature=0 43 24 38 36 32 44 19 4 4
split_gain=372.966 13.5908 31.8043 15.0153 10.8591 30.2417 7.2167 5.15811 0.317435 2.72411
threshold=0 1.3500000000000003 36.500000000000007 13.519047500000001 95.500000000000014 28.830655000000004 36.900000000000013 27.844444500000005 -0.67803021058859214 -0.814291907305839
decision_type=1 2 2 2 2 2 2 2 2 2
left_child=1 4 6 -4 5 -1 -3 -6 9 -2
right_child=8 2 3 -5 7 -7 -8 -9 -10 -11
leaf_value=-0.0044019327495708324 -0.050101245110813444 -0.0085043653255166135 0.023481259276545624 -0.054826143832898869 0.070961308696821573 0.057686970989095233 -0.061088430050461363 0.031749816366111745 -0.050971510395052516 -0.025703061271594663
leaf_weight=39.717973425984383 44.521986685693264 13.998142883181574 392.74529527127743 5.3018439412116996 27.723625048995018 37.489934086799622 11.876488268375395 15.594018474221228 211.06818373315036 20.270365497097373
leaf_count=168 1921 62 1669 30 113 158 60 63 9133 664
internal_value=-0.00127191 0.0226704 0.018794 0.0223035 0.0379036 0.0260988 -0.0340155 0.0578804 -0.0475383 -0.0429749
internal_weight=820.308 544.447 423.922 398.047 120.526 77.2079 25.8746 43.3176 275.861 64.7924
internal_count=14041 2323 1821 1699 502 326 122 176 11718 2585
cat_boundaries=0 1
cat_threshold=8
is_linear=0
shrinkage=0.05


Tree=30
num_leaves=11
num_cat=2
split_feature=0 1 4 5 40 12 21 4 5 32
split_gain=352.94 14.0766 24.1148 29.1332 25.9172 13.3415 13.0237 1.62461 12.6825 12.7126
threshold=0 1 -0.814291907305839 0.097680735332368721 77.300000000000011 78.500000000000014 23.150000000000002 -0.67803021058859214 -0.55656394595157355 27.082143000000006
decision_type=1 1 2 2 2 2 2 2 2 2
left_child=1 5 3 -3 -4 6 -1 8 9 -2
right_child=7 2 4 -5 -6 -7 -8 -9 -10 -11
leaf_value=0.013163648680634042 0.057957182899371365 -0.057570155766835787 0.013353310625300877 0.022714755756983184 0.056386745211360417 -0.029837075860180737 0.03920830189307993 -0.050898793809755719 -0.050208580616808364 -0.038049228999572249
leaf_weight=64.447044685482979 5.3959925826638919 22.279560133814812 188.30474925786257 21.161226585507393 42.293417647480965 7.973993554711341 203.86609137058258 200.32791397161782 49.973332367837429 6.5017955526709557
leaf_count=267 165 112 811 87 176 34 855 9099 2191 218
internal_value=4.55109e-05 0.0227291 0.015024 -0.01883 0.0214554 0.0311093 0.0330247 -0.0465646 -0.039351 0.00661014
internal_weight=812.525 550.326 274.039 43.4408 230.598 276.287 268.313 262.199 61.8711 11.8978
internal_count=14015 2342 1186 199 987 1156 1122 11673 2574 383
cat_boundaries=0 1 2
cat_threshold=8 1
is_linear=0
shrinkage=0.05


Tree=31
num_leaves=11
num_cat=2
split_feature=0 2 26 1 32 8 4 4 2 22
split_gain=323.48 11.7173 13.4998 16.463 14.4876 9.27795 5.61672 1.33562 8.66894 3.1335
threshold=0 11.500000000000002 13.450000000000001 1 26.800000000000004 29.850000000000005 -0.074117382312902935 -0.67803021058859214 8.5000000000000018 86.51388900000002
decision_type=1 2 2 1 2 2 2 2 2 2
left_child=1 2 4 -4 -1 -3 -7 8 9 -2
right_child=7 5 3 -5 -6 6 -8 -9 -10 -11
leaf_value=0.01812358961716792 -0.029802981174361455 -0.012464173670220187 0.03053104341751613 0.011910113957129058 -0.042031388398820972 0.069096054835278198 0.010729600166317821 -0.050829212166366836 -0.05006784689366698 0.014857342479860298
leaf_weight=21.373633176088333 5.9764906894415608 4.9231476932764044 244.84822236001492 233.52710938453674 17.184160888195038 24.447322607040405 5.4077980816364315 190.73536065779626 45.97004496306181 8.0462692901492101
leaf_count=88 210 20 1024 1015 76 100 22 9095 2109 276
internal_value=-0.000594065 0.0207809 0.0191925 0.0214847 -0.00907065 0.0490028 0.0592142 -0.0465023 -0.0397622 -0.00489369
internal_weight=802.44 551.711 516.933 478.375 38.5578 34.7783 29.8551 250.728 59.9928 14.0228
internal_count=14035 2345 2203 2039 164 142 122 11690 2595 486
cat_boundaries=0 1 2
cat_threshold=8 1
is_linear=0
shrinkage=0.05


Tree=32
num_leaves=11
num_cat=1
split_feature=0 5 5 39 33 34 39 4 5 35
split_gain=300.308 13.9223 33.7821 38.6106 32.6551 39.9523 14.3301 1.06649 9.42329 2.97422
threshold=0 -0.72694848937061807 0.063390085881955258 20.650000000000002 33.95000000000001 24.550000000000004 18.650000000000002 -0.67803021058859214 -0.55656394595157355 86.931547500000008
decision_type=1 2 2 2 2 2 2 2 2 2
left_child=1 4 3 -3 5 -1 -4 8 9 -2
right_child=7 2 6 -5 -6 -7 -8 -9 -10 -11
leaf_value=0.039545498518079251 -0.014790621070304858 -0.031567292406587531 0.040488731083067386 0.020068811412833822 0.088546067925667965 -0.022704833906717022 0.015968259986427046 -0.050763203853210787 -0.050024735311819071 0.036705047822946667
leaf_weight=94.11026419699192 8.5556413512676937 68.392164900898933 98.960083812475204 74.727203115820885 21.411999598145485 34.606836080551147 153.41041125357151 182.51586281508207 46.500741945579648 2.9685198105871669
leaf_count=383 290 316 404 329 87 153 646 9138 2237 81
internal_value=-0.00115396 0.0193658 0.0147347 -0.00465425 0.032669 0.0227629 0.0257051 -0.0464646 -0.0401844 0.000345799
internal_weight=786.16 545.619 395.49 143.119 150.129 128.717 252.37 240.541 58.0249 11.5242
internal_count=14064 2318 1695 645 623 536 1050 11746 2608 371
cat_boundaries=0 1
cat_threshold=8
is_linear=0
shrinkage=0.05


Tree=33
num_leaves=10
num_cat=1
split_feature=0 34 4 39 44 4 5 32 37
split_gain=280.406 13.5758 13.7234 33.5098 18.4913 1.13937 8.99608 10.5309 0.754755
threshold=0 26.050000000000004 0.63257020223555627 23.750000000000004 48.800000000000004 -0.67803021058859214 -0.55656394595157355 27.082143000000006 34.500000000000007
decision_type=1 2 2 2 2 2 2 2 2
left_child=1 2 4 -4 -1 6 7 -2 -3
right_child=5 8 3 -5 -6 -7 -8 -9 -10
leaf_value=0.024586532392110484 0.04326877970830656 0.04009382085221691 -0.010786826699377017 0.039266116438324651 -0.029844236847001434 -0.050696839799009352 -0.049911044807105044 -0.044083426419497612 0.077217909115640138
leaf_weight=368.93100176751614 5.8487871531397086 6.6205040514469138 107.54556154459715 47.344698190689087 15.473454147577284 173.09855830855668 43.982848769053817 5.9535081088542938 8.325886055827139
leaf_count=1526 166 29 493 194 76 9100 2222 213 35
internal_value=-0.000924335 0.0183228 0.0172704 0.0046664 0.0223238 -0.0461956 -0.039717 -0.000796404 0.0643193
internal_weight=783.125 554.241 539.295 154.89 384.404 228.884 55.7851 11.8023 14.9464
internal_count=14054 2353 2289 687 1602 11701 2601 379 64
cat_boundaries=0 1
cat_threshold=8
is_linear=0
shrinkage=0.05


Tree=34
num_leaves=9
num_cat=1
split_feature=0 34 34 38 5 4 5 32
split_gain=263.209 13.1022 12.5683 24.702 10.878 1.5962 10.7969 8.3175
threshold=0 26.050000000000004 24.550000000000004 6.9169645000000015 -0.6905596507703472 -0.67803021058859214 -0.55656394595157355 27.118154500000006
decision_type=1 2 2 2 2 2 2 2
left_child=1 2 4 -4 -1 6 7 -2
right_child=5 -3 3 -5 -6 -7 -8 -9
leaf_value=0.034890106587731055 0.037276281319224752 0.066203737052663053 0.078273807973392562 -0.0084184184935055667 0.016038147021450143 -0.050634796933048204 -0.049807566810812394 -0.042299200993611175
leaf_weight=98.995938092470169 6.8681691847741586 12.921299591660498 8.0990487784147245 83.763048000633717 347.00358924269676 165.44649462774396 41.955959849059582 4.6441352069377899
leaf_count=402 195 56 33 376 1471 9132 2224 175
internal_value=-0.000677921 0.0177835 0.0168296 -1.45766e-05 0.0202913 -0.0457255 -0.0382788 0.00436
internal_weight=769.698 550.783 537.862 91.8621 446 218.915 53.4683 11.5123
internal_count=14064 2338 2282 409 1873 11726 2594 370
cat_boundaries=0 1
cat_threshold=8
is_linear=0
shrinkage=0.05


Tree=35
num_leaves=11
num_cat=1
split_feature=0 2 43 2 42 30 33 4 5 4
split_gain=258.863 13.8906 13.1495 19.406 17.0158 3.73139 3.17787 0.628385 7.50562 0.271996
threshold=0 11.500000000000002 23.100000000000005 4.5000000000000009 4.5000000000000009 6.1500000000000012 32.550000000000004 -0.67803021058859214 -0.58481178939031186 -0.71504373327588355
decision_type=1 2 2 2 2 2 2 2 2 2
left_child=1 2 4 -4 -1 6 -3 8 9 -2
right_child=7 5 3 -5 -6 -7 -8 -9 -10 -11
leaf_value=0.026922993883762542 -0.0058967809701747937 0.068784931786652348 -0.031632797867666075 0.035887012367649532 0.0043928162369072559 0.010379797708102345 0.027994883255542315 -0.050572885142256711 -0.049786921634813408 0.011130189064073103
leaf_weight=121.51472248136997 7.7561942748725414 18.305990710854534 10.925837874412535 117.69712083041668 266.84488477557898 5.7405122816562644 9.1215884834527952 157.25309133715928 41.534462954849005 2.2158772218972427
leaf_count=505 245 77 52 493 1146 23 38 9113 2264 78
internal_value=-0.000129018 0.0178896 0.0161347 0.0299518 0.0114934 0.0492061 0.0566814 -0.0461268 -0.040633 -0.00144367
internal_weight=758.91 550.151 516.983 128.623 388.36 33.1681 27.4276 208.76 51.5065 9.97207
internal_count=14034 2334 2196 545 1651 138 115 11700 2587 323
cat_boundaries=0 1
cat_threshold=8
is_linear=0
shrinkage=0.05


Tree=36
num_leaves=12
num_cat=3
split_feature=0 1 4 4 5 12 34 14 4 5 1
split_gain=219.371 12.5119 27.795 24.4725 18.0026 14.5232 11.7568 7.9826 2.18826 11.8248 13.6718
threshold=0 1 -0.8041866928211282 -0.39036798905311365 0.18281312110578127 75.500000000000014 23.150000000000002 19.550000000000004 -0.67803021058859214 -0.55656394595157355 2
decision_type=1 1 2 2 2 2 2 2 2 2 1
left_child=1 5 4 -4 -3 6 -1 -7 9 10 -2
right_child=8 2 3 -5 -6 7 -8 -9 -10 -11 -12
leaf_value=0.010169692195646143 0.055542728549121179 -0.051926186944498999 0.047137678530572595 0.0062726178999306234 0.011825977648445099 -0.049759700017326991 0.032578551701785766 0.020230450935034727 -0.050512838381477292 -0.049591509505192873 -0.044086227931335979
leaf_weight=88.485995784401894 6.0058353189378959 28.081702709197998 45.162545278668404 179.58680529147387 17.374294966459274 9.5771928578615171 179.21996663510799 5.9103688150644293 149.6804845770821 37.890455836430192 5.7897923532873392
leaf_count=367 191 137 186 772 70 40 752 25 9109 2211 190
internal_value=-0.00137891 0.0149022 0.00743326 0.0146567 -0.0278287 0.0225017 0.0252371 -0.023443 -0.0449223 -0.0362792 0.007017
internal_weight=752.765 553.399 270.205 224.749 45.456 283.194 267.706 15.4876 199.367 49.6861 11.7956
internal_count=14050 2349 1165 958 207 1184 1119 65 11701 2592 381
cat_boundaries=0 1 2 3
cat_threshold=8 1 1
is_linear=0
shrinkage=0.05


Tree=37
num_leaves=10
num_cat=1
split_feature=0 5 26 5 44 35 4 5 31
split_gain=211.182 13.7664 14.1962 19.6208 14.7888 5.89614 1.8366 9.76373 7.54422
threshold=0 -0.99465740988130902 21.350000000000005 0.18281312110578127 49.150000000000006 85.583333500000023 -0.67803021058859214 -0.55656394595157355 36.20000000000001
decision_type=1 2 2 2 2 2 2 2 2
left_child=1 5 3 -3 -4 -1 7 8 -2
right_child=6 2 4 -5 -6 -7 -8 -9 -10
leaf_value=0.021137444252646274 -0.036354657619786679 -0.0018929625347237538 0.031471834565464929 0.020643146867056216 -0.029923995107532228 0.076995413651974196 -0.05045364028522864 -0.049489126271165571 0.037108632179315426
leaf_weight=9.2360701113939303 5.6884728111326677 209.38233757019043 131.12892431020737 178.03746083378792 9.8194503486156446 11.486982539296148 142.2116180723533 36.128724168986082 6.3224548157304525
leaf_count=38 203 909 555 737 46 48 9088 2207 185
internal_value=-0.000978351 0.0148369 0.0134731 0.00848991 0.0270139 0.0542191 -0.0448691 -0.0368114 0.00219578
internal_weight=739.442 549.091 528.368 387.42 140.948 20.7231 190.351 48.1397 12.0109
internal_count=14016 2333 2247 1646 601 86 11683 2595 388
cat_boundaries=0 1
cat_threshold=8
is_linear=0
shrinkage=0.05


Tree=38
num_leaves=12
num_cat=1
split_feature=0 26 5 5 26 30 22 4 4 5 32
split_gain=205.272 11.8823 19.6247 26.681 19.1183 12.787 18.7663 15.934 1.48754 8.21521 6.35045
threshold=0 21.350000000000005 0.18281312110578127 -0.70289845916694649 18.650000000000002 10.250000000000002 81.444444500000017 -0.77245553105869302 -0.67803021058859214 -0.55656394595157355 27.118154500000006
decision_type=1 2 2 2 2 2 2 2 2 2 2
left_child=1 2 3 -1 -4 6 -3 -7 9 10 -2
right_child=8 5 4 -5 -6 7 -8 -9 -10 -11 -12
leaf_value=0.018245278504520516 0.026519268849364036 0.0232602252114627 0.032765770337336984 -0.015782439776009093 -0.0035546699839595743 0.0021012051484251937 -0.047875096987695313 0.06212749038906118 -0.05039790602813557 -0.049399876598620197 -0.042240365403047563
leaf_weight=111.5805511623621 7.2998397015035135 81.772066846489906 131.41286396980286 116.97705643624067 49.628917247056961 15.208215072751043 9.4999489039182645 40.200980693101883 135.91529344115406 34.897896679118276 4.6407956797629595
leaf_count=459 199 348 540 531 209 66 44 167 9120 2241 184
internal_value=-0.000438682 0.0147495 0.0105961 0.000836817 0.0228444 0.0271963 0.0154176 0.0459813 -0.0448598 -0.0374492 -0.00140361
internal_weight=739.034 556.281 409.599 228.558 181.042 146.681 91.272 55.4092 182.754 46.8385 11.9406
internal_count=14108 2364 1739 990 749 625 392 233 11744 2624 383
cat_boundaries=0 1
cat_threshold=8
is_linear=0
shrinkage=0.05


Tree=39
num_leaves=13
num_cat=2
split_feature=5 1 42 38 34 5 34 2 35 1 23 43
split_gain=9.66054 10.9489 19.122 14.7179 14.2823 18.9734 11.9214 10.2 4.71144 4.78016 7.51641 7.23392
threshold=-0.99465740988130902 0 2.5000000000000004 8.9377975000000003 23.150000000000002 0.24997576770840005 23.250000000000004 2.5000000000000004 85.547619000000012 1 97.500000000000014 19.750000000000004
decision_type=2 1 2 2 2 2 2 2 2 1 2 2
left_child=8 4 7 -4 5 -2 -6 -3 9 11 -11 -1
right_child=1 2 3 -5 6 -7 -8 -9 -10 10 -12 -13
leaf_value=-0.057149611132603008 -0.071973101107355442 -0.0042949281529919368 -0.0038490878186319393 -0.027065844295698756 0.060753181014992864 -0.0029978868679851095 0.0092159388157642252 0.042350772377533777 0.046395704402811475 0.065244536753249718 -0.037050323012105646 0.047336513535779966
leaf_weight=4.1943729696795362 10.008603747002779 20.712203964591026 183.44803568255156 108.10073659010231 10.861169959418474 106.82602579891682 226.43703882955015 25.496440829709172 14.999133943580089 4.2551599238067865 1.938175552524626 1.5511623928323386
leaf_count=84 185 417 3612 2228 196 2030 4328 478 294 72 39 28
internal_value=-0.000184327 -0.00134638 -0.00777538 -0.0125205 0.00478997 -0.00946728 0.0118199 0.0217946 0.0286423 0.00447619 0.0325315 -0.0261052
internal_weight=718.828 691.89 337.757 291.549 354.133 116.835 237.298 46.2086 26.938 11.9389 6.19334 5.74554
internal_count=13991 13474 6735 5840 6739 2215 4524 895 517 223 111 112
cat_boundaries=0 1 2
cat_threshold=1 1
is_linear=0
shrinkage=0.05


Tree=40
num_leaves=12
num_cat=2
split_feature=0 34 34 34 33 37 40 1 4 5 32
split_gain=185.834 16.2898 20.7685 13.4208 12.4742 4.07827 18.3126 2.84165 1.2382 6.99497 7.39771
threshold=0 25.250000000000004 24.550000000000004 24.950000000000003 32.850000000000001 34.500000000000007 1.3500000000000003 1 -0.67803021058859214 -0.55656394595157355 27.082143000000006
decision_type=1 2 2 2 2 2 2 1 2 2 2
left_child=1 2 4 -4 -1 6 -3 -7 9 10 -2
right_child=8 5 3 -5 -6 7 -8 -9 -10 -11 -12
leaf_value=0.021352666049811661 0.030938633944347649 0.058615893641416783 -0.035118884714873781 0.010334710047887635 0.0042162904582174381 0.035013465641530843 -0.048285005401386943 0.074216039587194513 -0.050343555776826823 -0.049268767268969997 -0.043189125834480771
leaf_weight=269.046482026577 6.2439195793122035 10.300600513815878 36.589469090104103 27.953226298093796 176.00616842508316 12.56446784734726 5.2990966960787764 11.859498515725136 129.74527245759964 32.673349780961871 5.2951479628682137
leaf_count=1128 158 45 167 124 747 53 27 51 9142 2202 211
internal_value=-0.00139362 0.0129842 0.0107554 -0.0155758 0.0146003 0.0435739 0.0215813 0.0562194 -0.0448156 -0.0377509 -0.00380929
internal_weight=723.577 549.619 509.595 64.5427 445.053 40.0237 15.5997 24.424 173.958 44.2124 11.5391
internal_count=14055 2342 2166 291 1875 176 72 104 11713 2571 369
cat_boundaries=0 1 2
cat_threshold=8 2
is_linear=0
shrinkage=0.05


Tree=41
num_leaves=11
num_cat=2
split_feature=0 2 34 39 37 26 4 4 5 1
split_gain=172.242 10.2061 15.1145 13.4714 7.0841 4.34267 2.955 2.6255 10.8851 11.8378
threshold=0 11.500000000000002 20.350000000000005 21.350000000000005 56.500000000000007 19.750000000000004 -0.14250824554987662 -0.67803021058859214 -0.55656394595157355 1
decision_type=1 2 2 2 2 2 2 2 2 1
left_child=1 2 5 -4 6 -1 -3 8 9 -2
right_child=7 4 3 -5 -6 -7 -8 -9 -10 -11
leaf_value=-0.0077360102056790838 0.048850887032289181 0.060730463595420885 0.0054244492870098616 0.021881123637702764 -0.011414279473357077 -0.06959994879592403 0.022673944129983276 -0.050287758500048955 -0.049149163610909416 -0.043682258049561919
leaf_weight=5.245824068784712 6.4579438529908639 18.723890230059624 285.35690481215715 220.66102758049965 5.3406126052141181 5.988553911447525 9.2140502929687518 123.32517375983298 30.900536339730024 5.4570555966347456
leaf_count=22 192 81 1220 940 22 26 39 9127 2184 188
internal_value=-0.000713126 0.0128681 0.0113242 0.0126298 0.0395892 -0.0437064 0.0493965 -0.0436808 -0.0339062 0.00636999
internal_weight=716.672 550.531 517.252 506.018 33.2786 11.2344 27.9379 166.141 42.8155 11.915
internal_count=14041 2350 2208 2160 142 48 120 11691 2564 380
cat_boundaries=0 1 2
cat_threshold=8 1
is_linear=0
shrinkage=0.05


Tree=42
num_leaves=11
num_cat=1
split_feature=0 43 40 4 43 40 39 4 5 31
split_gain=168.472 10.6078 21.1372 30.6394 20.667 16.4151 8.50787 1.6724 7.457 6.0458
threshold=0 27.750000000000004 113.15000000000002 0.63920241694561786 27.300000000000001 93.750000000000014 18.750000000000004 -0.67803021058859214 -0.55656394595157355 36.900000000000013
decision_type=1 2 2 2 2 2 2 2 2 2
left_child=1 4 3 -3 5 -1 -4 8 9 -2
right_child=7 2 6 -5 -6 -7 -8 -9 -10 -11
leaf_value=0.0090148358459135151 -0.028630942823458034 0.064475909154561348 -0.044203804290243225 -0.01999306788958247 -0.074588078298845104 0.051930236659983323 0.012777929479459103 -0.050232681427245345 -0.049084108849776188 0.038047517273990063
leaf_weight=433.37847612053156 7.7470223400741798 45.99940051138401 9.203437954187395 13.395104974508284 6.1357662677764884 22.563158869743347 17.440269097685814 117.17261301632971 30.302307278849185 4.5654942262917757
leaf_count=1850 267 191 40 63 26 94 75 9107 2247 123
internal_value=-0.000531642 0.0127601 0.0290347 0.0454102 0.0099492 0.0112476 -0.00779209 -0.0439801 -0.0361145 -0.00290571
internal_weight=707.903 548.116 86.0382 59.3945 462.077 455.942 26.6437 159.787 42.6148 12.3125
internal_count=14083 2339 369 254 1970 1944 115 11744 2637 390
cat_boundaries=0 1
cat_threshold=8
is_linear=0
shrinkage=0.05


Tree=43
num_leaves=10
num_cat=1
split_feature=0 34 36 43 39 36 4 5 32
split_gain=153.897 12.0822 11.2328 15.3247 12.4452 1.6079 1.49445 6.87879 4.15261
threshold=0 26.050000000000004 95.500000000000014 1.3500000000000003 25.100000000000005 90.500000000000014 -0.69057362043749781 -0.55656394595157355 27.118154500000006
decision_type=1 2 2 2 2 2 2 2 2
left_child=1 2 4 -4 -1 -3 7 8 -2
right_child=6 5 3 -5 -6 -7 -8 -9 -10
leaf_value=-0.013174564378560667 0.018397319876111866 0.025876495458718514 0.042787500862736853 0.010869144817536647 0.024427229999115615 0.069469425521979142 -0.050190693165581404 -0.048923381727720761 -0.040266151345416216
leaf_weight=85.089626491069794 7.5278011076152307 4.9548646807670584 41.030032902956009 374.638936445117 28.577454045414925 8.6758261620998365 112.58666463010013 28.047980027273297 3.6721093617379665
leaf_count=378 194 23 175 1583 118 40 9145 2189 160
internal_value=-0.00123247 0.0113649 0.0103133 0.0141149 -0.00359038 0.0564748 -0.0439302 -0.0360855 -0.00256061
internal_weight=694.801 542.967 529.336 415.669 113.667 13.6307 151.835 39.2479 11.1999
internal_count=14005 2317 2254 1758 496 63 11688 2543 354
cat_boundaries=0 1
cat_threshold=8
is_linear=0
shrinkage=0.05


Tree=44
num_leaves=10
num_cat=2
split_feature=0 34 43 43 4 34 4 5 1
split_gain=145.874 11.8714 17.8286 15.6594 5.42674 7.37336 1.91821 8.61025 8.35417
threshold=0 25.250000000000004 38.900000000000006 27.750000000000004 0.70290292807158605 26.050000000000004 -0.67803021058859214 -0.57077231802681661 1
decision_type=1 2 2 2 2 2 2 2 1
left_child=1 2 3 -1 -3 -6 7 8 -2
right_child=6 4 -4 -5 5 -7 -8 -9 -10
leaf_value=0.0068901813560395099 0.038538394781839513 0.066191096416523085 -0.062142289843044152 0.031545195000478705 0.0029323570966572343 0.053054668967707247 -0.050126767668452837 -0.04892874006136879 -0.0425529559909677
leaf_weight=425.17325040698051 6.1949371807277185 11.096591502428053 7.5731705874204627 75.126049682497978 17.173600941896442 11.976064160466192 106.31182293780148 28.021821510046721 4.6901138797402382
leaf_count=1802 179 47 39 318 76 56 9112 2246 171
internal_value=-0.000599941 0.0113527 0.00944257 0.010648 0.0373954 0.0246017 -0.0432986 -0.0347021 0.00295751
internal_weight=693.337 548.119 507.872 500.299 40.2463 29.1497 145.219 38.9069 10.8851
internal_count=14046 2338 2159 2120 179 132 11708 2596 350
cat_boundaries=0 1 2
cat_threshold=8 1
is_linear=0
shrinkage=0.05


Tree=45
num_leaves=12
num_cat=2
split_feature=0 42 23 39 32 36 21 4 4 2 1
split_gain=135.316 10.6758 20.2688 15.1943 12.4655 26.8685 8.66053 6.62015 2.04354 6.7441 7.68823
threshold=0 3.5000000000000004 90.500000000000014 21.550000000000004 28.763095000000003 95.500000000000014 26.950000000000003 0.99700008544936913 -0.67803021058859214 8.5000000000000018 1
decision_type=1 2 2 2 2 2 2 2 2 2 1
left_child=1 4 6 -4 5 -1 -3 -6 9 10 -2
right_child=8 2 3 -5 7 -7 -8 -9 -10 -11 -12
leaf_value=-0.013409376827074524 0.029544371930009396 -0.03848617307452884 0.0032478545447233347 0.023335926067417464 0.062425244901002756 0.044605812542252599 0.031749239195279499 0.00010470290476238132 -0.05007413007543781 -0.048640091258324011 -0.043602140473939455
leaf_weight=41.574538886547089 6.9945624629035574 30.107078529894352 263.88800565898418 145.67641179263592 24.445787057280544 36.772612661123276 4.3362004160881034 5.1225564479827872 101.20241745747626 24.705487848259509 5.5312483748421073
leaf_count=173 231 138 1124 619 105 159 22 21 9111 2111 238
internal_value=-0.000662668 0.0105848 0.00731532 0.0104323 0.0248181 0.0140393 -0.0289977 0.0519852 -0.0429394 -0.0339748 -0.00359181
internal_weight=690.357 551.923 444.008 409.564 107.915 78.3472 34.4433 29.5683 138.434 37.2313 12.5258
internal_count=14052 2361 1903 1743 458 332 160 126 11691 2580 469
cat_boundaries=0 1 2
cat_threshold=8 1
is_linear=0
shrinkage=0.05


Tree=46
num_leaves=12
num_cat=2
split_feature=0 42 37 39 32 37 4 38 4 5 1
split_gain=135.19 8.96883 26.8757 15.355 9.27527 20.3618 9.94964 5.72631 2.12192 8.49464 7.67215
threshold=0 4.5000000000000009 35.500000000000007 21.550000000000004 28.763095000000003 32.500000000000007 0.99552231814189462 10.845535500000002 -0.67803021058859214 -0.57077231802681661 1
decision_type=1 2 2 2 2 2 2 2 2 2 1
left_child=1 4 7 -4 5 -1 -6 -3 9 10 -2
right_child=8 2 3 -5 6 -7 -8 -9 -10 -11 -12
leaf_value=-0.0092627170060921374 0.036785170138422134 -0.045028934104581517 0.0046345433861680017 0.025743668715537595 0.059755179550212381 0.035005120002851796 -0.0016138528299828284 -0.0014453641087128961 -0.050026946680585216 -0.048700651932681784 -0.041910403799991038
leaf_weight=46.856929585337639 6.3246077485382539 25.463386058807373 246.69720681011677 131.85351057350636 26.109794899821281 56.363312289118767 8.6636725515127164 10.632382288575171 97.246172819286585 25.391078789718449 4.3724875124171376
leaf_count=197 170 122 1046 560 113 240 37 48 9190 2231 173
internal_value=0.000542674 0.0115832 0.008083 0.0120355 0.0228002 0.0150136 0.0448476 -0.032576 -0.0426506 -0.0334605 0.00378503
internal_weight=685.975 552.64 414.646 378.551 137.994 103.22 34.7735 36.0958 133.334 36.0882 10.6971
internal_count=14127 2363 1776 1606 587 437 150 170 11764 2574 343
cat_boundaries=0 1 2
cat_threshold=8 1
is_linear=0
shrinkage=0.05


Tree=47
num_leaves=10
num_cat=0
split_feature=34 36 43 39 21 4 38 25 26
split_gain=8.45639 10.067 14.8274 16.0995 9.46259 8.43336 6.53054 3.5778 3.33641
threshold=26.050000000000004 95.500000000000014 5.9500000000000011 21.550000000000004 24.850000000000005 0.30983042691905766 11.211011500000001 8.7194445000000034 18.850000000000005
decision_type=2 2 2 2 2 2 2 2 2
left_child=1 5 4 -4 -3 8 -7 -2 -1
right_child=7 2 3 -5 -6 6 -8 -9 -10
leaf_value=0.010674684791053678 -0.022750420692001339 0.024704082674796957 -0.0085542555822421904 0.011875383879296398 -0.03747331479311402 -0.016589836334366559 0.0079361894827607755 0.044463869535320048 -0.05653529260048043
leaf_weight=1.8061549719423045 1.6695196665823449 86.290134322829545 280.05094396136701 145.81919081043452 5.7047245558351269 79.740895140916109 40.148725565522909 13.327315291389821 12.511613127775489
leaf_count=30 30 1866 5860 2880 131 1786 845 319 295
internal_value=0.000110767 -0.000769157 0.00239856 -0.00154765 0.0204869 -0.0129197 -0.00837883 0.0360268 -0.0479135
internal_weight=667.069 652.072 517.865 425.87 91.9949 134.207 119.89 14.9968 14.3178
internal_count=14042 13693 10737 8740 1997 2956 2631 349 325
is_linear=0
shrinkage=0.05


Tree=48
num_leaves=11
num_cat=2
split_feature=0 34 34 5 5 20 39 4 5 1
split_gain=115.73 9.30141 25.7216 12.8838 10.2059 11.6715 7.90833 2.71433 9.72118 9.09826
threshold=0 25.050000000000004 24.550000000000004 -0.71502926860092908 -0.8142754349318998 33.350000000000001 21.250000000000004 -0.67803021058859214 -0.57077231802681661 1
decision_type=1 2 2 2 2 2 2 2 2 1
left_child=1 2 3 -1 -3 -6 -4 8 9 -2
right_child=7 4 6 -5 5 -7 -8 -9 -10 -11
leaf_value=0.026984386255443405 0.043263294173816101 0.073687407739846528 -0.044157656603166971 0.0067116455074881917 -0.048606986524126976 0.028514456581140525 -0.0068108524703673207 -0.049973757912725639 -0.048580052931602349 -0.042039224716828388
leaf_weight=101.21778982877731 6.347050039097665 9.7167229503393155 25.539882227778435 340.82798916101456 4.8221605718135825 32.31186755746603 31.365645006299019 92.227679292671382 24.228312611579895 4.4621864287182689
leaf_count=417 166 42 118 1458 22 151 137 9148 2241 180
internal_value=-0.00100821 0.00918943 0.00732098 0.011404 0.0304396 0.0174876 -0.0240457 -0.0419216 -0.0315604 0.0074714
internal_weight=673.067 545.802 498.951 442.046 46.8508 37.134 56.9055 127.265 35.0375 10.8092
internal_count=14080 2345 2130 1875 215 173 255 11735 2587 346
cat_boundaries=0 1 2
cat_threshold=8 1
is_linear=0
shrinkage=0.05


Tree=49
num_leaves=12
num_cat=1
split_feature=0 34 34 37 40 44 23 4 5 32 4
split_gain=109.579 11.2433 19.1774 10.5995 9.40439 6.82397 6.71372 3.35901 9.62786 7.14939 1.61451
threshold=0 25.250000000000004 24.550000000000004 68.500000000000014 65.65000000000002 39.050000000000004 89.500000000000014 -0.67803021058859214 -0.55656394595157355 27.082143000000006 0.97112537654464559
decision_type=1 2 2 2 2 2 2 2 2 2 2
left_child=1 2 3 -1 -4 6 -3 8 9 -2 -7
right_child=7 5 4 -5 -6 10 -8 -9 -10 -11 -12
leaf_value=0.0095809268275092244 0.037883967737763459 -0.022949860772671193 -0.029009946314089586 0.04880606427998202 0.014844700004828786 0.069435917885535811 0.033350474967416714 -0.049919959365828687 -0.048344575295251775 -0.034637212752645509 0.024699065321571553
leaf_weight=432.11637498438358 6.771963903680442 6.7676615789532688 47.461162894964218 17.023463010787964 15.649377360939978 11.537711784243582 16.499632433056831 87.496033150702715 22.188242093659937 5.0633188784122467 4.2340536266565314
leaf_count=1833 162 34 221 72 66 52 75 9114 2196 217 20
internal_value=-0.000264941 0.00938273 0.00754137 0.0111728 -0.0180735 0.0350957 0.0167037 -0.0411587 -0.0295975 0.0065769 0.0596147
internal_weight=672.809 551.289 512.25 449.14 63.1105 39.0391 23.2673 121.52 34.0235 11.8353 15.7718
internal_count=14062 2373 2192 1905 287 181 109 11689 2575 379 72
cat_boundaries=0 1
cat_threshold=8
is_linear=0
shrinkage=0.05


Tree=50
num_leaves=11
num_cat=2
split_feature=0 5 5 33 5 35 22 43 1 43
split_gain=98.7228 10.1244 17.5691 23.1851 13.3753 6.97192 1.66873 8.73115 6.81149 0.34564
threshold=0 -0.99465740988130902 -0.96234030595689413 33.750000000000007 -0.73865259438682551 85.583333500000023 86.51388900000002 15.550000000000002 1 17.900000000000002
decision_type=1 2 2 2 2 2 2 2 1 2
left_child=1 5 3 -3 -4 9 -2 8 -8 -1
right_child=6 2 4 -5 -6 -7 7 -9 -10 -11
leaf_value=0.00028105513301555045 -0.049338065607082773 -0.044072690351226608 0.025651183564891263 0.064648446076324417 0.0044117205593635304 0.068598542019738515 0.04741649310620278 -0.046853595700675751 -0.038515855611820131 0.018154412121142962
leaf_weight=5.1220889836549777 83.564170638099313 30.42013943195343 90.601230785250664 4.8989359587430945 391.85490907728672 10.128147736191748 4.5326231587678185 25.781897460110486 3.0113251488655806 4.8085563182830811
leaf_count=21 8758 124 385 21 1702 46 198 2593 186 20
internal_value=-0.00208814 0.00719704 0.00593597 -0.0276277 0.00844512 0.0413388 -0.0415922 -0.0334148 0.0126216 0.00980469
internal_weight=654.724 537.834 517.775 35.3191 482.456 20.0588 116.89 33.3258 7.54395 9.93065
internal_count=14054 2319 2232 145 2087 87 11735 2977 384 41
cat_boundaries=0 1 2
cat_threshold=8 1
is_linear=0
shrinkage=0.05


Tree=51
num_leaves=10
num_cat=1
split_feature=0 5 5 33 5 35 4 5 32
split_gain=96.1067 11.2781 15.3064 18.4063 11.3573 5.43831 2.9048 7.8353 7.87802
threshold=0 -0.99465740988130902 -0.96234030595689413 33.750000000000007 -0.6905596507703472 85.583333500000023 -0.67803021058859214 -0.55656394595157355 27.082143000000006
decision_type=1 2 2 2 2 2 2 2 2
left_child=1 5 3 -3 -4 -1 7 8 -2
right_child=6 2 4 -5 -6 -7 -8 -9 -10
leaf_value=0.014309263527163258 0.033925723648350586 -0.039356493072138309 0.023454634053495141 0.055013419448381264 0.0050611074185102703 0.067380342649745337 -0.049817626039857892 -0.048120513758776989 -0.042413247559992366
leaf_weight=9.4617204666137713 7.114172635599969 30.578435406088829 106.3832665681839 5.2708818018436423 388.28160532563925 10.542993813753126 79.416813265532255 20.415808653458953 4.7944353362545371
leaf_count=39 165 125 452 23 1684 49 9105 2211 220
internal_value=-0.000736858 0.00804687 0.00675616 -0.024365 0.00905618 0.0441553 -0.0407947 -0.0300387 0.00228672
internal_weight=662.26 550.519 530.514 35.8493 494.665 20.0047 111.741 32.3244 11.9086
internal_count=14073 2372 2284 148 2136 88 11701 2596 385
cat_boundaries=0 1
cat_threshold=8
is_linear=0
shrinkage=0.05


Tree=52
num_leaves=10
num_cat=2
split_feature=0 34 36 43 25 4 5 1 36
split_gain=86.6759 9.36528 10.7485 20.6101 12.8596 3.63123 9.24584 8.30482 1.68121
threshold=0 26.050000000000004 95.500000000000014 1.3500000000000003 10.402083500000002 -0.67803021058859214 -0.55656394595157355 1 90.500000000000014
decision_type=1 2 2 2 2 2 2 1 2
left_child=1 2 4 -4 -1 6 7 -2 -3
right_child=5 8 3 -5 -6 -7 -8 -9 -10
leaf_value=-0.025515392916453602 0.037983645154973877 0.019363721654070125 0.043573776261140083 0.0063220046052843626 0.0082032426070145041 -0.049766871551623564 -0.048000434897506335 -0.04185017469846429 0.062902338583745832
leaf_weight=51.439795628190041 7.3118567299097794 4.6395062804222089 40.286681607365608 375.06826239824295 60.589831858873367 75.797389312647283 19.564148652832955 4.3772969730198383 7.5413793474435806
leaf_count=233 189 24 179 1593 262 9123 2227 192 39
internal_value=-0.00112438 0.00724748 0.00632822 0.0100312 -0.00736785 -0.0399691 -0.0277929 0.00714577 0.0490464
internal_weight=646.616 539.565 527.385 415.355 112.03 107.051 31.2533 11.6892 12.1809
internal_count=14061 2330 2267 1772 495 11731 2608 381 63
cat_boundaries=0 1 2
cat_threshold=8 1
is_linear=0
shrinkage=0.05


Tree=53
num_leaves=12
num_cat=1
split_feature=0 44 26 35 26 5 26 32 4 5 32
split_gain=84.1616 9.56483 11.3845 9.11786 8.10145 6.02713 6.81099 4.33391 3.02113 7.27023 6.3608
threshold=0 29.350000000000005 21.350000000000005 87.232143000000022 23.550000000000004 0.89309379682046119 12.250000000000002 27.921726000000003 -0.67803021058859214 -0.55656394595157355 27.052083000000003
decision_type=1 2 2 2 2 2 2 2 2 2 2
left_child=1 5 3 -3 -4 6 -1 -7 9 10 -2
right_child=8 2 4 -5 -6 7 -8 -9 -10 -11 -12
leaf_value=-0.038049015044219127 0.031804892672887546 0.0039868725597130101 0.027955330071088559 -0.017909705978046409 0.0034536512920398665 0.056922832332001155 0.024220206167467451 0.0029128337376568693 -0.049714822058695207 -0.047859953684348408 -0.035628649735059831
leaf_weight=4.7897180616855648 6.7102700490504521 296.66944044828415 77.703288435935974 55.579501882195473 59.605098098516464 18.36415579915047 17.600549280643463 4.7339043021202079 72.271185162942857 18.600099062081426 5.4007879551500082
leaf_count=21 149 1277 339 237 265 85 73 20 9139 2217 233
internal_value=-0.000988121 0.00720107 0.0052653 0.000491008 0.0174211 0.0290219 0.00984239 0.0464338 -0.0400373 -0.0290398 0.0013098
internal_weight=638.028 535.046 489.557 352.249 137.308 45.4883 22.3903 23.0981 102.982 30.7112 12.1111
internal_count=14055 2317 2118 1514 604 199 94 105 11738 2599 382
cat_boundaries=0 1
cat_threshold=8
is_linear=0
shrinkage=0.05


Tree=54
num_leaves=13
num_cat=2
split_feature=0 6 33 37 43 37 44 44 4 33 1 5
split_gain=79.9314 10.8686 10.9428 10.3459 26.0924 13.4514 7.37083 4.14814 2.55283 6.56971 3.39389 1.90942
threshold=0 2.5000000000000004 37.100000000000009 56.500000000000007 17.600000000000005 53.500000000000007 43.400000000000013 43.000000000000007 -0.67803021058859214 32.750000000000007 1 -0.55656394595157355
decision_type=1 2 2 2 2 2 2 2 2 2 1 2
left_child=1 2 6 5 -5 -3 -1 -4 9 11 -11 -2
right_child=8 3 7 4 -6 -7 -8 -9 -10 10 -12 -13
leaf_value=-0.00594323440259064 -0.016735665949574634 0.012704632273944638 0.0024226613655641579 -0.022551417997630642 0.014156307770339344 0.046430027923377838 -0.044517406631072079 0.066747742460663659 -0.04965807513020868 0.058567953364630845 -0.026879980836743061 -0.047676851409527238
leaf_weight=95.915286123752594 8.9357716990634852 150.28998844325542 4.1840796023607236 66.70661960542202 168.98812644183636 36.261001259088516 13.304452300071715 5.5544494986534119 68.461500774137676 2.1686107479035845 1.1014764532446863 17.430000254418701
leaf_count=418 295 665 21 284 716 155 57 25 9086 64 60 2181
internal_value=-0.000931273 0.0068252 -0.00635832 0.0107069 0.00371586 0.0194726 -0.0110034 0.0419102 -0.040012 -0.0298955 0.0302316 -0.0381852
internal_weight=639.301 541.204 118.958 422.246 235.695 186.551 109.22 9.73853 98.0974 29.6359 3.27009 26.3658
internal_count=14027 2341 521 1820 1000 820 475 46 11686 2600 124 2476
cat_boundaries=0 1 2
cat_threshold=8 1
is_linear=0
shrinkage=0.05


Tree=55
num_leaves=9
num_cat=2
split_feature=0 1 4 2 44 44 38 7
split_gain=77.1346 10.7685 21.0824 20.2108 19.9016 13.5292 14.1628 4.60457
threshold=0 1 -0.78326540922535159 7.5000000000000009 37.600000000000001 48.800000000000004 11.389583500000002 29.131250000000005
decision_type=1 1 2 2 2 2 2 2
left_child=1 5 4 -4 -3 6 -1 -7
right_child=-2 2 3 -5 -6 7 -8 -9
leaf_value=0.012129777637668685 -0.044156387648530318 0.0013959391973522414 -0.0016003679274537649 0.034711116657675192 -0.061489282204299667 -0.050759706664111115 0.050553351235534796 0.014091153935724311
leaf_weight=243.49664024123922 75.236209230963141 25.431094189640135 179.49549712287262 47.695709670893848 23.816422909963876 9.6627079918980581 25.80291201826185 3.1862389929592601
leaf_count=1998 9351 218 1521 398 205 91 226 23
internal_value=-8.99213e-05 0.00658511 -0.000315834 0.00614144 -0.0296343 0.0135562 0.0159847 -0.0348219
internal_weight=633.823 558.587 276.439 227.191 49.2475 282.148 269.3 12.8489
internal_count=14031 4680 2342 1919 423 2338 2224 114
cat_boundaries=0 1 2
cat_threshold=9 1
is_linear=0
shrinkage=0.05


Tree=56
num_leaves=12
num_cat=2
split_feature=0 1 42 33 34 8 37 37 4 5 32
split_gain=72.8491 9.07072 19.9303 19.4118 12.0932 11.6684 15.2794 12.4496 2.80647 6.27149 6.04319
threshold=0 1 2.5000000000000004 35.750000000000007 20.550000000000004 30.050000000000004 33.500000000000007 66.500000000000014 -0.67803021058859214 -0.55656394595157355 27.082143000000006
decision_type=1 1 2 2 2 2 2 2 2 2 2
left_child=1 5 4 -4 -3 7 -7 -1 9 10 -2
right_child=8 2 3 -5 -6 6 -8 -9 -10 -11 -12
leaf_value=-0.030974229396066158 0.027247551993043462 -0.012813390295861253 0.00059421518879107819 -0.042317041906154422 0.053337588284132091 -0.0068693104582708085 0.023959920410158989 0.032412027103293106 -0.049572619766468533 -0.04745546902863889 -0.041453401656152619
leaf_weight=25.968148127198219 7.1532401200383919 9.0084585994482023 204.42121437191963 29.251324504613876 24.562435060739517 50.81541246175766 184.53698095679283 9.9493381828069669 63.523964128922671 16.223740342538804 4.2699868474155664
leaf_count=109 162 43 884 140 105 223 792 42 9152 2200 217
internal_value=-0.000517032 0.00670812 0.000287478 -0.00493489 0.0357294 0.0132556 0.0173026 -0.0130135 -0.0392703 -0.0284031 0.000297584
internal_weight=629.684 538.513 267.243 233.673 33.5709 271.27 235.352 35.9175 91.1709 27.647 11.4232
internal_count=14069 2338 1172 1024 148 1166 1015 151 11731 2579 379
cat_boundaries=0 1 2
cat_threshold=8 1
is_linear=0
shrinkage=0.05


Tree=57
num_leaves=15
num_cat=0
split_feature=40 10 31 31 34 33 32 32 21 5 24 4 23 10
split_gain=7.75133 19.4468 8.72004 12.8437 8.96448 8.17918 13.595 5.81731 4.45766 5.35138 2.15942 1.60502 0.571486 0.563654
threshold=3.1500000000000008 67.437500000000014 45.900000000000013 35.100000000000001 24.250000000000004 32.550000000000004 26.868452500000004 28.763095000000003 23.050000000000004 0.59003219687534991 55.500000000000007 0.93237596376505805 97.500000000000014 78.270833500000023
decision_type=2 2 2 2 2 2 2 2 2 2 2 2 2 2
left_child=5 8 3 -3 -4 10 11 -8 9 -2 -1 -7 -10 -12
right_child=1 2 4 -5 -6 6 7 -9 12 -11 13 -13 -14 -15
leaf_value=0.05093188578846241 0.026250077903342186 -0.0061926169996084739 2.616915826783904e-05 0.011379916080320768 -0.059717741377172645 -0.047204193855070603 0.0026625809552500439 0.025495305639242967 -0.06318491151983778 -0.04054722142440155 0.018270577222082869 0.0096077490621965661 -0.0081177020131870357 -0.020527119729877284
leaf_weight=12.858108210843055 3.7901654238812643 250.94429437909275 12.813265908975156 176.06906659295782 11.310356572270392 11.304473390802739 75.236121827736497 43.589358644559979 14.435847911518064 7.504251089412719 0.69910369021817942 1.0437847711145867 0.81514677451923567 1.1349497465416787
leaf_count=318 77 5605 289 3811 275 257 1719 1021 379 172 22 21 19 30
internal_value=-2.78941e-05 -0.00311078 -0.000619168 0.00106267 -0.0292468 0.0100204 0.00589086 0.0111813 -0.0438958 -0.0178196 0.0441646 -0.0420419 -0.0609223 -0.00450971
internal_weight=623.548 477.682 451.137 427.013 24.1236 145.866 131.174 118.825 26.5454 11.2944 14.6922 12.3483 15.251 1.83405
internal_count=14015 10627 9980 9416 564 3388 3018 2740 647 249 370 278 398 52
is_linear=0
shrinkage=0.05


Tree=58
num_leaves=9
num_cat=2
split_feature=0 26 2 34 26 4 2 1
split_gain=67.838 9.38871 8.30692 16.1167 12.1162 2.8457 5.32428 5.30636
threshold=0 11.350000000000003 9.5000000000000018 23.750000000000004 20.450000000000003 -0.67803021058859214 8.5000000000000018 1
decision_type=1 2 2 2 2 2 2 1
left_child=1 -1 4 -4 -3 6 7 -2
right_child=5 2 3 -5 -6 -7 -8 -9
leaf_value=-0.043261389058587105 0.021081609710021626 -0.0028050625700768682 0.027142536827408123 -0.030711589026404293 0.014280249243869562 -0.049512103248145464 -0.047161979553806174 -0.041792483327652237
leaf_weight=8.3586435467004758 7.85711169941351 253.34910354018211 92.474840074777603 12.970415487885473 174.44593349844217 60.067811875138432 14.739384592510758 4.4081355351954699
leaf_count=37 245 1103 395 54 769 9086 2100 248
internal_value=-0.000492359 0.00632497 0.00730016 0.0198045 0.00417903 -0.0387998 -0.0279096 -0.00296242
internal_weight=628.671 541.599 533.24 105.445 427.795 87.0724 27.0046 12.2652
internal_count=14037 2358 2321 449 1872 11679 2593 493
cat_boundaries=0 1 2
cat_threshold=8 1
is_linear=0
shrinkage=0.05


Tree=59
num_leaves=9
num_cat=2
split_feature=0 1 42 5 12 34 41 35
split_gain=64.7434 9.48606 14.2981 16.2845 13.6113 15.5928 11.0621 5.01599
threshold=0 1 2.5000000000000004 -0.99273797715557011 76.500000000000014 23.150000000000002 1.0000000180025095e-35 87.348214000000013
decision_type=1 1 2 2 2 2 2 2
left_child=1 4 6 -4 5 -1 -3 -6
right_child=-2 2 3 -5 7 -7 -8 -9
leaf_value=-0.0032793042492549884 -0.043430401381721467 -0.018329439620792903 0.050074862764161635 -0.0085940360274312216 -0.060726968868407782 0.02270935043579253 0.044870731212604348 -0.0026652035997747942
leaf_weight=84.283482308033854 66.55174258351326 8.7608256777748448 11.482721385080366 227.68787034740672 7.2327775903977436 180.53574263630435 25.35120682278648 6.9607742670923471
leaf_count=706 9348 80 102 1953 55 1485 227 57
internal_value=-0.000618181 0.00529904 -0.00122791 -0.00558054 0.0118627 0.0144568 0.0285796 -0.034302
internal_weight=618.847 552.295 273.283 239.171 279.013 264.819 34.112 14.1936
internal_count=14013 4665 2362 2055 2303 2191 307 112
cat_boundaries=0 1 2
cat_threshold=9 1
is_linear=0
shrinkage=0.05


Tree=60
num_leaves=12
num_cat=2
split_feature=0 5 26 44 5 5 20 4 4 5 1
split_gain=65.4837 9.9836 22.1822 15.5586 14.8257 11.4284 7.89131 6.93919 2.46673 5.22022 4.61235
threshold=0 0.16587474750015926 13.65 41.20000000000001 -0.62587551141915865 0.31595530242620651 33.350000000000001 0.91248814248966259 -0.67803021058859214 -0.55656394595157355 1
decision_type=1 2 2 2 2 2 2 2 2 2 1
left_child=1 2 6 5 -4 -3 -1 -5 9 10 -2
right_child=8 3 4 7 -6 -7 -8 -9 -10 -11 -12
leaf_value=-0.06076374524558105 0.021292430757591588 0.067052511015788144 0.015146467484242749 -0.029811537693215196 -0.0077353303773264716 0.017720290542304114 0.011600946992235519 0.01035525321465109 -0.049423382147750439 -0.047069066919028901 -0.040545420938749889
leaf_weight=17.345175579190258 7.1470592580735701 11.785387411713598 158.75457559525967 23.461771294474602 126.27466934919357 175.7490618377924 4.3792846202850333 18.479361563920975 55.723102148156613 14.408610963728277 3.7892576502636075
leaf_count=79 185 48 685 103 578 755 19 77 9142 2214 197
internal_value=0.000477551 0.00702575 0.00124414 0.0150203 0.00501769 0.0211597 -0.0463077 -0.0122849 -0.0385522 -0.0283159 -0.00173519
internal_weight=617.297 536.229 306.754 229.476 285.029 187.534 21.7245 41.9411 81.068 25.3449 10.9363
internal_count=14082 2344 1361 983 1263 803 98 180 11738 2596 382
cat_boundaries=0 1 2
cat_threshold=8 1
is_linear=0
shrinkage=0.05


Tree=61
num_leaves=9
num_cat=2
split_feature=0 1 4 4 10 44 38 4
split_gain=55.0081 11.1087 15.6296 18.2998 13.1841 10.9743 15.201 9.09453
threshold=0 1 -0.76141707087277943 -0.39036798905311365 82.020833500000023 48.800000000000004 11.120238000000002 -0.62588817255938378
decision_type=1 1 2 2 2 2 2 2
left_child=1 5 4 -4 -3 6 -1 -7
right_child=-2 2 3 -5 -6 7 -8 -9
leaf_value=0.0085055130313985133 -0.042805614027252775 0.056957413545316242 0.032712433863771116 -0.0044150537898442468 -0.035260830641333861 0.054073548356717641 0.044701463385567311 -0.048602224528041721
leaf_weight=230.85574192134663 60.665915363002568 3.3237726618535808 39.644181217532605 180.06689230538905 47.148415456991643 1.7446598326787341 32.324602840468287 11.431003007572142
leaf_count=1941 9337 26 332 1556 417 14 282 102
internal_value=-0.00161637 0.00373896 -0.00339745 0.00240201 -0.0281993 0.0108379 0.0131036 -0.0321509
internal_weight=607.205 546.539 270.183 219.711 50.4722 276.356 263.18 13.1757
internal_count=14007 4670 2331 1888 443 2339 2223 116
cat_boundaries=0 1 2
cat_threshold=9 1
is_linear=0
shrinkage=0.05


Tree=62
num_leaves=8
num_cat=1
split_feature=0 40 43 43 4 39 15
split_gain=55.9862 8.36807 9.21534 22.5218 21.0475 5.29271 0.144368
threshold=0 130.55000000000004 27.750000000000004 26.650000000000002 0.63920241694561786 22.350000000000005 21.150000000000002
decision_type=1 2 2 2 2 2 2
left_child=1 2 3 -1 -4 -3 -7
right_child=-2 5 4 -5 -6 6 -8
leaf_value=0.0056390839180367877 -0.042565413706149517 -0.062561307036056585 0.035950763781568015 -0.048997803204397283 -0.027176489094331471 -0.0043010106646098828 0.010043457679525029
leaf_weight=443.78624366782606 58.670802605804056 6.3725680070929211 58.683804315049201 18.700599691364914 16.155853006988764 2.7889345712028444 2.3875191509723663
leaf_count=3767 9383 51 502 154 147 22 20
internal_value=-0.000306853 0.0049633 0.00598585 0.0033289 0.0221446 -0.0353423 0.00286996
internal_weight=607.546 548.876 537.327 462.487 74.8397 11.549 5.17645
internal_count=14046 4663 4570 3921 649 93 42
cat_boundaries=0 1
cat_threshold=9
is_linear=0
shrinkage=0.05


Tree=63
num_leaves=9
num_cat=1
split_feature=0 38 26 44 35 8 21 33
split_gain=51.2244 10.7831 14.0993 11.4356 15.1562 9.83935 8.14415 7.19145
threshold=0 9.2520835000000012 20.450000000000003 40.500000000000007 62.229166500000012 33.650000000000013 26.450000000000003 31.250000000000004
decision_type=1 2 2 2 2 2 2 2
left_child=1 3 6 5 -5 -1 -3 -4
right_child=-2 2 7 4 -6 -7 -8 -9
leaf_value=0.0028104797789861944 -0.042230448661779198 -0.029899693647099421 0.046502118920642162 -0.032522560415074356 0.041828361948147569 0.035139281492856923 0.028094288338571017 0.00092491176012240864
leaf_weight=286.78104193555191 55.998435040470213 59.053397899027914 8.3691223915666324 7.3235494378022841 43.923613292165101 24.665878224652261 5.9460248760879031 114.13483384624124
leaf_count=2393 9337 521 74 67 374 206 60 1003
internal_value=-0.000936392 0.00402853 -0.00561402 0.00912597 0.030784 0.00547512 -0.0242492 0.00438993
internal_weight=606.196 550.197 187.503 362.694 51.2472 311.447 64.9994 122.504
internal_count=14035 4698 1658 3040 441 2599 581 1077
cat_boundaries=0 1
cat_threshold=9
is_linear=0
shrinkage=0.05


Tree=64
num_leaves=9
num_cat=1
split_feature=0 39 38 39 35 4 42 5
split_gain=47.3624 7.49576 19.5497 18.4792 14.4539 12.108 10.1399 7.13485
threshold=0 21.550000000000004 8.8104165000000005 21.950000000000003 87.955357000000006 -0.88622299073327826 4.5000000000000009 -0.54219087765047058
decision_type=1 2 2 2 2 2 2 2
left_child=1 2 4 7 -1 -5 -4 -3
right_child=-2 3 6 5 -6 -7 -8 -9
leaf_value=0.0066936433782045016 -0.041896040731905879 0.080008791699644644 0.02232354907194925 -0.028402079339025138 -0.042829582302543259 0.0093592912657614168 -0.038382160652779843 0.026421720249444242
leaf_weight=257.34406486712396 53.55487248301506 9.9803605475462991 7.4343025046400717 23.129821475129575 14.631458261981605 176.69037423236296 44.235486333724111 18.107147025875747
leaf_count=2129 9337 76 66 193 126 1503 416 148
internal_value=-0.00137217 0.0033293 -0.00150373 0.0103146 0.0038823 0.00486863 -0.0293898 0.0475589
internal_weight=605.108 551.553 323.645 227.908 271.976 199.82 51.6698 28.0875
internal_count=13994 4657 2737 1920 2255 1696 482 224
cat_boundaries=0 1
cat_threshold=9
is_linear=0
shrinkage=0.05


end of trees

feature_importances:
day_of_year_sin=88
day_of_year_cos=73
age_group=60
temperature_min_7d=44
gender=30
rain_max_daily_7d=27
wind_gust_max_7d=23
temperature_mean_7d=20
wind_speed_mean_7d=19
wind_speed_max_7d=19
humidity_max_7d=18
wind_speed_max_3d=17
humidity_mean_7d=16
month=15
temperature_max_7d=14
precipitation_sum_7d=14
rain_days_7d=14
humidity_min_7d=13
temperature_min_3d=11
weather_code_current=7
humidity_min_current=5
wind_gust_max_3d=5
temperature_max_current=4
humidity_mean_3d=4
humidity_max_3d=4
humidity_min_3d=4
wind_speed_mean_3d=4
rain_max_daily_3d=4
humidity_mean_current=3
rain_sum_7d=3
temperature_mean_3d=2
temperature_max_3d=2
temperature_mean_current=1
wind_speed_max_current=1
precipitation_sum_current=1
rain_days_3d=1

parameters:
[boosting: gbdt]
[objective: binary]
[metric: binary_logloss]
[tree_learner: serial]
[device_type: cpu]
[data_sample_strategy: bagging]
[data: ]
[valid: ]
[num_iterations: 65]
[learning_rate: 0.05]
[num_leaves: 15]
[num_threads: 8]
[seed: 42]
[deterministic: 0]
[force_col_wise: 0]
[force_row_wise: 0]
[histogram_pool_size: -1]
[max_depth: 4]
[min_data_in_leaf: 20]
[min_sum_hessian_in_leaf: 0.001]
[bagging_fraction: 0.9]
[pos_bagging_fraction: 1]
[neg_bagging_fraction: 1]
[bagging_freq: 1]
[bagging_seed: 400]
[bagging_by_query: 0]
[feature_fraction: 0.9]
[feature_fraction_bynode: 1]
[feature_fraction_seed: 30056]
[extra_trees: 0]
[extra_seed: 12879]
[early_stopping_round: 0]
[early_stopping_min_delta: 0]
[first_metric_only: 0]
[max_delta_step: 0]
[lambda_l1: 0]
[lambda_l2: 1]
[linear_lambda: 0]
[min_gain_to_split: 0]
[drop_rate: 0.1]
[max_drop: 50]
[skip_drop: 0.5]
[xgboost_dart_mode: 0]
[uniform_drop: 0]
[drop_seed: 17869]
[top_rate: 0.2]
[other_rate: 0.1]
[min_data_per_group: 100]
[max_cat_threshold: 32]
[cat_l2: 10]
[cat_smooth: 10]
[max_cat_to_onehot: 4]
[top_k: 20]
[monotone_constraints: ]
[monotone_constraints_method: basic]
[monotone_penalty: 0]
[feature_contri: ]
[forcedsplits_filename: ]
[refit_decay_rate: 0.9]
[cegb_tradeoff: 1]
[cegb_penalty_split: 0]
[cegb_penalty_feature_lazy: ]
[cegb_penalty_feature_coupled: ]
[path_smooth: 0]
[interaction_constraints: ]
[verbosity: -1]
[saved_feature_importance_type: 0]
[use_quantized_grad: 0]
[num_grad_quant_bins: 4]
[quant_train_renew_leaf: 0]
[stochastic_rounding: 1]
[linear_tree: 0]
[max_bin: 255]
[max_bin_by_feature: ]
[min_data_in_bin: 3]
[bin_construct_sample_cnt: 200000]
[data_random_seed: 175]
[is_enable_sparse: 1]
[enable_bundle: 1]
[use_missing: 1]
[zero_as_missing: 0]
[feature_pre_filter: 1]
[pre_partition: 0]
[two_round: 0]
[header: 0]
[label_column: ]
[weight_column: ]
[group_column: ]
[ignore_column: ]
[categorical_feature: 0,1,3]
[forcedbins_filename: ]
[precise_float_parser: 0]
[parser_config_file: ]
[objective_seed: 16083]
[num_class: 1]
[is_unbalance: 0]
[scale_pos_weight: 1]
[sigmoid: 1]
[boost_from_average: 1]
[reg_sqrt: 0]
[alpha: 0.9]
[fair_c: 1]
[poisson_max_delta_step: 0.7]
[tweedie_variance_power: 1.5]
[lambdarank_truncation_level: 30]
[lambdarank_norm: 1]
[label_gain: ]
[lambdarank_position_bias_regularization: 0]
[eval_at: ]
[multi_error_top_k: 1]
[auc_mu_weights: ]
[num_machines: 1]
[local_listen_port: 12400]
[time_out: 120]
[machine_list_filename: ]
[machines: ]
[gpu_platform_id: -1]
[gpu_device_id: -1]
[gpu_device_id_list: ]
[gpu_use_dp: 0]
[num_gpu: 1]

end of parameters

pandas_categorical:[]
