tree
version=v4
num_class=1
num_tree_per_iteration=1
label_index=0
max_feature_idx=44
objective=binary sigmoid:1
feature_names=age_group gender month season day_of_year_sin day_of_year_cos weather_code_current temperature_mean_current temperature_max_current temperature_min_current humidity_mean_current humidity_max_current humidity_min_current wind_speed_mean_current wind_speed_max_current precipitation_sum_current rain_sum_current wind_gust_max_current rain_day_current temperature_mean_3d temperature_max_3d temperature_min_3d humidity_mean_3d humidity_max_3d humidity_min_3d wind_speed_mean_3d wind_speed_max_3d precipitation_sum_3d rain_sum_3d rain_days_3d rain_max_daily_3d wind_gust_max_3d temperature_mean_7d temperature_max_7d temperature_min_7d humidity_mean_7d humidity_max_7d humidity_min_7d wind_speed_mean_7d wind_speed_max_7d precipitation_sum_7d rain_sum_7d rain_days_7d rain_max_daily_7d wind_gust_max_7d
feature_infos=-1:0:1:2:3:4:5 -1:0:1 [1:12] -1:1:0 [-0.99999942202469239:0.99998555065071859] [-0.99997919295908244:0.9999907524084426] [0:61] [23.658332999999999:32.533332999999999] [25.899999999999999:39.200000000000003] [17.899999999999999:29.300000000000001] [48.958333000000003:91.625] [63:100] [23:86] [2.8541669999999999:19.695833] [6.4000000000000004:30.100000000000001] [0:63.100000000000001] [0:63.100000000000001] [14:56.899999999999999] [0:1] [23.766667000000002:32.427778000000004] [27.699999999999999:39.200000000000003] [17.899999999999999:28.100000000000001] [52.569443999999997:90.694444000000004] [73:100] [23:79] [4.125:17.329167000000002] [9.6999999999999993:30.100000000000001] [0:93.900000000000006] [0:93.900000000000006] [0:3] [0:63.100000000000001] [17.300000000000001:56.899999999999999] [24.365476000000001:32.235118999999997] [28.699999999999999:39.200000000000003] [17.899999999999999:27.5] [55.767856999999999:89.523809999999997] [77:100] [23:72] [4.5327380000000002:15.469643] [11.6:30.100000000000001] [0:163.90000000000001] [0:163.90000000000001] [0:7] [0:63.100000000000001] [23:56.899999999999999]
tree_sizes=1278 1426 1285 1322 1638 1301 1108 1283 1301 683 1200 697 1112 701 786 905 791 702 790 701 798 801 998 804 698 805 1324 997 1095 794 793 686 704 1009 688 702 686 1428 788

Tree=0
num_leaves=11
num_cat=2
split_feature=19 37 1 44 44 5 36 37 1 43
split_gain=170.667 46.072 54.7452 60.0336 33.4382 16.2276 15.3061 9.67314 13.1022 2.87148
threshold=29.951389000000002 66.500000000000014 0 44.45000000000001 43.000000000000007 -0.62587551141915865 88.500000000000014 61.500000000000007 1 38.900000000000006
decision_type=2 2 1 2 2 2 2 2 1 2
left_child=1 7 3 -3 5 -2 -7 9 -9 -1
right_child=4 2 -4 -5 -6 6 -8 8 -10 -11
leaf_value=-5.2687788719212909 -5.2300269227201097 -5.2006589932461909 -5.2603254260573165 -4.8503796996496451 -5.2396357224388472 -5.2286286453876647 -4.8378746272298052 -5.1773656779859385 -5.2641149763629569 -5.2024936502526886
leaf_weight=45.766260001808405 0.26222482929006297 2.6168967657722515 4.2758701755665243 1.5037791230715809 0.66358936391770829 0.21941261226311271 2.8202547966502607 7.6526837935671193 7.7597143361344934 1.2308512395247806
leaf_count=8552 49 489 799 281 124 41 527 1430 1450 230
internal_value=-5.22102 -5.2406 -5.1368 -5.02569 -4.93751 -4.88624 -4.86134 -5.25566 -5.22109 -5.26672
internal_weight=74.7715 70.8061 8.39655 4.12068 3.96548 3.30189 3.03967 62.4095 15.4124 46.9971
internal_count=13972 13231 1569 770 741 617 568 11662 2880 8782
cat_boundaries=0 1 2
cat_threshold=1 1
is_linear=0
shrinkage=1


Tree=1
num_leaves=12
num_cat=1
split_feature=19 4 5 1 4 35 35 39 33 7 5
split_gain=141.44 35.2965 82.1095 75.0552 38.774 25.8604 25.0632 19.483 6.76055 2.34299 1.08413
threshold=29.951389000000002 -0.40614700388750385 -0.77243990499604276 0 -0.98523971305672664 63.925595000000008 73.461309500000013 20.650000000000002 38.100000000000009 30.466666500000002 -0.18493013702746816
decision_type=2 2 2 1 2 2 2 2 2 2 2
left_child=1 2 3 -1 -4 10 7 -7 9 -3 -2
right_child=5 8 4 -5 -6 6 -8 -9 -10 -11 -12
leaf_value=0.35674505346317437 -0.023644120753026784 -0.048056689069412718 0.11742405618897651 -0.032171251994098038 -0.047438841191359417 -0.013025158721508605 -0.017671728843001746 0.34048706056989247 0.084849178547922482 0.036086929169012655 0.038246335357553285
leaf_weight=2.1943254768848446 0.88605702016502619 44.463573846034706 3.4738388899713781 1.778625871986151 16.776752374600619 0.34911819500848684 0.54153905808925618 3.3501946441829205 0.11213970463722844 0.16112454002722998 0.13259623618796357
leaf_count=348 142 8601 636 347 3193 55 93 440 22 31 17
internal_value=0.0015784 -0.0188159 0.0290283 0.211176 -0.014963 0.229266 0.274072 0.311452 -0.0447902 -0.0469686 -0.000632354
internal_weight=74.2199 68.9604 24.2235 3.97295 20.2506 5.25951 4.24085 3.69931 44.7368 44.6247 1.01865
internal_count=13925 13178 4524 695 3829 747 588 495 8654 8632 159
cat_boundaries=0 1
cat_threshold=1
is_linear=0
shrinkage=0.05


Tree=2
num_leaves=11
num_cat=3
split_feature=32 37 1 22 37 1 44 25 1 43
split_gain=102.555 41.2714 27.6558 21.4594 18.688 24.854 15.9306 10.6291 8.17962 5.66838
threshold=29.851785500000002 68.500000000000014 0 88.145833500000023 61.500000000000007 1 43.000000000000007 8.7194445000000034 2 38.900000000000006
decision_type=2 2 1 2 2 1 2 2 1 2
left_child=1 4 3 -3 9 -6 7 -2 -9 -1
right_child=6 2 -4 -5 5 -7 -8 8 -10 -11
leaf_value=-0.049083371536188414 -0.014431365675993839 0.27088528426489056 -0.030810488931165537 -0.020048422007959133 0.058778381795582958 -0.045531082286870792 -0.020826289193932205 0.281596803547841 0.098020260678353649 0.037356536319908915
leaf_weight=42.112810409162194 0.40163225680589576 1.646653612609952 1.5846912958659234 0.66235772660002101 11.377883886918426 9.6391124431975186 0.70735484780743707 2.6148195299319923 2.7064128741621971 1.2854592138901342
leaf_count=8589 63 209 317 109 1927 1919 135 275 287 241
internal_value=0.00187238 -0.0170775 0.123419 0.206591 -0.027327 0.0110434 0.178385 0.202443 0.218506 -0.0457393
internal_weight=74.7392 68.309 3.8937 2.30901 64.4153 21.017 6.43022 5.72286 5.32123 43.3983
internal_count=14071 13311 635 318 12676 3846 760 625 562 8830
cat_boundaries=0 1 2 3
cat_threshold=1 1 1
is_linear=0
shrinkage=0.05


Tree=3
num_leaves=11
num_cat=1
split_feature=19 37 44 1 4 4 4 19 36 4
split_gain=86.2154 25.602 18.095 14.6247 12.681 11.9553 8.72687 8.66805 6.11977 6.07799
threshold=29.648611000000002 68.500000000000014 43.000000000000007 0 -0.99866806308218525 -0.40614700388750385 0.78325454425165997 26.248611000000004 91.500000000000014 -0.48314718476766416
decision_type=2 2 2 1 2 2 2 2 2 2
left_child=1 4 6 5 7 -3 -2 -1 -8 -6
right_child=2 3 -4 -5 9 -7 8 -9 -10 -11
leaf_value=0.16361201076625667 -0.016341054757443997 0.18009269559657326 -0.027394170986186919 -0.030577370617312923 -0.013016980255539032 -0.021110880157582723 0.084572680048818294 -0.021903071049080514 0.22069440731528336 -0.047867911253671049
leaf_weight=0.40365477791055926 0.48116851877420952 2.0373241300694649 1.1976889814250169 1.5547002190724013 19.136857954319559 0.72093666950240631 3.4431302105076611 0.77083030762150884 3.6096572591923177 41.198862282093621
leaf_count=54 82 219 232 321 3649 97 313 125 337 8651
internal_value=-0.00463221 -0.0248218 0.134477 0.0814147 -0.0334541 0.135879 0.160405 0.0877763 0.172995 -0.0372066
internal_weight=74.5548 65.8232 8.73164 4.31296 61.5102 2.75826 7.53396 1.17449 7.05279 60.3357
internal_count=14080 13116 964 637 12479 316 732 179 650 12300
cat_boundaries=0 1
cat_threshold=1
is_linear=0
shrinkage=0.05


Tree=4
num_leaves=14
num_cat=1
split_feature=7 4 5 1 4 22 4 38 32 31 44 20 43
split_gain=65.1254 29.0901 61.3675 37.6462 23.9855 10.1236 9.72672 6.27895 4.27568 4.24527 2.71331 1.33427 0.608405
threshold=30.068750000000005 -0.40614700388750385 -0.77243990499604276 0 -0.98523971305672664 64.354166500000019 0.78325454425165997 12.416964000000002 30.844940500000003 38.70000000000001 43.000000000000007 37.400000000000006 38.900000000000006
decision_type=2 2 2 1 2 2 2 2 2 2 2 2 2
left_child=1 2 3 -1 -4 9 -7 -8 12 -2 -11 -10 -3
right_child=5 8 4 -5 -6 6 7 -9 11 10 -12 -13 -14
leaf_value=0.23383331823831355 -0.029033661200128125 -0.048951553170933894 0.076542472559188141 -0.030917893819156696 -0.047283758786295989 -0.018008965149950963 0.1987378403298824 0.037002851209710801 0.069326194909539465 0.10128258142695723 -0.014575138939363831 -0.013360079706400789 -0.0080422996916223871
leaf_weight=3.5725081958808032 1.3486713827587649 38.227017291821539 4.1257269829511687 1.6005552182905374 15.923325839452442 0.5579077973961829 4.0131906173191965 1.2880899542942641 0.25556269800290365 0.64931919425725915 0.40813028533011675 0.35831685084849596 1.3748625554144371
leaf_count=340 139 8412 656 344 3235 100 291 108 21 47 74 30 269
internal_value=-0.00211818 -0.0194089 0.0221545 0.16018 -0.0193768 0.122096 0.153505 0.171549 -0.0453813 0.0229977 0.0712161 0.0426898 -0.0477644
internal_weight=73.7032 65.4379 25.2221 5.17306 20.0491 8.26531 5.85919 5.30128 40.2158 2.40612 1.05745 0.61388 39.6019
internal_count=14066 13307 4575 684 3891 759 499 399 8732 260 121 51 8681
cat_boundaries=0 1
cat_threshold=1
is_linear=0
shrinkage=0.05


Tree=5
num_leaves=11
num_cat=2
split_feature=19 4 39 1 0 44 5 4 43 7
split_gain=82.8913 25.0095 44.2682 37.1022 21.7327 31.4692 7.66889 6.76867 0.681351 1.33336
threshold=29.648611000000002 -0.40614700388750385 22.150000000000002 0 1 43.000000000000007 -0.79382744783423187 0.79383249484937135 38.900000000000006 29.362500000000001
decision_type=2 2 2 1 1 2 2 2 2 2
left_child=1 2 6 -4 5 7 -1 -2 -3 -10
right_child=4 8 3 -5 -6 -7 -8 -9 9 -11
leaf_value=0.054729800587767635 0.029571366538289946 -0.048857861707960658 0.16229363495512547 -0.0376276560004285 -0.020042391395757236 -0.013893570719903412 -0.0439846465621491 0.442920931867336 -0.027078886772531865 0.040727510789929838
leaf_weight=1.381912902928893 0.25505780195817429 35.865988912060857 6.0473243212327343 2.9815750285051763 7.1832793499343079 0.38207363802939642 14.985143799334764 3.0524135688319802 1.1683190627954889 0.10191238485276688
leaf_count=202 35 8305 634 621 644 77 3054 218 231 20
internal_value=0.000732781 -0.0219393 0.0159562 0.0991054 0.121991 0.123408 -0.0329785 0.42531 -0.0475934 -0.0060952
internal_weight=73.405 62.5322 25.396 9.0289 10.8728 3.68955 16.3671 3.30747 37.1362 1.27023
internal_count=14041 13067 4511 1255 974 330 3256 253 8556 251
cat_boundaries=0 1 2
cat_threshold=1 12
is_linear=0
shrinkage=0.05


Tree=6
num_leaves=9
num_cat=1
split_feature=19 37 1 39 44 39 39 4
split_gain=57.1757 29.2847 30.0183 30.2116 9.5076 8.42254 3.07954 2.04458
threshold=29.705555500000006 61.500000000000007 0 22.150000000000002 43.000000000000007 20.850000000000005 25.100000000000005 0.80417553764032002
decision_type=2 2 1 2 2 2 2 2
left_child=1 -1 3 -3 5 7 -7 -2
right_child=4 2 -4 -5 -6 6 -8 -9
leaf_value=-0.04884032005446292 0.047593604265479761 -0.010487982860370944 -0.045629470968706093 0.12177024112197204 -0.026158858581219604 0.13826647806654965 0.030806736962544098 -0.027667027388498508
leaf_weight=35.629613409750164 0.53314375132322211 7.8003326677717295 9.9270313177257794 8.2814329382963461 1.0857563721947361 7.7208692193962616 1.4567786334082482 1.2079869122244415
leaf_count=8650 55 1416 2252 832 223 447 82 126
internal_value=-0.000145821 -0.0199509 0.0199679 0.060761 0.0952597 0.108515 0.125912 0.00433376
internal_weight=73.6429 61.6384 26.0088 16.0818 12.0045 10.9188 9.17765 1.74113
internal_count=14083 13150 4500 2248 933 710 529 181
cat_boundaries=0 1
cat_threshold=1
is_linear=0
shrinkage=0.05


Tree=7
num_leaves=11
num_cat=3
split_feature=0 34 4 32 1 38 19 1 34 21
split_gain=58.0642 114.647 43.8265 47.927 43.5144 40.6006 21.2378 19.4608 5.85875 4.99469
threshold=0 24.150000000000002 -0.98523971305672664 26.322619500000005 1 11.480357000000003 30.368750000000002 2 23.750000000000004 23.850000000000005
decision_type=1 2 2 2 1 2 2 1 2 2
left_child=1 8 3 7 5 -3 -6 -2 -1 -10
right_child=2 4 -4 -5 6 -7 -8 -9 9 -11
leaf_value=-0.045766788415615184 0.36795947898559223 0.09399317225691986 -0.049282197449357419 -0.033578998693236141 -0.037151794534685451 0.36382241916408964 0.142476586329113 -0.01272762504373838 0.10651148165875959 -0.0068833704801503151
leaf_weight=10.230317217763515 0.6737026218324893 3.4968927616719139 44.691615763353184 2.0035114400088787 2.8257879202719778 3.219226629473269 2.1031651720404625 0.33881486393511295 0.27733549708500449 3.6149840778671205
leaf_count=2399 56 535 8924 314 644 201 107 59 56 751
internal_value=0.00126492 0.0502623 -0.0298738 0.123993 0.178545 0.253719 0.0505981 0.297545 -0.0270913 0.0213159
internal_weight=73.4754 25.7677 47.7076 3.01603 11.6451 6.71612 4.92895 1.01252 14.1226 3.89232
internal_count=14046 4693 9353 429 1487 736 751 115 3206 807
cat_boundaries=0 1 2 3
cat_threshold=12 1 1
is_linear=0
shrinkage=0.05


Tree=8
num_leaves=11
num_cat=2
split_feature=0 38 5 44 4 32 1 30 43 38
split_gain=60.5728 104.971 49.9178 48.1665 30.7545 32.2522 10.2973 8.38472 15.4413 3.16905
threshold=0 9.9449405000000031 0.046214085385334856 47.000000000000007 -0.98523971305672664 26.291964000000004 1 23.050000000000004 27.300000000000001 9.5663690000000017
decision_type=1 2 2 2 2 2 1 2 2 2
left_child=1 7 3 -3 5 6 -2 9 -9 -1
right_child=4 2 -4 -5 -6 -7 -8 8 -10 -11
leaf_value=-0.046158229551924772 0.27586852046608329 0.25503222875221504 -0.03439059152606249 -0.030546221074112992 -0.049212900343640106 -0.033613463644871035 -0.011175377708784566 0.16359536012053263 -0.032960771640997082 0.029352990464290681
leaf_weight=11.360411130357534 0.83861742448061638 8.6283908493351174 2.172107492806389 1.5082929292693723 42.664153691846877 2.009562605060637 0.28569851443171501 0.63751923874951844 1.9029348210897294 0.88574263942428011
leaf_count=2753 47 576 540 175 8944 322 50 111 386 167
internal_value=0.00229672 0.05058 0.170552 0.213612 -0.0309369 0.0947504 0.232003 -0.0217257 0.04864 -0.038893
internal_weight=72.8934 27.0954 12.3088 10.1367 45.798 3.13388 1.12432 14.7866 2.54045 12.2462
internal_count=14071 4708 1291 751 9363 419 97 3417 497 2920
cat_boundaries=0 1 2
cat_threshold=12 1
is_linear=0
shrinkage=0.05


Tree=9
num_leaves=5
num_cat=2
split_feature=0 5 39 1
split_gain=53.363 54.1224 48.2929 41.6444
threshold=0 0.16587474750015926 19.450000000000003 1
decision_type=1 2 2 1
left_child=1 2 -1 -4
right_child=-2 -3 3 -5
leaf_value=-0.042815104050387742 -0.037793738206757153 -0.045957747330671123 0.16186500908131837 0.023814603542510332
leaf_weight=5.7752777060959515 33.048637009924278 10.859648133162407 14.480764733161774 9.0508464633021539
leaf_count=1360 7029 2950 1348 1376
internal_value=0.00330473 0.0373296 0.0810069 0.111903
internal_weight=73.2152 40.1665 29.3069 23.5316
internal_count=14063 7034 4084 2724
cat_boundaries=0 1 2
cat_threshold=13 1
is_linear=0
shrinkage=0.05


Tree=10
num_leaves=10
num_cat=2
split_feature=0 34 4 32 39 39 1 30 5
split_gain=51.2916 71.2835 33.6275 24.2732 23.898 26.6171 9.64733 6.6966 7.64996
threshold=0 24.050000000000004 -0.98523971305672664 26.350297500000003 25.250000000000004 19.450000000000003 1 24.700000000000006 -0.54219087765047058
decision_type=1 2 2 2 2 2 1 2 2
left_child=1 7 3 6 5 -3 -2 -1 -9
right_child=2 4 -4 -5 -6 -7 -8 8 -10
leaf_value=-0.045979256485199849 -0.013325665270433286 -0.03164550359753595 -0.049130541716108193 -0.031869193312608145 -0.033100690372744386 0.16052712048579307 0.23168459457737903 0.12661490380822091 -0.027675268794962557
leaf_weight=10.808534923009576 0.36065197037532926 1.7052026421297402 40.060062616830692 1.7279964108020065 1.8902829024009395 14.302360863424836 1.3017983497120433 0.41370288375765074 1.2215734135825176
leaf_count=2727 67 432 8948 297 279 950 65 52 227
internal_value=0.00348498 0.0447426 -0.029184 0.0975346 0.120393 0.139399 0.193491 -0.0316454 0.0445924
internal_weight=73.7922 30.3417 43.4505 3.39045 17.8978 16.0076 1.66245 12.4438 1.63528
internal_count=14044 4667 9377 429 1661 1382 132 3006 279
cat_boundaries=0 1 2
cat_threshold=12 2
is_linear=0
shrinkage=0.05


Tree=11
num_leaves=5
num_cat=1
split_feature=0 39 5 5
split_gain=42.352 43.2581 29.2306 27.1986
threshold=0 19.850000000000005 0.16587474750015926 -0.91595872546125101
decision_type=1 2 2 2
left_child=1 -1 3 -3
right_child=-2 2 -4 -5
leaf_value=-0.046022485141830966 -0.037053567766110636 -0.038828841373243536 -0.041558805047150288 0.10289928317300855
leaf_weight=11.001767350826411 30.622697677928954 3.3789225632790467 4.821641521761193 24.214028548914943
leaf_count=2996 7033 661 1417 1927
internal_value=0.0011716 0.0299576 0.0653169 0.0847928
internal_weight=74.0391 43.4164 32.4146 27.593
internal_count=14034 7001 4005 2588
cat_boundaries=0 1
cat_threshold=13
is_linear=0
shrinkage=0.05


Tree=12
num_leaves=9
num_cat=1
split_feature=0 39 4 34 34 30 39 34
split_gain=36.5219 32.4022 30.9334 26.154 21.7038 4.95349 7.66843 4.9946
threshold=0 20.850000000000005 -0.98523971305672664 23.550000000000004 24.050000000000004 24.200000000000006 19.850000000000005 26.550000000000004
decision_type=1 2 2 2 2 2 2 2
left_child=1 5 3 -3 -4 7 -7 -1
right_child=-2 2 4 -5 -6 6 -8 -9
leaf_value=-0.046547824817386139 -0.03657329171526124 0.31159446551309888 -0.036097039015205272 -0.020252688412060165 0.065564161049985012 -0.029916102275124826 0.11657402823365877 0.059509756235936975
leaf_weight=12.367001554463055 29.211991348536685 1.0701639307662869 6.0671610713470754 0.67081591393798579 22.369379742769524 1.473862146725877 0.49897524924017478 0.36519867461174804
leaf_count=3225 6982 75 1528 86 1645 366 65 17
internal_value=-0.000301094 0.0259128 0.0605662 0.222991 0.0433845 -0.0280311 0.0338846 -0.0393937
internal_weight=74.0945 44.8826 30.1775 1.74098 28.4365 14.705 1.97284 12.7322
internal_count=13989 7007 3334 161 3173 3673 431 3242
cat_boundaries=0 1
cat_threshold=13
is_linear=0
shrinkage=0.05


Tree=13
num_leaves=5
num_cat=1
split_feature=0 5 39 5
split_gain=38.8582 32.612 24.6913 23.8876
threshold=0 0.16587474750015926 19.450000000000003 -0.91595872546125101
decision_type=1 2 2 2
left_child=1 2 -1 -4
right_child=-2 -3 3 -5
leaf_value=-0.041715134982742798 -0.036247504100631468 -0.045298109890640731 -0.039503105191532967 0.087706478777952832
leaf_weight=4.9194290733430526 28.307781188748777 9.3152379449456912 3.6525347521528593 27.612747622886676
leaf_count=1368 7022 2991 730 1975
internal_value=0.00249619 0.0285229 0.0559048 0.0720816
internal_weight=73.8077 45.4999 36.1847 31.2653
internal_count=14086 7064 4073 2705
cat_boundaries=0 1
cat_threshold=13
is_linear=0
shrinkage=0.05


Tree=14
num_leaves=6
num_cat=2
split_feature=0 5 1 4 30
split_gain=34.0368 27.7452 23.1736 19.1248 13.4318
threshold=0 0.14888728888808322 1 -0.42180583328916638 2.7500000000000004
decision_type=1 2 1 2 2
left_child=1 2 3 -1 -4
right_child=-2 -3 4 -5 -6
leaf_value=0.12729165280236121 -0.035904203032813664 -0.045200571873550539 0.048244591414973892 0.036267935351755057 -0.044646423673847642
leaf_weight=9.890639841090886 27.385056949453428 9.1125827231444401 5.9777625743299705 14.79737515258603 7.80691067292355
leaf_count=664 7011 3007 296 1357 1717
internal_value=0.000887038 0.0246747 0.0482021 0.07627 -0.00382543
internal_weight=74.9703 47.5853 38.4727 24.688 13.7847
internal_count=14052 7041 4034 2021 2013
cat_boundaries=0 1 2
cat_threshold=13 1
is_linear=0
shrinkage=0.05


Tree=15
num_leaves=7
num_cat=1
split_feature=0 34 4 5 4 21
split_gain=34.7723 35.9652 28.5042 17.977 20.9711 16.997
threshold=0 23.750000000000004 -0.98803845231459231 -0.91595872546125101 -0.63921128368950708 23.650000000000002
decision_type=1 2 2 2 2 2
left_child=1 -1 5 -3 -5 -2
right_child=2 3 -4 4 -6 -7
leaf_value=-0.045124656754413024 0.16192961244833515 -0.037913339670261177 -0.04896392426507272 -0.037331603510692202 0.096303582873520518 -0.030185426524348438
leaf_weight=8.7035981465596688 1.8136168527416878 3.0545492493547526 35.058133378392085 2.8211558847688201 22.439318727934729 1.4956490946933625
leaf_count=2412 113 642 8996 387 1275 269
internal_value=0.00180367 0.0317179 -0.0280605 0.0668913 0.0805256 0.088246
internal_weight=75.386 37.0186 38.3674 28.315 25.2605 3.30927
internal_count=14094 4716 9378 2304 1662 382
cat_boundaries=0 1
cat_threshold=12
is_linear=0
shrinkage=0.05


Tree=16
num_leaves=6
num_cat=2
split_feature=0 39 1 4 4
split_gain=30.0684 22.5591 21.2787 21.1719 9.85627
threshold=0 19.450000000000003 1 -0.43733984355855576 0.86113431103781346
decision_type=1 2 1 2 2
left_child=1 -1 3 -3 -4
right_child=-2 2 4 -5 -6
leaf_value=-0.044800109428453486 -0.035183357002987102 0.12043755210209316 -0.044534835096064283 0.029259576034105436 0.032383085951991089
leaf_weight=8.3432574740145338 25.568735637003556 10.288802750408651 7.4105297133792174 16.680531356018037 7.2791017836425453
leaf_count=2704 7050 570 1634 1610 563
internal_value=0.000852439 0.0221612 0.0415027 0.0671064 -0.00678529
internal_weight=75.571 50.0022 41.659 26.9693 14.6896
internal_count=14131 7081 4377 2180 2197
cat_boundaries=0 1 2
cat_threshold=13 1
is_linear=0
shrinkage=0.05


Tree=17
num_leaves=5
num_cat=1
split_feature=0 5 39 5
split_gain=24.4558 18.2188 13.3634 12.4362
threshold=0 0.16587474750015926 19.450000000000003 -0.91595872546125101
decision_type=1 2 2 2
left_child=1 2 -1 -4
right_child=-2 -3 3 -5
leaf_value=-0.041049452096979078 -0.034858880392530787 -0.044593142311163077 -0.038895172275547153 0.052870761375133912
leaf_weight=4.4922351432032874 24.817133664386347 8.0337648703716678 3.4057882642373434 34.005830067675561
leaf_count=1339 7064 2954 728 1967
internal_value=-0.00260606 0.0172492 0.033889 0.0437217
internal_weight=74.7548 49.9376 41.9039 37.4116
internal_count=14052 6988 4034 2695
cat_boundaries=0 1
cat_threshold=13
is_linear=0
shrinkage=0.05


Tree=18
num_leaves=6
num_cat=2
split_feature=0 5 1 4 7
split_gain=24.6401 17.9842 13.1288 14.1258 10.9072
threshold=0 0.16587474750015926 1 -0.40614700388750385 30.522916500000004
decision_type=1 2 1 2 2
left_child=1 2 3 -1 -4
right_child=-2 -3 4 -5 -6
leaf_value=0.090142968074229904 -0.034381158048661216 -0.044428567578483215 -0.036061657236385228 0.019337798853321878 0.046682205399732273
leaf_weight=13.006370798218997 23.761733506573364 7.7825421423185608 9.208177619148044 15.597646363079546 5.53665842488408
leaf_count=674 7016 2996 1866 1336 146
internal_value=-0.000853632 0.0181931 0.0342863 0.0534906 -0.00399993
internal_weight=74.8931 51.1314 43.3489 28.604 14.7448
internal_count=14034 7018 4022 2010 2012
cat_boundaries=0 1 2
cat_threshold=13 1
is_linear=0
shrinkage=0.05


Tree=19
num_leaves=5
num_cat=1
split_feature=39 5 5 1
split_gain=17.2125 13.425 12.2743 10.8028
threshold=19.450000000000003 0.16587474750015926 -0.90892157495189674 0
decision_type=2 2 2 1
left_child=-1 2 -2 -4
right_child=1 -3 3 -5
leaf_value=-0.046964956678537118 -0.042971516960405916 -0.044661999320155722 0.045564089831213885 -0.0051600142068938988
leaf_weight=14.74185803090222 5.7592714913189402 8.162020623451097 31.938996711047366 15.129884074907748
leaf_count=5416 1488 3222 1943 1939
internal_value=-0.000278385 0.0115817 0.0209398 0.0294911
internal_weight=75.732 60.9902 52.8282 47.0689
internal_count=14008 8592 5370 3882
cat_boundaries=0 1
cat_threshold=1
is_linear=0
shrinkage=0.05


Tree=20
num_leaves=6
num_cat=1
split_feature=0 39 43 43 21
split_gain=20.8157 14.5273 11.9301 17.2485 13.2424
threshold=0 19.450000000000003 24.200000000000006 27.300000000000001 25.950000000000003
decision_type=1 2 2 2 2
left_child=1 -1 4 -4 -3
right_child=-2 2 3 -5 -6
leaf_value=-0.044086435345929847 -0.03387967262766222 -0.013461251509764386 0.13190985698208119 0.008581130159084932 0.04738656949274702
leaf_weight=7.2680326756089917 22.697641438804567 19.917625737376511 4.9266783210914564 5.72145263873972 14.754437151597811
leaf_count=2712 7028 3010 239 727 334
internal_value=-0.00264449 0.0147815 0.0281613 0.0720686 0.0130346
internal_weight=75.2859 52.5882 45.3202 10.6481 34.6721
internal_count=14050 7022 4310 966 3344
cat_boundaries=0 1
cat_threshold=13
is_linear=0
shrinkage=0.05


Tree=21
num_leaves=6
num_cat=1
split_feature=0 39 43 21 43
split_gain=21.1774 14.5268 15.0989 18.9006 16.0171
threshold=0 19.450000000000003 24.200000000000006 25.950000000000003 29.550000000000004
decision_type=1 2 2 2 2
left_child=1 -1 3 -3 -4
right_child=-2 2 4 -5 -6
leaf_value=-0.04393557777000192 -0.033475218881163199 -0.02153099559894554 0.11391170986373644 0.050028627475587534 -0.0081577759415177413
leaf_weight=7.0752098415978244 21.898116080556065 19.010543495183811 7.6473106043413264 16.216127336258069 3.7149761887267232
leaf_count=2763 7032 3041 424 352 527
internal_value=-0.00103239 0.0158083 0.0289357 0.0118822 0.0765689
internal_weight=75.5623 53.6642 46.589 35.2267 11.3623
internal_count=14139 7107 4344 3393 951
cat_boundaries=0 1
cat_threshold=13
is_linear=0
shrinkage=0.05


Tree=22
num_leaves=8
num_cat=2
split_feature=0 1 33 4 12 42 43
split_gain=19.2086 14.2742 15.7101 21.8481 7.71197 14.8003 1.41657
threshold=0 1 38.100000000000009 -0.40614700388750385 37.500000000000007 5.5000000000000009 38.900000000000006
decision_type=1 1 2 2 2 2 2
left_child=1 2 3 -1 5 -3 -6
right_child=-2 4 -4 -5 6 -7 -8
leaf_value=0.059340515081060898 -0.033067641979594532 -0.037686035342435753 0.11799944570413712 -0.020345402682900832 -0.040490992697789503 0.12119429351616191 0.021178497096012584
leaf_weight=16.737954403972253 21.138423121534288 2.5951249713543829 3.9234148152172557 15.956765617127529 13.095192294800651 1.5888458283152429 0.40045690629631359
leaf_count=1134 7021 464 68 2318 2917 48 76
internal_value=-0.00179229 0.0141773 0.0342534 0.0209999 -0.0194223 0.0343882 -0.0373263
internal_weight=75.4362 54.2978 36.6181 32.6947 17.6796 4.18397 13.4956
internal_count=14046 7025 3520 3452 3505 512 2993
cat_boundaries=0 1 2
cat_threshold=13 1
is_linear=0
shrinkage=0.05


Tree=23
num_leaves=6
num_cat=1
split_feature=0 5 32 4 5
split_gain=18.0356 12.7617 14.2558 11.5545 9.37567
threshold=0 0.14888728888808322 26.340773500000001 -0.63921128368950708 -0.074115882986646578
decision_type=1 2 2 2 2
left_child=1 2 4 -4 -1
right_child=-2 -3 3 -5 -6
leaf_value=-0.02179317782158418 -0.032744766232390358 -0.043803675633954271 -0.043484159054965228 0.026307862811231049 0.14857856835044156
leaf_weight=0.75133777293376658 20.551098491530865 6.9209669454721725 6.0364963919855645 38.965561336372048 2.4663136303424826
leaf_count=104 7019 3020 840 2998 68
internal_value=-0.00205779 0.0132342 0.0248332 0.0162043 0.113061
internal_weight=75.6918 55.1407 48.2197 45.0021 3.21765
internal_count=14049 7030 4010 3838 172
cat_boundaries=0 1
cat_threshold=13
is_linear=0
shrinkage=0.05


Tree=24
num_leaves=5
num_cat=1
split_feature=0 39 39 4
split_gain=16.0918 11.1517 9.27291 10.1282
threshold=0 19.450000000000003 25.250000000000004 -0.40614700388750385
decision_type=1 2 2 2
left_child=1 -1 3 -3
right_child=-2 2 -4 -5
leaf_value=-0.043495954241439851 -0.032395102167800491 0.05833509948678374 -0.04141344907911694 0.0093041359543174548
leaf_weight=6.5465783443069077 19.942430167924613 16.835073916707188 4.3294141236692658 26.875521867419593
leaf_count=2729 7065 1023 745 2546
internal_value=-0.00333077 0.0114477 0.0220036 0.0290707
internal_weight=74.529 54.5866 48.04 43.7106
internal_count=14108 7043 4314 3569
cat_boundaries=0 1
cat_threshold=13
is_linear=0
shrinkage=0.05


Tree=25
num_leaves=6
num_cat=1
split_feature=0 5 32 4 5
split_gain=15.7852 10.6789 12.2365 11.6142 6.01906
threshold=0 0.16587474750015926 26.308333500000003 -0.62588817255938378 -0.074115882986646578
decision_type=1 2 2 2 2
left_child=1 2 4 -4 -1
right_child=-2 -3 3 -5 -6
leaf_value=-0.019301313787713895 -0.031940275482251861 -0.043274555210666185 -0.044005998488633458 0.023745454675480372 0.12331194199520545
leaf_weight=0.60932123032398555 19.186839307658374 6.3252732252003616 6.5294224278768516 40.140915020834655 2.9424095954745999
leaf_count=78 7013 2980 887 3019 71
internal_value=-0.00235253 0.0116016 0.0214879 0.0135424 0.0999805
internal_weight=75.7342 56.5473 50.2221 46.6703 3.55173
internal_count=14048 7035 4055 3906 149
cat_boundaries=0 1
cat_threshold=13
is_linear=0
shrinkage=0.05


Tree=26
num_leaves=11
num_cat=1
split_feature=38 0 44 4 43 4 21 30 43 11
split_gain=15.0306 14.8896 14.0795 11.9733 9.62851 5.72834 6.98081 2.54007 3.39206 0.384899
threshold=9.5663690000000017 0 46.600000000000001 -0.98214942551678475 17.350000000000005 -0.98523971305672664 23.550000000000004 23.050000000000004 27.550000000000001 98.500000000000014
decision_type=2 1 2 2 2 2 2 2 2 2
left_child=5 2 4 -3 -2 6 9 -7 -9 -1
right_child=1 3 -4 -5 -6 7 -8 8 -10 -11
leaf_value=0.074633002010523822 0.031755689639219362 0.077765657898691068 -0.041926476846316826 -0.047448101049309466 0.10046934354130735 -0.04772978740751288 -0.035994900969280895 0.036786829022671885 -0.036321373950416409 0.010071887465017769
leaf_weight=1.7472015621606289 20.346042180783122 1.2726958624552924 3.915843370370566 14.035321201547047 6.6744327322812742 19.417630177107643 2.4863245980814099 1.8430247681681056 2.6094149980926886 0.63505804329179216
leaf_count=86 908 37 339 2942 253 7870 474 280 844 33
internal_value=-0.00261759 0.0149465 0.0296354 -0.0203991 0.0517087 -0.0304329 0.01636 -0.0402509 -0.0048626 0.0654888
internal_weight=74.983 46.2443 30.9363 15.308 27.0205 28.7387 4.86858 23.8701 4.45244 2.38226
internal_count=14066 4479 1500 2979 1161 9587 593 8994 1124 119
cat_boundaries=0 1
cat_threshold=12
is_linear=0
shrinkage=0.05


Tree=27
num_leaves=8
num_cat=2
split_feature=0 4 34 4 4 34 1
split_gain=14.6629 22.2085 16.7808 9.0787 11.0347 8.71983 4.66349
threshold=0 -0.98523971305672664 23.750000000000004 -0.62588817255938378 -0.43733984355855576 23.550000000000004 1
decision_type=1 2 2 2 2 2 1
left_child=2 5 -1 -4 -5 6 -2
right_child=1 -3 3 4 -6 -7 -8
leaf_value=-0.044848636138312296 0.12769098368031023 -0.048633591669795195 -0.038857639074907795 0.088932328758636603 0.022821163325930163 -0.028097174373560619 -0.015545407228209743
leaf_weight=7.6278036744333795 2.2964920836966511 26.337219705921598 3.2226970099145538 7.9205747637897721 25.563972930889577 1.2612335381563751 0.44481633952818844
leaf_count=2383 71 8917 406 168 1705 287 79
internal_value=-0.00192997 -0.0240584 0.0153342 0.0327646 0.0405848 0.0669535 0.106506
internal_weight=74.6748 30.3398 44.335 36.7072 33.4845 4.00254 2.74131
internal_count=14016 9354 4662 2279 1873 437 150
cat_boundaries=0 1 2
cat_threshold=12 1
is_linear=0
shrinkage=0.05


Tree=28
num_leaves=9
num_cat=2
split_feature=0 1 33 40 43 7 10 35
split_gain=13.2946 10.4711 11.3638 13.8131 6.29545 4.57644 2.02598 1.44179
threshold=0 1 37.95000000000001 66.450000000000017 38.900000000000006 30.647917000000003 75.854166500000005 64.291666500000005
decision_type=1 1 2 2 2 2 2 2
left_child=1 2 3 -1 5 -3 -6 -4
right_child=-2 4 7 -5 6 -7 -8 -9
leaf_value=-0.017424456009316219 -0.030796342012656176 -0.043135107619328171 0.02390219905941722 0.045031123804485429 0.10778216602472641 0.010644756704185541 -0.010779233982393742 0.10007416742474627
leaf_weight=17.139182793907821 17.399878574418835 11.815848335972992 1.5906322528608132 16.469539032317698 0.26322463573887844 5.2334893536753944 0.27293219440616667 4.1088069202378392
leaf_count=2281 7032 3290 39 1136 8 116 70 46
internal_value=-0.00258788 0.0100122 0.0258952 0.0135979 -0.0195866 -0.0269516 0.0797001 0.0855566
internal_weight=74.2935 56.8937 39.3082 33.6087 17.5855 17.0493 0.536157 5.69944
internal_count=14018 6986 3502 3417 3484 3406 78 85
cat_boundaries=0 1 2
cat_threshold=13 1
is_linear=0
shrinkage=0.05


Tree=29
num_leaves=6
num_cat=2
split_feature=0 5 32 0 5
split_gain=12.3839 8.60646 7.79618 8.98949 5.05096
threshold=0 0.14888728888808322 26.340773500000001 1 -0.074115882986646578
decision_type=1 2 2 1 2
left_child=1 2 4 -4 -1
right_child=-2 -3 3 -5 -6
leaf_value=-0.021027530054874392 -0.030394098952052473 -0.042662012246357628 0.019492419785183519 -0.022199734282792205 0.099838540672875578
leaf_weight=0.70534221292473409 16.837139073293656 5.7190097093116483 38.679362183203921 8.4451665534870681 3.168477280996739
leaf_count=102 7059 2999 2551 1267 63
internal_value=-0.00289348 0.00930873 0.0176353 0.0111522 0.0780323
internal_weight=73.5545 56.7174 50.9983 47.1245 3.87382
internal_count=14041 6982 3983 3818 165
cat_boundaries=0 1 2
cat_threshold=13 12
is_linear=0
shrinkage=0.05


Tree=30
num_leaves=6
num_cat=2
split_feature=0 5 1 5 4
split_gain=13.1125 8.35384 7.07885 11.2522 7.17261
threshold=0 0.16587474750015926 1 -0.18493013702746816 0.86113431103781346
decision_type=1 2 1 2 2
left_child=1 2 3 -1 -4
right_child=-2 -3 4 -5 -6
leaf_value=0.013380082537789304 -0.029846078285711831 -0.042063146900391972 -0.044190910273546283 0.074484475708924663 0.020880941564431616
leaf_weight=27.498910502414219 16.104397675604559 5.2342902682721606 6.7523064573761067 9.70631918706931 8.4213876812718791
leaf_count=1637 6996 2954 1591 386 451
internal_value=-0.000512269 0.0112323 0.0193507 0.0308537 -0.00901798
internal_weight=73.7176 57.6132 52.3789 37.2052 15.1737
internal_count=14015 7019 4065 2023 2042
cat_boundaries=0 1 2
cat_threshold=13 1
is_linear=0
shrinkage=0.05


Tree=31
num_leaves=5
num_cat=2
split_feature=0 39 39 1
split_gain=11.0795 7.9516 6.82773 7.35869
threshold=0 19.450000000000003 25.250000000000004 1
decision_type=1 2 2 1
left_child=1 -1 3 -3
right_child=-2 2 -4 -5
leaf_value=-0.042486383212167092 -0.029601862388992276 0.033324989826575259 -0.040735522049401493 -0.008969640939852733
leaf_weight=5.5573951188707715 15.781300425645894 34.797062264173292 3.948408957803621 13.924004846252499
leaf_count=2719 7029 1811 718 1758
internal_value=-0.0028514 0.00836233 0.0159774 0.0213003
internal_weight=74.0082 58.2269 52.6695 48.7211
internal_count=14035 7006 4287 3569
cat_boundaries=0 1 2
cat_threshold=13 1
is_linear=0
shrinkage=0.05


Tree=32
num_leaves=5
num_cat=1
split_feature=0 39 44 4
split_gain=11.6696 8.00305 7.12326 8.22558
threshold=0 19.450000000000003 48.400000000000013 -0.42180583328916638
decision_type=1 2 2 2
left_child=1 -1 3 -3
right_child=-2 2 -4 -5
leaf_value=-0.042190876023239204 -0.029323373364698421 0.048687654019030503 -0.041627261169881746 0.0066632510888378783
leaf_weight=5.3162358544068402 15.430308584123848 18.038515295018442 3.7802913897903627 30.969722551992163
leaf_count=2697 7065 1022 382 2898
internal_value=-0.00134891 0.00976033 0.0174939 0.0227955
internal_weight=73.5351 58.1048 52.7885 49.0082
internal_count=14064 6999 4302 3920
cat_boundaries=0 1
cat_threshold=13
is_linear=0
shrinkage=0.05


Tree=33
num_leaves=8
num_cat=1
split_feature=0 4 34 44 4 32 9
split_gain=10.8366 17.037 14.0603 7.81687 7.32901 5.87126 0.839569
threshold=0 -0.98523971305672664 23.750000000000004 46.600000000000001 -0.63921128368950708 26.350297500000003 24.050000000000004
decision_type=1 2 2 2 2 2 2
left_child=2 5 -1 4 -4 6 -2
right_child=1 -3 3 -5 -6 -7 -8
leaf_value=-0.045156618307764199 0.094817880969999546 -0.048407329407200772 -0.037192715842712609 -0.040452675114840464 0.038795793211923175 -0.026859426868475172 0.00996632208620374
leaf_weight=7.5815748696913934 2.3034617418888987 22.926468650694005 2.7077210039133197 3.2472063676686949 33.609473418793641 1.1417427324922753 0.59985086740925897
leaf_count=2416 94 8936 344 275 1648 304 37
internal_value=-0.00320957 -0.0233483 0.011101 0.0254655 0.0322854 0.053844 0.0843314
internal_weight=74.1175 26.9715 47.146 39.5644 36.3172 4.04506 2.90331
internal_count=14054 9371 4683 2267 1992 435 131
cat_boundaries=0 1
cat_threshold=12
is_linear=0
shrinkage=0.05


Tree=34
num_leaves=5
num_cat=2
split_feature=0 39 39 1
split_gain=10.1965 7.04458 6.20049 5.28153
threshold=0 19.450000000000003 25.250000000000004 1
decision_type=1 2 2 1
left_child=1 -1 3 -3
right_child=-2 2 -4 -5
leaf_value=-0.041780761697416707 -0.028437955529744676 0.029747420036204838 -0.040184310243181864 -0.0058225392507026599
leaf_weight=5.0115200068103141 14.353268687264061 37.087632941897027 3.7237401371821752 13.97509324538987
leaf_count=2738 7023 1785 723 1795
internal_value=-0.00154576 0.00854303 0.0153441 0.0200876
internal_weight=74.1513 59.798 54.7865 51.0627
internal_count=14064 7041 4303 3580
cat_boundaries=0 1 2
cat_threshold=13 1
is_linear=0
shrinkage=0.05


Tree=35
num_leaves=5
num_cat=1
split_feature=0 5 5 32
split_gain=8.32191 5.96562 6.43692 5.12101
threshold=0 0.14888728888808322 -0.90892157495189674 26.340773500000001
decision_type=1 2 2 2
left_child=1 2 -1 -4
right_child=-2 -3 3 -5
leaf_value=-0.041262649992423323 -0.028146490186969908 -0.041606484725174572 0.060619599284938701 0.010681223970259439
leaf_weight=4.3584164747735477 14.021891663898712 4.8890276706079012 4.8902947891037902 46.524553191149607
leaf_count=1092 7025 3000 162 2755
internal_value=-0.00403935 0.00556169 0.0113361 0.016497
internal_weight=74.6842 60.6623 55.7733 51.4148
internal_count=14034 7009 4009 2917
cat_boundaries=0 1
cat_threshold=13
is_linear=0
shrinkage=0.05


Tree=36
num_leaves=5
num_cat=2
split_feature=0 39 39 1
split_gain=8.65135 6.16336 5.3909 4.69577
threshold=0 19.450000000000003 25.250000000000004 1
decision_type=1 2 2 1
left_child=1 -1 3 -3
right_child=-2 2 -4 -5
leaf_value=-0.041447848494004853 -0.027699810521056002 0.026313295245160562 -0.039805068444598579 -0.0068488776844977299
leaf_weight=4.780394433066248 13.531633821665308 37.423595475615002 3.561964623630046 14.292002750444224
leaf_count=2728 7006 1804 716 1796
internal_value=-0.00260596 0.00682744 0.0128778 0.0171926
internal_weight=73.5896 60.058 55.2776 51.7156
internal_count=14050 7044 4316 3600
cat_boundaries=0 1 2
cat_threshold=13 1
is_linear=0
shrinkage=0.05


Tree=37
num_leaves=12
num_cat=1
split_feature=7 4 5 37 19 35 0 29 17 9 35
split_gain=8.12384 10.5593 6.14955 13.6747 5.79123 5.44952 3.6173 2.6233 1.38177 0.853167 0.778581
threshold=29.362500000000001 -0.40614700388750385 -0.77243990499604276 63.500000000000007 26.279167000000005 64.55952400000001 0 2.5000000000000004 35.45000000000001 27.950000000000003 63.630952500000006
decision_type=2 2 2 2 2 2 1 2 2 2 2
left_child=1 2 3 -1 -4 8 7 -7 9 -2 -10
right_child=5 -3 4 -5 -6 6 -8 -9 10 -11 -12
leaf_value=0.10081555505589122 -0.042191664749011232 -0.047423803713293397 0.017564033000511028 -0.0054387638439600365 -0.041904130730215025 0.027441049212492675 -0.013304008856643734 0.073306944799964538 -0.02015265735159073 0.0093794315476801171 0.02458106773017063
leaf_weight=3.2270599871408221 3.6131612715544206 16.858554229722358 5.9337841927772379 10.34852429886814 9.6248945255065319 8.9451700868085009 3.8920686491765109 6.3591445996426037 0.65350655384827439 0.58423123182728876 1.5635168144945053
leaf_count=269 247 8111 915 422 2937 155 606 136 143 10 65
internal_value=-0.00470719 -0.0171501 0.00136024 0.0250029 -0.0195331 0.017443 0.0304143 0.030884 -0.0202425 -0.03459 0.00922947
internal_weight=71.6036 45.9928 29.1343 13.5756 15.5587 25.6108 19.1964 15.3043 6.41442 4.19739 2.21702
internal_count=14016 12654 4543 691 3852 1362 897 291 465 257 208
cat_boundaries=0 1
cat_threshold=12
is_linear=0
shrinkage=0.05


Tree=38
num_leaves=6
num_cat=2
split_feature=0 39 26 1 44
split_gain=7.55213 5.2942 5.30869 5.31042 3.80046
threshold=0 19.450000000000003 16.850000000000005 1 48.400000000000013
decision_type=1 2 2 1 2
left_child=1 -1 3 -3 -4
right_child=-2 2 4 -5 -6
leaf_value=-0.040931314288179081 -0.02726063678658432 0.078343877301180948 0.009206531273232824 -0.026177762965740699 -0.040364356289874934
leaf_weight=4.4590715576778157 13.061388445086775 3.9116578382672733 47.058120227535255 1.0675888569094238 3.2181528651854014
leaf_count=2739 7064 285 3393 277 350
internal_value=-0.00374806 0.0053654 0.0107164 0.0553035 0.00530822
internal_weight=72.776 59.7146 55.2555 4.97925 50.2763
internal_count=14108 7044 4305 562 3743
cat_boundaries=0 1 2
cat_threshold=13 1
is_linear=0
shrinkage=0.05


end of trees

feature_importances:
day_of_year_sin=36
age_group=33
day_of_year_cos=30
gender=27
wind_speed_max_7d=27
rain_max_daily_7d=13
wind_gust_max_7d=12
temperature_mean_7d=10
temperature_min_7d=10
temperature_mean_3d=8
humidity_min_7d=7
temperature_mean_current=6
temperature_min_3d=5
rain_max_daily_3d=5
humidity_mean_7d=5
wind_speed_mean_7d=5
temperature_max_7d=3
temperature_min_current=2
humidity_mean_3d=2
humidity_max_7d=2
humidity_mean_current=1
humidity_max_current=1
humidity_min_current=1
wind_gust_max_current=1
temperature_max_3d=1
wind_speed_mean_3d=1
wind_speed_max_3d=1
rain_days_3d=1
wind_gust_max_3d=1
precipitation_sum_7d=1
rain_days_7d=1

parameters:
[boosting: gbdt]
[objective: binary]
[metric: binary_logloss]
[tree_learner: serial]
[device_type: cpu]
[data_sample_strategy: bagging]
[data: ]
[valid: ]
[num_iterations: 39]
[learning_rate: 0.05]
[num_leaves: 15]
[num_threads: 8]
[seed: 42]
[deterministic: 0]
[force_col_wise: 0]
[force_row_wise: 0]
[histogram_pool_size: -1]
[max_depth: 4]
[min_data_in_leaf: 20]
[min_sum_hessian_in_leaf: 0.001]
[bagging_fraction: 0.9]
[pos_bagging_fraction: 1]
[neg_bagging_fraction: 1]
[bagging_freq: 1]
[bagging_seed: 400]
[bagging_by_query: 0]
[feature_fraction: 0.9]
[feature_fraction_bynode: 1]
[feature_fraction_seed: 30056]
[extra_trees: 0]
[extra_seed: 12879]
[early_stopping_round: 0]
[early_stopping_min_delta: 0]
[first_metric_only: 0]
[max_delta_step: 0]
[lambda_l1: 0]
[lambda_l2: 1]
[linear_lambda: 0]
[min_gain_to_split: 0]
[drop_rate: 0.1]
[max_drop: 50]
[skip_drop: 0.5]
[xgboost_dart_mode: 0]
[uniform_drop: 0]
[drop_seed: 17869]
[top_rate: 0.2]
[other_rate: 0.1]
[min_data_per_group: 100]
[max_cat_threshold: 32]
[cat_l2: 10]
[cat_smooth: 10]
[max_cat_to_onehot: 4]
[top_k: 20]
[monotone_constraints: ]
[monotone_constraints_method: basic]
[monotone_penalty: 0]
[feature_contri: ]
[forcedsplits_filename: ]
[refit_decay_rate: 0.9]
[cegb_tradeoff: 1]
[cegb_penalty_split: 0]
[cegb_penalty_feature_lazy: ]
[cegb_penalty_feature_coupled: ]
[path_smooth: 0]
[interaction_constraints: ]
[verbosity: -1]
[saved_feature_importance_type: 0]
[use_quantized_grad: 0]
[num_grad_quant_bins: 4]
[quant_train_renew_leaf: 0]
[stochastic_rounding: 1]
[linear_tree: 0]
[max_bin: 255]
[max_bin_by_feature: ]
[min_data_in_bin: 3]
[bin_construct_sample_cnt: 200000]
[data_random_seed: 175]
[is_enable_sparse: 1]
[enable_bundle: 1]
[use_missing: 1]
[zero_as_missing: 0]
[feature_pre_filter: 1]
[pre_partition: 0]
[two_round: 0]
[header: 0]
[label_column: ]
[weight_column: ]
[group_column: ]
[ignore_column: ]
[categorical_feature: 0,1,3]
[forcedbins_filename: ]
[precise_float_parser: 0]
[parser_config_file: ]
[objective_seed: 16083]
[num_class: 1]
[is_unbalance: 0]
[scale_pos_weight: 1]
[sigmoid: 1]
[boost_from_average: 1]
[reg_sqrt: 0]
[alpha: 0.9]
[fair_c: 1]
[poisson_max_delta_step: 0.7]
[tweedie_variance_power: 1.5]
[lambdarank_truncation_level: 30]
[lambdarank_norm: 1]
[label_gain: ]
[lambdarank_position_bias_regularization: 0]
[eval_at: ]
[multi_error_top_k: 1]
[auc_mu_weights: ]
[num_machines: 1]
[local_listen_port: 12400]
[time_out: 120]
[machine_list_filename: ]
[machines: ]
[gpu_platform_id: -1]
[gpu_device_id: -1]
[gpu_device_id_list: ]
[gpu_use_dp: 0]
[num_gpu: 1]

end of parameters

pandas_categorical:[]
