tree
version=v4
num_class=1
num_tree_per_iteration=1
label_index=0
max_feature_idx=44
objective=binary sigmoid:1
feature_names=age_group gender month season day_of_year_sin day_of_year_cos weather_code_current temperature_mean_current temperature_max_current temperature_min_current humidity_mean_current humidity_max_current humidity_min_current wind_speed_mean_current wind_speed_max_current precipitation_sum_current rain_sum_current wind_gust_max_current rain_day_current temperature_mean_3d temperature_max_3d temperature_min_3d humidity_mean_3d humidity_max_3d humidity_min_3d wind_speed_mean_3d wind_speed_max_3d precipitation_sum_3d rain_sum_3d rain_days_3d rain_max_daily_3d wind_gust_max_3d temperature_mean_7d temperature_max_7d temperature_min_7d humidity_mean_7d humidity_max_7d humidity_min_7d wind_speed_mean_7d wind_speed_max_7d precipitation_sum_7d rain_sum_7d rain_days_7d rain_max_daily_7d wind_gust_max_7d
feature_infos=-1:0:1:2:3:4:5 -1:0:1 [1:12] -1:1:0 [-0.99999942202469239:0.99998555065071859] [-0.99997919295908244:0.9999907524084426] [0:61] [23.658332999999999:32.533332999999999] [25.899999999999999:39.200000000000003] [17.899999999999999:29.300000000000001] [48.958333000000003:91.625] [63:100] [23:86] [2.8541669999999999:19.695833] [6.4000000000000004:30.100000000000001] [0:63.100000000000001] [0:63.100000000000001] [14:56.899999999999999] [0:1] [23.766667000000002:32.427778000000004] [27.699999999999999:39.200000000000003] [17.899999999999999:28.100000000000001] [52.569443999999997:90.694444000000004] [73:100] [23:79] [4.125:17.329167000000002] [9.6999999999999993:30.100000000000001] [0:93.900000000000006] [0:93.900000000000006] [0:3] [0:63.100000000000001] [17.300000000000001:56.899999999999999] [24.365476000000001:32.235118999999997] [28.699999999999999:39.200000000000003] [17.899999999999999:27.5] [55.767856999999999:89.523809999999997] [77:100] [23:72] [4.5327380000000002:15.469643] [11.6:30.100000000000001] [0:163.90000000000001] [0:163.90000000000001] [0:7] [0:63.100000000000001] [23:56.899999999999999]
tree_sizes=1677 1409 1397 1615 1624 1513 1116 1606 1286 1414 1404 1720 1323 1613 1103 1001 1106 1209 877 812 704 1100 1078 696 894 689 1742 800 1110 903

Tree=0
num_leaves=15
num_cat=3
split_feature=0 1 34 5 4 4 37 5 2 0 36 5 32 4
split_gain=313.452 97.6719 100.197 228.889 73.2533 61.4484 61.2575 23.9916 23.9697 25.3561 48.7539 3.39289 14.888 1.07986
threshold=0 1 23.750000000000004 0.26659387353423863 -0.056952163117076689 -0.94139628442229051 34.500000000000007 0.19969739736768835 1.5000000000000002 2 97.500000000000014 0.91852788691372023 27.118154500000006 0.72695311118111527
decision_type=1 1 2 2 2 2 2 2 2 1 2 2 2 2
left_child=1 2 6 -4 5 -3 -1 -6 9 10 -2 13 -13 -10
right_child=8 4 3 -5 7 -7 -8 -9 11 -11 -12 12 -14 -15
leaf_value=-3.4064812807153562 -3.3695425437554754 -3.4074299693768726 -3.2685068807620943 -2.8934022531771255 -3.4105340506035233 -3.2749619300661066 -3.2971193323716936 -3.349826402299096 -3.4115186726135924 -3.3885105718164348 -3.1204539224761145 -3.4064715892752724 -3.2784820884477819 -3.4007128912633959
leaf_weight=17.775688543915749 3.7627369910478592 10.574588440358637 51.315947584807873 3.5356752760708323 36.881309989839792 38.081493340432644 39.962861835956573 28.025903105735779 134.74490914493799 13.331766407936813 2.9518022947013378 8.5310330055654031 2.0111180469393721 61.728349085897207
leaf_count=548 116 326 1582 109 1137 1174 1232 864 4154 411 91 263 62 1903
internal_value=-3.3595 -3.31884 -3.28423 -3.2364 -3.34991 -3.30412 -3.331 -3.38456 -3.40006 -3.35005 -3.30921 -3.40684 -3.37709 -3.40835
internal_weight=453.215 226.153 112.59 54.8516 113.563 48.6561 57.7386 64.9072 227.062 20.0463 6.71454 207.015 10.5422 196.473
internal_count=13972 6972 3471 1691 3501 1500 1780 2001 7000 618 207 6382 325 6057
cat_boundaries=0 1 2 3
cat_threshold=7 1 8
is_linear=0
shrinkage=1


Tree=1
num_leaves=12
num_cat=3
split_feature=0 5 30 5 38 4 0 1 12 4 33
split_gain=275.778 51.8831 89.2385 66.3433 56.0378 69.5806 39.5491 31.4117 25.506 22.7257 29.404
threshold=0 0.31595530242620651 0.35000000000000003 0.92843842216862604 11.183035500000001 0.97508442350096225 1 2 43.500000000000007 -0.77245553105869302 32.550000000000004
decision_type=1 2 2 2 2 2 1 1 2 2 2
left_child=1 4 8 -4 7 -6 9 -1 -3 -2 -11
right_child=6 2 3 -5 5 -7 -8 -9 -10 10 -12
leaf_value=0.041633360205817677 -0.04998304964446728 -0.020524476618495588 0.17109776099721297 -0.00088472442866618462 0.16661709126876389 -0.036350880365916112 -0.04800408195015593 -0.020737605660423149 0.092824365258899477 0.030927473293969762 -0.019247406162830914
leaf_weight=41.257910065352917 28.208075387403369 16.650525666773323 28.829205928370357 6.8930308930575839 12.968158490955831 5.6063846834003916 144.40396121330559 37.782751735299826 5.9249374009668818 44.968629548326135 79.045289481058717
leaf_count=1179 867 506 827 207 375 172 4642 1177 173 1365 2435
internal_value=-0.00136566 0.0504426 0.0906825 0.138791 0.0308498 0.106628 -0.0293828 0.0119324 0.0118995 -0.0096732 -0.000951659
internal_weight=452.539 155.913 58.2977 35.7222 97.6152 18.5745 296.626 79.0407 22.5755 152.222 124.014
internal_count=13925 4616 1713 1034 2903 547 9309 2356 679 4667 3800
cat_boundaries=0 1 2 3
cat_threshold=5 10 1
is_linear=0
shrinkage=0.05


Tree=2
num_leaves=12
num_cat=3
split_feature=0 37 5 5 38 0 34 5 5 0 5
split_gain=251.161 43.7591 80.8104 97.6152 63.0301 37.126 26.309 25.5632 18.0199 29.9632 27.802
threshold=0 31.500000000000004 0.33222858587828868 0.57605713708605399 11.430654500000001 1 24.350000000000005 0.21652257995689159 -0.57077231802681661 2 0.76556758748011056
decision_type=1 2 2 2 2 1 2 2 2 1 2
left_child=1 6 4 -4 -3 8 -1 -8 9 -2 -10
right_child=5 2 3 -5 -6 -7 7 -9 10 -11 -12
leaf_value=-0.048739745522194289 0.040633597331022446 0.012935741721445524 0.24343549266975342 0.070904653819807928 0.12466968175775786 -0.047810772899970162 -0.035924520933683167 0.17221920435774052 -0.040880424238976018 -0.024333599058295633 0.015139976516700611
leaf_weight=16.125150384381417 27.066584188491106 81.616586726158857 9.8291092701256257 40.488556772470474 13.999974120408295 139.42917804047465 2.2542826980352393 2.1266439743340015 68.433979580178857 24.434790637344122 31.884996086359024
leaf_count=496 793 2398 240 1079 359 4689 66 50 2163 787 951
internal_value=-0.00162347 0.0456692 0.0579625 0.108694 0.0304166 -0.0292746 -0.0192093 0.0783433 -0.0101712 0.0130383 -0.0231014
internal_weight=457.69 166.44 145.934 50.3177 95.6166 291.25 20.5061 4.38093 151.82 51.5014 100.319
internal_count=14071 4688 4076 1319 2757 9383 612 116 4694 1580 3114
cat_boundaries=0 1 2 3
cat_threshold=5 10 2
is_linear=0
shrinkage=0.05


Tree=3
num_leaves=14
num_cat=3
split_feature=0 1 34 25 37 4 4 2 2 0 33 44 39
split_gain=230.161 67.8211 59.8385 81.1733 43.9141 42.5368 35.1576 21.2062 20.3621 18.5088 29.714 1.70333 3.30705
threshold=0 1 23.750000000000004 11.347222500000003 34.500000000000007 -0.056952163117076689 -0.94139628442229051 3.5000000000000004 1.5000000000000002 2 33.95000000000001 36.20000000000001 20.000000000000004
decision_type=1 1 2 2 2 2 2 2 2 1 2 2 2
left_child=1 2 4 -4 -1 6 -3 -7 9 10 -2 12 -10
right_child=8 5 3 -5 -6 7 -8 -9 11 -11 -12 -13 -14
leaf_value=-0.046013910848984513 0.15088859828324575 -0.046818949307132873 0.056244407455046219 0.18595371197149474 0.045626969898421139 0.0058544862126376869 0.054207490883807774 -0.05017429366902524 -0.043441964791860244 -0.026900357061045474 -0.037814640433067759 -0.051087536289487138 -0.01140199033686539
leaf_weight=16.911637375131249 4.9228373244404793 9.7305238954722864 50.253962107002735 15.581574644893406 48.138557277619839 32.814519692212343 46.026294011622667 33.39124465174973 60.900980101898313 12.012323439121248 2.7024754360318184 114.09318524040282 10.248496340587733
leaf_count=540 131 320 1335 370 1268 963 1183 1068 2100 416 81 3952 353
internal_value=-0.0014373 0.0299536 0.055988 0.0892662 0.0214664 0.00422239 0.0360624 -0.02273 -0.0396634 0.00652406 0.0404654 -0.0466981 -0.0390489
internal_weight=457.729 252.848 130.886 65.8355 65.0502 121.963 55.7568 66.2058 204.88 19.6376 7.62531 185.243 71.1495
internal_count=14080 7047 3513 1705 1808 3534 1503 2031 7033 628 212 6405 2453
cat_boundaries=0 1 2 3
cat_threshold=7 1 8
is_linear=0
shrinkage=0.05


Tree=4
num_leaves=14
num_cat=3
split_feature=0 1 34 5 39 4 4 5 5 0 42 4 40
split_gain=212.933 53.8004 46.7418 96.2251 47.7379 37.4875 36.5452 26.6951 22.6999 28.2816 24.7346 1.43196 17.244
threshold=0 1 23.750000000000004 0.24997576770840005 16.150000000000002 -0.056952163117076689 -0.92923668111203817 0.19969739736768835 0.86869874770991873 2 2.5000000000000004 0.72695311118111527 48.800000000000004
decision_type=1 1 2 2 2 2 2 2 2 1 2 2 2
left_child=1 2 4 -4 -1 6 -3 -7 11 10 -10 -2 -13
right_child=8 5 3 -5 -6 7 -8 -9 9 -11 -12 12 -14
leaf_value=0.10408188061869927 -0.051009573884031191 -0.043318830395488617 0.057590222136377316 0.24010650977263559 -0.000201474433684779 -0.050108944602119725 0.054400352125765966 0.013763940659327815 -0.030482868348481348 -0.032670438823371825 0.11356427943903535 -0.050339389607302991 0.026775224337561066
leaf_weight=12.768743794411419 112.86738676764071 11.188753182068465 64.573853269219398 7.3509683161973944 54.05125917121768 33.767778851091862 46.357909496873617 30.246481453999877 3.7932751402258882 19.099760791286826 8.6669122669845802 44.708875576034188 7.9620118960738173
leaf_count=319 4097 370 1595 118 1504 1133 1133 871 120 682 225 1617 282
internal_value=8.44435e-05 0.0292648 0.0515477 0.0792808 0.020967 0.00600667 0.0349855 -0.0201818 -0.0379676 -0.000972644 0.0405667 -0.0472523 -0.0384007
internal_weight=457.404 260.306 138.745 71.9248 66.82 121.561 57.5467 64.0143 197.098 31.5599 12.4602 165.538 52.6709
internal_count=14066 7043 3536 1713 1823 3507 1503 2004 7023 1027 345 5996 1899
cat_boundaries=0 1 2 3
cat_threshold=7 1 8
is_linear=0
shrinkage=0.05


Tree=5
num_leaves=13
num_cat=3
split_feature=0 1 4 9 32 4 5 0 44 5 4 40
split_gain=189.978 48.8099 38.9815 48.3517 32.1988 27.277 21.6302 25.8278 21.3524 13.4896 1.51825 16.731
threshold=0 1 0.98049069993378934 24.050000000000004 26.623214000000004 -0.94139628442229051 0.86869874770991873 2 35.45000000000001 -0.9575230291762723 0.72695311118111527 48.800000000000004
decision_type=1 1 2 2 2 2 2 1 2 2 2 2
left_child=1 2 3 -1 5 -3 10 8 -8 -6 -2 -12
right_child=6 4 -4 -5 9 -7 7 -9 -10 -11 11 -13
leaf_value=0.016041431653426169 -0.050911538340267709 -0.043841407767485158 -0.047149203696303946 0.077664779180718055 0.039025461718666089 0.071351586141600531 0.096426815552061063 -0.032431348414752169 -0.039685595013969122 -0.017517453244524136 -0.050210945434696411 0.025616467030455094
leaf_weight=52.524508181959391 106.80591662228107 5.7367423623800304 9.5008999481797201 82.343910718336701 11.131381545215843 24.088493885472417 10.107537768781183 18.76871764101088 3.2619702126830825 81.843452453613281 42.440385200083256 8.0921115148812515
leaf_count=1371 4070 206 249 1900 343 591 250 691 97 2385 1609 279
internal_value=-0.000321176 0.0264349 0.0470277 0.0539603 0.00417594 0.0484913 -0.0374126 -0.00191664 0.0370104 -0.0104046 -0.046968 -0.0378067
internal_weight=456.646 267.169 144.369 134.868 122.8 29.8252 189.477 32.1382 13.3695 92.9748 157.338 50.5325
internal_count=14041 7045 3520 3271 3525 797 6996 1038 347 2728 5958 1888
cat_boundaries=0 1 2 3
cat_threshold=7 1 8
is_linear=0
shrinkage=0.05


Tree=6
num_leaves=9
num_cat=1
split_feature=4 1 38 38 32 44 34 34
split_gain=30.8169 32.1417 36.5699 33.383 28.0713 27.4982 13.8444 10.9168
threshold=0.98049069993378934 0 11.524702500000002 13.519047500000001 26.683928500000004 33.650000000000006 20.350000000000005 24.550000000000004
decision_type=2 1 2 2 2 2 2 2
left_child=1 2 6 -4 5 -3 -1 -6
right_child=-2 4 3 -5 7 -7 -8 -9
leaf_value=-0.047011677536887703 -0.049864877975929221 0.055305620695076933 0.096284859756613245 -0.043326249760510756 -0.015409806681781596 -0.014331408861071022 0.011170130910075658 -0.047369471265577598
leaf_weight=9.8205922022461873 28.95519726164639 25.542877282947302 21.1637695748359 4.6877685021609059 111.88426019437611 29.739968728274107 191.16072311997414 34.915494412183762
leaf_count=309 1005 715 537 117 3640 965 5568 1227
internal_value=-0.000831911 0.00258649 0.0154735 0.0702979 -0.0118838 0.0182546 0.0081085 -0.0232803
internal_weight=457.871 428.915 226.833 25.8515 202.083 55.2828 200.981 146.8
internal_count=14083 13078 6531 654 6547 1680 5877 4867
cat_boundaries=0 1
cat_threshold=1
is_linear=0
shrinkage=0.05


Tree=7
num_leaves=14
num_cat=4
split_feature=0 0 4 5 5 1 5 34 5 0 42 44 44
split_gain=178.346 41.1042 55.7354 122.107 102.207 28.0275 46.7813 41.3143 21.1351 22.6188 18.8378 1.24131 10.4292
threshold=0 1 -0.091260668982868137 0.19969739736768835 -0.93543596745397617 2 -0.15101602693478736 19.950000000000006 0.8852232634113919 3 2.5000000000000004 35.45000000000001 35.100000000000001
decision_type=1 1 2 2 2 1 2 2 2 1 2 2 2
left_child=1 2 4 -4 -1 6 -3 -7 11 10 -10 12 -2
right_child=8 5 3 -5 -6 7 -8 -9 9 -11 -12 -13 -14
leaf_value=0.28324777024290632 -0.044559982391296785 0.061227351347434157 -0.050250454823084351 0.10308145270475078 0.063819785499174705 0.16196350733493972 -0.006986859121617929 -0.019377528746160871 -0.030589003638392228 -0.031343959173192042 0.092440190276090628 -0.050378372678292864 0.037229502773270466
leaf_weight=5.4104135408997527 43.267637237906456 49.572062395513058 27.643191372975707 22.805015673860908 37.660541785880923 2.2768953815102568 49.602370491251349 77.363142628222704 3.8126119952648887 17.192857310175896 9.6979566887021047 106.49180665612221 3.5260468795895568
leaf_count=121 1683 1107 780 582 840 54 1231 2279 120 651 209 4261 128
internal_value=-0.000456204 0.0248917 0.0506851 0.0197193 0.0971852 0.00924637 0.0273807 -0.0122488 -0.0372395 -0.00132376 0.0343406 -0.046792 -0.0377469
internal_weight=456.323 272.334 93.5192 50.4482 43.071 178.814 99.1744 79.64 183.989 30.7034 13.5106 153.285 46.7937
internal_count=14046 6994 2323 1362 961 4671 2338 2333 7052 980 329 6072 1811
cat_boundaries=0 1 2 3 4
cat_threshold=7 1 1 8
is_linear=0
shrinkage=0.05


Tree=8
num_leaves=11
num_cat=4
split_feature=0 4 1 38 0 5 0 43 4 24
split_gain=167.312 35.8453 34.4547 44.0226 28.7517 17.1794 19.2497 17.8517 2.09751 24.8599
threshold=0 0.98049069993378934 1 11.524702500000002 2 0.86869874770991873 3 6.1500000000000012 0.72695311118111527 59.500000000000007
decision_type=1 2 1 2 1 2 1 2 2 2
left_child=1 2 3 -1 -4 8 7 -7 -2 -10
right_child=5 -3 4 -5 -6 6 -8 -9 9 -11
leaf_value=0.033787805151560574 -0.05073847213514715 -0.048426856598398925 0.02341564199268828 0.11361152176917576 -0.025334553344819689 0.075799994316613981 -0.031755049930918884 -0.041412945734986495 -0.050034447497225791 0.050669641999492469
leaf_weight=129.29560772888362 97.321981521323323 14.967063818126915 81.889068266376853 19.330030974000692 35.062318762764335 11.093818865716456 17.823524398729205 3.7123670056462297 40.614096848294139 6.356003049761056
leaf_count=2943 4070 497 2199 321 1077 264 696 83 1693 228
internal_value=0.000120247 0.0238282 0.0289605 0.0448595 0.00854665 -0.0366741 -0.0057608 0.0279607 -0.0461011 -0.035635
internal_weight=457.466 280.544 265.577 148.626 116.951 176.922 32.6297 14.8062 144.292 46.9701
internal_count=14071 7037 6540 3264 3276 7034 1043 347 5991 1921
cat_boundaries=0 1 2 3 4
cat_threshold=7 1 5 8
is_linear=0
shrinkage=0.05


Tree=9
num_leaves=12
num_cat=2
split_feature=0 4 43 1 2 36 33 40 5 32 4
split_gain=143.364 32.1137 29.4844 28.3224 23.4287 18.5222 9.79188 5.13349 3.58142 12.814 1.47008
threshold=0 0.98049069993378934 0.15000000000000005 1 1.5000000000000002 98.500000000000014 33.45000000000001 6.7500000000000009 0.91852788691372023 27.118154500000006 0.72695311118111527
decision_type=1 2 2 1 2 2 2 2 2 2 2
left_child=1 2 -1 -4 5 6 -2 -7 10 -10 -6
right_child=4 -3 3 -5 8 7 -8 -9 9 -11 -12
leaf_value=-0.047934865643530444 0.03359979608828962 -0.048293049838713221 0.043466065876017666 0.010078093913178288 -0.05067555197431204 0.12849370696767951 -0.039182442354856982 -0.00052523650562714356 -0.045231049540806458 0.072798824532269796 -0.036934256265027422
leaf_weight=12.156437266618012 6.5902733225375476 14.675981083884833 147.41209650039673 112.37591981701553 95.248326124623418 2.6000948324799533 10.970761807635425 0.97076359763741482 7.1701577771455032 2.2217232957482338 44.469464544206858
leaf_count=357 186 510 3068 3121 4161 65 361 26 259 66 1883
internal_value=-0.000520839 0.0208514 0.0255101 0.0291175 -0.0355563 0.0111849 -0.0115302 0.100978 -0.0445796 -0.0129916 -0.0465955
internal_weight=456.862 286.62 271.944 259.788 170.242 21.1319 17.561 3.57086 149.11 9.39188 139.718
internal_count=14063 7056 6546 6189 7007 638 547 91 6369 325 6044
cat_boundaries=0 1 2
cat_threshold=7 1
is_linear=0
shrinkage=0.05


Tree=10
num_leaves=12
num_cat=3
split_feature=0 24 5 4 0 14 4 33 34 1 40
split_gain=138.892 31.9227 41.421 63.7992 31.1931 27.0906 19.7284 25.219 8.88151 7.1463 6.17371
threshold=0 34.500000000000007 0.36447543099728857 0.77788564761185042 1 17.250000000000004 -0.77245553105869302 32.550000000000004 24.350000000000005 2 3.0500000000000003
decision_type=1 2 2 2 1 2 2 2 2 1 2
left_child=1 8 5 -4 6 -3 -2 -8 10 -10 -1
right_child=4 2 3 -5 -6 -7 7 -9 9 -11 -12
leaf_value=-0.048972235013888546 -0.04969565040166142 -0.0021004241541011893 0.051735735594368927 0.21532845258991881 -0.046236680730879935 0.046397496147550295 0.026229964131730951 -0.019442652817214957 0.056984881178464314 -0.036297132362986005 0.015480306469831019
leaf_weight=16.352192323654897 24.657954268157482 63.648758348077536 55.332700334489346 5.895549187436699 103.14790816046298 51.459416581317782 48.728985508903861 76.06652550958097 4.85583172738552 2.3290426470339298 4.2118997611105433
leaf_count=476 862 1583 1089 114 4664 1174 1350 2474 73 72 113
internal_value=-0.00132343 0.0285523 0.0377667 0.0706949 -0.0255951 0.0197936 -0.00915578 -0.00154209 -0.019348 0.0260064 -0.0356655
internal_weight=456.687 204.085 176.336 61.2282 252.601 115.108 149.453 124.796 27.749 7.18487 20.5641
internal_count=14044 4694 3960 1203 9350 2757 4686 3824 734 145 589
cat_boundaries=0 1 2 3
cat_threshold=5 10 1
is_linear=0
shrinkage=0.05


Tree=11
num_leaves=15
num_cat=3
split_feature=0 0 4 5 25 2 1 2 36 5 20 21 44 39
split_gain=129.401 33.6614 48.6908 84.8582 76.021 24.3208 19.3018 17.5376 13.9882 6.42158 6.27193 4.04652 3.06811 6.60772
threshold=0 1 -0.10837695015263894 0.19969739736768835 10.330555500000001 2.5000000000000004 2 1.5000000000000002 98.500000000000014 0.6174544326165855 33.250000000000007 22.550000000000004 36.20000000000001 20.000000000000004
decision_type=1 1 2 2 2 2 1 2 2 2 2 2 2 2
left_child=1 2 4 -4 -1 9 -7 8 10 -3 -2 -10 13 -9
right_child=7 5 3 -5 -6 6 -8 12 11 -11 -12 -13 -14 -15
leaf_value=0.043723842816320836 0.012057156696264807 0.022083561759580646 -0.048672347120276772 0.073624559673343234 0.18700837125536637 0.027641250907867093 -0.0076690672033452659 -0.040882279021459342 0.10316408072211568 -0.043159197818503491 -0.045943578414994544 -0.0033452321219066905 -0.050497385810720642 0.0059963916803327869
leaf_weight=39.838652294129133 9.1413850076496654 3.7365976441651609 28.160057630389929 26.648751301690936 11.470427146181462 94.571585265919566 64.444072853773832 47.416197046637535 2.857610614970326 26.7466991096735 7.8699640762060872 1.0801561195403335 83.027332492172718 8.6188684739172441
leaf_count=781 273 101 781 578 185 1944 1902 2095 66 721 275 28 3949 355
internal_value=-0.000609129 0.0188539 0.0404211 0.0110438 0.0787186 0.00522147 0.0133726 -0.0354308 0.00481872 -0.0347144 -0.0158368 0.0791873 -0.044015 -0.0336931
internal_weight=455.628 295.617 106.118 54.8088 51.3091 189.499 159.016 160.012 20.9491 30.4833 17.0113 3.93777 139.062 56.0351
internal_count=14034 6993 2325 1359 966 4668 3846 7041 642 822 548 94 6399 2450
cat_boundaries=0 1 2 3
cat_threshold=7 1 1
is_linear=0
shrinkage=0.05


Tree=12
num_leaves=11
num_cat=1
split_feature=0 4 43 43 2 36 14 44 4 10
split_gain=116.317 27.2017 25.7347 27.2561 20.7805 17.6336 6.60813 3.1796 4.90362 1.05933
threshold=0 0.98049069993378934 0.15000000000000005 32.550000000000004 1.5000000000000002 98.500000000000014 12.850000000000003 36.20000000000001 0.72695311118111527 78.270833500000023
decision_type=1 2 2 2 2 2 2 2 2 2
left_child=1 2 -1 -4 5 6 -2 8 -6 -7
right_child=4 -3 3 -5 7 9 -8 -9 -10 -11
leaf_value=-0.047769542163506873 0.033694709799085787 -0.048032258728026959 0.029798892363217252 -0.025728782795441125 -0.042316715690463552 0.10261502698273517 -0.032939762619057289 -0.050403934834844871 -0.0083784399964080946 0.02043153243953999
leaf_weight=11.80536265671253 4.2613770570606055 13.704681785777209 252.34986609406769 23.454263266175985 38.568969406187534 3.1863534916192284 12.26848425529897 78.021831322461367 15.352812694385646 1.0833569727838037
leaf_count=363 127 495 5576 592 1777 68 413 3897 654 27
internal_value=4.45642e-05 0.0179382 0.0218588 0.025001 -0.0340905 0.00974188 -0.0148193 -0.0435858 -0.0329822 0.0895968
internal_weight=454.057 301.314 287.609 275.804 152.743 20.7996 16.5299 131.944 53.9218 4.26971
internal_count=13989 7026 6531 6168 6963 635 540 6328 2431 95
cat_boundaries=0 1
cat_threshold=7
is_linear=0
shrinkage=0.05


Tree=13
num_leaves=14
num_cat=3
split_feature=0 0 5 38 5 5 0 5 26 5 37 44 5
split_gain=109.615 26.0548 40.2031 56.5233 51.3737 18.9184 17.6916 17.5571 43.2826 24.5224 15.7119 1.14665 4.52469
threshold=0 1 -0.03976928634766979 11.053273500000001 0.91852788691372023 0.8852232634113919 2 0.6174544326165855 12.15 0.41202506375868281 38.500000000000007 36.20000000000001 -0.49812626372919405
decision_type=1 1 2 2 2 2 1 2 2 2 2 2 2
left_child=1 2 3 -1 -4 11 10 9 -9 -3 -7 12 -2
right_child=5 7 4 -5 -6 6 -8 8 -10 -11 -12 -13 -14
leaf_value=-0.022811164373245915 -0.015989962959727384 0.0057116321985252131 0.090236247462764305 0.092064945184144861 -0.022735696219840944 0.10299904003760407 -0.029515350057522313 0.10779539240578653 -0.035676820391113424 0.068674688045166174 0.0013332306453303208 -0.050313728778179904 -0.049388233839323087
leaf_weight=41.202045204117894 17.537674969062209 125.98588932491839 45.619014078751206 13.354288030415772 12.386733151972292 6.0710681118071088 14.947281343862414 4.9301369562745085 46.852507192641497 16.66791426204145 8.2734529599547368 73.872020974755287 28.323854384943843
leaf_count=1003 844 3088 880 204 255 138 650 98 1157 357 187 3883 1342
internal_value=-0.000886296 0.016138 0.0344864 0.00645919 0.0661354 -0.0346003 -0.000830793 0.00423806 -0.0202336 0.0134952 0.0292243 -0.0456523 -0.0372303
internal_weight=456.024 306.999 112.562 54.5563 58.0057 149.025 29.2918 194.436 51.7826 142.654 14.3445 119.734 45.8615
internal_count=14086 7042 2342 1207 1135 7044 975 4700 1255 3445 325 6069 2186
cat_boundaries=0 1 2 3
cat_threshold=7 1 8
is_linear=0
shrinkage=0.05


Tree=14
num_leaves=9
num_cat=2
split_feature=0 0 25 5 40 44 4 32
split_gain=103.876 35.9527 34.8084 51.9145 46.293 19.2039 14.9726 5.77188
threshold=0 1 10.420833500000002 -0.03976928634766979 3.0500000000000003 43.750000000000007 0.97696484778429815 26.165476000000002
decision_type=1 1 2 2 2 2 2 2
left_child=-1 2 3 -2 -4 6 -3 -7
right_child=1 5 4 -5 -6 7 -8 -9
leaf_value=-0.045323208987865238 -0.024607046439269437 0.010824437233664611 -0.00064742421696857935 0.053263497159020803 0.12449013962354849 0.047672782668072046 -0.047099024907991359 -0.032137682933062059
leaf_weight=87.851729275658727 36.813810346648097 195.21045080944896 11.320590674877169 48.660504642874002 20.233461894094944 1.5272404793649901 10.848202189430593 42.732739344239235
leaf_count=4661 911 5411 237 885 324 46 430 1147
internal_value=0.000330007 0.0122396 0.0339767 0.0198279 0.080954 0.00107471 0.00756225 -0.0283913
internal_weight=455.199 367.347 117.028 85.4743 31.5541 250.319 206.059 44.26
internal_count=14052 9391 2357 1796 561 7034 5841 1193
cat_boundaries=0 1 2
cat_threshold=48 1
is_linear=0
shrinkage=0.05


Tree=15
num_leaves=8
num_cat=2
split_feature=0 0 37 36 4 33 34
split_gain=96.9413 28.5555 26.8432 24.4203 22.0642 22.6971 13.6539
threshold=0 1 31.500000000000004 91.500000000000014 -0.76141707087277943 32.550000000000004 24.350000000000005
decision_type=1 1 2 2 2 2 2
left_child=-1 2 6 -4 -3 -6 -2
right_child=1 4 3 -5 5 -7 -8
leaf_value=-0.045130633427437665 -0.049278235013212393 -0.049632370540126966 0.092878502259818058 0.02391842132735782 0.028326295958927994 -0.015399292696525624 0.031484400762533261
leaf_weight=85.235032141208649 17.17604313604534 23.721520714461803 12.972262412309645 188.22632228210568 48.585437068715692 72.939345061779022 6.5565534066408864
leaf_count=4719 482 873 229 3853 1340 2484 114
internal_value=-0.000302861 0.0110314 0.021896 0.028802 -0.00615073 0.00217065 -0.0265953
internal_weight=455.413 370.177 224.931 201.199 145.246 121.525 23.7326
internal_count=14094 9375 4678 4082 4697 3824 596
cat_boundaries=0 1 2
cat_threshold=48 5
is_linear=0
shrinkage=0.05


Tree=16
num_leaves=9
num_cat=2
split_feature=0 0 33 4 25 39 5 23
split_gain=92.0013 28.7592 40.0575 48.4401 38.7941 17.2255 16.7382 12.7539
threshold=0 1 32.550000000000004 -0.72696319516528884 8.7194445000000034 24.650000000000002 -0.18493013702746816 82.500000000000014
decision_type=1 1 2 2 2 2 2 2
left_child=-1 2 3 -2 -4 6 -3 -7
right_child=1 5 4 -5 -6 7 -8 -9
leaf_value=-0.044842163035521743 0.0051205146818552871 0.021314186562316831 -0.0431596434354563 0.092543317196369657 0.038337387598547719 0.05471636058580568 -0.0065365443651264309 -0.038713994307509859
leaf_weight=81.239695158787072 26.202842874452472 98.789213106036186 25.848635589703918 39.565944779664278 31.014995278790593 3.1870244070887557 116.6759927496314 35.056162018328905
leaf_count=4695 457 2756 612 638 641 81 3266 985
internal_value=3.64564e-05 0.0107217 0.0296484 0.0583117 0.00118544 0.000721368 0.00627229 -0.029732
internal_weight=457.581 376.341 122.632 65.7688 56.8636 253.708 215.465 38.2432
internal_count=14131 9436 2348 1095 1253 7088 6022 1066
cat_boundaries=0 1 2
cat_threshold=48 1
is_linear=0
shrinkage=0.05


Tree=17
num_leaves=10
num_cat=2
split_feature=0 4 43 5 43 0 44 4 5
split_gain=85.1059 21.6902 20.442 20.2692 18.1858 15.261 13.0899 0.899969 10.7734
threshold=0 0.98049069993378934 0.15000000000000005 0.86869874770991873 32.550000000000004 1 35.45000000000001 0.73865729060996177 -0.49812626372919405
decision_type=1 2 2 2 2 1 2 2 2
left_child=1 2 -1 7 -4 6 -5 -2 -9
right_child=3 -3 4 5 -6 -7 -8 8 -10
leaf_value=-0.047549715746927047 -0.050175205910458577 -0.047838656253621707 0.021967891240012891 0.064556750809981869 -0.023436372751843234 -0.028019608231262611 -0.039373364469913477 0.022419439768791499 -0.049161375705759389
leaf_weight=11.301156301051376 69.77473499532789 13.026865063235162 275.21084396541119 12.59577653557062 23.160148350521922 13.388648940250278 3.1646500285714874 5.8135018926113835 27.773271277546883
leaf_count=363 4120 484 5607 248 575 686 98 285 1586
internal_value=-0.00117699 0.0127228 0.0158258 -0.0333254 0.018377 0.00100708 0.0266708 -0.0461177 -0.0364815
internal_weight=455.21 322.699 309.672 132.511 298.371 29.1491 15.7604 103.362 33.5868
internal_count=14052 7029 6545 7023 6182 1032 346 5991 1871
cat_boundaries=0 1 2
cat_threshold=7 8
is_linear=0
shrinkage=0.05


Tree=18
num_leaves=7
num_cat=3
split_feature=0 44 4 0 37 1
split_gain=77.3284 27.6639 20.8176 20.5301 5.04053 1.57104
threshold=0 25.000000000000004 0.98049069993378934 1 51.500000000000007 2
decision_type=1 2 2 1 2 1
left_child=-1 4 3 -3 -2 -6
right_child=1 2 -4 -5 5 -7
leaf_value=-0.044318834913485365 0.13737117470559324 0.017738824028817664 -0.048254174965854962 -0.0065948393238763336 -0.0073816245796746276 0.057274530120432737
leaf_weight=74.762293973006308 3.7159260604530564 223.60932381078601 15.647894239053128 133.36838063970208 1.2508456464856863 1.2873022444546223
leaf_count=4703 57 4312 665 4250 24 23
internal_value=-0.00139096 0.00812686 0.00644034 0.00896594 0.105075 0.0323303
internal_weight=453.642 378.88 372.626 356.978 6.25407 2.53815
internal_count=14034 9331 9227 8562 104 47
cat_boundaries=0 1 2 3
cat_threshold=48 5 1
is_linear=0
shrinkage=0.05


Tree=19
num_leaves=6
num_cat=1
split_feature=4 43 4 1 5
split_gain=21.8637 20.2832 20.8998 19.0512 15.4086
threshold=0.97875492728876534 0.15000000000000005 -0.72696319516528884 0 0.36447543099728857
decision_type=2 2 2 1 2
left_child=1 -1 4 -4 -3
right_child=-2 2 3 -5 -6
leaf_value=-0.048721446465965532 -0.04886027099980212 -0.030187190302491188 0.021196308892408183 -0.0032602231031763685 0.013545597753709669
leaf_weight=17.670048361644149 20.972532973624766 62.64919799938798 181.60472131334245 140.78875225689262 28.765260934829712
leaf_count=719 1041 2141 4710 4686 711
internal_value=-0.000205391 0.00226705 0.00455652 0.0105391 -0.0164282
internal_weight=452.451 431.478 413.808 322.393 91.4145
internal_count=14008 12967 12248 9396 2852
cat_boundaries=0 1
cat_threshold=1
is_linear=0
shrinkage=0.05


Tree=20
num_leaves=5
num_cat=1
split_feature=0 4 43 4
split_gain=77.438 22.5831 21.0884 23.1396
threshold=0 0.97875492728876534 0.15000000000000005 -0.72696319516528884
decision_type=1 2 2 2
left_child=-1 2 -2 -4
right_child=1 -3 3 -5
leaf_value=-0.043940684361512231 -0.047905700749601883 -0.048092414656517327 -0.0096331524056386519 0.021312124926766172
leaf_weight=70.473585176281631 13.031035354360936 15.159816538915036 76.321704250760376 279.94484096951783
leaf_count=4653 469 692 1902 6334
internal_value=0.000467929 0.00959231 0.0123428 0.0146744
internal_weight=454.931 384.457 369.298 356.267
internal_count=14050 9397 8705 8236
cat_boundaries=0 1
cat_threshold=48
is_linear=0
shrinkage=0.05


Tree=21
num_leaves=9
num_cat=2
split_feature=0 37 22 21 40 44 1 40
split_gain=70.4988 19.684 45.3867 25.2731 23.7287 21.2009 20.4894 8.94136
threshold=0 34.500000000000007 66.347222000000016 24.350000000000005 1.2500000000000002 29.000000000000004 1 2.8500000000000001
decision_type=1 2 2 2 2 2 1 2
left_child=-1 3 4 7 -3 -4 -5 -2
right_child=1 2 5 6 -6 -7 -8 -9
leaf_value=-0.043691805024855701 -0.050451812813096714 -0.03747517312932349 0.046927174886054655 0.052388803173076627 0.11632631144136057 0.0043656198171968417 -0.033604298578229962 0.00089891076485651812
leaf_weight=67.915139053948224 33.809306203387678 2.516221500933173 31.873271225951612 18.113380439579487 13.93913836404681 268.86720249429345 10.016110466793181 11.160501446574925
leaf_count=4665 1090 69 618 344 248 6480 353 272
internal_value=-0.000512263 0.00800585 0.013598 -0.0150355 0.0920086 0.00901698 0.0216666 -0.0379654
internal_weight=458.21 390.295 317.196 73.0993 16.4554 300.74 28.1295 44.9698
internal_count=14139 9474 7415 2059 317 7098 697 1362
cat_boundaries=0 1 2
cat_threshold=48 1
is_linear=0
shrinkage=0.05


Tree=22
num_leaves=9
num_cat=3
split_feature=0 0 37 2 13 44 1 32
split_gain=65.7743 20.5229 30.2221 40.0481 39.4251 15.4874 11.2489 5.22723
threshold=0 1 60.500000000000007 3.5000000000000004 10.65 42.650000000000006 2 26.165476000000002
decision_type=1 1 2 2 2 2 1 2
left_child=-1 2 3 -2 -4 6 -3 -7
right_child=1 5 4 -5 -6 7 -8 -9
leaf_value=-0.043419284126455536 0.042977329074540375 0.014887571193538854 0.024775364299235818 -0.029308698004661717 0.11920497770510158 0.045687552542653276 -0.008391914614820091 -0.029266108750433395
leaf_weight=65.292517089284956 34.460134269669652 119.16610122378916 38.408081298694015 40.69943206384778 14.965433409437535 1.5731516424566496 90.467418472282588 47.783534084446728
leaf_count=4684 627 2869 668 835 172 43 2848 1300
internal_value=-0.000925443 0.00725826 0.0227999 0.00396307 0.0529579 -0.00106948 0.00484916 -0.0260173
internal_weight=452.816 387.523 128.533 75.1596 53.3735 258.99 209.634 49.3567
internal_count=14046 9362 2302 1462 840 7060 5717 1343
cat_boundaries=0 1 2 3
cat_threshold=48 1 1
is_linear=0
shrinkage=0.05


Tree=23
num_leaves=5
num_cat=1
split_feature=0 4 43 43
split_gain=61.131 19.1479 17.6126 18.7111
threshold=0 0.97875492728876534 0.15000000000000005 32.850000000000009
decision_type=1 2 2 2
left_child=-1 2 -2 -4
right_child=1 -3 3 -5
leaf_value=-0.043124446517022547 -0.047617593743313848 -0.047914179279285304 0.014017216813216627 -0.029664584325009
leaf_weight=62.58747735247016 12.360980090685187 14.48652464430779 338.27620672062039 25.496732152998447
leaf_count=4682 481 692 7473 721
internal_value=-0.00128128 0.00645249 0.00883897 0.0108826
internal_weight=453.208 390.62 376.134 363.773
internal_count=14049 9367 8675 8194
cat_boundaries=0 1
cat_threshold=48
is_linear=0
shrinkage=0.05


Tree=24
num_leaves=7
num_cat=2
split_feature=0 37 4 0 36 11
split_gain=56.2595 17.303 16.2586 15.5202 2.61643 0.248524
threshold=0 27.500000000000004 0.98049069993378934 1 85.500000000000014 72.500000000000014
decision_type=1 2 2 1 2 2
left_child=-1 4 3 -3 -2 -6
right_child=1 2 -4 -5 5 -7
leaf_value=-0.042828962203379325 0.019830096125181336 0.023175914555149418 -0.047205163870659053 0.001704916731111829 -0.014525746805562428 -0.048603153868147238
leaf_weight=60.060452664270997 1.0915833022445465 125.19605780951679 11.976714133284984 240.02789883874357 1.6545632071793104 15.027410792186854
leaf_count=4690 29 2059 594 6146 44 546
internal_value=-0.0018587 0.00540876 0.00785795 0.00978759 -0.0413382 -0.0462359
internal_weight=455.035 394.974 377.201 365.224 17.7736 16.682
internal_count=14108 9418 8799 8205 619 590
cat_boundaries=0 1 2
cat_threshold=48 1
is_linear=0
shrinkage=0.05


Tree=25
num_leaves=5
num_cat=2
split_feature=0 4 43 1
split_gain=57.1058 17.0529 16.3935 15.4894
threshold=0 0.98049069993378934 0.15000000000000005 1
decision_type=1 2 2 1
left_child=-1 2 -2 -4
right_child=1 -3 3 -5
leaf_value=-0.0425205332259109 -0.047302925143248992 -0.047407216527276058 0.019539221155882108 -0.0011539847213054562
leaf_weight=57.571179158985615 11.560928438790141 12.92612133733928 213.89417014364153 155.95389561727643
leaf_count=4688 476 685 4106 4093
internal_value=-0.000336291 0.00681751 0.00895265 0.0108339
internal_weight=451.906 394.335 381.409 369.848
internal_count=14048 9360 8675 8199
cat_boundaries=0 1 2
cat_threshold=48 1
is_linear=0
shrinkage=0.05


Tree=26
num_leaves=15
num_cat=2
split_feature=0 1 32 34 5 37 4 2 5 38 32 44 4 9
split_gain=56.3562 16.1852 31.8836 25.9701 44.5033 24.5603 21.247 14.4525 9.46859 8.37609 17.1543 4.01586 7.4337 3.19924
threshold=0 1 26.584821500000004 23.750000000000004 -0.03976928634766979 34.500000000000007 -0.92923668111203817 1.5000000000000002 -0.9575230291762723 7.5002975000000012 27.553273500000007 36.20000000000001 0.72695311118111527 21.350000000000005
decision_type=1 1 2 2 2 2 2 2 2 2 2 2 2 2
left_child=1 3 6 5 -5 -1 -3 9 -4 10 -2 12 -9 -11
right_child=7 2 8 4 -6 -7 -8 11 -10 13 -12 -13 -14 -15
leaf_value=-0.049709715811187244 0.093178148061576177 -0.039158406921487643 0.020553326030043697 0.019611569678624818 0.10019755429451045 0.012546112956126397 0.053253926980755532 -0.040605186059463755 -0.023350966658455506 0.027075032066914834 -0.032602647775273462 -0.049801340138311535 0.006997851474296231 -0.039635245872713054
leaf_weight=19.213678507134318 5.1203847639262694 6.9585600346326819 13.415572281926869 92.429775258526206 20.257828237488866 72.257018204778433 30.784230964258313 27.866829565726221 89.646911159157753 1.550432788208125 4.1574647491797805 52.561332176439464 11.087932142429052 7.0122861554846168
leaf_count=548 127 217 345 1474 258 1270 549 1767 2409 64 159 3950 656 273
internal_value=-0.000360646 0.0096559 -0.00309872 0.0188955 0.0348524 -0.000927055 0.0356451 -0.0299224 -0.0174934 0.00815385 0.0391268 -0.0405873 -0.0272196 -0.025988
internal_weight=454.32 344.964 140.805 204.158 112.688 91.4707 37.7428 109.357 103.062 17.8406 9.27785 91.5161 38.9548 8.56272
internal_count=14066 7070 3520 3550 1732 1818 766 6996 2754 623 286 6373 2423 337
cat_boundaries=0 1 2
cat_threshold=7 1
is_linear=0
shrinkage=0.05


Tree=27
num_leaves=6
num_cat=1
split_feature=0 44 4 43 24
split_gain=50.6873 18.371 14.2604 14.1146 4.42519
threshold=0 25.000000000000004 0.98049069993378934 0.15000000000000005 53.500000000000007
decision_type=1 2 2 2 2
left_child=-1 4 3 -3 -2
right_child=1 2 -4 -5 -6
leaf_value=-0.041949230643252823 0.1096525526131541 -0.047063403109809665 -0.047127287723501415 0.0079319009332944768 0.018897165915163272
leaf_weight=53.325007375329733 4.1693777851760379 11.063169697299598 11.973480857908724 366.35364425275475 2.4752422906458378
leaf_count=4679 51 485 656 8105 40
internal_value=-0.000735418 0.00581567 0.00444344 0.00619972 0.0827389
internal_weight=449.36 396.035 389.39 377.417 6.64462
internal_count=14016 9337 9246 8590 91
cat_boundaries=0 1
cat_threshold=48
is_linear=0
shrinkage=0.05


Tree=28
num_leaves=9
num_cat=2
split_feature=0 0 43 43 5 39 42 24
split_gain=45.9309 16.048 17.7775 19.9027 16.1905 22.063 18.8882 3.78812
threshold=0 1 31.750000000000004 17.350000000000005 -0.49812626372919405 21.450000000000003 6.5000000000000009 68.500000000000014
decision_type=1 1 2 2 2 2 2 2
left_child=-1 2 3 -2 5 -3 -6 -4
right_child=1 4 7 -5 6 -7 -8 -9
leaf_value=-0.041622990267060296 0.0047079332117483733 -0.016255661941468335 -0.048822384388508867 0.034750364060611987 -0.0036589379243242535 0.045468804048513313 -0.050546385393886173 1.9488895617553177e-05
leaf_weight=51.138403369113803 144.15150719787925 30.970935344696045 12.271083362400534 88.649416707456112 55.278499146923423 25.582438758574426 34.308455787599087 5.6631710771471253
leaf_count=4683 2769 930 287 1469 1796 765 1192 127
internal_value=-0.00164169 0.00453385 0.0120386 0.0162476 -0.0082835 0.0119709 -0.0219748 -0.0342129
internal_weight=448.014 396.876 250.735 232.801 146.14 56.5534 89.587 17.9343
internal_count=14018 9335 4652 4238 4683 1695 2988 414
cat_boundaries=0 1 2
cat_threshold=48 5
is_linear=0
shrinkage=0.05


Tree=29
num_leaves=7
num_cat=2
split_feature=0 0 4 37 37 43
split_gain=46.4502 16.0664 18.2599 16.8474 16.3344 15.666
threshold=0 1 -0.76141707087277943 27.500000000000004 54.500000000000007 31.750000000000004
decision_type=1 1 2 2 2 2
left_child=-1 3 -3 -2 -4 -5
right_child=1 2 4 5 -6 -7
leaf_value=-0.041376483323359671 -0.047730565701338795 -0.049399557167632099 -0.017336481364490251 0.019571367275880297 0.018753785815884865 -0.028342800816379434
leaf_weight=49.590197998099029 9.8585789920762164 21.496895871125162 65.91726616024971 227.90019760560244 57.989798899739981 17.563874872401357
leaf_count=4720 304 868 2170 3938 1624 417
internal_value=-0.000524515 0.00551406 -0.00744971 0.0128996 -0.000430943 0.0160418
internal_weight=450.317 400.727 145.404 255.323 123.907 245.464
internal_count=14041 9321 4662 4659 3794 4355
cat_boundaries=0 1 2
cat_threshold=48 5
is_linear=0
shrinkage=0.05


end of trees

feature_importances:
age_group=52
day_of_year_sin=41
day_of_year_cos=38
gender=17
rain_max_daily_7d=15
wind_gust_max_7d=15
humidity_min_7d=12
temperature_min_7d=10
month=9
temperature_mean_7d=8
wind_speed_mean_7d=7
precipitation_sum_7d=7
temperature_max_7d=6
humidity_max_7d=6
wind_speed_max_7d=5
humidity_min_3d=4
wind_speed_mean_3d=4
rain_days_7d=3
temperature_min_current=2
wind_speed_max_current=2
temperature_min_3d=2
humidity_mean_current=1
humidity_max_current=1
humidity_min_current=1
wind_speed_mean_current=1
temperature_max_3d=1
humidity_mean_3d=1
humidity_max_3d=1
wind_speed_max_3d=1
rain_max_daily_3d=1

parameters:
[boosting: gbdt]
[objective: binary]
[metric: binary_logloss]
[tree_learner: serial]
[device_type: cpu]
[data_sample_strategy: bagging]
[data: ]
[valid: ]
[num_iterations: 30]
[learning_rate: 0.05]
[num_leaves: 15]
[num_threads: 8]
[seed: 42]
[deterministic: 0]
[force_col_wise: 0]
[force_row_wise: 0]
[histogram_pool_size: -1]
[max_depth: 4]
[min_data_in_leaf: 20]
[min_sum_hessian_in_leaf: 0.001]
[bagging_fraction: 0.9]
[pos_bagging_fraction: 1]
[neg_bagging_fraction: 1]
[bagging_freq: 1]
[bagging_seed: 400]
[bagging_by_query: 0]
[feature_fraction: 0.9]
[feature_fraction_bynode: 1]
[feature_fraction_seed: 30056]
[extra_trees: 0]
[extra_seed: 12879]
[early_stopping_round: 0]
[early_stopping_min_delta: 0]
[first_metric_only: 0]
[max_delta_step: 0]
[lambda_l1: 0]
[lambda_l2: 1]
[linear_lambda: 0]
[min_gain_to_split: 0]
[drop_rate: 0.1]
[max_drop: 50]
[skip_drop: 0.5]
[xgboost_dart_mode: 0]
[uniform_drop: 0]
[drop_seed: 17869]
[top_rate: 0.2]
[other_rate: 0.1]
[min_data_per_group: 100]
[max_cat_threshold: 32]
[cat_l2: 10]
[cat_smooth: 10]
[max_cat_to_onehot: 4]
[top_k: 20]
[monotone_constraints: ]
[monotone_constraints_method: basic]
[monotone_penalty: 0]
[feature_contri: ]
[forcedsplits_filename: ]
[refit_decay_rate: 0.9]
[cegb_tradeoff: 1]
[cegb_penalty_split: 0]
[cegb_penalty_feature_lazy: ]
[cegb_penalty_feature_coupled: ]
[path_smooth: 0]
[interaction_constraints: ]
[verbosity: -1]
[saved_feature_importance_type: 0]
[use_quantized_grad: 0]
[num_grad_quant_bins: 4]
[quant_train_renew_leaf: 0]
[stochastic_rounding: 1]
[linear_tree: 0]
[max_bin: 255]
[max_bin_by_feature: ]
[min_data_in_bin: 3]
[bin_construct_sample_cnt: 200000]
[data_random_seed: 175]
[is_enable_sparse: 1]
[enable_bundle: 1]
[use_missing: 1]
[zero_as_missing: 0]
[feature_pre_filter: 1]
[pre_partition: 0]
[two_round: 0]
[header: 0]
[label_column: ]
[weight_column: ]
[group_column: ]
[ignore_column: ]
[categorical_feature: 0,1,3]
[forcedbins_filename: ]
[precise_float_parser: 0]
[parser_config_file: ]
[objective_seed: 16083]
[num_class: 1]
[is_unbalance: 0]
[scale_pos_weight: 1]
[sigmoid: 1]
[boost_from_average: 1]
[reg_sqrt: 0]
[alpha: 0.9]
[fair_c: 1]
[poisson_max_delta_step: 0.7]
[tweedie_variance_power: 1.5]
[lambdarank_truncation_level: 30]
[lambdarank_norm: 1]
[label_gain: ]
[lambdarank_position_bias_regularization: 0]
[eval_at: ]
[multi_error_top_k: 1]
[auc_mu_weights: ]
[num_machines: 1]
[local_listen_port: 12400]
[time_out: 120]
[machine_list_filename: ]
[machines: ]
[gpu_platform_id: -1]
[gpu_device_id: -1]
[gpu_device_id_list: ]
[gpu_use_dp: 0]
[num_gpu: 1]

end of parameters

pandas_categorical:[]
