tree
version=v4
num_class=1
num_tree_per_iteration=1
label_index=0
max_feature_idx=44
objective=binary sigmoid:1
feature_names=age_group gender month season day_of_year_sin day_of_year_cos weather_code_current temperature_mean_current temperature_max_current temperature_min_current humidity_mean_current humidity_max_current humidity_min_current wind_speed_mean_current wind_speed_max_current precipitation_sum_current rain_sum_current wind_gust_max_current rain_day_current temperature_mean_3d temperature_max_3d temperature_min_3d humidity_mean_3d humidity_max_3d humidity_min_3d wind_speed_mean_3d wind_speed_max_3d precipitation_sum_3d rain_sum_3d rain_days_3d rain_max_daily_3d wind_gust_max_3d temperature_mean_7d temperature_max_7d temperature_min_7d humidity_mean_7d humidity_max_7d humidity_min_7d wind_speed_mean_7d wind_speed_max_7d precipitation_sum_7d rain_sum_7d rain_days_7d rain_max_daily_7d wind_gust_max_7d
feature_infos=-1:0:1:2:3:4:5 -1:0:1 [1:12] -1:1:0 [-0.99999942202469239:0.99998555065071859] [-0.99997919295908244:0.9999907524084426] [0:61] [23.658332999999999:32.533332999999999] [25.899999999999999:39.200000000000003] [17.899999999999999:29.300000000000001] [48.958333000000003:91.625] [63:100] [23:86] [2.8541669999999999:19.695833] [6.4000000000000004:30.100000000000001] [0:63.100000000000001] [0:63.100000000000001] [14:56.899999999999999] [0:1] [23.766667000000002:32.427778000000004] [27.699999999999999:39.200000000000003] [17.899999999999999:28.100000000000001] [52.569443999999997:90.694444000000004] [73:100] [23:79] [4.125:17.329167000000002] [9.6999999999999993:30.100000000000001] [0:93.900000000000006] [0:93.900000000000006] [0:3] [0:63.100000000000001] [17.300000000000001:56.899999999999999] [24.365476000000001:32.235118999999997] [28.699999999999999:39.200000000000003] [17.899999999999999:27.5] [55.767856999999999:89.523809999999997] [77:100] [23:72] [4.5327380000000002:15.469643] [11.6:30.100000000000001] [0:163.90000000000001] [0:163.90000000000001] [0:7] [0:63.100000000000001] [23:56.899999999999999]
tree_sizes=1499 1542 1705 1403 1721 1535 1538

Tree=0
num_leaves=13
num_cat=1
split_feature=0 2 4 4 5 38 4 5 34 19 24 44
split_gain=183.976 92.1394 70.3901 101.679 56.185 44.1659 14.0727 28.4574 62.3543 13.9479 13.4565 7.08866
threshold=0 3.5000000000000004 -0.70291267844185523 -0.49813634056773481 0.23328369003117272 12.327381000000003 -0.19337636264337832 -0.75013812021657655 23.950000000000003 29.197916500000002 29.500000000000004 29.000000000000004
decision_type=1 2 2 2 2 2 2 2 2 2 2 2
left_child=1 5 4 -4 -3 9 7 8 -2 -1 -7 -9
right_child=6 2 3 -5 -6 10 -8 11 -10 -11 -12 -13
leaf_value=-3.7612974792229994 -3.5597915996363625 -3.7575938671378548 -3.5028143114837444 -3.6524021347332476 -3.6276108721492237 -3.7059541173266055 -3.7634955895660513 -3.7046800525904997 -3.7543776578257386 -3.6753254385092751 -3.5208692803411736 -3.759257403656274
leaf_weight=36.378732018172741 5.8615348264574996 22.585517128929496 12.979112830013035 70.24537768214941 11.839369947090743 1.6049440596252673 99.460011579096317 6.6058567091822615 9.5133640635758621 4.6520117670297614 1.8840647656470535 41.379644667729735
leaf_count=1564 252 971 558 3020 509 69 4276 284 409 200 81 1779
internal_value=-3.71323 -3.67673 -3.65148 -3.62686 -3.71175 -3.73542 -3.74955 -3.73291 -3.67538 -3.75089 -3.58552 -3.75173
internal_weight=324.99 162.169 117.649 83.2245 34.4249 44.5198 162.82 63.3604 15.3749 41.0307 3.48901 47.9855
internal_count=13972 6972 5058 3578 1480 1914 7000 2724 661 1764 150 2063
cat_boundaries=0 1
cat_threshold=7
is_linear=0
shrinkage=1


Tree=1
num_leaves=13
num_cat=1
split_feature=0 2 4 4 38 5 4 5 34 44 35 19
split_gain=167.678 89.6215 79.4024 65.7173 38.6849 33.8205 13.4198 19.1926 47.2525 11.1848 10.1035 4.1278
threshold=0 3.5000000000000004 -0.71504373327588355 -0.48314718476766416 12.327381000000003 0.19969739736768835 -0.19337636264337832 -0.75013812021657655 23.950000000000003 29.000000000000004 62.142857000000006 29.197916500000002
decision_type=1 2 2 2 2 2 2 2 2 2 2 2
left_child=1 4 5 -4 11 -3 7 8 -2 -9 -6 -1
right_child=6 2 3 -5 10 -7 -8 9 -10 -11 -12 -13
leaf_value=-0.048287036770745903 0.11886334672338628 -0.048770224268568585 0.16480415551101082 0.058029993551471482 -0.02322614755794486 0.050838462322039681 -0.05062490972915628 0.021426949277917842 -0.046137180291770968 -0.046216710846885431 0.14604327362220854 0.0011409420168115114
leaf_weight=34.179157700389624 6.6425859816372386 20.34832857735455 17.73187898658216 73.559248372912407 0.82643850333988611 13.206420810893176 94.587963327765465 6.5867116134613743 9.1658927127718908 39.653005801141262 2.8057168442755938 4.7484940681606522
leaf_count=1539 247 913 635 2986 33 527 4268 281 410 1782 107 197
internal_value=-0.000615148 0.0331608 0.0563772 0.0803302 -0.0270607 -0.00922971 -0.0364839 -0.0202526 0.0261414 -0.0363315 0.110829 -0.0423801
internal_weight=324.042 167.406 124.846 91.2911 42.5598 33.5547 156.636 62.0482 15.8085 46.2397 3.63216 38.9277
internal_count=13925 6937 5061 3621 1876 1440 6988 2720 657 2063 140 1736
cat_boundaries=0 1
cat_threshold=7
is_linear=0
shrinkage=0.05


Tree=2
num_leaves=15
num_cat=4
split_feature=0 1 34 43 33 40 32 5 32 0 3 5 5 21
split_gain=158.293 112.304 97.1393 109.824 85.1571 55.505 53.5042 48.8944 46.8016 37.3182 54.0192 11.2778 10.7903 13.9602
threshold=0 1 25.950000000000003 18.550000000000004 37.100000000000009 1.2500000000000002 31.130655000000001 -0.7444366621422277 26.743750000000002 2 3 -0.75013812021657655 -0.82413948779581736 23.650000000000002
decision_type=1 1 2 2 2 2 2 2 2 1 1 2 2 2
left_child=1 2 3 -1 7 -6 -4 -3 9 10 -2 -11 13 -10
right_child=8 4 6 -5 5 -7 -8 -9 12 11 -12 -13 -14 -15
leaf_value=0.024768078321042025 0.1019592634231453 0.050544282289085724 0.46565508810714129 0.16831335077389326 -0.014415011714221417 0.33248831263904111 -0.019752758516184767 -0.049966166169185339 0.089183357447372519 0.039918120440507271 -0.041061920260514494 -0.049040646187288622 -0.048963973183006854 -0.025711108404529788
leaf_weight=35.814150473102927 19.888957060873508 16.662224778905511 1.6137294061481946 20.628751927986741 1.7436956800520413 1.9989824201911686 0.62466944754123677 37.769877633079886 1.8547342587262381 3.3979047033935812 8.9917768612504023 23.455185770988464 113.01314617879689 40.182761743664742
leaf_count=1455 832 614 62 811 68 73 24 1574 70 138 400 1086 5126 1738
internal_value=-0.000123693 0.044193 0.0961311 0.0792478 -0.00146822 0.201906 0.365923 -0.0188421 -0.02566 0.0122643 0.0431171 -0.0270451 -0.0409277 -0.0186874
internal_weight=327.641 116.856 58.6813 56.4429 58.1748 3.74268 2.2384 54.4321 210.784 55.7338 28.8807 26.8531 155.051 42.0375
internal_count=14071 4681 2352 2266 2329 141 86 2188 9390 2456 1232 1224 6934 1808
cat_boundaries=0 1 2 3 4
cat_threshold=6 1 33 2
is_linear=0
shrinkage=0.05


Tree=3
num_leaves=12
num_cat=3
split_feature=0 34 43 4 4 0 1 21 19 44 43
split_gain=150.781 79.0162 75.8884 74.238 43.6688 36.5638 39.1449 33.2211 20.8053 16.3694 6.25229
threshold=0 25.550000000000004 18.550000000000004 -0.71504373327588355 0.15951094710994368 1 2 24.950000000000003 31.933333000000001 37.600000000000001 13.100000000000001
decision_type=1 2 2 2 2 1 1 2 2 2 2
left_child=1 2 7 -4 5 6 -2 -1 9 -3 -7
right_child=4 8 3 -5 -6 10 -8 -9 -10 -11 -12
leaf_value=-0.016437810229844477 -0.010937427480386548 0.029722648770867235 -0.0092123894884334999 0.12754900361992325 -0.050595587916292539 -0.048649325400613098 0.10042533862910073 0.070702496197295628 -0.024328433838118238 0.23504174196254507 -0.016053623819519906
leaf_weight=56.416401362046599 15.089543670415878 1.479636188596485 14.470681913197039 29.710299523547292 99.37634614482522 19.913628796115518 15.143979275599122 12.511247068643568 0.89289652742445458 6.5021253302693367 55.975553819909692
leaf_count=2354 577 52 594 1007 4736 955 580 447 31 204 2543
internal_value=3.52408e-05 0.0419375 0.0331791 0.0835428 -0.0257064 -0.00454443 0.0350512 0.000164155 0.18137 0.204527 -0.0222363
internal_weight=327.482 121.983 113.109 44.181 205.499 106.123 30.2335 68.9276 8.87466 7.98176 75.8892
internal_count=14080 4689 4402 1601 9391 4655 1157 2801 287 256 3498
cat_boundaries=0 1 2 3
cat_threshold=6 1 1
is_linear=0
shrinkage=0.05


Tree=4
num_leaves=15
num_cat=3
split_feature=0 1 4 40 33 4 33 5 33 0 44 5 27 27
split_gain=128.907 72.4002 90.4176 223.136 72.1317 45.5684 44.025 42.8247 34.6989 32.3555 45.5818 7.68871 1.038 0.422047
threshold=0 1 0.39036257410962039 24.050000000000004 37.100000000000009 0.10837544681456417 30.750000000000004 -0.7444366621422277 38.100000000000009 2 33.650000000000006 -0.75013812021657655 79.600000000000009 86.65000000000002
decision_type=1 1 2 2 2 2 2 2 2 1 2 2 2 2
left_child=1 2 6 -4 7 9 -1 -3 -6 10 -2 -11 -7 -14
right_child=5 4 3 -5 8 12 -8 -9 -10 11 -12 -13 13 -15
leaf_value=0.22895884980254469 0.089043203881695621 0.042949443227152329 0.026217409237429514 0.31150050141244351 0.23311107634555639 -0.050530034080582278 0.011849907398396115 -0.048528301414976362 -0.030465173201908266 -0.006387633290309668 -0.0060132703794201986 -0.049464941682524542 0.020471470778411573 -0.017497983089852655
leaf_weight=1.5005653500556935 17.884073993191123 18.569680286571383 17.040550954639915 10.702095355838535 3.5652279406785956 97.021185478195548 37.6509945448488 36.24656704813242 1.4287390559911726 15.74997174553573 37.624000472947955 31.232656445354223 0.41262736171483894 0.52145500294864178
leaf_count=51 720 601 666 321 97 4851 1326 1572 44 691 1525 1555 20 26
internal_value=-9.42406e-05 0.0375582 0.0758345 0.143278 0.000381638 -0.0246061 0.0256662 -0.0173248 0.165202 -0.00243633 0.0217905 -0.0293429 -0.0500299 0.00118721
internal_weight=327.15 126.704 66.8942 27.7426 59.8102 200.446 39.1516 54.8162 4.99397 102.491 55.5081 46.9826 97.9553 0.934082
internal_count=14066 4678 2364 987 2314 9388 1377 2173 141 4491 2245 2246 4897 46
cat_boundaries=0 1 2 3
cat_threshold=6 1 33
is_linear=0
shrinkage=0.05


Tree=5
num_leaves=13
num_cat=1
split_feature=0 2 4 4 5 32 4 5 34 37 44 38
split_gain=116.799 49.3914 39.2314 46.1696 35.4377 34.8751 14.4767 21.7832 37.5951 11.6647 8.81595 5.24511
threshold=0 3.5000000000000004 -0.71504373327588355 -0.46801505794253101 0.19969739736768835 29.116071500000004 -0.19337636264337832 -0.75013812021657655 23.950000000000003 31.500000000000004 29.000000000000004 12.327381000000003
decision_type=1 2 2 2 2 2 2 2 2 2 2 2
left_child=1 5 4 -4 -3 11 7 8 -2 -7 -9 -1
right_child=6 2 3 -5 -6 9 -8 10 -10 -11 -12 -13
leaf_value=-0.046651002562535321 0.10518518166293407 -0.048778342102540423 0.11475283232419881 0.036239699013928532 0.050076251121917208 0.10950973213309581 -0.050335890998175772 0.015746785974194513 -0.040272897703812233 -0.030640383324608195 -0.0455162628047735 0.036668857339861326
leaf_weight=33.259873546659946 7.6205878872424355 20.356706200167537 23.305761629715562 89.964338852092624 14.767776152119039 4.9007224813103667 79.601182909682393 6.485577516257762 8.3520529139786941 1.490361029282212 35.354093529284 1.2861775420606125
leaf_count=1653 254 922 659 2997 535 165 4278 285 404 66 1775 48
internal_value=-0.000533526 0.0244044 0.0390477 0.0532569 -0.00698013 -0.0225229 -0.0341198 -0.0171172 0.031234 0.0771038 -0.035874 -0.0426046
internal_weight=326.745 189.332 148.395 113.27 35.1245 40.9371 137.413 57.8123 15.9726 6.39108 41.8397 34.5461
internal_count=14041 7045 5113 3656 1457 1932 6996 2718 658 231 2060 1701
cat_boundaries=0 1
cat_threshold=7
is_linear=0
shrinkage=0.05


Tree=6
num_leaves=13
num_cat=1
split_feature=2 4 43 34 34 38 38 1 19 31 35 42
split_gain=45.8903 28.3024 26.7693 30.4155 28.3943 21.9346 11.9659 8.32967 5.57281 7.56764 5.46114 4.36168
threshold=3.5000000000000004 -0.94139628442229051 18.950000000000003 25.850000000000005 22.850000000000005 12.327381000000003 5.6142855000000003 0 29.110416500000003 39.050000000000004 62.142857000000006 2.5000000000000004
decision_type=2 2 2 2 2 2 2 1 2 2 2 2
left_child=5 6 3 -3 -4 8 7 -2 -1 -10 -7 -12
right_child=1 2 4 -5 -6 10 -8 -9 9 -11 11 -13
leaf_value=-0.050069917285322785 0.099706588334181445 -0.0081996303709907167 0.11844266786967426 0.064728998769452692 0.026311997642105362 -0.0304631390263604 -0.049112811815482244 -0.031234908439451106 -0.037252741103849088 0.048103388504083716 0.089596387258147225 0.005495812706733153
leaf_weight=56.341835191473365 1.6573623623698976 114.75899815373123 8.4143943171948177 15.311518393456934 87.604538338258862 1.4655723273754109 24.41959392465651 1.5641714949160814 6.3219582047313434 3.0410340968519449 3.6104208026081324 2.5238835848867893
leaf_count=3077 70 4718 309 571 3340 66 1168 71 321 143 133 96
internal_value=-0.00031286 0.00977312 0.0156462 0.000813663 0.0355233 -0.0348853 -0.0371341 0.0437909 -0.0442168 -0.00756303 0.0415511 0.0606147
internal_weight=327.035 253.731 226.089 130.071 96.0189 73.3047 27.6411 3.22153 65.7048 9.36299 7.59988 6.1343
internal_count=14083 10247 8938 5289 3649 3836 1309 141 3541 464 295 229
cat_boundaries=0 1
cat_threshold=1
is_linear=0
shrinkage=0.05


end of trees

feature_importances:
day_of_year_sin=14
day_of_year_cos=11
age_group=9
temperature_min_7d=7
wind_speed_mean_7d=5
wind_gust_max_7d=5
gender=4
month=4
temperature_mean_3d=4
temperature_max_7d=4
rain_max_daily_7d=4
temperature_mean_7d=3
temperature_min_3d=2
precipitation_sum_3d=2
humidity_mean_7d=2
precipitation_sum_7d=2
season=1
humidity_min_3d=1
wind_gust_max_3d=1
humidity_min_7d=1
rain_days_7d=1

parameters:
[boosting: gbdt]
[objective: binary]
[metric: binary_logloss]
[tree_learner: serial]
[device_type: cpu]
[data_sample_strategy: bagging]
[data: ]
[valid: ]
[num_iterations: 7]
[learning_rate: 0.05]
[num_leaves: 15]
[num_threads: 8]
[seed: 42]
[deterministic: 0]
[force_col_wise: 0]
[force_row_wise: 0]
[histogram_pool_size: -1]
[max_depth: 4]
[min_data_in_leaf: 20]
[min_sum_hessian_in_leaf: 0.001]
[bagging_fraction: 0.9]
[pos_bagging_fraction: 1]
[neg_bagging_fraction: 1]
[bagging_freq: 1]
[bagging_seed: 400]
[bagging_by_query: 0]
[feature_fraction: 0.9]
[feature_fraction_bynode: 1]
[feature_fraction_seed: 30056]
[extra_trees: 0]
[extra_seed: 12879]
[early_stopping_round: 0]
[early_stopping_min_delta: 0]
[first_metric_only: 0]
[max_delta_step: 0]
[lambda_l1: 0]
[lambda_l2: 1]
[linear_lambda: 0]
[min_gain_to_split: 0]
[drop_rate: 0.1]
[max_drop: 50]
[skip_drop: 0.5]
[xgboost_dart_mode: 0]
[uniform_drop: 0]
[drop_seed: 17869]
[top_rate: 0.2]
[other_rate: 0.1]
[min_data_per_group: 100]
[max_cat_threshold: 32]
[cat_l2: 10]
[cat_smooth: 10]
[max_cat_to_onehot: 4]
[top_k: 20]
[monotone_constraints: ]
[monotone_constraints_method: basic]
[monotone_penalty: 0]
[feature_contri: ]
[forcedsplits_filename: ]
[refit_decay_rate: 0.9]
[cegb_tradeoff: 1]
[cegb_penalty_split: 0]
[cegb_penalty_feature_lazy: ]
[cegb_penalty_feature_coupled: ]
[path_smooth: 0]
[interaction_constraints: ]
[verbosity: -1]
[saved_feature_importance_type: 0]
[use_quantized_grad: 0]
[num_grad_quant_bins: 4]
[quant_train_renew_leaf: 0]
[stochastic_rounding: 1]
[linear_tree: 0]
[max_bin: 255]
[max_bin_by_feature: ]
[min_data_in_bin: 3]
[bin_construct_sample_cnt: 200000]
[data_random_seed: 175]
[is_enable_sparse: 1]
[enable_bundle: 1]
[use_missing: 1]
[zero_as_missing: 0]
[feature_pre_filter: 1]
[pre_partition: 0]
[two_round: 0]
[header: 0]
[label_column: ]
[weight_column: ]
[group_column: ]
[ignore_column: ]
[categorical_feature: 0,1,3]
[forcedbins_filename: ]
[precise_float_parser: 0]
[parser_config_file: ]
[objective_seed: 16083]
[num_class: 1]
[is_unbalance: 0]
[scale_pos_weight: 1]
[sigmoid: 1]
[boost_from_average: 1]
[reg_sqrt: 0]
[alpha: 0.9]
[fair_c: 1]
[poisson_max_delta_step: 0.7]
[tweedie_variance_power: 1.5]
[lambdarank_truncation_level: 30]
[lambdarank_norm: 1]
[label_gain: ]
[lambdarank_position_bias_regularization: 0]
[eval_at: ]
[multi_error_top_k: 1]
[auc_mu_weights: ]
[num_machines: 1]
[local_listen_port: 12400]
[time_out: 120]
[machine_list_filename: ]
[machines: ]
[gpu_platform_id: -1]
[gpu_device_id: -1]
[gpu_device_id_list: ]
[gpu_use_dp: 0]
[num_gpu: 1]

end of parameters

pandas_categorical:[]
