tree
version=v4
num_class=1
num_tree_per_iteration=1
label_index=0
max_feature_idx=44
objective=binary sigmoid:1
feature_names=age_group gender month season day_of_year_sin day_of_year_cos weather_code_current temperature_mean_current temperature_max_current temperature_min_current humidity_mean_current humidity_max_current humidity_min_current wind_speed_mean_current wind_speed_max_current precipitation_sum_current rain_sum_current wind_gust_max_current rain_day_current temperature_mean_3d temperature_max_3d temperature_min_3d humidity_mean_3d humidity_max_3d humidity_min_3d wind_speed_mean_3d wind_speed_max_3d precipitation_sum_3d rain_sum_3d rain_days_3d rain_max_daily_3d wind_gust_max_3d temperature_mean_7d temperature_max_7d temperature_min_7d humidity_mean_7d humidity_max_7d humidity_min_7d wind_speed_mean_7d wind_speed_max_7d precipitation_sum_7d rain_sum_7d rain_days_7d rain_max_daily_7d wind_gust_max_7d
feature_infos=-1:0:1:2:3:4:5 -1:0:1 [1:12] -1:1:0 [-0.99999942202469239:0.99998555065071859] [-0.99997919295908244:0.9999907524084426] [0:61] [23.658332999999999:32.533332999999999] [25.899999999999999:39.200000000000003] [17.899999999999999:29.300000000000001] [48.958333000000003:91.625] [63:100] [23:86] [2.8541669999999999:19.695833] [6.4000000000000004:30.100000000000001] [0:63.100000000000001] [0:63.100000000000001] [14:56.899999999999999] [0:1] [23.766667000000002:32.427778000000004] [27.699999999999999:39.200000000000003] [17.899999999999999:28.100000000000001] [52.569443999999997:90.694444000000004] [73:100] [23:79] [4.125:17.329167000000002] [9.6999999999999993:30.100000000000001] [0:93.900000000000006] [0:93.900000000000006] [0:3] [0:63.100000000000001] [17.300000000000001:56.899999999999999] [24.365476000000001:32.235118999999997] [28.699999999999999:39.200000000000003] [17.899999999999999:27.5] [55.767856999999999:89.523809999999997] [77:100] [23:72] [4.5327380000000002:15.469643] [11.6:30.100000000000001] [0:163.90000000000001] [0:163.90000000000001] [0:7] [0:63.100000000000001] [23:56.899999999999999]
tree_sizes=1478 1506 1494 1506 1495 1510 1512 1393 1288

Tree=0
num_leaves=13
num_cat=2
split_feature=0 37 36 5 19 4 5 0 37 34 4 40
split_gain=914.453 165.789 181.267 138.745 73.7116 139.473 72.8392 22.7942 86.8387 147.767 16.7532 4.88645
threshold=0 52.500000000000007 95.500000000000014 0.41202506375868281 26.689583500000001 -0.35846811432664222 -0.3342621144462935 1 62.500000000000007 24.150000000000002 -0.99630266176052629 112.40000000000002
decision_type=1 2 2 2 2 2 2 1 2 2 2 2
left_child=1 2 3 -1 10 -6 -4 8 11 -10 -3 -2
right_child=7 4 6 -5 5 -7 -8 -9 9 -11 -12 -13
leaf_value=-3.5339726123484767 -3.8792266855624247 -3.6774854696740751 -3.7260318667332144 -3.8746683666646362 -3.5106167592914188 -3.7884046132606426 -3.3115520331148751 -3.8805714186423921 -3.86624765307596 -3.53670162984504 -3.8475013647610332 -3.7781040978828897
leaf_weight=5.8728528115898389 35.818176511675119 0.70557242259383102 1.8676917068660248 4.8975026980042458 8.2593477703630942 9.5459798350930196 8.4461169410496932 192.68352775834501 7.8443051688373071 4.7729899175465107 8.7989031523466128 0.43579473160207172
leaf_count=283 1726 34 90 236 398 460 407 9285 378 230 424 21
internal_value=-3.83057 -3.65415 -3.51424 -3.67934 -3.70667 -3.6493 -3.37059 -3.8722 -3.83636 -3.72903 -3.82135 -3.87659
internal_weight=289.949 48.394 21.0842 10.7704 27.3098 17.8053 10.3138 241.555 48.8713 12.6173 9.50448 36.254
internal_count=13972 2332 1016 519 1316 858 497 11640 2355 608 458 1747
cat_boundaries=0 1 2
cat_threshold=1 8
is_linear=0
shrinkage=1


Tree=1
num_leaves=13
num_cat=2
split_feature=0 34 4 34 44 39 33 19 0 44 44 34
split_gain=658.828 75.5434 100.688 68.8839 96.5523 61.9215 57.1709 46.5448 25.8375 74.581 107.036 3.67981
threshold=0 22.450000000000003 0.7210268013660811 23.650000000000002 45.20000000000001 16.150000000000002 32.550000000000004 26.680555500000004 1 41.600000000000001 45.20000000000001 24.150000000000002
decision_type=1 2 2 2 2 2 2 2 1 2 2 2
left_child=1 2 6 5 -5 -3 -1 -4 9 11 -11 -2
right_child=8 3 7 4 -6 -7 -8 -9 -10 10 -12 -13
leaf_value=0.25109856613587578 -0.049182652630264972 0.23591555308287662 -0.012913819483515455 0.21171320470842483 -0.025729341429831295 0.0027001758150189286 0.00226840315683581 0.56671570010764183 -0.048144145499305985 0.22744422111645221 -0.044450251920330065 -0.010814566477454912
leaf_weight=5.2823014762252551 26.518675018101931 2.4847549349069622 0.33872987888753359 24.096317106857899 4.918232360854744 15.663374375551937 3.6783519480377436 2.2371751945465803 183.38688017427921 6.3618853166699392 6.5843355245888233 8.9546143319457752
leaf_count=186 1332 94 17 981 205 622 141 77 9256 290 295 429
internal_value=-0.000168035 0.135345 0.271634 0.12516 0.171948 0.0452839 0.159436 0.508199 -0.0390533 -0.00208355 0.0958892 -0.0400594
internal_weight=290.506 58.6992 11.5366 47.1627 29.0145 18.1481 8.96065 2.57591 231.806 48.4195 12.9462 35.4733
internal_count=13925 2323 421 1902 1186 716 327 94 11602 2346 585 1761
cat_boundaries=0 1 2
cat_threshold=1 8
is_linear=0
shrinkage=0.05


Tree=2
num_leaves=13
num_cat=3
split_feature=0 37 39 39 44 5 43 39 0 37 1 40
split_gain=591.889 68.3917 90.549 58.4659 101.016 53.7427 35.7321 28.9701 22.5142 68.5575 100.519 9.73143
threshold=0 52.500000000000007 23.850000000000005 21.250000000000004 45.20000000000001 0.70747208174348741 17.750000000000004 27.100000000000005 1 62.500000000000007 2 117.15000000000002
decision_type=1 2 2 2 2 2 2 2 1 2 1 2
left_child=1 2 5 6 -5 -1 -3 -4 9 11 -11 -2
right_child=8 3 7 4 -6 -7 -8 -9 -10 10 -12 -13
leaf_value=0.2881441220598312 -0.046706342184236124 0.099090194696065947 -0.035858129779601657 0.24761777496173734 -0.040963472827502713 0.12399519510033588 -0.025262217085376834 0.15521922895348197 -0.048004434389025026 0.2085146041185425 -0.04501272496215885 0.092529309103379975
leaf_weight=15.616319052875044 33.937917854636908 9.3019782379269618 5.419284911826252 9.0340099316090328 3.9822136480361214 10.670617615804074 12.443151662126182 1.9070533290505407 177.25632090121508 6.8955439366400224 7.1682451032102108 0.39948350936174293
leaf_count=451 1730 335 179 326 171 346 482 62 9370 296 307 16
internal_value=0.000532036 0.11865 0.186519 0.0828193 0.162705 0.228497 0.0299502 0.0265479 -0.0391317 -0.00376538 0.0848831 -0.0425139
internal_weight=294.032 68.3746 33.6133 34.7614 13.0162 26.2869 21.7451 7.32634 225.658 48.4012 14.0638 34.3374
internal_count=14071 2352 1038 1314 497 797 817 241 11719 2349 603 1746
cat_boundaries=0 1 2 3
cat_threshold=1 8 1
is_linear=0
shrinkage=0.05


Tree=3
num_leaves=13
num_cat=2
split_feature=0 12 39 20 0 34 4 38 44 39 13 41
split_gain=478.718 42.953 41.0391 33.48 20.6402 59.5782 85.2987 20.155 24.5553 16.86 5.1746 4.76615
threshold=0 70.500000000000014 24.550000000000004 31.350000000000005 1 24.150000000000002 -0.452744437932114 10.923512000000001 45.900000000000013 27.100000000000005 15.545833500000002 34.250000000000007
decision_type=1 2 2 2 1 2 2 2 2 2 2 2
left_child=1 2 3 -1 5 10 -7 11 -9 -4 -2 -3
right_child=4 7 9 -5 -6 6 -8 8 -10 -11 -12 -13
leaf_value=0.029466886429607264 -0.049408384407990134 0.072853618420313446 -0.028959918017940945 0.15602882038464067 -0.047824537854229549 0.2386416197277971 -0.0012460210210588159 0.22454520853094456 -0.028691636149766983 0.10761926578887784 0.056056685393527372 -0.019365965903787946
leaf_weight=6.4144252669066182 30.817261796444658 0.61636390164494415 5.672418983653186 49.690011544153094 169.00125698000193 4.1720573678612736 13.033887779340146 1.3556735143065446 1.2733273133635519 2.4592618085443974 0.41003628075122733 9.9373791571706516
leaf_count=224 1610 16 188 1399 9356 139 597 31 56 75 20 369
internal_value=-0.000704352 0.0981273 0.127332 0.142328 -0.0388938 -0.0046475 0.0668343 0.0260651 0.127784 0.0196076 -0.0463271 -0.00814065
internal_weight=294.853 77.4189 64.2361 56.1044 217.435 48.4332 17.2059 13.1827 2.629 8.13168 31.2273 10.5537
internal_count=14080 2358 1886 1623 11722 2366 736 472 87 263 1630 385
cat_boundaries=0 1 2
cat_threshold=1 8
is_linear=0
shrinkage=0.05


Tree=4
num_leaves=13
num_cat=3
split_feature=0 5 20 36 38 37 0 44 1 37 33 25
split_gain=414.343 32.1284 46.5626 39.3507 35.4983 22.3808 17.8517 52.9379 72.9401 9.66088 2.57154 1.61117
threshold=0 -0.85225707553516283 31.350000000000005 94.500000000000014 5.9175595000000003 68.500000000000014 1 41.600000000000001 2 51.500000000000007 32.750000000000007 9.105555500000003
decision_type=1 2 2 2 2 2 1 2 1 2 2 2
left_child=1 4 9 -4 10 -6 7 11 -9 -3 -1 -2
right_child=6 2 3 -5 5 -7 -8 8 -10 -11 -12 -13
leaf_value=0.24030118692206243 -0.048962322640261527 0.095097230385778331 0.060281422333819779 0.15328432024931704 -0.038740897495374745 0.12453596821515717 -0.04764149410465035 0.16574166323575687 -0.045028731767107276 -0.0059016684610012707 0.038711212641410517 -0.020455792251058869
leaf_weight=0.7172807678580273 24.206140346825123 2.0616948679089537 18.12821576371789 41.51999101601541 10.756378157064317 1.5603214092552651 161.14484994113445 7.7466590758413059 7.0949965100735426 9.9988305047154409 0.67757060751318932 8.8478735126554948
leaf_count=19 1311 42 492 998 366 48 9342 284 295 379 21 469
internal_value=-0.00106167 0.0854382 0.108611 0.126479 0.0231794 -0.0102578 -0.038864 -0.00594982 0.0685016 0.017323 0.19943 -0.0421565
internal_weight=294.461 85.4203 71.7087 59.6482 13.7116 12.3167 209.041 47.8957 14.8417 12.0605 1.39485 33.054
internal_count=14066 2365 1911 1490 454 414 11701 2359 579 421 40 1780
cat_boundaries=0 1 2 3
cat_threshold=1 8 1
is_linear=0
shrinkage=0.05


Tree=5
num_leaves=13
num_cat=2
split_feature=0 34 34 34 44 39 0 34 37 35 5 25
split_gain=355.893 25.9518 36.0173 34.8224 38.6121 35.0666 23.5788 60.5179 79.0528 16.6014 8.33821 1.8335
threshold=0 22.450000000000003 20.350000000000005 23.650000000000002 45.20000000000001 16.150000000000002 1 24.150000000000002 62.500000000000007 60.729167000000011 0.9953013416090124 13.932639000000002
decision_type=1 2 2 2 2 2 1 2 2 2 2 2
left_child=1 2 10 5 -5 -3 7 11 -9 -4 -1 -2
right_child=6 3 9 4 -6 -7 -8 8 -10 -11 -12 -13
leaf_value=-0.039911787243600186 -0.049226966083113083 0.13814411762553708 0.015114729000739888 0.10915887840668173 -0.027957850880706632 -0.0089119037640860415 -0.047458096651998266 -0.025111374335444744 0.17397460453713265 0.17840592478585665 0.088963534262486418 0.022726019569874183
leaf_weight=3.2609150074422386 28.397113714367155 3.9904809240251806 1.93532816693187 40.775617277249694 5.443527363240718 21.059710150584579 153.81663530319929 10.591208327561619 8.0724865794181806 15.410816164687274 0.77969286590814579 0.36920260824262996
leaf_count=91 1584 92 30 989 213 627 9337 527 215 305 13 18
internal_value=-0.000397834 0.0755697 0.13224 0.0674262 0.0927597 0.0189178 -0.0374592 -0.00220269 0.0654664 0.162004 -0.00232769 -0.047571
internal_weight=293.903 92.6561 21.3868 71.2693 46.2191 25.0502 201.247 47.43 18.6637 17.3461 4.04061 28.7663
internal_count=14041 2360 439 1921 1202 719 11681 2344 742 335 104 1602
cat_boundaries=0 1 2
cat_threshold=1 8
is_linear=0
shrinkage=0.05


Tree=6
num_leaves=13
num_cat=0
split_feature=44 44 4 31 39 39 32 40 44 4 4 21
split_gain=24.9026 62.4805 47.4594 29.5676 16.0839 23.434 7.9211 4.81857 6.12716 2.23437 1.54525 1.18963
threshold=45.20000000000001 43.400000000000013 -0.35846811432664222 38.70000000000001 23.750000000000004 23.350000000000005 27.806845500000005 1.0500000000000003 49.150000000000006 0.9893236546938301 -0.54220184589352438 22.350000000000005
decision_type=2 2 2 2 2 2 2 2 2 2 2 2
left_child=1 4 3 -3 5 -1 -4 8 11 -10 -6 -2
right_child=7 2 6 -5 10 -7 -8 -9 9 -11 -12 -13
leaf_value=-0.0031693866835290486 0.018473781555663149 -0.0033639029832859546 0.041879566341628864 0.20342172579783344 0.01661120282101065 0.07601799957725025 -0.040873923282088158 -0.04942449802653328 0.083312858034834458 -0.015073549920334771 -0.048649304355038059 -0.040279281553650764
leaf_weight=212.76229351945221 0.44417020864784618 2.1353191826492566 5.96356821246445 7.4120903536677361 0.49015272967517631 8.769756902009247 3.9709376115351915 28.498047236353159 1.2320986352860925 0.41676843538880337 18.767889002338052 3.6669046897441149
leaf_count=10177 17 91 271 250 23 360 200 1485 54 22 947 186
internal_value=-0.001818 0.00351108 0.0873504 0.161239 -0.00360544 0.000292911 0.00808903 -0.0412565 0.000489132 0.0621423 -0.0462503 -0.031559
internal_weight=294.53 260.272 19.4819 9.54741 240.79 221.532 9.93451 34.258 5.75994 1.64887 19.258 4.11107
internal_count=14083 12319 812 341 11507 10537 471 1764 279 76 970 203
is_linear=0
shrinkage=0.05


Tree=7
num_leaves=12
num_cat=3
split_feature=0 44 39 5 5 33 20 0 34 1 13
split_gain=318.809 24.5874 37.63 41.7646 28.6149 19.4018 17.363 13.4956 34.8643 52.2534 5.30851
threshold=0 28.600000000000005 18.950000000000003 0.70747208174348741 0.50370931781787065 31.650000000000002 31.850000000000005 1 24.150000000000002 2 15.545833500000002
decision_type=1 2 2 2 2 2 2 1 2 1 2
left_child=1 4 6 -4 -1 -6 -3 8 10 -10 -2
right_child=7 2 3 -5 5 -7 -8 -9 9 -11 -12
leaf_value=-0.031262787604129309 -0.049094049207569906 -0.041314651873235353 0.10237866785873816 -0.009736697282347247 0.022829293891115363 0.22796498678635332 0.041833337527295157 -0.047266027117367562 0.10983565260262905 -0.046376635361353447 0.058986737252434154
leaf_weight=1.4844488818198422 27.091144242323939 8.6991784814745206 53.415627107024193 9.6085705999284965 1.6886700149625538 5.5760574862360954 16.999515928328037 146.69815675541759 10.740919066593051 9.0491529572755098 0.37202134728431602
leaf_count=38 1598 288 1237 255 42 85 378 9363 366 379 17
internal_value=-0.00213946 0.0673241 0.064866 0.0854006 0.152097 0.188813 0.013194 -0.0386844 -0.00814807 0.0396115 -0.045609
internal_weight=291.423 97.4721 88.7229 63.0242 8.74918 7.26473 25.6987 193.951 47.2532 19.7901 27.4632
internal_count=14046 2323 2158 1492 165 127 666 11723 2360 745 1615
cat_boundaries=0 1 2 3
cat_threshold=1 8 1
is_linear=0
shrinkage=0.05


Tree=8
num_leaves=11
num_cat=3
split_feature=0 44 0 37 1 31 5 4 40 4
split_gain=299.171 23.013 19.988 46.2883 52.3491 17.4232 44.128 29.5816 9.369 6.06528
threshold=0 46.250000000000007 1 62.500000000000007 2 36.550000000000004 -0.3342621144462935 -0.37447345805034538 117.15000000000002 0.97314989601849466
decision_type=1 2 1 2 1 2 2 2 2 2
left_child=1 5 3 8 -5 6 -1 -7 -2 -3
right_child=2 9 -4 4 -6 7 -8 -9 -10 -11
leaf_value=0.001701743175307976 -0.047519502993542517 -0.043035671696477651 -0.047080591624685968 -0.045097400863851278 0.12271437442879991 0.17948812081052332 0.087718572600384223 0.070556638607789712 0.087493048067770252 0.051333977725469694
leaf_weight=22.109219314530492 28.869094014167789 5.116847811266779 140.26716019958258 7.0206233561038971 10.69842820428312 9.3245402574539202 45.049518994987011 22.455979639664292 0.44848396442830463 1.4243819136172531
leaf_count=535 1726 198 9373 307 301 194 911 481 14 31
internal_value=0.000365977 0.0639424 -0.0370166 -0.00376962 0.057367 0.0759144 0.0598415 0.107018 -0.0426364 -0.0184041
internal_weight=292.784 105.48 187.304 47.0366 17.7191 98.9393 67.1587 31.7805 29.3176 6.54123
internal_count=14071 2350 11721 2348 608 2121 1446 675 1740 229
cat_boundaries=0 1 2 3
cat_threshold=1 8 2
is_linear=0
shrinkage=0.05


end of trees

feature_importances:
age_group=16
wind_gust_max_7d=12
temperature_min_7d=10
wind_speed_max_7d=10
day_of_year_sin=9
day_of_year_cos=8
humidity_min_7d=8
gender=4
precipitation_sum_7d=4
temperature_max_3d=3
temperature_max_7d=3
wind_speed_mean_current=2
temperature_mean_3d=2
wind_speed_mean_3d=2
wind_gust_max_3d=2
humidity_max_7d=2
wind_speed_mean_7d=2
humidity_min_current=1
temperature_min_3d=1
temperature_mean_7d=1
humidity_mean_7d=1
rain_sum_7d=1
rain_max_daily_7d=1

parameters:
[boosting: gbdt]
[objective: binary]
[metric: binary_logloss]
[tree_learner: serial]
[device_type: cpu]
[data_sample_strategy: bagging]
[data: ]
[valid: ]
[num_iterations: 9]
[learning_rate: 0.05]
[num_leaves: 15]
[num_threads: 8]
[seed: 42]
[deterministic: 0]
[force_col_wise: 0]
[force_row_wise: 0]
[histogram_pool_size: -1]
[max_depth: 4]
[min_data_in_leaf: 20]
[min_sum_hessian_in_leaf: 0.001]
[bagging_fraction: 0.9]
[pos_bagging_fraction: 1]
[neg_bagging_fraction: 1]
[bagging_freq: 1]
[bagging_seed: 400]
[bagging_by_query: 0]
[feature_fraction: 0.9]
[feature_fraction_bynode: 1]
[feature_fraction_seed: 30056]
[extra_trees: 0]
[extra_seed: 12879]
[early_stopping_round: 0]
[early_stopping_min_delta: 0]
[first_metric_only: 0]
[max_delta_step: 0]
[lambda_l1: 0]
[lambda_l2: 1]
[linear_lambda: 0]
[min_gain_to_split: 0]
[drop_rate: 0.1]
[max_drop: 50]
[skip_drop: 0.5]
[xgboost_dart_mode: 0]
[uniform_drop: 0]
[drop_seed: 17869]
[top_rate: 0.2]
[other_rate: 0.1]
[min_data_per_group: 100]
[max_cat_threshold: 32]
[cat_l2: 10]
[cat_smooth: 10]
[max_cat_to_onehot: 4]
[top_k: 20]
[monotone_constraints: ]
[monotone_constraints_method: basic]
[monotone_penalty: 0]
[feature_contri: ]
[forcedsplits_filename: ]
[refit_decay_rate: 0.9]
[cegb_tradeoff: 1]
[cegb_penalty_split: 0]
[cegb_penalty_feature_lazy: ]
[cegb_penalty_feature_coupled: ]
[path_smooth: 0]
[interaction_constraints: ]
[verbosity: -1]
[saved_feature_importance_type: 0]
[use_quantized_grad: 0]
[num_grad_quant_bins: 4]
[quant_train_renew_leaf: 0]
[stochastic_rounding: 1]
[linear_tree: 0]
[max_bin: 255]
[max_bin_by_feature: ]
[min_data_in_bin: 3]
[bin_construct_sample_cnt: 200000]
[data_random_seed: 175]
[is_enable_sparse: 1]
[enable_bundle: 1]
[use_missing: 1]
[zero_as_missing: 0]
[feature_pre_filter: 1]
[pre_partition: 0]
[two_round: 0]
[header: 0]
[label_column: ]
[weight_column: ]
[group_column: ]
[ignore_column: ]
[categorical_feature: 0,1,3]
[forcedbins_filename: ]
[precise_float_parser: 0]
[parser_config_file: ]
[objective_seed: 16083]
[num_class: 1]
[is_unbalance: 0]
[scale_pos_weight: 1]
[sigmoid: 1]
[boost_from_average: 1]
[reg_sqrt: 0]
[alpha: 0.9]
[fair_c: 1]
[poisson_max_delta_step: 0.7]
[tweedie_variance_power: 1.5]
[lambdarank_truncation_level: 30]
[lambdarank_norm: 1]
[label_gain: ]
[lambdarank_position_bias_regularization: 0]
[eval_at: ]
[multi_error_top_k: 1]
[auc_mu_weights: ]
[num_machines: 1]
[local_listen_port: 12400]
[time_out: 120]
[machine_list_filename: ]
[machines: ]
[gpu_platform_id: -1]
[gpu_device_id: -1]
[gpu_device_id_list: ]
[gpu_use_dp: 0]
[num_gpu: 1]

end of parameters

pandas_categorical:[]
