tree
version=v4
num_class=1
num_tree_per_iteration=1
label_index=0
max_feature_idx=44
objective=binary sigmoid:1
feature_names=age_group gender month season day_of_year_sin day_of_year_cos weather_code_current temperature_mean_current temperature_max_current temperature_min_current humidity_mean_current humidity_max_current humidity_min_current wind_speed_mean_current wind_speed_max_current precipitation_sum_current rain_sum_current wind_gust_max_current rain_day_current temperature_mean_3d temperature_max_3d temperature_min_3d humidity_mean_3d humidity_max_3d humidity_min_3d wind_speed_mean_3d wind_speed_max_3d precipitation_sum_3d rain_sum_3d rain_days_3d rain_max_daily_3d wind_gust_max_3d temperature_mean_7d temperature_max_7d temperature_min_7d humidity_mean_7d humidity_max_7d humidity_min_7d wind_speed_mean_7d wind_speed_max_7d precipitation_sum_7d rain_sum_7d rain_days_7d rain_max_daily_7d wind_gust_max_7d
feature_infos=-1:0:1:2:3:4:5 -1:0:1 [1:12] -1:1:0 [-0.99999942202469239:0.99998555065071859] [-0.99997919295908244:0.9999907524084426] [0:61] [23.658332999999999:32.533332999999999] [25.899999999999999:39.200000000000003] [17.899999999999999:29.300000000000001] [48.958333000000003:91.625] [63:100] [23:86] [2.8541669999999999:19.695833] [6.4000000000000004:30.100000000000001] [0:63.100000000000001] [0:63.100000000000001] [14:56.899999999999999] [0:1] [23.766667000000002:32.427778000000004] [27.699999999999999:39.200000000000003] [17.899999999999999:28.100000000000001] [52.569443999999997:90.694444000000004] [73:100] [23:79] [4.125:17.329167000000002] [9.6999999999999993:30.100000000000001] [0:93.900000000000006] [0:93.900000000000006] [0:3] [0:63.100000000000001] [17.300000000000001:56.899999999999999] [24.365476000000001:32.235118999999997] [28.699999999999999:39.200000000000003] [17.899999999999999:27.5] [55.767856999999999:89.523809999999997] [77:100] [23:72] [4.5327380000000002:15.469643] [11.6:30.100000000000001] [0:163.90000000000001] [0:163.90000000000001] [0:7] [0:63.100000000000001] [23:56.899999999999999]
tree_sizes=1380 1404 1410 1411 1387 1400 1736 1415 1289 1293 1409 1314 1404 1292 1388 1403 1437 1388 1405 1522 1411 1295 1295 1406 1287 1400 1390 1383 1296

Tree=0
num_leaves=12
num_cat=2
split_feature=0 4 5 34 34 0 34 35 33 34 4
split_gain=474.361 202.749 98.5404 148.171 76.9707 68.0461 117.321 49.2794 24.3568 2.23901 9.44892
threshold=0 -0.8041866928211282 -0.03976928634766979 23.750000000000004 22.850000000000005 1 25.350000000000005 84.122023500000012 38.800000000000004 25.950000000000003 0.99053107487289871
decision_type=1 2 2 2 2 1 2 2 2 2 2
left_child=8 2 3 -2 -4 6 -3 -7 9 -1 -11
right_child=1 5 4 -5 -6 7 -8 -9 -10 10 -12
leaf_value=-2.6322987085421889 -2.527258308657093 -2.5579842521462757 -2.4025312015041322 -2.3531591764531532 -2.5631778122759323 -2.600630090258595 -2.4395941166031165 -2.5545377966422333 -2.4890180533917845 -2.6264143238784134 -2.5173530801320272
leaf_weight=292.8083863556385 25.170902252197266 230.60217219591141 7.9314561784267417 24.253213107585907 46.671047925949097 167.08497354388237 22.090088695287704 87.573764085769653 2.1631244122982016 7.8659069538116437 1.6387306153774259
leaf_count=4467 384 3518 121 370 712 2549 337 1336 33 120 25
internal_value=-2.5786 -2.55328 -2.48962 -2.43905 -2.53709 -2.56598 -2.54832 -2.58452 -2.62855 -2.63148 -2.60356
internal_weight=915.854 611.378 104.027 49.4241 54.6025 507.351 252.692 254.659 304.476 302.313 9.50464
internal_count=13972 9327 1587 754 833 7740 3855 3885 4645 4612 145
cat_boundaries=0 1 2
cat_threshold=48 3
is_linear=0
shrinkage=1


Tree=1
num_leaves=12
num_cat=2
split_feature=0 4 5 34 0 34 35 34 33 34 4
split_gain=439.934 143.793 69.5103 130.228 59.472 90.7922 58.9292 52.8719 21.306 3.49913 12.9061
threshold=0 -0.814291907305839 -0.056951011027366542 23.750000000000004 1 25.350000000000005 84.122023500000012 22.850000000000005 38.800000000000004 25.950000000000003 0.99053107487289871
decision_type=1 2 2 2 1 2 2 2 2 2 2
left_child=8 2 3 -2 5 -3 -6 -4 9 -1 -11
right_child=1 4 7 -5 6 -7 -8 -9 -10 10 -12
leaf_value=-0.053404331236703628 0.031900988185935196 0.020599279932295329 0.14665684859820713 0.19026401575191326 -0.022769503531916101 0.11932314845743533 0.027281774324971916 0.015491139041993085 0.073876080571070202 -0.047436016255516501 0.079168425310923163
leaf_weight=279.1406138241291 24.659199714660645 236.71111211180687 8.2181763052940351 27.588795751333237 160.69880497455597 24.934378877282143 91.442037507891655 48.077386491000652 2.547332525253295 7.6746698021888715 1.6578689217567442
leaf_count=4460 360 3545 108 348 2497 338 1365 722 36 122 24
internal_value=0.00033012 0.0240026 0.0764093 0.117525 0.0132704 0.02931 -0.0044076 0.0368645 -0.0493335 -0.0523772 -0.0194601
internal_weight=913.35 622.33 108.544 52.248 513.786 261.645 252.141 56.2956 291.02 288.473 9.33254
internal_count=13925 9283 1538 708 7745 3883 3862 830 4642 4606 146
cat_boundaries=0 1 2
cat_threshold=48 3
is_linear=0
shrinkage=0.05


Tree=2
num_leaves=12
num_cat=2
split_feature=0 43 0 5 2 2 32 32 20 34 25
split_gain=413.913 114.724 89.6401 97.728 51.9055 35.0004 47.5594 31.7952 17.0573 3.22684 4.83425
threshold=0 17.750000000000004 1 0.75438814418115718 8.5000000000000018 5.5000000000000009 27.296726500000002 29.470238500000004 38.800000000000004 25.950000000000003 12.723611000000002
decision_type=1 2 1 2 2 2 2 2 2 2 2
left_child=8 2 3 -2 -4 7 -7 -3 9 -1 -11
right_child=1 5 4 -5 -6 6 -8 -9 -10 10 -12
leaf_value=-0.053212464020596643 0.079316102334531832 0.0030785748185908944 -0.020313039919220705 -0.026777705615283389 0.030965328167195529 0.047621561844156252 0.11551707293144678 0.15769741500093307 0.078964506102005519 -0.036828194906718369 0.04082418674946775
leaf_weight=269.58989702165127 71.324232630431652 51.701424762606621 227.28742924332619 30.42314624786377 62.012912578880787 165.86332353204489 30.55484938621521 2.5567917302250853 1.6565373986959446 8.1710945181548578 1.6761945784091938
leaf_count=4511 1012 770 3448 448 913 2319 437 35 22 132 24
internal_value=0.000114865 0.0222507 0.00563462 0.043416 -0.00894437 0.0489301 0.058715 0.0130866 -0.0493591 -0.0521588 -0.0210653
internal_weight=922.818 641.724 391.048 101.747 289.3 250.676 196.418 54.2582 281.094 279.437 9.84729
internal_count=14071 9382 5821 1460 4361 3561 2756 805 4689 4667 156
cat_boundaries=0 1 2
cat_threshold=48 1
is_linear=0
shrinkage=0.05


Tree=3
num_leaves=12
num_cat=2
split_feature=0 4 0 32 43 2 34 35 33 34 4
split_gain=375.333 108.816 52.0363 68.4378 57.6406 46.7092 59.6255 49.7345 14.3057 2.32633 8.96203
threshold=0 -0.83377653105606597 1 28.410119000000005 18.050000000000004 9.5000000000000018 23.850000000000005 87.348214000000013 38.800000000000004 25.950000000000003 0.99274428880883148
decision_type=1 2 1 2 2 2 2 2 2 2 2
left_child=8 5 3 -3 -4 6 -2 -7 9 -1 -11
right_child=1 2 4 -5 -6 7 -8 -9 -10 10 -12
leaf_value=-0.05302453024046351 0.047317146274794879 0.015926298671051834 -0.011459696928681783 0.091821368569792297 0.029534653358572933 0.077832129257221883 0.14864649225005139 -0.017941336456490754 0.046606345835758164 -0.046991514820129282 0.059209244438491217
leaf_weight=255.54839093983173 32.92921806126833 103.25527191162109 275.36934590339661 41.026647701859474 123.32104174047709 25.84607508033514 27.12723283469677 26.767583012580872 2.9940614178776732 7.371942035853861 1.6805981919169424
leaf_count=4481 439 1469 4209 535 1752 342 285 382 38 125 23
internal_value=-0.000270645 0.0201034 0.0110741 0.035544 0.00123183 0.0649049 0.0947721 0.0296809 -0.0490027 -0.0521009 -0.0233467
internal_weight=923.237 655.642 542.972 144.282 398.69 112.67 60.0565 52.6137 267.595 264.601 9.05254
internal_count=14080 9413 7965 2004 5961 1448 724 724 4667 4629 148
cat_boundaries=0 1 2
cat_threshold=48 1
is_linear=0
shrinkage=0.05


Tree=4
num_leaves=12
num_cat=4
split_feature=0 2 1 5 43 0 35 0 33 34 4
split_gain=344.196 106.663 87.8259 66.6002 40.5342 53.7528 38.5228 29.2431 18.2017 1.39033 6.00432
threshold=0 8.5000000000000018 1 0.011826144619637501 18.050000000000004 2 82.568452500000021 3 38.800000000000004 25.950000000000003 0.99274428880883148
decision_type=1 2 1 2 2 1 2 1 2 2 2
left_child=8 4 6 -4 5 -2 -3 -6 9 -1 -11
right_child=1 2 3 -5 7 -7 -8 -9 -10 10 -12
leaf_value=-0.05284855371232762 0.026329045678381981 0.019019913978999218 0.076166532721977334 -0.012208627171299211 -0.011449961757794388 -0.017507759722650826 0.098415272350565103 0.03689303788385398 0.05800717332223633 -0.046507381571230612 0.042751081821207293
leaf_weight=244.04130423069 89.116095222532749 19.60756554454565 30.132192559540272 66.944430932402611 40.275342009961605 223.41992529481649 78.289761155843735 118.78409573435783 3.0276945456862441 6.923526927828787 1.6154396459460256
leaf_count=4484 1174 291 340 944 558 3477 1001 1617 37 122 21
internal_value=-0.000545193 0.0184038 0.0496852 0.0157196 0.00578258 -0.00468274 0.0828665 0.0262467 -0.04866 -0.0520812 -0.0269096
internal_weight=922.177 666.569 194.974 97.0766 471.595 312.536 97.8973 159.059 255.608 252.58 8.53897
internal_count=14066 9402 2576 1284 6826 4651 1292 2175 4664 4627 143
cat_boundaries=0 1 2 3 4
cat_threshold=48 1 1 8
is_linear=0
shrinkage=0.05


Tree=5
num_leaves=12
num_cat=3
split_feature=0 4 0 32 35 37 5 1 20 34 4
split_gain=326.138 85.793 33.6269 68.4391 43.747 33.0423 43.9597 28.5423 15.5557 2.10913 7.9315
threshold=0 -0.79384350655589164 1 30.780952000000003 84.122023500000012 57.500000000000007 -0.03976928634766979 2 38.800000000000004 25.950000000000003 0.99274428880883148
decision_type=1 2 1 2 2 2 2 1 2 2 2
left_child=8 5 3 -3 -4 7 -7 -2 9 -1 -11
right_child=1 2 4 -5 -6 6 -8 -9 -10 10 -12
leaf_value=-0.052682483774626199 0.17339882250965272 0.015495098553185014 -0.020823632619439234 0.13292589898423046 0.022053095693109964 0.069074597471170868 0.0089162312036788743 0.041461255321036006 0.069823624883001992 -0.047037355847616223 0.049848398872317602
leaf_weight=232.42229962348938 9.0422146618366241 270.53151646256447 157.95929414778948 12.036302559077738 94.101552620530128 68.909054026007652 54.281547978520393 8.3100069984793663 1.83859223127365 7.5209444314241392 1.9127818346023557
leaf_count=4474 93 3741 2553 138 1316 732 725 91 21 133 24
internal_value=-0.000193584 0.0177457 0.00882597 0.0202347 -0.00461044 0.0526283 0.0428522 0.115916 -0.0485078 -0.0516885 -0.024498
internal_weight=918.866 675.171 534.629 282.568 252.061 140.543 123.191 17.3522 243.695 241.856 9.43373
internal_count=14041 9389 7748 3879 3869 1641 1457 184 4652 4631 157
cat_boundaries=0 1 2 3
cat_threshold=48 3 1
is_linear=0
shrinkage=0.05


Tree=6
num_leaves=15
num_cat=2
split_feature=4 1 37 37 35 43 43 43 33 25 26 1 4 34
split_gain=63.1308 31.2544 37.7492 33.1402 31.7692 31.7609 27.2266 38.4309 33.2855 35.2894 20.8178 19.53 17.0144 12.649
threshold=-0.8041866928211282 0 57.500000000000007 64.500000000000014 87.428571500000018 23.500000000000004 27.950000000000006 31.050000000000004 37.100000000000009 7.1458335000000011 21.850000000000005 1 -0.099819732675876779 22.850000000000005
decision_type=2 1 2 2 2 2 2 2 2 2 2 1 2 2
left_child=1 2 -1 13 -5 -4 8 12 9 -2 -9 -10 -8 -3
right_child=6 3 5 4 -6 -7 7 10 11 -11 -12 -13 -14 -15
leaf_value=0.12548806705184598 0.0045195471347912542 0.031890340546641555 0.062868303487358321 0.090967411559894573 0.003628067086120903 0.0012012669093121023 0.12578768028105736 -0.010649255031519832 0.053380545132192973 -0.022180211973796035 0.06547378780616972 -0.0040146932440916338 0.033970895093154402 -0.037671076473405903
leaf_weight=11.941213980317114 176.66723939403892 7.0897515118122092 41.739958368241787 15.068556569516657 29.826262652873993 40.900882206857204 8.7458502650260943 61.479560017585754 29.190851636230946 409.91349706426263 9.4891885891556722 28.858721140772104 12.678491100668905 37.08295651525259
leaf_count=132 2814 89 529 189 409 548 128 945 426 6611 141 422 191 509
internal_value=-0.000378934 0.0257688 0.0456288 0.00440685 0.0342861 0.0327271 -0.00692046 0.018331 -0.0105625 -0.0141447 0.000297437 0.0252623 0.0753903 -0.0260476
internal_weight=920.673 183.65 94.5821 89.0675 44.8948 82.6408 737.023 92.3931 644.63 586.581 70.9687 58.0496 21.4243 44.1727
internal_count=14083 2405 1209 1196 598 1077 11678 1405 10273 9425 1086 848 319 598
cat_boundaries=0 1 2
cat_threshold=1 1
is_linear=0
shrinkage=0.05


Tree=7
num_leaves=12
num_cat=2
split_feature=0 4 0 34 38 35 36 5 33 34 4
split_gain=292.78 67.7971 32.2099 55.18 31.8586 28.0515 36.7301 25.5119 18.1963 3.82764 9.63919
threshold=0 -0.8041866928211282 1 25.350000000000005 6.7913690000000004 87.645833500000023 99.500000000000014 0.063390085881955258 38.800000000000004 25.950000000000003 0.99053107487289871
decision_type=1 2 1 2 2 2 2 2 2 2 2
left_child=8 5 3 -3 -4 6 -2 -7 9 -1 -11
right_child=1 2 4 -5 -6 7 -8 -9 -10 10 -12
leaf_value=-0.052517707620585732 0.083335716477001803 0.011716262019523516 0.0285483153724112 0.080085367123489085 -0.014588651607212982 0.041506110888745104 0.018487973526868602 -0.034240218174101278 0.059895165253734076 -0.045683215031045457 0.060265913471612823
leaf_weight=223.03019325807691 64.574600018560886 252.95793724060059 53.524293627589941 32.49931526184082 198.42634250596166 29.20541213452816 33.778656899929047 16.671662248671055 2.9461486041545859 6.2920627743005735 2.0825690403580666
leaf_count=4513 624 3525 781 349 3122 307 416 230 33 120 26
internal_value=-0.000670421 0.0159705 0.00799665 0.0190862 -0.00514463 0.0465214 0.0614745 0.0138368 -0.0475912 -0.0512593 -0.0157181
internal_weight=915.989 681.638 537.408 285.457 251.951 144.23 98.3533 45.8771 234.351 231.405 8.37463
internal_count=14046 9354 7777 3874 3903 1577 1040 537 4692 4659 146
cat_boundaries=0 1 2
cat_threshold=48 3
is_linear=0
shrinkage=0.05


Tree=8
num_leaves=11
num_cat=3
split_feature=0 2 1 5 43 43 0 35 34 4
split_gain=285.803 57.2261 48.5843 46.561 39.841 49.234 41.8805 30.9731 13.1904 15.8344
threshold=0 8.5000000000000018 1 0.011826144619637501 27.950000000000006 31.050000000000004 2 82.568452500000021 25.950000000000003 0.96234642434711437
decision_type=1 2 1 2 2 2 1 2 2 2
left_child=8 4 7 -4 6 -6 -2 -3 -1 -10
right_child=1 2 3 -5 5 -7 -8 -9 9 -11
leaf_value=-0.052368668977254645 0.024670198564337598 0.0057265414857158694 0.05831238511310375 -0.011549959944603866 0.11189907049075208 0.016908012609886686 -0.0094468967509933662 0.073834007692073475 -0.045861918606574834 0.063524821382250893
leaf_weight=212.4680451489985 117.23397169262171 20.730395443737507 35.847635395824909 66.890900451689959 17.303200349211693 55.455063149333 290.42166804522276 88.640835337340832 6.5041662082076055 4.918559156358242
leaf_count=4505 1478 297 340 933 211 721 4442 963 127 54
internal_value=0.00030413 0.0162414 0.0380439 0.0131536 0.00689368 0.0407094 0.00077341 0.0610937 -0.047457 0.00256143
internal_weight=916.414 692.524 212.11 102.739 480.414 72.7583 407.656 109.371 223.891 11.4227
internal_count=14071 9385 2533 1273 6852 932 5920 1260 4686 181
cat_boundaries=0 1 2 3
cat_threshold=48 1 1
is_linear=0
shrinkage=0.05


Tree=9
num_leaves=11
num_cat=3
split_feature=0 40 0 5 39 39 44 34 4 1
split_gain=260.22 52.9809 45.6137 60.6501 29.1114 23.1443 42.3693 15.0574 16.2679 13.9814
threshold=0 62.500000000000007 1 0.78724360164103002 16.750000000000004 27.750000000000004 44.800000000000004 25.950000000000003 0.96234642434711437 2
decision_type=1 2 1 2 2 2 2 2 2 1
left_child=7 2 3 -2 -4 6 -3 -1 -9 -7
right_child=1 5 4 -5 -6 9 -8 8 -10 -11
leaf_value=-0.052223511815704088 0.050435836061437159 0.037980984958691844 0.023968075171871564 -0.031085726862683682 -0.014962308114089166 0.19097467602753068 -0.014761142065776415 -0.045496655969380476 0.064683424000740258 0.027989961044096841
leaf_weight=202.0838000588119 91.628667443990707 232.85714653506875 59.075513262301683 29.516083039343357 239.15466794744134 2.679174192249774 44.927477851510048 6.2191666141152364 5.261066198348999 2.6748823598027229
leaf_count=4492 1073 2730 839 417 3699 33 566 126 55 33
internal_value=5.48237e-05 0.0148273 0.00373432 0.0281751 -0.00696366 0.0317087 0.0294284 -0.0468873 0.00613284 0.126768
internal_weight=916.078 702.514 419.375 121.145 298.23 283.139 277.785 213.564 11.4802 5.35406
internal_count=14063 9390 6028 1490 4538 3362 3296 4673 181 66
cat_boundaries=0 1 2 3
cat_threshold=48 1 1
is_linear=0
shrinkage=0.05


Tree=10
num_leaves=12
num_cat=3
split_feature=0 2 1 2 0 34 34 38 20 34 4
split_gain=240.454 48.4116 49.9736 31.6926 28.7424 51.1106 29.1602 27.7892 12.1083 2.1397 4.09848
threshold=0 8.5000000000000018 1 9.5000000000000018 2 25.350000000000005 22.550000000000004 7.1479165000000009 38.800000000000004 25.950000000000003 0.96234642434711437
decision_type=1 2 1 2 1 2 2 2 2 2 2
left_child=8 4 7 -4 5 -2 -6 -3 9 -1 -11
right_child=1 2 3 -5 6 -7 -8 -9 -10 10 -12
leaf_value=-0.052085861389173926 0.0068690010138986448 0.031032481228486505 0.044418325475708051 -0.01322332078467744 -0.049209962721109647 0.070072065887190726 -0.00099114695793354178 0.080283044802089032 0.048033755775899245 -0.044999863704793218 0.020051919731236597
leaf_weight=192.55991296097636 233.32552614063025 62.379902049899101 35.711697369813919 67.167499661445618 36.889505539089441 36.124959491193295 182.03639881685376 55.475610986351967 2.3964004814624777 5.8461108021438104 3.0258241072297096
leaf_count=4487 3101 705 315 933 644 355 2761 566 22 123 32
internal_value=-0.000821447 0.0130469 0.0326072 0.00702038 0.0044241 0.0150151 -0.00889833 0.0546956 -0.0472282 -0.0509262 -0.0230298
internal_weight=912.939 709.111 220.735 102.879 488.376 269.45 218.926 117.856 203.828 201.432 8.87193
internal_count=14044 9380 2519 1248 6861 3456 3405 1271 4664 4642 155
cat_boundaries=0 1 2 3
cat_threshold=48 1 3
is_linear=0
shrinkage=0.05


Tree=11
num_leaves=11
num_cat=2
split_feature=0 6 0 33 43 20 5 31 32 4
split_gain=238.708 42.9199 32.9303 69.7496 29.6427 12.0997 12.0798 8.93254 2.36434 6.58883
threshold=0 2.5000000000000004 1 31.550000000000004 27.950000000000006 38.800000000000004 0.99748108949426029 34.000000000000007 30.460119000000002 0.96687895796550427
decision_type=1 2 1 2 2 2 2 2 2 2
left_child=5 6 3 -3 -4 8 7 -2 -1 -10
right_child=1 2 4 -5 -6 -7 -8 -9 9 -11
leaf_value=-0.051967154970613633 -0.027983992256549434 0.068902704252685174 0.020257625123541151 -0.020624863998234683 0.0519375454940251 0.048508044474150053 0.085180178034520299 -0.002308300623606146 -0.045494141134781993 0.042668714657978432
leaf_weight=185.39298199489713 54.414268974214792 26.297313518822193 342.54250311851501 106.17844634130597 94.251693584024906 2.3730802536010733 2.2637393176555625 87.662679899483919 6.2418460845947248 2.1004587635397911
leaf_count=4523 789 309 4385 1494 1031 21 34 1293 133 22
internal_value=0.000416797 0.0139378 0.0203006 -0.00229782 0.0265892 -0.0469313 -0.0101649 -0.0122687 -0.0507534 -0.021105
internal_weight=909.719 713.611 569.27 132.476 436.794 196.108 144.341 142.077 193.735 8.3423
internal_count=14034 9335 7219 1803 5416 4699 2116 2082 4678 155
cat_boundaries=0 1 2
cat_threshold=48 8
is_linear=0
shrinkage=0.05


Tree=12
num_leaves=12
num_cat=3
split_feature=0 2 1 5 0 19 34 44 34 4 30
split_gain=211.137 40.3065 37.4551 29.8614 29.0953 44.5893 24.5562 23.3843 11.4245 10.9373 0.130569
threshold=0 8.5000000000000018 1 -0.03976928634766979 2 31.047222000000001 22.550000000000004 44.45000000000001 25.950000000000003 0.96234642434711437 0.35000000000000003
decision_type=1 2 1 2 1 2 2 2 2 2 2
left_child=8 4 7 -4 5 -2 -6 -3 -1 -10 -11
right_child=1 2 3 -5 6 -7 -8 -9 9 10 -12
leaf_value=-0.051825900059675828 0.01104553815560695 0.054595768305974984 0.042854646478219773 -0.011725000447811421 -0.047441394578452159 0.11148172133851564 -0.0022316489092182191 -0.024126387781222468 -0.04433059769657631 0.060453248138199238 0.024436065694580036
leaf_weight=174.25012501329184 261.89362697303295 113.41349139809608 37.985495962202549 69.32054802402854 34.908004961907864 10.560920588672159 184.35719932243228 9.7250567078590375 5.4896101728081685 2.4703031927347183 2.7696828618645668
leaf_count=4466 3313 1162 313 950 637 92 2786 93 127 24 26
internal_value=-0.000174955 0.012152 0.0295273 0.00781306 0.00421224 0.0147912 -0.00919452 0.0482343 -0.0462715 0.00121223 0.0483827
internal_weight=907.144 722.164 230.445 107.306 491.72 272.455 219.265 123.139 184.98 10.7296 5.23999
internal_count=13989 9346 2518 1263 6828 3405 3423 1255 4643 177 50
cat_boundaries=0 1 2 3
cat_threshold=48 1 3
is_linear=0
shrinkage=0.05


Tree=13
num_leaves=11
num_cat=3
split_feature=0 6 0 5 40 34 5 1 27 8
split_gain=199.037 35.2137 30.789 46.2509 28.9765 13.2299 12.9514 12.2624 14.7351 9.24203
threshold=0 2.5000000000000004 1 0.78724360164103002 51.000000000000007 25.950000000000003 0.99748108949426029 2 0.75000000000000011 33.650000000000013
decision_type=1 2 1 2 2 2 2 1 2 2
left_child=5 6 3 -3 -4 -1 9 -7 -9 -2
right_child=1 2 4 -5 -6 7 -8 8 -10 -11
leaf_value=-0.051706367530186564 -0.0252241475760796 0.048050650709190318 -0.0061114586623594635 -0.02613830443702039 0.020450459799625741 -0.046056284110032264 0.082858904995945185 0.1082185199210743 -0.03661011698357472 7.6609354967600762e-05
leaf_weight=167.29442090168595 69.750490810722113 141.12869223207235 173.83352987468243 23.995996169745922 248.53153382241726 5.1739863865077478 2.6766631081700316 3.2914167754352093 2.3086391277611256 73.674619819968939
leaf_count=4498 1011 1489 2605 331 2835 83 37 37 55 1105
internal_value=0.000102285 0.011733 0.0173505 0.0350662 0.00930981 -0.0457134 -0.010022 0.0050051 0.0520118 -0.0123171
internal_weight=911.66 733.592 587.49 165.125 422.365 178.068 146.102 10.774 5.60006 143.425
internal_count=14086 9413 7260 1820 5440 4673 2153 175 92 2116
cat_boundaries=0 1 2 3
cat_threshold=48 1 1
is_linear=0
shrinkage=0.05


Tree=14
num_leaves=12
num_cat=4
split_feature=0 2 1 44 25 0 36 44 34 1 4
split_gain=183.76 37.0809 33.7865 29.9723 27.0389 53.6435 28.0643 21.4173 12.2536 12.286 16.9412
threshold=0 8.5000000000000018 1 40.850000000000009 7.1458335000000011 2 91.500000000000014 44.45000000000001 25.950000000000003 3 0.96234642434711437
decision_type=1 2 1 2 2 1 2 2 2 1 2
left_child=8 4 7 -4 5 -2 -6 -3 -1 -10 -11
right_child=1 2 3 -5 6 -7 -8 -9 9 10 -12
leaf_value=-0.05159049840577349 -0.032852830069216007 0.049610638143432167 -0.0071464755785169672 0.056950205614318822 0.025188540083340639 0.039674835183207698 -0.0098556559470315101 -0.024648027825756393 -0.046610193150152329 -0.03786499547246714 0.114089045315795
leaf_weight=158.91673113778234 26.437228854745626 121.89798282831907 86.841780465096235 22.032538961619139 68.952091250568628 91.566771920770407 310.95650034025311 9.9522233754396421 5.6003814041614515 2.6196887716650963 3.1170914769172668
leaf_count=4480 390 1183 1061 209 963 1162 4326 97 90 64 27
internal_value=-0.000205818 0.0107224 0.0269358 0.00622483 0.00306037 0.0238597 -0.00344583 0.0438622 -0.0453793 0.00202725 0.049379
internal_weight=908.891 738.637 240.725 108.874 497.913 118.004 379.909 131.85 170.254 11.3372 5.73678
internal_count=14052 9391 2550 1270 6841 1552 5289 1280 4661 181 91
cat_boundaries=0 1 2 3 4
cat_threshold=48 1 8 1
is_linear=0
shrinkage=0.05


Tree=15
num_leaves=12
num_cat=3
split_feature=0 2 43 2 1 33 0 39 33 32 4
split_gain=177.382 33.5986 26.1998 33.55 23.8084 23.7826 22.7032 21.4528 12.9513 2.9909 5.96355
threshold=0 8.5000000000000018 18.050000000000004 6.5000000000000009 1 31.050000000000004 2 28.000000000000004 38.800000000000004 30.460119000000002 0.99053107487289871
decision_type=1 2 2 2 1 2 1 2 2 2 2
left_child=8 2 3 -2 5 -3 -6 -4 9 -1 -11
right_child=1 4 7 -5 6 -7 -8 -9 -10 10 -12
leaf_value=-0.051499432904629321 0.0014711925782697186 -0.0070090291169812224 0.015259495752708123 -0.044489224155585601 0.02847792680491161 0.04952154838846097 -0.013608084029064722 0.11180571736855793 0.035248495516466881 -0.043126441708490046 0.043795904305744211
leaf_weight=153.72355580702424 271.29855453968048 22.023184016346931 177.07698741927743 45.503150440752506 54.108097139745951 111.33396949619055 55.069560620933771 4.984907053411006 3.9081589728593817 4.8371236920356742 2.0420259162783623
leaf_count=4536 4000 213 2150 649 628 1045 639 51 35 129 19
internal_value=0.000177742 0.0107322 0.00343739 -0.00524945 0.0261016 0.0402032 0.0086684 0.0184993 -0.0450894 -0.0500405 -0.0150405
internal_weight=905.909 741.398 498.864 316.802 242.535 133.357 109.178 182.062 164.511 160.603 6.87915
internal_count=14094 9375 6850 4649 2525 1258 1267 2201 4719 4684 148
cat_boundaries=0 1 2 3
cat_threshold=48 1 9
is_linear=0
shrinkage=0.05


Tree=16
num_leaves=12
num_cat=1
split_feature=0 2 33 38 4 43 2 42 33 34 4
split_gain=169.831 37.425 26.1409 28.5513 22.7799 21.9325 33.0693 24.0197 9.12711 0.642591 1.93684
threshold=0 8.5000000000000018 31.950000000000003 7.1479165000000009 -0.97876850416056749 18.050000000000004 6.5000000000000009 6.5000000000000009 38.800000000000004 25.950000000000003 0.99274428880883148
decision_type=1 2 2 2 2 2 2 2 2 2 2
left_child=8 5 3 -3 -4 6 -2 -7 9 -1 -11
right_child=1 2 4 -5 -6 7 -8 -9 -10 10 -12
leaf_value=-0.051371354347802239 0.00085796648978576852 0.013099726654119043 0.058799762077593611 0.053432701414759323 -0.013001504003485348 0.069574408217128819 -0.045200947696997541 0.0098182842693460542 0.020155791090987137 -0.043116359062105584 0.0091727705932915082
leaf_weight=145.35624101944268 273.39693367108703 78.354133874177933 12.547631464898584 101.20244693383574 58.836672939360142 17.77293898165226 44.442308157682419 167.12301407009363 4.210031282156705 4.7285593375563613 2.1244437396526337
leaf_count=4514 4026 853 103 914 688 199 656 1997 37 124 20
internal_value=2.79267e-05 0.0100138 0.0258755 0.0360024 0.000257387 0.00225949 -0.00570385 0.0159056 -0.0455852 -0.0504986 -0.0278027
internal_weight=910.095 753.676 250.941 179.557 71.3843 502.735 317.839 184.896 156.419 152.209 6.853
internal_count=14131 9436 2558 1767 791 6878 4682 2196 4695 4658 144
cat_boundaries=0 1
cat_threshold=48
is_linear=0
shrinkage=0.05


Tree=17
num_leaves=12
num_cat=4
split_feature=0 0 5 5 36 0 2 33 34 1 4
split_gain=147.532 29.1493 45.9733 57.1588 32.8519 26.2588 20.2696 16.6763 14.2636 11.9004 14.2857
threshold=0 1 0.78724360164103002 0.23328369003117272 96.500000000000014 2 2.5000000000000004 31.850000000000005 25.950000000000003 3 0.96234642434711437
decision_type=1 1 2 2 2 1 2 2 2 1 2
left_child=8 2 3 -2 6 -6 -3 -4 -1 -10 -11
right_child=1 4 7 -5 5 -7 -8 -9 9 10 -12
leaf_value=-0.051271268322417123 0.018417396098132626 -0.044985815387453373 0.027759514267263048 0.08292196107971482 0.017747943301062576 -0.0091828043443506306 -0.0045411065667787919 -0.050077109828081404 -0.045521855669212574 -0.036660923072591944 0.10229517173723215
leaf_weight=138.58927458897233 138.85663964599371 47.348430920392275 8.7560705393552762 45.025075741112232 274.69860345125198 126.8253322429955 86.95184188336134 23.989224288612604 4.9513930231332761 2.3759089075028896 3.7032649964094162
leaf_count=4512 1394 821 114 484 3256 1607 1346 335 89 65 29
internal_value=-0.000474174 0.00870032 0.0237745 0.034575 0.00225035 0.0094527 -0.0190273 -0.0290578 -0.04402 0.00718494 0.0504801
internal_weight=902.071 752.451 216.627 183.882 535.824 401.524 134.3 32.7453 149.62 11.0306 6.07917
internal_count=14052 9357 2327 1878 7030 4863 2167 449 4695 183 94
cat_boundaries=0 1 2 3 4
cat_threshold=48 1 6 1
is_linear=0
shrinkage=0.05


Tree=18
num_leaves=12
num_cat=3
split_feature=0 4 2 0 33 19 1 4 38 26 20
split_gain=135.921 36.0123 30.1474 28.4676 22.5158 12.7585 10.9739 12.1538 8.1381 4.35177 0.214122
threshold=0 0.98372640911059162 2.5000000000000004 1 35.600000000000009 30.368750000000002 2 0.96234642434711437 13.234821500000002 17.050000000000004 37.95000000000001
decision_type=1 2 2 1 2 2 1 2 2 2 2
left_child=5 2 4 -4 -2 -1 -7 -8 9 -3 -10
right_child=1 8 3 -5 -6 6 7 -9 10 -11 -12
leaf_value=-0.051168455658270343 -0.024208885812430709 0.0043142776582617793 -0.0056981760372529352 0.020254704764677171 0.040544659596881194 -0.045893596871569159 -0.036777780174621098 0.087940938181713099 0.034132786514954237 -0.048720472908978907 0.0063031473382609898
leaf_weight=131.46470496617258 87.385841887444258 4.1632296144962302 134.91134981438518 475.05268590152264 14.897550500929354 5.3952505793422443 2.4318671654909849 4.1451014168560505 2.4399714991450301 34.755605537444353 1.5435080006718638
leaf_count=4492 1427 54 1757 5306 229 104 72 35 35 501 22
internal_value=-0.000904093 0.00774256 0.0105409 0.0147528 -0.0144763 -0.0436765 0.00252444 0.0430579 -0.0361326 -0.0430813 0.0267781
internal_weight=898.587 755.15 712.247 609.964 102.283 143.437 11.9722 6.57697 42.9023 38.9188 3.98348
internal_count=14034 9331 8719 7063 1656 4703 211 107 612 555 57
cat_boundaries=0 1 2 3
cat_threshold=48 8 1
is_linear=0
shrinkage=0.05


Tree=19
num_leaves=13
num_cat=0
split_feature=6 44 44 30 32 39 41 5 33 9 34 10
split_gain=25.3279 22.1672 46.7374 23.0893 22.8934 14.7671 14.4706 11.7512 11.836 8.52269 7.50575 7.50562
threshold=2.5000000000000004 44.800000000000004 40.850000000000009 13.450000000000001 26.429167000000003 27.100000000000005 90.65000000000002 0.99748108949426029 36.850000000000001 25.950000000000003 25.350000000000005 63.916666500000012
decision_type=2 2 2 2 2 2 2 2 2 2 2 2
left_child=7 2 4 -4 -2 9 -7 8 10 -3 -1 -10
right_child=1 5 3 -5 -6 6 -8 -9 11 -11 -12 -13
leaf_value=-0.02635700477813753 0.021804694100019281 -0.036438721454903455 0.010955560662833578 0.059506390836473522 -0.0036105170448749481 -0.018406791549515876 0.052016358679748576 0.066884011494052778 0.056478512306179431 0.0099442555640328802 0.023261400697239355 -0.0037870456242261501
leaf_weight=141.92493051849306 112.0212469175458 60.911123353987932 43.136285549029708 57.337381890043616 409.28188716806471 15.474786687642338 12.20320490002632 3.1566056404262772 6.2628166694194105 11.344898940995334 7.3061954304575911 17.511619379743934
leaf_count=2660 1519 1015 710 700 6332 251 132 49 108 173 100 259
internal_value=0.000258793 0.0044117 0.00792908 0.0389755 0.00188217 -0.0173348 0.0133738 -0.0166839 -0.0185843 -0.0291198 -0.0237891 0.0137274
internal_weight=897.873 721.711 621.777 100.474 521.303 99.934 27.678 176.162 173.006 72.256 149.231 23.7744
internal_count=14008 10832 9261 1410 7851 1571 383 3176 3127 1188 2760 367
is_linear=0
shrinkage=0.05


Tree=20
num_leaves=12
num_cat=2
split_feature=0 4 2 32 39 34 1 4 38 26 5
split_gain=127.879 27.1401 27.2521 30.1113 25.5978 14.1377 9.87582 11.2101 7.06337 7.92931 4.08552
threshold=0 0.98213580174693116 2.5000000000000004 28.1711305 18.750000000000004 25.950000000000003 1 0.96234642434711437 12.614880500000002 16.950000000000003 1.0000000180025095e-35
decision_type=1 2 2 2 2 2 1 2 2 2 2
left_child=5 2 3 -2 -4 -1 -7 -8 9 -3 -10
right_child=1 8 4 -5 -6 6 7 -9 10 -11 -12
leaf_value=-0.051070772483381988 -0.027025237352525541 0.019910032347024115 0.00075243276238714954 0.040554649234167989 0.021816067052684508 -0.044177316371604727 -0.035788627409328672 0.087019441946551382 -0.037069291073317016 -0.047829999060519629 0.035439084918026963
leaf_weight=124.63669543154538 82.104390606284142 4.4219431020319453 227.70848419517279 19.624546691775322 392.81915197521448 4.3704050015658122 2.2153172492980957 4.1339853256940842 1.9035351537168015 31.435723438858986 5.173652671277523
leaf_count=4476 1381 57 2592 294 4497 84 65 28 22 480 74
internal_value=-0.000332809 0.00775825 0.0101681 -0.0137205 0.0141002 -0.0431954 0.00805777 0.0451315 -0.0303243 -0.0391628 0.0137618
internal_weight=900.548 765.191 722.257 101.729 620.528 135.356 10.7197 6.3493 42.9349 35.8577 7.07719
internal_count=14050 9397 8764 1675 7089 4653 177 93 633 537 96
cat_boundaries=0 1 2
cat_threshold=48 1
is_linear=0
shrinkage=0.05


Tree=21
num_leaves=11
num_cat=3
split_feature=0 4 0 32 36 34 1 4 26 33
split_gain=124.313 22.2131 27.1993 63.3279 27.3117 11.8536 8.39812 7.98957 7.7539 9.85717
threshold=0 0.98213580174693116 1 28.362798000000002 96.500000000000014 25.950000000000003 2 0.96234642434711437 17.050000000000004 37.100000000000009
decision_type=1 2 1 2 2 2 1 2 2 2
left_child=5 2 3 -2 -4 -1 -7 -8 -3 -10
right_child=1 8 4 -5 -6 6 7 -9 9 -11
leaf_value=-0.050979542323006645 0.010826916536079437 0.026768771237309353 -0.017819096174222736 0.075763315238663184 0.00962605820983891 -0.044066295253130557 -0.034312261957821576 0.071511013599632967 -0.048613637168639791 0.0099380815161810646
leaf_weight=119.20081635005772 165.6052072159946 5.1923936232924452 115.80153405666351 47.727152779698372 404.15426010638475 4.3598741702735406 1.9518511202186344 4.3284966349601746 28.55167032033205 9.1009736992418748
leaf_count=4490 1780 67 1896 430 4716 88 59 28 462 123
internal_value=6.57285e-05 0.00780532 0.00996107 0.0244974 0.00342541 -0.0431991 0.0037432 0.0384269 -0.0266955 -0.0345702
internal_weight=905.974 776.133 733.288 213.332 519.956 129.841 10.6402 6.28035 42.845 37.6526
internal_count=14139 9474 8822 2210 6612 4665 175 87 652 585
cat_boundaries=0 1 2 3
cat_threshold=48 1 1
is_linear=0
shrinkage=0.05


Tree=22
num_leaves=11
num_cat=3
split_feature=0 4 0 32 36 34 1 4 39 32
split_gain=116.598 26.9981 32.1332 45.6737 24.5194 9.25966 6.81557 7.64774 5.1047 4.80492
threshold=0 0.98213580174693116 1 28.410119000000005 96.500000000000014 25.950000000000003 2 0.96687895796550427 29.850000000000005 27.019940500000001
decision_type=1 2 1 2 2 2 1 2 2 2
left_child=5 2 3 -2 -4 -1 -7 -8 9 -3
right_child=1 8 4 -5 -6 6 7 -9 -10 -11
leaf_value=-0.050888867827433404 0.013546980605851459 0.009425947056435735 -0.018104847623501365 0.068778864915349097 0.008032402414961259 -0.044383519598817325 -0.036254359403538224 0.063358357924348005 0.0262163557318843 -0.043603793147834649
leaf_weight=113.75626611709595 163.91962955892086 4.5189982652664176 114.12563296407461 47.797924317419529 405.89519544690847 4.5657793767750245 2.2354268245398998 4.2385459095239639 2.7660862021148196 33.091574992984533
leaf_count=4500 1742 57 1897 405 4693 92 66 26 37 531
internal_value=-0.000482857 0.00694493 0.00924538 0.025101 0.00222969 -0.0432431 -0.00269287 0.028714 -0.0322831 -0.037153
internal_weight=896.911 772.115 731.738 211.718 520.021 124.796 11.0398 6.47397 40.3767 37.6106
internal_count=14046 9362 8737 2147 6590 4684 184 92 625 588
cat_boundaries=0 1 2 3
cat_threshold=48 1 1
is_linear=0
shrinkage=0.05


Tree=23
num_leaves=12
num_cat=3
split_feature=0 0 5 5 40 5 38 33 34 1 4
split_gain=104.396 20.2845 30.857 40.1044 25.412 21.0052 18.8744 17.9226 12.2272 8.15666 7.09047
threshold=0 1 0.77652048701313048 0.21652257995689159 62.500000000000007 0.99748108949426029 5.6446430000000012 31.850000000000005 25.950000000000003 2 0.96234642434711437
decision_type=1 1 2 2 2 2 2 2 2 1 2
left_child=8 2 3 -2 5 -3 -6 -4 -1 -10 -11
right_child=1 4 7 -5 6 -7 -8 -9 9 10 -12
leaf_value=-0.050802281519923637 0.012852925424809137 -0.011621740894516071 0.028307109442555774 0.063829304930862404 -0.047577097472497769 0.060461899589595136 0.015672513634376047 -0.04789602300212966 -0.044026627703983884 -0.03412750373769647 0.063689484223119444
leaf_weight=108.39581475779414 145.48224613070488 288.19871133193374 10.43601407855749 51.876321367919445 11.460005700588225 9.4894399493932706 234.61759764701128 23.693433903157711 4.4374364148825389 1.9342594090849159 4.9915626645088196
leaf_count=4498 1373 4381 126 493 124 135 2393 342 92 62 30
internal_value=-0.000829869 0.00606918 0.0181402 0.0265065 0.000672587 -0.00912919 0.0125463 -0.0244523 -0.0421805 0.00340271 0.0355118
internal_weight=895.013 775.254 231.488 197.359 543.766 297.688 246.078 34.1294 119.759 11.3633 6.92582
internal_count=14049 9367 2334 1866 7033 4516 2517 468 4682 184 92
cat_boundaries=0 1 2 3
cat_threshold=48 1 1
is_linear=0
shrinkage=0.05


Tree=24
num_leaves=11
num_cat=4
split_feature=0 33 5 0 20 25 1 34 1 4
split_gain=105.762 22.1939 23.7122 22.3288 50.786 47.1957 16.5237 9.00353 5.87351 5.48271
threshold=0 31.750000000000004 -0.9575230291762723 1 34.750000000000007 7.9111110000000009 2 25.950000000000003 3 0.96234642434711437
decision_type=1 2 2 1 2 2 1 2 1 2
left_child=7 2 -2 4 -3 -5 -4 -1 -9 -10
right_child=1 3 6 5 -6 -7 -8 8 9 -11
leaf_value=-0.050718013566244641 -0.050081689047944848 -0.033178995681333555 0.040338554132318793 0.02413175981162374 0.046415591998434577 -0.0073808553092267557 0.0094757442345998009 -0.043412667224549881 -0.03406055864813675 0.051745299038957415
leaf_weight=103.47569292597473 9.8586021661758405 98.304751567542553 95.279049750417471 221.7406766526401 24.180875036865473 253.90297159552574 80.349981997162104 4.1961629539728147 1.9400481861084697 4.7015410512685776
leaf_count=4506 117 1421 847 2523 461 3196 853 91 66 27
internal_value=0.000165727 0.00689448 0.0220432 0.00228277 -0.0159272 0.00717922 0.0263525 -0.0425293 -0.00259264 0.0255036
internal_weight=897.93 783.617 185.488 598.129 122.486 475.644 175.629 114.313 10.8378 6.64159
internal_count=14108 9418 1817 7601 1882 5719 1700 4690 184 93
cat_boundaries=0 1 2 3 4
cat_threshold=48 8 1 1
is_linear=0
shrinkage=0.05


Tree=25
num_leaves=12
num_cat=3
split_feature=0 4 43 43 44 34 33 1 1 4 26
split_gain=96.9062 21.5983 19.1041 33.8873 20.318 12.1792 7.68726 12.3804 6.90757 6.29216 6.11522
threshold=0 0.98372640911059162 28.200000000000006 31.050000000000004 45.20000000000001 25.950000000000003 37.100000000000009 1 2 0.96234642434711437 16.950000000000003
decision_type=1 2 2 2 2 2 2 1 1 2 2
left_child=5 2 4 -4 -2 -1 10 -8 -7 -10 -3
right_child=1 6 3 -5 -6 8 7 -9 9 -11 -12
leaf_value=-0.050634080322369095 0.0079460204406543913 0.012282732146754904 0.060306954982747629 0.0083234641600478266 -0.021964547863428871 -0.042715564414933196 0.061846873766170041 -0.044508790288138735 -0.033741121449857948 0.058345039596596808 -0.049665049411827429
leaf_weight=98.599460862576962 536.59710127487779 4.2680895328521755 45.356157273054123 98.088091272860765 62.513311319053173 3.8945605084300023 4.6039717718958837 4.3823198489844799 1.8853932805359361 5.1769605576992035 25.828434254974127
leaf_count=4508 6558 52 359 991 829 86 60 61 65 29 450
internal_value=0.000389161 0.00673242 0.00873785 0.025064 0.00479365 -0.0413845 -0.0289576 0.0107175 0.00451326 0.0326255 -0.0407675
internal_weight=891.194 781.637 742.555 143.444 599.11 109.556 39.0828 8.98629 10.9569 7.06235 30.0965
internal_count=14048 9360 8737 1350 7387 4688 623 121 180 94 502
cat_boundaries=0 1 2 3
cat_threshold=48 1 1
is_linear=0
shrinkage=0.05


Tree=26
num_leaves=12
num_cat=4
split_feature=0 6 0 33 25 8 0 32 2 1 4
split_gain=96.1998 25.2209 23.5899 46.0501 20.8159 9.06496 8.11335 7.78894 7.33589 5.13178 5.73342
threshold=0 2.5000000000000004 1 31.550000000000004 7.1284725000000009 33.150000000000013 2 30.460119000000002 10.500000000000002 3 0.96687895796550427
decision_type=1 2 1 2 2 2 1 2 2 1 2
left_child=7 5 3 -3 -4 8 -7 -1 -2 -9 -11
right_child=1 2 4 -5 -6 6 -8 9 -10 10 -12
leaf_value=-0.05060946564598167 -0.033628710022229995 0.044440156480184845 0.029070042378483547 -0.023798882591403728 0.0081694560198807466 0.012087951658696302 -0.015797721788614407 -0.042703936722571612 0.011376027180280617 -0.03507505480521228 0.053276990229265943
leaf_weight=94.075388407334685 52.305573534220457 31.303629066795111 192.32439683377743 104.59742062166333 313.4861858934164 45.419462654739618 37.59090967848897 3.9789586290717107 10.391987878829239 2.0130670852959156 4.1291525363922119
leaf_count=4489 782 305 1972 1488 3470 609 628 96 135 70 22
internal_value=0.000567121 0.00671699 0.011065 -0.00733502 0.0158455 -0.0119191 -0.00101928 -0.0421606 -0.0261078 -0.00404982 0.0234636
internal_weight=891.616 787.42 641.712 135.901 505.811 145.708 83.0104 104.197 62.6976 10.1212 6.14222
internal_count=14066 9389 7235 1793 5442 2154 1237 4677 917 188 92
cat_boundaries=0 1 2 3 4
cat_threshold=48 8 9 1
is_linear=0
shrinkage=0.05


Tree=27
num_leaves=12
num_cat=4
split_feature=0 4 0 8 36 0 33 35 34 1 4
split_gain=85.742 20.1096 20.1885 35.1479 20.8937 7.43545 35.5431 7.65702 7.31045 4.38319 3.55487
threshold=0 0.98049069993378934 1 34.150000000000013 96.500000000000014 2 36.850000000000001 81.330357000000006 25.950000000000003 3 0.96234642434711437
decision_type=1 2 1 2 2 1 2 2 2 1 2
left_child=8 2 3 -2 -4 6 -3 -7 -1 -10 -11
right_child=1 5 4 -5 -6 7 -8 -9 9 10 -12
leaf_value=-0.050472991496591492 0.010656286905742685 -0.04459351957000434 -0.01782863761811421 0.061622539793134049 0.0066705697965852339 -0.052321825572378959 0.15044952582121493 0.019321325959954436 -0.042277964710915987 -0.032049330913774758 0.039054928742148401
leaf_weight=89.370308574289083 184.31806905567646 5.4898317381739616 109.21368987485766 40.613397985696793 412.74190546199679 28.57031574845314 2.6983001008629799 3.7471316680312148 3.7983794156461936 1.65105739608407 4.8166008591651917
leaf_count=4501 1810 115 1853 352 4666 450 49 42 90 62 26
internal_value=-0.00053637 0.00519245 0.00713217 0.0192392 0.00149156 -0.0286335 0.013915 -0.0335997 -0.0417758 -0.00538463 0.0190424
internal_weight=887.029 787.393 746.887 224.931 521.956 40.5056 8.18813 32.3174 99.6363 10.266 6.46766
internal_count=14016 9337 8681 2162 6519 656 164 492 4679 178 88
cat_boundaries=0 1 2 3 4
cat_threshold=48 1 8 1
is_linear=0
shrinkage=0.05


Tree=28
num_leaves=11
num_cat=3
split_feature=0 10 33 0 5 34 5 1 5 39
split_gain=77.4911 17.0963 17.8989 19.9742 19.5869 10.6449 7.06161 6.31967 5.21278 2.52165
threshold=0 89.750000000000014 31.750000000000004 1 -0.9575230291762723 25.950000000000003 0.75438814418115718 2 -0.26867065956352881 27.100000000000005
decision_type=1 2 2 1 2 2 2 1 2 2
left_child=5 2 4 -4 -2 -1 9 -7 -9 -3
right_child=1 6 3 -5 -6 7 -8 8 -10 -11
leaf_value=-0.050395487626255224 -0.049319370848747698 -0.04755608497228829 -0.015517756399607936 0.0067816789838423654 0.024114999987012831 -0.042118263036262135 0.030466294392680671 -0.032177283138453666 0.05490549971585388 0.0064387269902418699
leaf_weight=85.165324358269572 8.677946597337721 21.663327176123865 116.3450462706387 468.30722471699119 168.84456479921937 3.7882324382662755 3.0836477801203719 1.6662568114697931 4.8654688894748688 2.1446455493569365
leaf_count=4500 106 226 1834 5555 1568 94 30 63 26 16
internal_value=-0.000392964 0.0049493 0.00641123 0.00217603 0.0202691 -0.0404541 -0.0334551 0.00305492 0.0313678 -0.0426287
internal_weight=884.552 789.066 762.175 584.652 177.523 95.4853 26.8916 10.32 6.53173 23.808
internal_count=14018 9335 9063 7389 1674 4683 272 183 89 242
cat_boundaries=0 1 2 3
cat_threshold=48 8 1
is_linear=0
shrinkage=0.05


end of trees

feature_importances:
age_group=55
day_of_year_sin=38
temperature_min_7d=36
gender=25
day_of_year_cos=23
temperature_max_7d=21
month=17
rain_max_daily_7d=13
temperature_mean_7d=12
humidity_mean_7d=9
wind_speed_max_7d=7
wind_gust_max_7d=7
temperature_max_3d=6
humidity_max_7d=6
wind_speed_mean_7d=6
wind_speed_mean_3d=5
wind_speed_max_3d=5
weather_code_current=4
temperature_max_current=3
humidity_min_7d=3
precipitation_sum_7d=3
humidity_mean_current=2
temperature_mean_3d=2
rain_max_daily_3d=2
temperature_min_current=1
precipitation_sum_3d=1
wind_gust_max_3d=1
rain_sum_7d=1
rain_days_7d=1

parameters:
[boosting: gbdt]
[objective: binary]
[metric: binary_logloss]
[tree_learner: serial]
[device_type: cpu]
[data_sample_strategy: bagging]
[data: ]
[valid: ]
[num_iterations: 29]
[learning_rate: 0.05]
[num_leaves: 15]
[num_threads: 8]
[seed: 42]
[deterministic: 0]
[force_col_wise: 0]
[force_row_wise: 0]
[histogram_pool_size: -1]
[max_depth: 4]
[min_data_in_leaf: 20]
[min_sum_hessian_in_leaf: 0.001]
[bagging_fraction: 0.9]
[pos_bagging_fraction: 1]
[neg_bagging_fraction: 1]
[bagging_freq: 1]
[bagging_seed: 400]
[bagging_by_query: 0]
[feature_fraction: 0.9]
[feature_fraction_bynode: 1]
[feature_fraction_seed: 30056]
[extra_trees: 0]
[extra_seed: 12879]
[early_stopping_round: 0]
[early_stopping_min_delta: 0]
[first_metric_only: 0]
[max_delta_step: 0]
[lambda_l1: 0]
[lambda_l2: 1]
[linear_lambda: 0]
[min_gain_to_split: 0]
[drop_rate: 0.1]
[max_drop: 50]
[skip_drop: 0.5]
[xgboost_dart_mode: 0]
[uniform_drop: 0]
[drop_seed: 17869]
[top_rate: 0.2]
[other_rate: 0.1]
[min_data_per_group: 100]
[max_cat_threshold: 32]
[cat_l2: 10]
[cat_smooth: 10]
[max_cat_to_onehot: 4]
[top_k: 20]
[monotone_constraints: ]
[monotone_constraints_method: basic]
[monotone_penalty: 0]
[feature_contri: ]
[forcedsplits_filename: ]
[refit_decay_rate: 0.9]
[cegb_tradeoff: 1]
[cegb_penalty_split: 0]
[cegb_penalty_feature_lazy: ]
[cegb_penalty_feature_coupled: ]
[path_smooth: 0]
[interaction_constraints: ]
[verbosity: -1]
[saved_feature_importance_type: 0]
[use_quantized_grad: 0]
[num_grad_quant_bins: 4]
[quant_train_renew_leaf: 0]
[stochastic_rounding: 1]
[linear_tree: 0]
[max_bin: 255]
[max_bin_by_feature: ]
[min_data_in_bin: 3]
[bin_construct_sample_cnt: 200000]
[data_random_seed: 175]
[is_enable_sparse: 1]
[enable_bundle: 1]
[use_missing: 1]
[zero_as_missing: 0]
[feature_pre_filter: 1]
[pre_partition: 0]
[two_round: 0]
[header: 0]
[label_column: ]
[weight_column: ]
[group_column: ]
[ignore_column: ]
[categorical_feature: 0,1,3]
[forcedbins_filename: ]
[precise_float_parser: 0]
[parser_config_file: ]
[objective_seed: 16083]
[num_class: 1]
[is_unbalance: 0]
[scale_pos_weight: 1]
[sigmoid: 1]
[boost_from_average: 1]
[reg_sqrt: 0]
[alpha: 0.9]
[fair_c: 1]
[poisson_max_delta_step: 0.7]
[tweedie_variance_power: 1.5]
[lambdarank_truncation_level: 30]
[lambdarank_norm: 1]
[label_gain: ]
[lambdarank_position_bias_regularization: 0]
[eval_at: ]
[multi_error_top_k: 1]
[auc_mu_weights: ]
[num_machines: 1]
[local_listen_port: 12400]
[time_out: 120]
[machine_list_filename: ]
[machines: ]
[gpu_platform_id: -1]
[gpu_device_id: -1]
[gpu_device_id_list: ]
[gpu_use_dp: 0]
[num_gpu: 1]

end of parameters

pandas_categorical:[]
