tree
version=v4
num_class=1
num_tree_per_iteration=1
label_index=0
max_feature_idx=44
objective=binary sigmoid:1
feature_names=age_group gender month season day_of_year_sin day_of_year_cos weather_code_current temperature_mean_current temperature_max_current temperature_min_current humidity_mean_current humidity_max_current humidity_min_current wind_speed_mean_current wind_speed_max_current precipitation_sum_current rain_sum_current wind_gust_max_current rain_day_current temperature_mean_3d temperature_max_3d temperature_min_3d humidity_mean_3d humidity_max_3d humidity_min_3d wind_speed_mean_3d wind_speed_max_3d precipitation_sum_3d rain_sum_3d rain_days_3d rain_max_daily_3d wind_gust_max_3d temperature_mean_7d temperature_max_7d temperature_min_7d humidity_mean_7d humidity_max_7d humidity_min_7d wind_speed_mean_7d wind_speed_max_7d precipitation_sum_7d rain_sum_7d rain_days_7d rain_max_daily_7d wind_gust_max_7d
feature_infos=-1:0:1:2:3:4:5 -1:0:1 [1:12] -1:1:0 [-0.99999942202469239:0.99998555065071859] [-0.99997919295908244:0.9999907524084426] [0:61] [23.658332999999999:32.533332999999999] [25.899999999999999:39.200000000000003] [17.899999999999999:29.300000000000001] [48.958333000000003:91.625] [63:100] [23:86] [2.8541669999999999:19.695833] [6.4000000000000004:30.100000000000001] [0:63.100000000000001] [0:63.100000000000001] [14:56.899999999999999] [0:1] [23.766667000000002:32.427778000000004] [27.699999999999999:39.200000000000003] [17.899999999999999:28.100000000000001] [52.569443999999997:90.694444000000004] [73:100] [23:79] [4.125:17.329167000000002] [9.6999999999999993:30.100000000000001] [0:93.900000000000006] [0:93.900000000000006] [0:3] [0:63.100000000000001] [17.300000000000001:56.899999999999999] [24.365476000000001:32.235118999999997] [28.699999999999999:39.200000000000003] [17.899999999999999:27.5] [55.767856999999999:89.523809999999997] [77:100] [23:72] [4.5327380000000002:15.469643] [11.6:30.100000000000001] [0:163.90000000000001] [0:163.90000000000001] [0:7] [0:63.100000000000001] [23:56.899999999999999]
tree_sizes=1056 1071 1075 1070 1065 1088 1109 969 1071 964 969 1080 971 974 986 1083 968 985 988 1121 1084 988 975 1083 990 1078 1095 989 986 1105 977 1102 1090 1534 992 981 1089 1727 990 1108 777 776 1111 782 780 790 988 992 775 1115 780 1747 795 1756 988 777 797 1122 796 776 792 1113 1747 677 785 778 1109 1741 779

Tree=0
num_leaves=9
num_cat=3
split_feature=1 0 0 20 4 34 38 2
split_gain=2441.17 3312.88 236.787 261.064 231.136 122.836 99.0316 67.5242
threshold=0 1 2 32.650000000000013 0.074116354202380164 20.350000000000005 14.349107500000001 8.5000000000000018
decision_type=1 1 1 2 2 2 2 2
left_child=-1 4 3 -3 6 -6 -2 -4
right_child=1 2 7 -5 5 -7 -8 -9
leaf_value=-1.787296763727938 -1.4765464244302668 -1.6275772991671136 -1.7699457003896548 -1.7589568725071154 -1.7795440957602859 -1.5648376836385927 -1.7597643650500219 -1.7265554786366561
leaf_weight=890.69081610441208 134.9609143435955 86.047186374664307 326.77443397045135 66.199993088841438 6.530366823077201 151.60694742202759 2.9450673907995215 123.30869118869305
leaf_count=6956 1054 672 2552 517 51 1184 23 963
internal_value=-1.72867 -1.67055 -1.73927 -1.68722 -1.53724 -1.57397 -1.48278 -1.75744
internal_weight=1789.06 898.374 602.33 152.247 296.043 158.137 137.906 450.083
internal_count=13972 7016 4704 1189 2312 1235 1077 3515
cat_boundaries=0 1 2 3
cat_threshold=1 6 1
is_linear=0
shrinkage=1


Tree=1
num_leaves=9
num_cat=3
split_feature=1 0 0 8 34 39 2 4
split_gain=2230.62 2544 207.521 206.968 162.684 75.9487 63.9361 62.5065
threshold=0 1 2 32.650000000000013 24.450000000000003 18.750000000000004 9.5000000000000018 0.84313847884979054
decision_type=1 1 1 2 2 2 2 2
left_child=-1 4 3 -3 7 -6 -4 -2
right_child=1 2 6 -5 5 -7 -8 -9
leaf_value=-0.058302820269017008 0.19536981466925793 0.081635509427185893 -0.038609159569491652 -0.039808162324031449 0.0061652954033426712 0.1254801778364322 0.00858794994660372 0.12175792271035697
leaf_weight=860.123086810112 218.21064488589764 101.31577768921852 342.92758323252201 52.640803456306458 17.138478875160217 60.874683409929276 90.266202926635742 40.766578763723373
leaf_count=7002 1475 746 2750 420 119 424 704 285
internal_value=-0.000389399 0.053517 -0.0104952 0.0376903 0.160316 0.099678 -0.0281295 0.184295
internal_weight=1784.26 924.141 587.15 153.957 336.99 78.0132 433.194 258.977
internal_count=13925 6923 4620 1166 2303 543 3454 1760
cat_boundaries=0 1 2 3
cat_threshold=1 6 1
is_linear=0
shrinkage=0.05


Tree=2
num_leaves=9
num_cat=3
split_feature=1 0 0 20 2 34 2 27
split_gain=2003.94 2038.69 177.909 173.583 100.794 86.0377 69.0016 8.02627
threshold=0 1 2 32.650000000000013 9.5000000000000018 20.350000000000005 8.5000000000000018 40.250000000000007
decision_type=1 1 1 2 2 2 2 2
left_child=-1 4 3 -3 5 -2 -4 -6
right_child=1 2 6 -5 7 -7 -8 -9
leaf_value=-0.057826627613872465 -0.040670817894109125 0.07875254277266347 -0.040118357177525654 -0.027188871085793716 0.19978932583270861 0.13032251938508857 0.0038965996119086723 0.12679190793312486
leaf_weight=827.22545126080513 7.1195141077041617 93.403809070587158 312.01930002123117 64.80584217607975 69.40446138381958 289.04908771812916 124.21002938598394 11.397301256656645
leaf_count=7023 50 645 2579 524 408 1804 971 67
internal_value=-0.000672592 0.0480076 -0.0106114 0.0333631 0.136886 0.126089 -0.0269882 0.191169
internal_weight=1798.63 971.409 594.439 158.21 376.97 296.169 436.229 80.8018
internal_count=14071 7048 4719 1169 2329 1854 3550 475
cat_boundaries=0 1 2 3
cat_threshold=1 6 1
is_linear=0
shrinkage=0.05


Tree=3
num_leaves=9
num_cat=4
split_feature=1 0 0 8 34 0 37 39
split_gain=1863.33 1684.04 180.375 164.813 91.3663 67.0564 61.8296 54.3963
threshold=0 1 2 32.650000000000013 24.450000000000003 3 25.500000000000004 18.750000000000004
decision_type=1 1 1 2 2 1 2 2
left_child=-1 4 3 -3 6 -4 -2 -6
right_child=1 2 5 -5 7 -7 -8 -9
leaf_value=-0.057380344806731445 -0.049358323231663309 0.069622193467132248 -0.011532331785982907 -0.037276343900974195 0.0038876898852676801 -0.054027581496786228 0.13894113322248711 0.098192664041065664
leaf_weight=791.38411000370979 3.958967611193656 111.36602897942066 282.51386151462793 52.331133261322975 19.631769806146622 143.44716337323189 319.04085344076157 69.534455135464668
leaf_count=7010 26 743 2345 438 125 1191 1788 414
internal_value=-7.42116e-05 0.0452064 -0.00981278 0.0334017 0.121059 -0.0268429 0.136488 0.0777029
internal_weight=1793.21 1001.82 589.658 163.697 412.166 425.961 323 89.1662
internal_count=14080 7070 4717 1181 2353 3536 1814 539
cat_boundaries=0 1 2 3 4
cat_threshold=1 6 1 40
is_linear=0
shrinkage=0.05


Tree=4
num_leaves=9
num_cat=4
split_feature=1 0 0 8 2 34 0 30
split_gain=1674.41 1425.3 147.491 124.874 64.6466 69.4879 60.5195 3.66204
threshold=0 1 2 32.650000000000013 9.5000000000000018 20.350000000000005 3 20.250000000000004
decision_type=1 1 1 2 2 2 1 2
left_child=-1 4 3 -3 5 -2 -4 -6
right_child=1 2 6 -5 7 -7 -8 -9
leaf_value=-0.056962485604713647 -0.042777602316968061 0.057481309834365363 -0.012037694427444137 -0.035514620620814639 0.15597488048443686 0.10356958980741082 -0.053379756954021973 0.11161660297543488
leaf_weight=761.96759730577469 7.8056799471378318 117.8550771176815 280.93206365406513 51.048344723880291 75.607844039797783 329.68010626733303 134.50563653558493 18.794254347681999
leaf_count=7045 53 754 2353 439 375 1791 1161 95
internal_value=-0.000971406 0.0410254 -0.0105784 0.0277008 0.108447 0.100068 -0.0264546 0.148406
internal_weight=1778.2 1016.23 584.341 168.903 431.888 337.486 415.438 94.4021
internal_count=14066 7021 4707 1193 2314 1844 3514 470
cat_boundaries=0 1 2 3 4
cat_threshold=1 6 1 40
is_linear=0
shrinkage=0.05


Tree=5
num_leaves=9
num_cat=3
split_feature=1 0 0 4 34 39 40 36
split_gain=1554.81 1145.33 143 126.002 73.6092 46.1506 40.3359 34.6995
threshold=0 1 2 -0.69057362043749781 24.450000000000003 18.750000000000004 0.35000000000000003 96.500000000000014
decision_type=1 1 1 2 2 2 2 2
left_child=-1 4 3 -3 7 -6 -4 -2
right_child=1 2 6 -5 5 -7 -8 -9
leaf_value=-0.056569963167278782 0.079681966722969066 0.071150014723066909 0.033912772385827315 -0.0034061397773503181 -0.0052884467349116537 0.077148174511607409 -0.041752952791456049 0.11810632327399001
leaf_weight=728.78100270032883 87.279161363840103 73.567281149327755 18.224642843008041 235.76286122202873 21.569961816072464 76.662937939167023 247.52367440611124 273.35102018713951
leaf_count=7036 465 511 161 1843 129 410 2153 1333
internal_value=-0.000680529 0.0387301 -0.00891625 0.0140449 0.0964303 0.0591759 -0.0351389 0.109053
internal_weight=1762.72 1033.94 575.078 309.33 458.863 98.2329 265.748 360.63
internal_count=14041 7005 4668 2354 2337 539 2314 1798
cat_boundaries=0 1 2 3
cat_threshold=1 6 33
is_linear=0
shrinkage=0.05


Tree=6
num_leaves=9
num_cat=1
split_feature=1 34 4 32 42 39 43 25
split_gain=1478.45 115.608 70.9937 44.8274 23.4545 22.8389 20.2629 8.95782
threshold=0 24.550000000000004 0.84313847884979054 26.623214000000004 2.5000000000000004 18.750000000000004 17.750000000000004 6.2909720000000009
decision_type=1 2 2 2 2 2 2 2
left_child=-1 2 3 -2 -4 7 -7 -3
right_child=1 5 4 -5 -6 6 -8 -9
leaf_value=-0.056201336525911229 0.034247448514145989 0.031160976165972368 0.049582344122174639 0.060771391985370474 0.0014677041526001914 0.0022993989860456052 0.046818297152629723 -0.03779157934582391
leaf_weight=696.98103352636099 247.36490652710199 4.6102659925818434 32.101173959672451 474.05675592273474 108.14558529108763 121.3567920923233 31.418286547064781 37.1242296397686
leaf_count=7029 1570 36 228 3105 760 862 215 278
internal_value=0.000275259 0.0375626 0.0454139 0.0517367 0.0127538 0.00272704 0.0116997 -0.0296237
internal_weight=1753.16 1056.18 861.668 721.422 140.247 194.51 152.775 41.7345
internal_count=14083 7054 5663 4675 988 1391 1077 314
cat_boundaries=0 1
cat_threshold=1
is_linear=0
shrinkage=0.05


Tree=7
num_leaves=8
num_cat=4
split_feature=1 0 0 4 34 0 37
split_gain=1310.25 956.632 137.482 106.284 52.6067 57.5898 40.9936
threshold=0 1 2 -0.67803021058859214 24.450000000000003 3 25.500000000000004
decision_type=1 1 1 2 2 1 2
left_child=-1 4 -3 -4 6 -6 -2
right_child=1 2 3 -5 5 -7 -8
leaf_value=-0.05585454408515355 -0.051092296365889425 -0.052907497581063702 0.046288704632534407 -0.01000084236581468 0.084136836921103145 0.0045926608980974021 0.096353385260668029
leaf_weight=664.06101258099079 4.1944777667522422 131.01607925444841 109.2358630001545 349.54316948354244 49.064458042383194 50.764645993709564 380.90541264414787
leaf_count=6998 26 1177 756 2782 261 269 1777
internal_value=-0.000686101 0.0334221 -0.00984823 0.00339936 0.084427 0.0529341 0.0946192
internal_weight=1738.79 1074.72 589.795 458.779 484.929 99.8291 385.1
internal_count=14046 7048 4715 3538 2333 530 1803
cat_boundaries=0 1 2 3 4
cat_threshold=1 6 16 2
is_linear=0
shrinkage=0.05


Tree=8
num_leaves=9
num_cat=4
split_feature=1 0 0 34 2 0 42 34
split_gain=1209.25 829.293 116.999 131.981 56.5479 61.939 37.8349 18.1684
threshold=0 1 2 24.550000000000004 9.5000000000000018 3 2.5000000000000004 25.250000000000004
decision_type=1 1 1 2 2 1 2 2
left_child=-1 2 7 -4 6 -6 -3 -2
right_child=1 4 3 -5 5 -7 -8 -9
leaf_value=-0.055529333427391553 0.092779069774742012 0.0083502114939946609 0.059035482549433631 -0.014581442866199841 0.054580292208385721 -0.022265739891395752 -0.042664724533882877 0.14880549078643884
leaf_weight=640.37739562988281 230.82003538310528 41.521068423986435 355.84885600954294 72.98695395886898 31.913893386721611 57.941397212445736 274.72269013524055 17.905270501971245
leaf_count=7054 1067 361 1907 459 234 472 2427 90
internal_value=-0.00110574 0.0310768 0.0643504 0.045444 -0.0254169 0.0088847 -0.0359615 0.0936422
internal_weight=1724.04 1083.66 677.561 428.836 406.099 89.8553 316.244 248.725
internal_count=14071 7017 3523 2366 3494 706 2788 1157
cat_boundaries=0 1 2 3 4
cat_threshold=1 7 2 32
is_linear=0
shrinkage=0.05


Tree=9
num_leaves=8
num_cat=4
split_feature=1 0 0 4 5 36 0
split_gain=1166.36 777.13 126.52 89.4281 50.1953 51.3908 44.57
threshold=0 1 2 -0.69057362043749781 0.53312596302726967 97.500000000000014 3
decision_type=1 1 1 2 2 2 1
left_child=-1 4 -3 -4 6 -6 -2
right_child=1 2 3 -5 5 -7 -8
leaf_value=-0.055221572716709189 0.083973745919466283 -0.052081266308438678 0.041299547232005039 -0.0094497932025827958 0.061337783046541833 0.1213539584519001 0.038786650787435074
leaf_weight=606.02496653795242 182.22301195561886 122.38549604266882 114.95479269325733 344.39460917562246 60.616133704781532 100.8570024818182 179.0571675747633
leaf_count=6980 825 1172 765 2766 284 431 840
internal_value=0.000464327 0.0310411 -0.00914728 0.00324221 0.0744492 0.0993404 0.0651356
internal_weight=1710.51 1104.49 581.735 459.349 522.753 161.473 361.28
internal_count=14063 7083 4703 3531 2380 715 1665
cat_boundaries=0 1 2 3 4
cat_threshold=1 6 16 2
is_linear=0
shrinkage=0.05


Tree=10
num_leaves=8
num_cat=4
split_feature=1 0 0 4 5 36 0
split_gain=1076.13 671.258 117.529 81.8145 40.3717 44.0473 34.7946
threshold=0 1 2 -0.63921128368950708 0.08054732823231521 95.500000000000014 3
decision_type=1 1 1 2 2 2 1
left_child=-1 4 -3 -4 6 -6 -2
right_child=1 2 3 -5 5 -7 -8
leaf_value=-0.054933045544605812 0.074539220572991269 -0.051511256608369554 0.037033663143996934 -0.0100494648961344 0.054760174617166049 0.10070441647926694 0.029983227945158293
leaf_weight=583.0005996376276 146.05075134336948 115.47370089590549 126.64470773935318 331.93910293281078 83.469945430755615 161.71375648677349 135.46121491491795
leaf_count=7023 648 1151 833 2685 388 683 633
internal_value=-6.23569e-05 0.0290227 -0.0087744 0.00294152 0.0690156 0.0853492 0.056981
internal_weight=1683.75 1100.75 574.058 458.584 526.696 245.184 281.512
internal_count=14044 7021 4669 3518 2352 1071 1281
cat_boundaries=0 1 2 3 4
cat_threshold=1 6 16 2
is_linear=0
shrinkage=0.05


Tree=11
num_leaves=9
num_cat=4
split_feature=1 0 36 0 5 0 34 4
split_gain=965.987 596.027 80.5115 87.7869 58.6621 69.6767 47.8984 14.8272
threshold=0 1 96.500000000000014 2 0.08054732823231521 3 24.450000000000003 -0.92923668111203817
decision_type=1 1 2 1 2 1 2 2
left_child=-1 2 3 -2 7 -6 -4 -3
right_child=1 4 6 -5 5 -7 -8 -9
leaf_value=-0.054660937168668294 0.042813126738102669 -0.0074284684025545085 0.070714796195074245 -0.032564470601258187 0.016305143439880473 -0.046629063360076613 0.027085139496828947 -0.047273970793844315
leaf_weight=559.96555128693581 150.84864366054535 27.277472704648972 433.11264051496983 43.793067537248135 132.2801615819335 52.57178170979023 75.549487426877022 180.08264762163162
leaf_count=7057 694 217 2001 351 1070 526 415 1703
internal_value=-0.00129495 0.0260077 0.0530817 0.0262978 -0.0233094 -0.00337951 0.0643005 -0.0420932
internal_weight=1655.48 1095.52 703.304 194.642 392.212 184.852 508.662 207.36
internal_count=14034 6977 3461 1045 3516 1596 2416 1920
cat_boundaries=0 1 2 3 4
cat_threshold=1 7 6 40
is_linear=0
shrinkage=0.05


Tree=12
num_leaves=8
num_cat=4
split_feature=1 0 0 34 0 5 34
split_gain=908.61 561.084 87.217 98.1014 47.0712 61.3654 16.7475
threshold=0 1 2 24.450000000000003 3 0.13185577213185917 25.250000000000004
decision_type=1 1 1 2 1 2 2
left_child=-1 2 6 -4 5 -3 -2
right_child=1 4 3 -5 -6 -7 -8
leaf_value=-0.054402850218671618 0.072439990779402413 -0.033636893024031257 0.047131399072737973 -0.011274183156543369 -0.050728420330000037 0.013886128489516529 0.12138299747094856
leaf_weight=530.33744277060032 256.86582052707672 147.65276835113764 357.54930640757084 89.504284031689167 109.10592686384916 124.30512561649084 20.578946694731712
leaf_count=6994 1088 1316 1790 543 1171 996 91
internal_value=-0.000660753 0.0251452 0.0505476 0.0346653 -0.0238558 -0.0115219 0.0738412
internal_weight=1635.9 1105.56 724.498 447.054 381.064 271.958 277.445
internal_count=13989 6995 3512 2333 3483 2312 1179
cat_boundaries=0 1 2 3 4
cat_threshold=1 7 2 40
is_linear=0
shrinkage=0.05


Tree=13
num_leaves=8
num_cat=4
split_feature=1 0 36 0 0 5 34
split_gain=867.625 479.559 66.2666 82.2131 54.1265 63.5957 46.9459
threshold=0 1 96.500000000000014 2 3 0.08054732823231521 24.450000000000003
decision_type=1 1 2 1 1 2 2
left_child=-1 2 3 -2 5 -3 -4
right_child=1 4 6 -5 -6 -7 -8
leaf_value=-0.054160581804591539 0.039248767412382778 -0.032130159340792892 0.063918633966468713 -0.032686843371899102 -0.050278869422670971 0.015846211948878169 0.022378164561428132
leaf_weight=509.5797910541296 161.16677933931351 140.39825118333101 449.97824668884277 44.267229616641998 105.01893688738346 134.16840240359306 81.765766344964504
leaf_count=7034 718 1286 2009 358 1175 1064 442
internal_value=-0.00015913 0.0245082 0.0476209 0.0239826 -0.0210826 -0.00840869 0.057585
internal_weight=1626.34 1116.76 737.178 205.434 379.586 274.567 531.744
internal_count=14086 7052 3527 1076 3525 2350 2451
cat_boundaries=0 1 2 3 4
cat_threshold=1 7 6 40
is_linear=0
shrinkage=0.05


Tree=14
num_leaves=8
num_cat=3
split_feature=1 0 0 4 2 34 26
split_gain=802.576 426.614 95.1419 76.9965 39.5718 44.0249 1.28147
threshold=0 1 2 -0.63921128368950708 10.500000000000002 20.350000000000005 17.450000000000003
decision_type=1 1 1 2 2 2 2
left_child=-1 4 -3 -4 5 -2 -6
right_child=1 2 3 -5 6 -7 -8
leaf_value=-0.053931140313362429 -0.052717785788764897 -0.049782075556054607 0.033849839445374841 -0.011113912351177382 0.093195429478257319 0.051071237932359653 0.065090424160474045
leaf_weight=486.81084729731083 9.6755431145429593 99.734064437448978 132.99577855318785 327.9587400406599 59.689795702695847 469.12830394506454 16.737713500857353
leaf_count=7035 50 1162 830 2670 239 1999 67
internal_value=-0.000426031 0.0229425 -0.00810381 0.00186399 0.0534372 0.0488684 0.0879606
internal_weight=1602.73 1115.92 560.689 460.955 555.231 478.804 76.4275
internal_count=14052 7017 4662 3500 2355 2049 306
cat_boundaries=0 1 2 3
cat_threshold=1 6 16
is_linear=0
shrinkage=0.05


Tree=15
num_leaves=9
num_cat=4
split_feature=1 0 0 34 5 0 4 4
split_gain=757.256 405.28 63.1553 82.5349 51.1421 57.1699 20.6747 16.2987
threshold=0 1 2 24.550000000000004 0.11478523713130602 3 -0.92923668111203817 -0.99763297024448894
decision_type=1 1 1 2 2 1 2 2
left_child=-1 2 7 -4 6 -6 -3 -2
right_child=1 4 3 -5 5 -7 -8 -9
leaf_value=-0.053714463984045974 -0.017728559637579994 0.0013809421352710867 0.039809294181660321 -0.016685613543634407 0.015419127257267904 -0.044335138119377532 -0.045361058809127143 0.066531089628498671
leaf_weight=466.08544213324785 5.4763779044151297 27.480278857052326 385.20780670642853 77.062532752752304 131.18714066594839 44.738080784678459 166.50684426724911 278.01672120392323
leaf_count=7053 22 230 1866 467 1029 524 1754 1149
internal_value=-0.000256733 0.0221039 0.0429733 0.0297338 -0.0205762 -0.00157555 -0.0387664 0.0626448
internal_weight=1581.76 1115.68 745.763 462.27 369.912 175.925 193.987 283.493
internal_count=14094 7041 3504 2333 3537 1553 1984 1171
cat_boundaries=0 1 2 3 4
cat_threshold=1 7 2 40
is_linear=0
shrinkage=0.05


Tree=16
num_leaves=8
num_cat=4
split_feature=1 0 36 0 0 2 34
split_gain=709.827 369.161 60.5482 64.9486 46.25 55.9496 40.3439
threshold=0 1 96.500000000000014 2 3 8.5000000000000018 24.450000000000003
decision_type=1 1 2 1 1 2 2
left_child=-1 2 3 -2 5 -3 -4
right_child=1 4 6 -5 -6 -7 -8
leaf_value=-0.053509219799160138 0.031572777559209529 -0.025016788634311372 0.05572369275793379 -0.031658095193865969 -0.049048997350681189 0.022963198043704312 0.017507079643683449
leaf_weight=445.14197692275047 170.42776243388653 181.01397337764502 461.67917075753212 44.072457611560822 93.522157318890095 90.285840429365635 82.541776776313782
leaf_count=7055 737 1720 2011 360 1174 642 432
internal_value=-0.000144712 0.0210268 0.0405724 0.0184904 -0.0201795 -0.00870419 0.0499701
internal_weight=1568.69 1123.54 758.721 214.5 364.822 271.3 544.221
internal_count=14131 7076 3540 1097 3536 2362 2443
cat_boundaries=0 1 2 3 4
cat_threshold=1 7 6 40
is_linear=0
shrinkage=0.05


Tree=17
num_leaves=8
num_cat=3
split_feature=1 0 0 4 2 34 33
split_gain=629.672 331.908 75.0462 43.9941 39.2977 46.7977 3.72916
threshold=0 1 2 0.61237135649459018 10.500000000000002 20.950000000000003 32.95000000000001
decision_type=1 1 1 2 2 2 2
left_child=-1 4 -3 -4 5 -2 -6
right_child=1 2 3 -5 6 -7 -8
leaf_value=-0.053314234595899505 -0.025957027637751706 -0.048608899282230833 0.008623217115644722 -0.02580979798931678 0.08300373906975432 0.043956554865446251 0.035679822416532309
leaf_weight=422.83218652009964 24.617264494299889 89.575512863695621 336.42503849416971 126.93893533945084 68.789256900548935 459.74068194627762 6.7016504555940619
leaf_count=7020 111 1173 2379 1145 277 1920 27
internal_value=-0.00144626 0.0182925 -0.00936493 -0.000827189 0.0449422 0.0403571 0.079324
internal_weight=1535.62 1112.79 552.939 463.364 559.849 484.358 75.4909
internal_count=14052 7032 4697 3524 2335 2031 304
cat_boundaries=0 1 2 3
cat_threshold=1 6 16
is_linear=0
shrinkage=0.05


Tree=18
num_leaves=8
num_cat=3
split_feature=1 0 0 33 4 39 2
split_gain=597.494 302.036 73.0758 45.6866 34.0164 28.3933 25.9591
threshold=0 1 2 34.650000000000013 0.97875492728876534 25.100000000000005 10.500000000000002
decision_type=1 1 1 2 2 2 2
left_child=-1 4 -3 -4 6 -6 -2
right_child=1 2 3 -5 5 -7 -8
leaf_value=-0.053130225942003499 0.04269162270493565 -0.048209721771941924 0.0076771006202212945 -0.030910604216855975 -0.025246150756629688 0.065989402344637585 0.074831562900901108
leaf_weight=404.09023520350456 441.99605287611485 86.149464979767799 365.60589492321014 96.002639420330524 29.8344606757164 10.787609577178953 75.185484737157822
leaf_count=7029 1843 1174 2620 893 125 45 305
internal_value=-0.00117652 0.0178438 -0.00871126 -0.000389201 0.043271 -1.42744e-05 0.0474994
internal_weight=1509.65 1105.56 547.758 461.609 557.804 40.6221 517.182
internal_count=14034 7005 4687 3513 2318 170 2148
cat_boundaries=0 1 2 3
cat_threshold=1 6 16
is_linear=0
shrinkage=0.05


Tree=19
num_leaves=9
num_cat=1
split_feature=1 4 34 32 39 42 44 12
split_gain=570.055 43.4733 34.9745 38.9372 17.9054 10.7286 14.0074 8.02361
threshold=0 0.82414472752956958 24.450000000000003 26.500893000000001 18.750000000000004 2.5000000000000004 38.70000000000001 40.500000000000007
decision_type=1 2 2 2 2 2 2 2
left_child=-1 2 3 -2 -4 7 -7 -3
right_child=1 5 4 -5 -6 6 -8 -9
leaf_value=-0.052955787294942804 0.0098603254277493651 0.026147236191593294 -0.029361912013789754 0.034602181769230834 0.010381057743737576 0.0034571366624213738 -0.025824438247844961 -0.032664869685254692
leaf_weight=386.11492842435837 232.71602483093739 41.062093682587147 37.381020344793797 508.21609865874052 107.33096765726805 99.33501024544239 68.120986640453339 5.8544226214289656
leaf_count=7038 1357 277 282 3083 747 700 484 40
internal_value=-0.000766611 0.0175837 0.0224692 0.0268549 -1.61285e-05 -0.0026105 -0.00853718 0.0182799
internal_weight=1486.13 1100.02 885.644 740.932 144.712 214.373 167.456 46.9165
internal_count=14008 6970 5469 4440 1029 1501 1184 317
cat_boundaries=0 1
cat_threshold=1
is_linear=0
shrinkage=0.05


Tree=20
num_leaves=9
num_cat=3
split_feature=1 0 0 36 2 32 42 34
split_gain=529.219 288.171 50.7191 57.077 41.0996 68.9012 33.1503 17.8926
threshold=0 1 2 96.500000000000014 8.5000000000000018 26.563393000000001 2.5000000000000004 25.250000000000004
decision_type=1 1 1 2 2 2 2 2
left_child=-1 2 7 -4 6 -6 -3 -2
right_child=1 4 3 -5 5 -7 -8 -9
leaf_value=-0.052789789135538348 0.048101693177550586 0.0085230889444122999 -0.0066006149672995854 0.032718777107709276 -0.033682987887225936 0.04214534779783994 -0.041898845846446001 0.094075793970985866
leaf_weight=367.5729480907321 264.96965125203133 38.715354822576046 124.600730240345 351.75419855117798 61.704849310219288 56.366520389914513 195.53866834565997 23.51522071659565
leaf_count=7022 1083 374 717 1630 511 447 2170 96
internal_value=-0.000831213 0.0162963 0.0332704 0.0219812 -0.020892 0.00256691 -0.0335648 0.0504195
internal_weight=1484.74 1117.17 764.84 476.355 352.325 118.071 234.254 288.485
internal_count=14050 7028 3526 2347 3502 958 2544 1179
cat_boundaries=0 1 2 3
cat_threshold=1 7 2
is_linear=0
shrinkage=0.05


Tree=21
num_leaves=8
num_cat=3
split_feature=1 0 0 4 5 36 2
split_gain=509.888 254.046 68.463 48.4257 34.4701 30.5972 25.9951
threshold=0 1 2 -0.63921128368950708 0.08054732823231521 95.500000000000014 6.5000000000000009
decision_type=1 1 1 2 2 2 2
left_child=-1 4 -3 -4 6 -6 -2
right_child=1 2 3 -5 5 -7 -8
leaf_value=-0.052633072542330323 0.014623803451747366 -0.047682414351030926 0.023716188433894253 -0.011019147072384184 0.029199551958618716 0.065903275171889195 0.043472741231016701
leaf_weight=352.06605680286884 163.69093476235867 80.913683727383614 143.44853807240725 327.59629888832569 89.095966219902039 169.01601810753345 151.06454685330391
leaf_count=7050 697 1154 843 2718 373 690 614
internal_value=-0.000207224 0.016234 -0.00813159 -0.000404697 0.0391432 0.0533953 0.0285635
internal_weight=1476.89 1124.83 551.959 471.045 572.867 258.112 314.755
internal_count=14139 7089 4715 3561 2374 1063 1311
cat_boundaries=0 1 2 3
cat_threshold=1 6 16
is_linear=0
shrinkage=0.05


Tree=22
num_leaves=8
num_cat=4
split_feature=1 0 0 4 5 39 0
split_gain=467.516 211.715 67.4403 35.0977 31.4446 35.3643 26.7784
threshold=0 1 2 -0.63921128368950708 0.08054732823231521 18.650000000000002 3
decision_type=1 1 1 2 2 2 1
left_child=-1 4 -3 -4 6 -6 -2
right_child=1 2 3 -5 5 -7 -8
leaf_value=-0.052483510721578523 0.039434781807953158 -0.047375430435775384 0.020427760037587912 -0.0092601265670517862 0.073074620384750474 0.034406125369331853 0.0083562807328390696
leaf_weight=335.58975741267204 156.07645377516747 78.90968606993556 144.05595521628857 316.37229545414448 98.17939193546772 155.88493771851063 152.88868534564972
leaf_count=7045 634 1170 844 2653 405 645 650
internal_value=-0.000901513 0.0148347 -0.00769573 5.1462e-05 0.0358926 0.0495769 0.0256743
internal_weight=1437.96 1102.37 539.338 460.428 563.029 254.064 308.965
internal_count=14046 7001 4667 3497 2334 1050 1284
cat_boundaries=0 1 2 3 4
cat_threshold=1 6 16 2
is_linear=0
shrinkage=0.05


Tree=23
num_leaves=9
num_cat=4
split_feature=1 0 5 0 19 0 39 4
split_gain=441.226 208.902 43.3414 42.3793 53.1969 40.2329 16.8799 14.3947
threshold=0 1 0.08054732823231521 2 27.893750000000004 3 25.250000000000004 -0.69057362043749781
decision_type=1 1 2 1 2 1 2 2
left_child=-1 3 7 6 -5 -4 -2 -3
right_child=1 2 5 4 -6 -7 -8 -9
leaf_value=-0.052341023349364038 0.041245953114887747 -0.012782578815275765 0.012101478376548269 0.029209958999729349 -0.0079721119294381849 -0.041251545157398053 0.080770449583407178 -0.045637528052466347
leaf_weight=319.34344901517034 256.17067158222198 47.203870814293623 135.41180104017258 342.16158949583769 133.1593062877655 35.583954717963934 30.86134298145771 121.21404167637229
leaf_count=7029 1053 417 1053 1572 766 524 125 1510
internal_value=-0.000686145 0.0143197 -0.0181031 0.028622 0.0184121 -0.000871306 0.0442258 -0.0365588
internal_weight=1421.11 1101.77 339.414 762.353 475.321 170.996 287.032 168.418
internal_count=14049 7020 3504 3516 2338 1577 1178 1927
cat_boundaries=0 1 2 3 4
cat_threshold=1 7 2 40
is_linear=0
shrinkage=0.05


Tree=24
num_leaves=8
num_cat=3
split_feature=1 0 0 4 5 26 39
split_gain=411.321 195.052 60.3276 35.2404 34.0214 30.2006 26.3659
threshold=0 1 2 -0.71504373327588355 0.08054732823231521 17.450000000000003 18.950000000000003
decision_type=1 1 1 2 2 2 2
left_child=-1 4 -3 -4 6 -6 -2
right_child=1 2 3 -5 5 -7 -8
leaf_value=-0.052205395374496422 0.00058632342140927979 -0.046786921577145243 0.021047000178426478 -0.0095875094661738922 0.067755603576312703 0.032476883398600193 0.032346672674722771
leaf_weight=303.88870596885681 92.788538470864296 74.93889506906271 128.93099673837423 337.32823301106691 108.07791768014431 145.29564106464386 220.23632752895355
leaf_count=7014 392 1197 733 2811 454 599 908
internal_value=-0.00077424 0.0133712 -0.00820337 -0.00106665 0.0335178 0.0477324 0.0229639
internal_weight=1411.49 1107.6 541.198 466.259 566.398 253.374 313.025
internal_count=14108 7094 4741 3544 2353 1053 1300
cat_boundaries=0 1 2 3
cat_threshold=1 6 16
is_linear=0
shrinkage=0.05


Tree=25
num_leaves=9
num_cat=4
split_feature=1 0 5 0 36 0 39 4
split_gain=384.237 174.13 40.6536 36.3865 51.0145 36.0433 16.0901 15.3342
threshold=0 1 0.08054732823231521 2 98.500000000000014 3 25.250000000000004 -0.69057362043749781
decision_type=1 1 2 1 2 1 2 2
left_child=-1 3 7 6 -5 -4 -2 -3
right_child=1 2 5 4 -6 -7 -8 -9
leaf_value=-0.05207667618101644 0.03731379804225176 -0.011448072801560162 0.011280224347847133 0.00016489449649544942 0.032737140726063922 -0.040273009210309685 0.076871097537486346 -0.045352111626543297
leaf_weight=289.97401222586632 251.3148992806673 47.844993993639946 136.173035338521 237.61231702566147 242.3135733678937 33.057880844920874 29.00006765127182 115.82991486042738
leaf_count=7019 1038 425 1054 1260 1091 524 118 1519
internal_value=-0.00101084 0.0125704 -0.0173648 0.0255766 0.0163054 -0.000670845 0.0402347 -0.0355711
internal_weight=1383.12 1093.15 332.906 760.241 479.926 169.231 280.315 163.675
internal_count=14048 7029 3522 3507 2351 1578 1156 1944
cat_boundaries=0 1 2 3 4
cat_threshold=1 7 2 40
is_linear=0
shrinkage=0.05


Tree=26
num_leaves=9
num_cat=3
split_feature=1 0 5 32 0 19 4 4
split_gain=363.406 166.355 45.3432 37.4781 31.5997 51.7115 14.8608 13.0693
threshold=0 1 0.097680735332368721 26.563393000000001 2 27.893750000000004 -0.99630266176052629 -0.92923668111203817
decision_type=1 1 2 2 1 2 2 2
left_child=-1 4 7 -4 6 -6 -2 -3
right_child=1 2 3 -5 5 -7 -8 -9
leaf_value=-0.051954338240745072 -0.032041472312155372 -0.0046792191915408189 -0.032306550072635526 0.017370723204418712 0.026450991007842973 -0.010130758804071788 0.041344295809775569 -0.043218924437472078
leaf_weight=277.17873683944345 6.378864958882331 26.584869682788849 56.894978567957878 109.29938035830855 345.28360132128 133.36204442381859 277.78730763494968 134.16022741794586
leaf_count=7037 26 224 504 1044 1575 769 1150 1737
internal_value=-0.000942566 0.012068 -0.0175326 0.000272694 0.0246677 0.0159265 0.0382491 -0.0369134
internal_weight=1366.93 1089.75 326.939 166.194 762.812 478.646 284.166 160.745
internal_count=14066 7029 3509 1548 3520 2344 1176 1961
cat_boundaries=0 1 2 3
cat_threshold=1 7 2
is_linear=0
shrinkage=0.05


Tree=27
num_leaves=8
num_cat=3
split_feature=1 0 0 5 34 4 4
split_gain=339.929 151.254 52.3324 32.9784 30.2972 29.1942 22.1465
threshold=0 1 2 0.08054732823231521 20.950000000000003 -0.69057362043749781 0.83376496542330847
decision_type=1 1 1 2 2 2 2
left_child=-1 3 -3 6 -5 -4 -2
right_child=1 2 5 4 -6 -7 -8
leaf_value=-0.051836303596542767 0.025747302602873536 -0.045807687686046178 0.018057843449896492 0.0029085148042197334 0.050943404456901258 -0.0095898112657810501 -0.0068748238528646005
leaf_weight=263.07962276786566 243.02025371789932 67.193342354148626 134.51857284456491 39.082061111927032 208.29875010251999 322.22107496112585 65.659882694482803
leaf_count=7006 1008 1177 758 170 874 2747 276
internal_value=-0.00098184 0.0114425 -0.00791559 0.02928 0.043397 -0.00139491 0.0188084
internal_weight=1343.07 1079.99 523.933 556.061 247.381 456.74 308.68
internal_count=14016 7010 4682 2328 1044 3505 1284
cat_boundaries=0 1 2 3
cat_threshold=1 6 16
is_linear=0
shrinkage=0.05


Tree=28
num_leaves=8
num_cat=3
split_feature=1 0 0 39 2 34 26
split_gain=318.367 134.577 48.7073 29.4328 28.0889 41.7808 2.97801
threshold=0 1 2 23.350000000000005 10.500000000000002 20.950000000000003 18.750000000000004
decision_type=1 1 1 2 2 2 2
left_child=-1 4 -3 -4 5 -2 -6
right_child=1 2 3 -5 6 -7 -8
leaf_value=-0.051724897374429347 -0.036898560669243761 -0.045308823017140287 0.0050042217092352527 -0.026114571484601164 0.062491009018431271 0.02722731732403524 0.023275937681740529
leaf_weight=251.42339581251144 26.018967404961586 63.511771444231272 358.63487547636032 95.343505211174488 58.024447500705719 464.90724988281727 7.0028223097324362
leaf_count=7024 112 1159 2676 825 263 1928 31
internal_value=-0.00119596 0.0106761 -0.00774341 -0.00154045 0.0274506 0.0237606 0.0586844
internal_weight=1324.87 1073.44 517.49 453.978 555.953 490.926 65.0273
internal_count=14018 6994 4660 3501 2334 2040 294
cat_boundaries=0 1 2 3
cat_threshold=1 6 16
is_linear=0
shrinkage=0.05


Tree=29
num_leaves=9
num_cat=2
split_feature=1 0 36 32 5 32 34 4
split_gain=299.307 122.419 37.4795 48.9015 34.2136 33.5746 25.3378 20.5892
threshold=0 1 96.500000000000014 26.738393000000006 0.14888728888808322 26.563393000000001 24.450000000000003 -0.92923668111203817
decision_type=1 1 2 2 2 2 2 2
left_child=-1 2 3 -2 7 -6 -4 -3
right_child=1 4 6 -5 5 -7 -8 -9
leaf_value=-0.051618278080893955 -0.072760013392101586 0.0044391956904806023 0.032938792364184614 0.010864019119211617 -0.031927229934355941 0.016378909939382943 0.0033163803801474546 -0.041248859318949088
leaf_weight=240.0559546649456 18.23125359416008 30.248311161994934 452.06661906838417 191.42434687167406 53.092716656625271 106.36736991256475 86.154530450701714 128.22556241974235
leaf_count=7036 92 251 1989 967 495 1019 425 1767
internal_value=-0.0013003 0.0100707 0.0209569 0.00328135 -0.0156875 0.000196497 0.028212 -0.0325551
internal_weight=1305.87 1065.81 747.877 209.656 317.934 159.46 538.221 158.474
internal_count=14041 7005 3473 1059 3532 1514 2414 2018
cat_boundaries=0 1 2
cat_threshold=1 7
is_linear=0
shrinkage=0.05


Tree=30
num_leaves=8
num_cat=4
split_feature=1 0 0 5 36 36 0
split_gain=281.712 107.892 48.3939 30.0074 29.9097 25.3498 23.1586
threshold=0 1 2 0.063390085881955258 95.500000000000014 94.500000000000014 3
decision_type=1 1 1 2 2 2 1
left_child=-1 3 -3 6 -5 -4 -2
right_child=1 2 5 4 -6 -7 -8
leaf_value=-0.051514500648281829 0.027451116687039506 -0.044928672455422258 -0.027427664481574937 0.015128484566097625 0.051479129384425781 0.0044340694927016899 -4.425160727373946e-05
leaf_weight=227.36178851127625 153.91061761975288 61.319064330309629 73.678464688360691 90.52795846760273 155.03074558079243 379.56188909709454 152.85731925070286
leaf_count=6992 634 1181 721 374 683 2785 645
internal_value=-0.00110961 0.00967024 -0.0068689 0.0247401 0.0381938 -0.000777222 0.0146855
internal_weight=1294.25 1066.89 514.559 552.327 245.559 453.24 306.768
internal_count=14015 7023 4687 2336 1057 3506 1279
cat_boundaries=0 1 2 3 4
cat_threshold=1 6 16 2
is_linear=0
shrinkage=0.05


Tree=31
num_leaves=9
num_cat=2
split_feature=1 0 42 34 2 36 32 24
split_gain=266.652 95.5113 35.0956 48.7856 42.1784 29.2987 47.1537 24.5655
threshold=0 1 2.5000000000000004 21.550000000000004 9.5000000000000018 96.500000000000014 26.738393000000006 61.500000000000007
decision_type=1 1 2 2 2 2 2 2
left_child=-1 5 3 -3 -4 6 -2 -7
right_child=1 2 4 -5 -6 7 -8 -9
leaf_value=-0.051418266684530062 -0.071050659303562844 -0.029056567866269412 -0.034062426089112752 0.074671312735497403 0.0093260102940869727 0.03830772290865854 0.010602988653970588 0.016356203274238475
leaf_weight=218.44388092495501 18.459895998239517 20.442412886768579 187.62125568464398 23.34199957549572 79.152950409799814 213.39400686323643 192.5845493376255 321.37320723384619
leaf_count=7049 97 204 2435 245 636 1002 963 1404
internal_value=-0.00126235 0.00914807 -0.0139408 0.0266746 -0.0212022 0.0187044 0.00315941 0.0251709
internal_weight=1274.81 1056.37 310.559 43.7844 266.774 745.812 211.044 534.767
internal_count=14035 6986 3520 449 3071 3466 1060 2406
cat_boundaries=0 1 2
cat_threshold=1 7
is_linear=0
shrinkage=0.05


Tree=32
num_leaves=9
num_cat=3
split_feature=1 0 0 36 27 34 34 2
split_gain=258.424 105.842 42.7622 57.1843 30.2439 30.5941 14.6779 14.5307
threshold=0 1 2 94.500000000000014 0.35000000000000003 21.700000000000006 25.250000000000004 7.5000000000000009
decision_type=1 1 1 2 2 2 2 2
left_child=-1 4 6 -4 5 -2 -3 -6
right_child=1 2 3 -5 7 -7 -8 -9
leaf_value=-0.051323869007019046 -0.041046791365095835 0.030354278115874191 -0.02444938001427184 0.015990861093737822 -0.050881461715013815 0.056795001692791752 0.072683266496126345 -0.019138513299785737
leaf_weight=207.86791050061584 12.40428375080228 252.77580793201923 105.04798179119825 498.11636507511139 74.888573762029409 18.982611391693354 22.04050849378109 72.338495392352343
leaf_count=7039 145 1083 716 2789 1194 234 89 775
internal_value=-0.000500826 0.00953686 0.0166104 0.0087737 -0.0246828 0.0180539 0.0328107 -0.0355192
internal_weight=1264.46 1056.59 877.981 603.164 178.614 31.3869 274.816 147.227
internal_count=14064 7025 4677 3505 2348 379 1172 1969
cat_boundaries=0 1 2 3
cat_threshold=1 24 2
is_linear=0
shrinkage=0.05


Tree=33
num_leaves=13
num_cat=2
split_feature=0 0 4 32 5 34 36 39 5 4 44 39
split_gain=116.419 43.9046 27.1028 32.7139 23.0532 31.8527 48.7206 22.5995 25.6008 22.1263 20.0292 18.0644
threshold=0 1 -0.67803021058859214 26.489881000000004 0.53312596302726967 20.950000000000003 97.500000000000014 25.250000000000004 0.31595530242620651 0.97875492728876534 48.800000000000004 23.150000000000002
decision_type=1 1 2 2 2 2 2 2 2 2 2 2
left_child=4 -2 3 -3 7 6 -6 9 -9 -1 -7 -4
right_child=1 2 11 -5 5 10 -8 8 -10 -11 -12 -13
leaf_value=0.0081614725671441072 -0.046559425759852106 -0.021771082734082525 -0.010446672654614905 0.024674972604657036 -0.057522401235696602 0.044562160410163719 0.0487050010163649 0.051668539904943481 -0.039008664728244172 -0.032252668128559557 -0.074932090019628347 -0.034648680210105601
leaf_weight=340.8164144679904 89.012571454048157 59.60919601842761 285.99867962300777 100.41425478458405 22.18492241576314 133.32354535907507 19.217160347849131 48.452065743505955 8.4786051847040635 36.605062302201986 2.7279848195612422 105.34854587167501
leaf_count=2588 2327 579 3916 967 177 1048 163 359 64 271 19 1576
internal_value=-0.000827508 -0.0155925 -0.0097803 0.00734592 0.0146429 0.0300214 -0.00823015 0.00864181 0.0377239 0.00416695 0.0416369 -0.0170334
internal_weight=1252.19 640.383 551.371 160.023 611.806 177.454 41.4021 434.352 56.9307 377.421 136.052 391.347
internal_count=14054 9365 7038 1546 4689 1407 340 3282 423 2859 1067 5492
cat_boundaries=0 1 2
cat_threshold=6 16
is_linear=0
shrinkage=0.05


Tree=34
num_leaves=8
num_cat=3
split_feature=1 0 0 39 4 20 38
split_gain=243.682 80.4589 44.5747 26.7344 25.3959 42.9481 23.0472
threshold=0 1 2 23.350000000000005 0.056951373111866661 33.150000000000013 14.349107500000001
decision_type=1 1 1 2 2 2 2
left_child=-1 4 -3 -4 6 -6 -2
right_child=1 2 3 -5 5 -7 -8
leaf_value=-0.051218653931630047 0.037166371565856941 -0.043736113608184891 0.0066156867242149441 -0.023625175937295118 -0.013015516885471324 0.026510465965611265 -0.063824969061017062
leaf_weight=195.06329236552119 239.26283273100853 53.973028626292944 365.22293842583895 90.30527762696147 102.91511556506157 202.92164646089077 4.9099447131156913
leaf_count=6986 1059 1172 2715 827 434 850 21
internal_value=-9.56383e-06 0.00945779 -0.00494899 0.000569554 0.0224703 0.0132108 0.0348835
internal_weight=1254.57 1059.51 509.501 455.528 550.01 305.837 244.173
internal_count=14064 7078 4714 3542 2364 1284 1080
cat_boundaries=0 1 2 3
cat_threshold=1 6 16
is_linear=0
shrinkage=0.05


Tree=35
num_leaves=8
num_cat=3
split_feature=1 0 0 2 34 4 33
split_gain=220.579 69.1821 39.417 24.4457 26.7578 22.3031 4.29258
threshold=0 1 2 10.500000000000002 20.350000000000005 0.93544191479114935 32.95000000000001
decision_type=1 1 1 2 2 2 2
left_child=-1 3 -3 4 -2 -4 -5
right_child=1 2 5 6 -6 -7 -8
leaf_value=-0.051134073791726499 -0.057808000695954737 -0.043237697201557061 0.002938531654986064 0.053677618008907219 0.018105100887569382 -0.035368475122923897 0.006298898522051323
leaf_weight=187.22884958609939 10.948082908987997 51.137171618640423 404.70520623028278 56.035191714763641 472.22226709127426 40.92360358312726 5.5298046767711631
leaf_count=7038 54 1154 3042 283 1986 450 27
internal_value=-0.00131938 0.00767617 -0.00586346 0.019757 0.0162692 -0.000636395 0.0495907
internal_weight=1228.73 1041.5 496.766 544.735 483.17 445.629 61.565
internal_count=14034 6996 4646 2350 2040 3492 310
cat_boundaries=0 1 2 3
cat_threshold=1 6 16
is_linear=0
shrinkage=0.05


Tree=36
num_leaves=9
num_cat=3
split_feature=1 0 5 36 19 0 37 4
split_gain=212.087 75.5808 32.5696 26.5913 30.0194 25.3116 19.8483 15.9061
threshold=0 1 0.13185577213185917 96.500000000000014 26.680555500000004 2 52.500000000000007 -0.94139628442229051
decision_type=1 1 2 2 2 1 2 2
left_child=-1 3 7 4 -2 -4 -5 -3
right_child=1 2 5 6 -6 -7 -8 -9
leaf_value=-0.051051769743825873 -0.061909968841772411 0.0033868651683334086 0.011365045540117882 0.0403678915803177 0.0068270784087307926 -0.036169725301551534 0.01705926198029881 -0.039280482239025291
leaf_weight=178.96418912149966 16.325086951255798 26.780082877725363 128.66582225263119 117.41494642198086 190.00447373092175 24.083732105791569 416.35560800135136 113.96899889037013
leaf_count=7061 87 230 1008 565 967 509 1873 1750
internal_value=-0.00095566 0.00775928 -0.0134766 0.0161514 0.00111613 0.00207051 0.0222524 -0.0311956
internal_weight=1212.56 1033.6 293.499 740.1 206.33 152.75 533.771 140.749
internal_count=14050 6989 3497 3492 1054 1517 2438 1980
cat_boundaries=0 1 2 3
cat_threshold=1 7 40
is_linear=0
shrinkage=0.05


Tree=37
num_leaves=15
num_cat=3
split_feature=0 2 0 40 34 37 0 34 43 33 34 43 26 5
split_gain=91.1908 26.7445 31.7748 29.688 36.1148 26.2321 24.4328 40.2727 22.0526 20.2939 17.6108 14.636 12.4355 9.22028
threshold=0 8.5000000000000018 1 0.35000000000000003 21.700000000000006 63.500000000000007 2 24.550000000000004 21.850000000000005 31.950000000000003 25.250000000000004 43.800000000000004 26.050000000000004 0.96849880583763492
decision_type=1 2 1 2 2 2 1 2 2 2 2 2 2 2
left_child=6 3 5 4 -2 -3 10 8 -8 -4 11 -1 -9 -5
right_child=1 2 9 13 -6 -7 7 12 -10 -11 -12 -13 -14 -15
leaf_value=0.018528935038849833 -0.050445991143839825 0.051736852633622467 -0.043557617018606901 -0.039838399899959381 0.066202537775789772 -0.016016276206319253 0.015960957751544921 -0.032002375897842654 -0.0082792232352779504 0.011239416649039725 0.060974491524939271 -0.072678948716671229 0.049986243201491448 0.0021924643876580535
leaf_weight=267.81968426704407 10.260593852028252 36.465207615867257 51.40547001734376 200.15551808662713 15.311280902475117 22.473856160417199 307.02649714611471 86.460392283275723 134.18530904687941 24.422805890440941 24.22166183590889 3.5077508427202693 4.0105509273707858 13.844745321199296
leaf_count=2140 182 390 870 4448 241 244 2665 890 1060 394 181 26 37 248
internal_value=-0.000385868 -0.0205116 -0.00320071 -0.0310484 0.0192608 0.022339 0.00887569 0.00230095 0.00858676 -0.0229985 0.0201964 0.0170872 -0.0278611 -0.0371217
internal_weight=1201.57 374.339 134.767 239.572 25.5719 58.9391 827.232 531.683 441.212 75.8283 295.549 271.327 90.4709 214
internal_count=14016 7017 1898 5119 423 634 6999 4652 3725 1264 2347 2166 927 4696
cat_boundaries=0 1 2 3
cat_threshold=7 32 2
is_linear=0
shrinkage=0.05


Tree=38
num_leaves=8
num_cat=3
split_feature=1 0 0 5 37 33 39
split_gain=198.371 68.4873 34.3967 29.8899 23.5214 21.1654 20.7297
threshold=0 1 2 0.08054732823231521 25.500000000000004 34.650000000000013 18.950000000000003
decision_type=1 1 1 2 2 2 2
left_child=-1 3 -3 6 -5 -4 -2
right_child=1 2 5 4 -6 -7 -8
leaf_value=-0.050960241370045234 -0.010368082733796698 -0.042429563386694839 0.0037081260897668411 -0.064009830547463883 0.03565174942746159 -0.024362437297170303 0.017896747580442875
leaf_weight=169.09038412757218 91.949757799506187 47.283233340829611 362.98788991943002 5.1934841573238364 228.43079243600368 81.34906592965126 214.94662959873676
leaf_count=7061 392 1178 2629 26 1036 880 906
internal_value=-0.000925856 0.00731241 -0.00622626 0.0193723 0.0331729 -0.00144181 0.0094221
internal_weight=1201.23 1032.14 491.62 540.521 233.624 444.337 306.896
internal_count=14108 7047 4687 2360 1062 3509 1298
cat_boundaries=0 1 2 3
cat_threshold=1 6 16
is_linear=0
shrinkage=0.05


Tree=39
num_leaves=9
num_cat=1
split_feature=1 38 43 4 33 2 44 19
split_gain=189.688 29.4107 18.3463 16.3969 12.9443 10.3079 4.50107 3.12805
threshold=0 6.2047620000000014 43.800000000000004 0.97508442350096225 31.550000000000004 11.500000000000002 34.400000000000013 28.572917000000004
decision_type=1 2 2 2 2 2 2 2
left_child=-1 4 3 -3 5 -2 -6 -4
right_child=1 2 7 -5 6 -7 -8 -9
leaf_value=-0.05088062254155841 -0.021801890687440359 0.0074175102121442071 -0.061934215915302619 -0.017456429538546408 0.031449671573756867 0.039679531487210901 0.056701862348640497 -0.0065014356091733297
leaf_weight=159.7218668833375 17.677247155457735 813.49493207037449 10.886305045336483 71.1763198915869 62.93799040094018 9.736745763570072 28.328941583633423 3.560997959226369
leaf_count=7000 109 5573 83 561 392 66 178 29
internal_value=-0.000398128 0.00756619 0.00446137 0.00539882 0.0308542 0.000662693 0.0398175 -0.0495764
internal_weight=1177.52 1017.8 899.119 884.671 118.681 27.414 91.2669 14.4473
internal_count=13991 6991 6246 6134 745 175 570 112
cat_boundaries=0 1
cat_threshold=1
is_linear=0
shrinkage=0.05


Tree=40
num_leaves=6
num_cat=3
split_feature=1 0 0 4 33
split_gain=176.055 55.8409 34.2171 38.5445 16.5638
threshold=0 1 2 0.48314048284850658 36.95000000000001
decision_type=1 1 1 2 2
left_child=-1 -2 4 -4 -3
right_child=1 2 3 -5 -6
leaf_value=-0.050806454074334234 -0.042049209649355407 0.021538974973506993 0.011502523675900295 -0.013193211090315455 0.069713523733523755
leaf_weight=152.33783075772226 45.430917020887136 248.20563542842865 482.09342025965452 233.8343134522438 18.533876150846481
leaf_count=7007 1167 1110 2905 1789 77
internal_value=-0.000825642 0.00662241 0.00924654 0.00338214 0.0242292
internal_weight=1180.44 1028.1 982.667 715.928 266.74
internal_count=14055 7048 5881 4694 1187
cat_boundaries=0 1 2 3
cat_threshold=1 16 2
is_linear=0
shrinkage=0.05


Tree=41
num_leaves=6
num_cat=3
split_feature=1 0 0 34 34
split_gain=170.341 53.6343 33.1158 42.7214 15.5436
threshold=0 1 2 24.550000000000004 25.250000000000004
decision_type=1 1 1 2 2
left_child=-1 -2 4 -4 -3
right_child=1 2 3 -5 -6
leaf_value=-0.05073397155485735 -0.041628589066193711 0.021386011951951559 0.0090089397985533663 -0.024707310672506345 0.064784576155137927
leaf_weight=145.3111806511879 43.544512977823615 242.67196418344975 600.57137671858072 110.35863389074802 21.942501395940781
leaf_count=7019 1160 1093 3745 932 92
internal_value=-0.000281379 0.0069553 0.00949338 0.00369585 0.0243002
internal_weight=1164.4 1019.09 975.544 710.93 264.614
internal_count=14041 7022 5862 4677 1185
cat_boundaries=0 1 2 3
cat_threshold=1 16 2
is_linear=0
shrinkage=0.05


Tree=42
num_leaves=9
num_cat=2
split_feature=1 0 34 5 32 37 33 4
split_gain=159.544 54.9121 25.9572 25.5322 34.1661 19.8868 19.7825 12.4565
threshold=0 1 24.550000000000004 0.08054732823231521 26.563393000000001 25.500000000000004 34.550000000000004 -0.69057362043749781
decision_type=1 1 2 2 2 2 2 2
left_child=-1 2 5 7 -5 -2 -4 -3
right_child=1 3 6 4 -6 -7 -8 -9
leaf_value=-0.050666176643312015 -0.063708574985577249 -0.0072224905450998219 -0.022611939938624794 -0.032699828446161532 0.016820971617187482 0.018961160034248577 0.015658787106166791 -0.040514255978526065
leaf_weight=139.30566978827119 6.4132961109280577 42.898580063134432 77.560963146388531 50.515929203480482 106.54097751155496 592.3329968303442 58.300704963505268 83.312849899753928
leaf_count=7062 37 425 386 506 1077 2771 312 1507
internal_value=-0.00067964 0.00620449 0.0133182 -0.0122628 0.000786942 0.0179709 -0.00619486 -0.0293443
internal_weight=1157.18 1017.88 734.608 283.268 157.057 598.746 135.862 126.211
internal_count=14083 7021 3506 3515 1583 2808 698 1932
cat_boundaries=0 1 2
cat_threshold=1 7
is_linear=0
shrinkage=0.05


Tree=43
num_leaves=6
num_cat=3
split_feature=1 0 0 4 39
split_gain=145.254 47.0959 31.7482 36.9698 17.1477
threshold=0 1 2 -0.63921128368950708 25.250000000000004
decision_type=1 1 1 2 2
left_child=-1 -2 4 -4 -3
right_child=1 2 3 -5 -6
leaf_value=-0.050594261641430396 -0.041181732253857295 0.018352532098402829 0.019508530485230727 -0.0055080010701183124 0.059948360521043166
leaf_weight=131.59758393839002 41.716753197833896 232.76375497877598 208.26253994554281 500.93621076643467 27.092674508690834
leaf_count=7006 1172 1055 1095 3556 121
internal_value=-0.00138856 0.00506146 0.0074404 0.00182969 0.0220569
internal_weight=1142.37 1010.77 969.055 709.199 259.856
internal_count=14005 6999 5827 4651 1176
cat_boundaries=0 1 2 3
cat_threshold=1 16 2
is_linear=0
shrinkage=0.05


Tree=44
num_leaves=6
num_cat=3
split_feature=1 0 0 2 4
split_gain=139.767 44.8082 27.0429 31.3074 14.6077
threshold=0 1 2 7.5000000000000009 -0.51297808981038739
decision_type=1 1 1 2 2
left_child=-1 -2 4 -4 -3
right_child=1 2 3 -5 -6
leaf_value=-0.050529980326957352 -0.040761609051900537 0.0018751107144352082 -0.0066644406875408617 0.014603240639729634 0.028882005217893567
leaf_weight=126.05647546797991 40.04764399304986 68.09630274772644 411.61651510745287 297.05562316998839 189.67250548303127
leaf_count=7043 1170 332 3019 1641 841
internal_value=-0.00111302 0.00512016 0.00740637 0.00222701 0.0209718
internal_weight=1132.55 1006.49 966.441 708.672 257.769
internal_count=14046 7003 5833 4660 1173
cat_boundaries=0 1 2 3
cat_threshold=1 16 2
is_linear=0
shrinkage=0.05


Tree=45
num_leaves=6
num_cat=2
split_feature=1 0 4 32 42
split_gain=138.129 44.153 21.8303 27.3521 16.1358
threshold=0 1 0.84313847884979054 26.606547500000005 2.5000000000000004
decision_type=1 1 2 2 2
left_child=-1 -2 3 -3 -4
right_child=1 2 4 -5 -6
leaf_value=-0.050462703419650007 -0.040310307861242997 -0.0026717823150632131 0.020612039720203854 0.017861975427456701 -0.015423417690651734
leaf_weight=119.69997571781278 38.321152472868562 227.03554549813271 39.068598136305809 564.65425578132272 138.0812167711556
leaf_count=7027 1162 1277 247 3389 950
internal_value=8.53217e-05 0.006137 0.00834344 0.0119775 -0.00740507
internal_weight=1126.86 1007.16 968.84 791.69 177.15
internal_count=14052 7025 5863 4666 1197
cat_boundaries=0 1 2
cat_threshold=1 16
is_linear=0
shrinkage=0.05


Tree=46
num_leaves=8
num_cat=3
split_feature=1 0 0 2 39 39 36
split_gain=127.912 49.0926 24.1862 23.9479 21.8044 20.1116 3.34436
threshold=0 1 2 10.500000000000002 25.250000000000004 23.550000000000004 99.500000000000014
decision_type=1 1 1 2 2 2 2
left_child=-1 3 -3 4 -2 -4 -5
right_child=1 2 5 6 -6 -7 -8
leaf_value=-0.050401660428154221 0.0081387466162321544 -0.040052949912110718 0.0022551343534960057 0.062709743530964465 0.041793891772581901 -0.02518828861048469 0.035002003011396658
leaf_weight=114.74844106379896 416.40719382464886 37.49011410959065 367.63611403852701 21.330817610025406 53.561894923448563 80.537428181618452 34.217053711414337
leaf_count=7072 1815 1180 2745 119 232 771 193
internal_value=-0.000610506 0.00508399 -0.00637179 0.0154898 0.012055 -0.00266231 0.0465628
internal_weight=1125.93 1011.18 485.664 525.517 469.969 448.174 55.5479
internal_count=14127 7055 4696 2359 2047 3516 312
cat_boundaries=0 1 2 3
cat_threshold=1 6 16
is_linear=0
shrinkage=0.05


Tree=47
num_leaves=8
num_cat=2
split_feature=1 38 38 39 33 3 5
split_gain=120.314 20.6098 16.5506 15.818 9.91869 4.7642 3.1981
threshold=0 6.2047620000000014 14.349107500000001 20.150000000000002 31.950000000000003 1 0.99611390731392835
decision_type=1 2 2 2 2 1 2
left_child=-1 4 3 -3 5 -2 -6
right_child=1 2 -4 -5 6 -7 -8
leaf_value=-0.050335442723567825 -0.0045115545180200939 -0.0048726148759404703 -0.064268151005683991 0.0086785082610786757 0.037429615290929898 0.032521028979314012 -0.0038253885036457613
leaf_weight=108.40281950309873 33.265686692669988 374.0941515006125 8.265485802665351 504.90563523024321 72.277633711695671 10.665460698306559 4.8311661556363097
leaf_count=7013 198 2566 66 3632 461 73 33
internal_value=-0.000531686 0.00486728 0.00221481 0.00291229 0.0241333 0.00500279 0.0348289
internal_weight=1116.71 1008.31 887.265 879 121.04 43.9311 77.1088
internal_count=14042 7029 6264 6198 765 271 494
cat_boundaries=0 1 2
cat_threshold=1 2
is_linear=0
shrinkage=0.05


Tree=48
num_leaves=6
num_cat=3
split_feature=1 0 0 2 33
split_gain=120.324 40.7633 23.7242 25.9701 15.1413
threshold=0 1 2 7.5000000000000009 36.95000000000001
decision_type=1 1 1 2 2
left_child=-1 -2 4 -4 -3
right_child=1 2 3 -5 -6
leaf_value=-0.050275405343959058 -0.03966524643354255 0.018307952764163065 -0.0047709078171003349 0.014467768748322006 0.065274538327578999
leaf_weight=103.64677734393626 36.114789085462689 235.28446809947491 413.98179933056235 302.94352735206485 17.755107119679451
leaf_count=7041 1174 1091 3033 1663 78
internal_value=0.000754175 0.00605597 0.00812227 0.00332114 0.02102
internal_weight=1109.73 1006.08 969.965 716.925 253.04
internal_count=14080 7039 5865 4696 1169
cat_boundaries=0 1 2 3
cat_threshold=1 16 2
is_linear=0
shrinkage=0.05


Tree=49
num_leaves=9
num_cat=2
split_feature=0 4 32 36 44 37 39 0
split_gain=45.2676 22.4487 22.5434 36.9143 22.8475 21.5011 25.6423 10.4863
threshold=0 0.95752911693909504 26.606547500000005 96.500000000000014 46.250000000000007 42.500000000000007 24.950000000000003 1
decision_type=1 2 2 2 2 2 2 1
left_child=-1 2 3 -2 -4 6 -3 -7
right_child=1 5 4 -5 -6 7 -8 -9
leaf_value=-0.042230527120339506 -0.065925178837181256 -0.055283765941644095 0.011484220106311475 -0.0023025020735484218 -0.020085562525843034 0.036593822027992863 0.0065636796593933336 -0.015992224101633635
leaf_weight=50.808218454942107 24.464679276570678 48.009107138030231 642.63206138834357 218.58151143044233 62.003703176043928 11.966738454066215 25.172095462679863 10.846665064804258
leaf_count=2363 294 635 7205 2255 720 108 321 161
internal_value=-0.000652638 0.00179699 0.00415502 -0.00895056 0.00868174 -0.0210997 -0.0342084 0.0206213
internal_weight=1094.48 1043.68 947.682 243.046 704.636 95.9946 73.1812 22.8134
internal_count=14062 11699 10474 2549 7925 1225 956 269
cat_boundaries=0 1 2
cat_threshold=16 3
is_linear=0
shrinkage=0.05


Tree=50
num_leaves=6
num_cat=3
split_feature=1 0 0 5 33
split_gain=107.235 34.1237 20.8072 26.1806 17.302
threshold=0 1 2 0.08054732823231521 34.850000000000001
decision_type=1 1 1 2 2
left_child=-1 -2 3 -3 -4
right_child=1 2 4 -5 -6
leaf_value=-0.050209590771235213 -0.038807650685862359 0.0034746912878145875 0.0024746082913279007 0.0263493071182711 -0.024425866463270728
leaf_weight=98.243936284445226 33.314030900597572 293.63092485070229 383.00437386706471 217.38520064949989 69.800434377044439
leaf_count=7043 1163 1276 2719 1042 811
internal_value=-0.000641906 0.00428722 0.0061539 0.0129844 -0.0016798
internal_weight=1095.38 997.135 963.821 511.016 452.805
internal_count=14054 7011 5848 2318 3530
cat_boundaries=0 1 2 3
cat_threshold=1 16 6
is_linear=0
shrinkage=0.05


Tree=51
num_leaves=15
num_cat=2
split_feature=0 40 34 36 0 33 43 44 4 32 39 4 38 36
split_gain=46.3611 39.5217 44.6446 32.1521 25.6346 24.1384 16.5153 14.9638 10.9647 26.0215 14.7736 6.22533 3.14011 0.726474
threshold=0 0.35000000000000003 21.700000000000006 94.500000000000014 1 33.650000000000013 43.800000000000004 37.250000000000007 -0.94705910369513513 26.643750000000001 15.850000000000003 0.79904096188274243 7.0422620000000009 82.500000000000014
decision_type=1 2 2 2 1 2 2 2 2 2 2 2 2 2
left_child=1 2 -1 4 5 -2 7 -5 9 -3 -10 -4 -8 -6
right_child=3 8 11 6 13 -7 12 -9 10 -11 -12 -13 -14 -15
leaf_value=-0.047604337017906041 -0.077966552016236201 -0.042733034342059058 0.14213212039671635 0.0032932475156315921 -0.0038610477584595428 0.0057944670578680794 -0.0093933862339292198 0.017656568428150159 0.0039923710066531691 0.06448023302037291 -0.042675165585657093 0.036688265527726187 -0.060611871778654375 -0.050528419515030155
leaf_weight=6.3211805811151853 8.3213342363014799 12.565468420274557 6.2750144284218532 391.8548294827342 1.0238790167495597 110.36079608090222 4.9546205028891555 337.43675514589995 19.471455866470933 8.7118367291986925 122.43809239100665 2.8236507270485163 8.6220945371314865 48.229311805218458
leaf_count=156 71 249 112 3965 18 891 52 3354 447 154 3521 54 95 934
internal_value=-0.000238648 -0.0227508 0.0502914 0.00439734 -0.015253 -0.000628273 0.00891321 0.00995411 -0.0313026 0.00208858 -0.0362888 0.116282 -0.0438471 -0.0414135
internal_weight=1089.41 178.607 15.4198 910.804 167.935 118.682 742.868 729.292 163.187 21.2773 141.91 9.09867 13.5767 49.2532
internal_count=14073 4693 322 9380 1914 962 7466 7319 4371 403 3968 166 147 952
cat_boundaries=0 1 2
cat_threshold=24 6
is_linear=0
shrinkage=0.05


Tree=52
num_leaves=6
num_cat=2
split_feature=1 0 38 43 39
split_gain=102.387 32.5632 18.707 21.7522 17.3521
threshold=0 1 7.0270830000000002 14.850000000000003 20.150000000000002
decision_type=1 1 2 2 2
left_child=-1 -2 3 -3 -4
right_child=1 2 4 -5 -6
leaf_value=-0.050140465424525542 -0.038302646158705482 0.033552518881529145 -0.010160857777753329 0.0054322208456114322 0.007203262774523678
leaf_weight=92.585821405984461 31.831970896571875 117.55930121988058 206.04010888934135 164.89299323037267 470.72244741767645
leaf_count=7023 1183 682 1268 913 2992
internal_value=-0.000147191 0.00456913 0.00636289 0.0172132 0.00190957
internal_weight=1083.63 991.047 959.215 282.452 676.763
internal_count=14061 7038 5855 1595 4260
cat_boundaries=0 1 2
cat_threshold=1 16
is_linear=0
shrinkage=0.05


Tree=53
num_leaves=15
num_cat=1
split_feature=0 5 32 4 44 39 43 34 5 43 43 4 33 21
split_gain=40.3997 25.0654 31.7813 24.5093 17.0027 22.3212 20.1257 16.6907 15.5773 14.9151 18.5107 10.7097 62.0625 3.94017
threshold=0 0.08054732823231521 26.463690500000002 -0.92274349529687905 45.20000000000001 25.250000000000004 12.550000000000002 18.250000000000004 0.29958852271690523 43.800000000000004 33.750000000000007 0.42179998225932674 33.95000000000001 25.350000000000005
decision_type=1 2 2 2 2 2 2 2 2 2 2 2 2 2
left_child=4 11 7 -4 9 6 -6 -3 -7 10 -1 12 -2 -11
right_child=1 2 3 -5 5 8 -8 -9 -10 13 -12 -13 -14 -15
leaf_value=0.0084582290518561906 -0.029618452515843122 0.081076481649822577 0.077950077683663854 0.0035470838001417457 -0.078570775402825865 0.023567245972950041 -0.012405696558768768 -0.043896835521230408 -0.058790310204261835 -0.060536570055851904 0.048042055827784473 -0.051344259639454895 0.16224991981809658 -0.00099955925862541006
leaf_weight=624.50862990319729 92.469569721259177 1.9351731939241279 11.276505274698136 113.69469819869846 16.935115467756987 39.658119258470833 33.326007882133126 44.704447917640209 5.7144948597997418 8.4447294129058701 30.0730697857216 43.342597827315331 3.4268771801143876 3.9856812562793484
leaf_count=5779 2222 36 136 2148 156 364 282 836 65 78 260 1546 108 39
internal_value=0.000189662 -0.0147007 -0.00234354 0.0108262 0.00637916 -0.0131586 -0.0357974 -0.0371184 0.0121505 0.00929141 0.0103473 -0.0308538 -0.0211583 -0.0429425
internal_weight=1073.5 310.85 171.611 124.971 762.646 95.6337 50.2611 46.6396 45.3726 667.012 654.582 139.239 95.8964 12.4304
internal_count=14055 7032 3156 2284 7023 867 438 872 429 6156 6039 3876 2330 117
cat_boundaries=0 1
cat_threshold=7
is_linear=0
shrinkage=0.05


Tree=54
num_leaves=8
num_cat=3
split_feature=1 0 5 36 0 33 39
split_gain=94.5317 28.9906 21.2294 32.0856 18.5416 18.2251 16.9267
threshold=0 1 0.53312596302726967 97.500000000000014 2 31.650000000000002 25.250000000000004
decision_type=1 1 2 2 1 2 2
left_child=-1 2 6 -4 -3 -6 -2
right_child=1 4 3 -5 5 -7 -8
leaf_value=-0.050074620539090231 0.0018050167315178088 -0.037525897469284621 0.0025645138987261595 0.050753980975639781 -0.02149699328604146 0.0032051931514234231 0.032780519643600264
leaf_weight=87.458098937757313 328.38607928156853 29.623112585395575 63.568260356783867 74.939204826951027 94.08256746083498 346.94921033829451 49.971472904086113
leaf_count=7002 1445 1165 278 424 609 2882 222
internal_value=-0.00055526 0.00387656 0.0119069 0.0288143 -0.0050932 -0.0020546 0.00597172
internal_weight=1074.98 987.52 516.865 138.507 470.655 441.032 378.358
internal_count=14027 7025 2369 702 4656 3491 1667
cat_boundaries=0 1 2 3
cat_threshold=1 6 16
is_linear=0
shrinkage=0.05


Tree=55
num_leaves=6
num_cat=3
split_feature=1 0 0 34 25
split_gain=91.6258 27.9699 20.9371 23.1387 11.52
threshold=0 1 2 24.450000000000003 6.8583335000000014
decision_type=1 1 1 2 2
left_child=-1 -2 4 -4 -3
right_child=1 2 3 -5 -6
leaf_value=-0.050014986803344999 -0.037106970384294113 0.037479493015413222 0.0056636352227254156 -0.017796365080933341 0.012544176526485599
leaf_weight=83.211808599531651 28.543414720334113 61.271588519215584 582.01680776104331 127.22574355825782 188.74164235591888
leaf_count=6990 1165 320 3613 1077 866
internal_value=5.1225e-05 0.0043151 0.00590989 0.00141625 0.0180606
internal_weight=1071.01 987.799 959.256 709.243 250.013
internal_count=14031 7041 5876 4690 1186
cat_boundaries=0 1 2 3
cat_threshold=1 16 2
is_linear=0
shrinkage=0.05


Tree=56
num_leaves=6
num_cat=2
split_feature=1 0 44 19 5
split_gain=84.7499 25.4768 19.0734 17.2834 16.7092
threshold=0 1 44.800000000000004 26.619444500000004 0.36447543099728857
decision_type=1 1 2 2 2
left_child=-1 -2 3 -3 -4
right_child=1 2 4 -5 -6
leaf_value=-0.049958550034697492 -0.036683780896617321 -0.0045465569901349256 -0.0079108776334572747 0.011896039005475895 -0.076363754355690858
leaf_weight=79.671762571670115 27.499524969607592 214.91234832629561 115.88420101255178 617.37978361174464 8.6945010200142843
leaf_count=7032 1161 1232 745 3842 57
internal_value=-0.000688147 0.00334629 0.00486599 0.00764991 -0.0132583
internal_weight=1064.04 984.37 956.871 832.292 124.579
internal_count=14069 7037 5876 5074 802
cat_boundaries=0 1 2
cat_threshold=1 16
is_linear=0
shrinkage=0.05


Tree=57
num_leaves=9
num_cat=1
split_feature=1 4 33 32 34 33 33 33
split_gain=79.288 21.3238 20.0185 16.4305 14.2944 10.1608 17.9395 5.73765
threshold=0 0.83849049182116964 36.20000000000001 26.500893000000001 26.550000000000004 36.850000000000001 35.750000000000007 37.750000000000007
decision_type=1 2 2 2 2 2 2 2
left_child=-1 2 3 -2 -4 6 -3 -7
right_child=1 5 4 -5 -6 7 -8 -9
leaf_value=-0.049895422687955299 -0.0069765277430013295 -0.0048435447431115696 0.082157757569649881 0.0095262675604118295 -0.019112981789979683 0.020183575726086214 -0.042608058414175976 -0.014660516209180114
leaf_weight=75.342425089329481 202.48491343855858 80.479596346616745 13.199298024177553 583.34946019761264 4.1818394735455504 30.006045447662473 50.932403016835451 18.191171711310744
leaf_count=6975 1373 628 99 4073 37 250 414 166
internal_value=-0.000809573 0.00300019 0.00648407 0.00527055 0.0580781 -0.0125294 -0.0196915 0.00700162
internal_weight=1058.17 982.825 803.216 785.834 17.3811 179.609 131.412 48.1972
internal_count=14015 7040 5582 5446 136 1458 1042 416
cat_boundaries=0 1
cat_threshold=1
is_linear=0
shrinkage=0.05


Tree=58
num_leaves=6
num_cat=2
split_feature=1 0 13 27 38
split_gain=77.0936 25.0069 18.1112 21.6258 14.8079
threshold=0 1 6.5500000000000007 35.250000000000007 14.349107500000001
decision_type=1 1 2 2 2
left_child=-1 -2 3 -3 -4
right_child=1 2 4 -5 -6
leaf_value=-0.049838234567109028 -0.036489620417078719 0.025937927246536187 0.0015551131047448945 -0.0050034197906942838 -0.063726489764710778
leaf_weight=72.042301897890866 27.055678877979517 177.92968313395977 683.47499445080757 82.097843680530787 7.7984460927546015
leaf_count=7010 1175 1038 4304 455 55
internal_value=-0.000285242 0.00341081 0.0049143 0.0161871 0.000727663
internal_weight=1050.4 978.357 951.301 260.028 691.273
internal_count=14037 7027 5852 1493 4359
cat_boundaries=0 1 2
cat_threshold=1 16
is_linear=0
shrinkage=0.05


Tree=59
num_leaves=6
num_cat=3
split_feature=1 0 0 2 32
split_gain=73.6329 23.6354 17.4405 21.5219 14.0759
threshold=0 1 2 7.5000000000000009 27.035417000000006
decision_type=1 1 1 2 2
left_child=-1 -2 4 -4 -3
right_child=1 2 3 -5 -6
leaf_value=-0.04977419889849629 -0.035928650531280665 0.0004865273875331868 -0.0064405274479921622 0.01114494468026144 0.02554400488491242
leaf_weight=68.179205615073442 25.754293981939554 85.86342316865921 412.27649671956897 299.49768895283341 160.60200975835323
leaf_count=6966 1161 447 3049 1655 735
internal_value=8.89348e-05 0.00359089 0.0050117 0.000950935 0.0161972
internal_weight=1052.17 983.994 958.24 711.774 246.465
internal_count=14013 7047 5886 4704 1182
cat_boundaries=0 1 2 3
cat_threshold=1 16 2
is_linear=0
shrinkage=0.05


Tree=60
num_leaves=6
num_cat=2
split_feature=1 0 4 4 4
split_gain=70.548 22.6128 17.314 25.2511 16.4506
threshold=0 1 -0.9354548908432756 -0.86976336936302323 -0.99630266176052629
decision_type=1 1 2 2 2
left_child=-1 -2 4 -4 -3
right_child=1 2 3 -5 -6
leaf_value=-0.049723024021254059 -0.0356051416372953 -0.0098632308780367411 -0.033375323087019397 0.0044424988030397194 0.033594897381475614
leaf_weight=65.692541550844908 25.065481000579894 28.411417551338673 45.740288235247135 793.49694415181875 87.125437065958977
leaf_count=7045 1169 139 237 5053 439
internal_value=3.80127e-05 0.00342149 0.00480449 0.00234408 0.0229153
internal_weight=1045.53 979.84 954.774 839.237 115.537
internal_count=14082 7037 5868 5290 578
cat_boundaries=0 1 2
cat_threshold=1 16
is_linear=0
shrinkage=0.05


Tree=61
num_leaves=9
num_cat=2
split_feature=1 0 27 19 4 35 33 4
split_gain=66.0514 22.1594 36.0672 35.7111 21.5966 21.5336 20.294 11.2999
threshold=0 1 0.35000000000000003 27.512500000000003 0.61237135649459018 62.229166500000012 34.550000000000004 -0.31799228562170639
decision_type=1 1 2 2 2 2 2 2
left_child=-1 2 3 -2 5 -3 -6 -4
right_child=1 4 7 -5 6 -7 -8 -9
leaf_value=-0.049655898990065145 -0.033622928459880547 -0.039812166015339941 -0.013272635400735098 0.082599310726837391 -0.027260485521247019 0.013295148272245075 0.0034861213513134935 -0.045412780942662608
leaf_weight=61.989962393883616 10.323869895190002 18.799424722790718 60.634119903668761 15.435537109151481 76.52330269291997 568.77815449982882 173.80256883054972 50.678969130851328
leaf_count=6977 160 110 807 223 443 3038 1105 1144
internal_value=-3.16452e-05 0.00317116 -0.0147773 0.0365039 0.00622343 0.0115312 -0.00598402 -0.0281796
internal_weight=1036.97 974.976 137.072 25.7594 837.903 587.578 250.326 111.313
internal_count=14007 7030 2334 383 4696 3148 1548 1951
cat_boundaries=0 1 2
cat_threshold=1 24
is_linear=0
shrinkage=0.05


Tree=62
num_leaves=15
num_cat=2
split_feature=0 40 34 5 36 20 0 43 44 4 32 39 2 38
split_gain=26.5019 30.3328 35.347 26.5105 24.8934 24.6151 30.4508 15.5877 14.211 11.5523 21.9895 13.7874 2.99176 2.98469
threshold=0 0.8500000000000002 21.700000000000006 0.28313308994381586 94.500000000000014 33.45000000000001 1 43.800000000000004 37.250000000000007 -0.94705910369513513 26.563393000000001 15.850000000000003 1.5000000000000002 6.8622025000000013
decision_type=1 2 2 2 2 2 1 2 2 2 2 2 2 2
left_child=1 2 -1 -4 5 12 -7 8 -6 10 -3 -11 -2 -9
right_child=4 9 3 -5 7 6 -8 13 -10 11 -12 -13 -14 -15
leaf_value=-0.048726761028678151 -0.0076813012068290267 -0.043725016757103274 -0.040646555111064311 0.11573558438635639 0.0010368290052576469 0.0073885700499057199 -0.039047427001554447 -0.0041105466122737001 0.015274250922886852 0.0070210925785641493 0.056765947625298012 -0.042685244058880717 -0.076870418164049964 -0.061257256134632079
leaf_weight=7.5012879343703416 1.989947135560217 10.170711085200312 2.9879837692715219 10.45903157442808 381.98820214578882 104.11444138642401 41.090631435159594 3.1715013920329502 323.11438094219193 15.982699507847427 9.6294583892449719 96.323609984945506 15.284287325106559 8.8532856632955355
leaf_count=214 23 241 103 200 3966 849 872 34 3349 415 179 3321 176 104
internal_value=-0.000872112 -0.0193241 0.0341657 0.0805786 0.00254741 -0.0150369 -0.00809462 0.00658235 0.00757354 -0.0294508 0.00552648 -0.0356118 -0.0697565 -0.0476578
internal_weight=1032.66 153.055 20.9483 13.447 879.607 162.479 145.205 717.127 705.103 132.106 19.8002 112.306 17.2742 12.0248
internal_count=14046 4673 517 303 9373 1920 1721 7453 7315 4156 420 3736 199 138
cat_boundaries=0 1 2
cat_threshold=24 6
is_linear=0
shrinkage=0.05


Tree=63
num_leaves=5
num_cat=3
split_feature=1 0 38 0
split_gain=60.5391 19.2741 17.1204 17.4648
threshold=0 1 14.349107500000001 2
decision_type=1 1 2 1
left_child=-1 -2 3 -3
right_child=1 2 -4 -5
leaf_value=-0.049591182284410174 -0.034739517576190447 0.015488430914092653 -0.068808478312605045 5.6521678235421062e-05
leaf_weight=58.858348506968468 23.223655574023724 238.39841218292713 7.1141288429498664 702.81204423308372
leaf_count=7005 1164 1162 52 4652
internal_value=-0.000787802 0.00221676 0.00348664 0.00414253
internal_weight=1030.41 971.548 948.325 941.21
internal_count=14035 7030 5866 5814
cat_boundaries=0 1 2 3
cat_threshold=1 16 2
is_linear=0
shrinkage=0.05


Tree=64
num_leaves=6
num_cat=3
split_feature=1 0 5 0 39
split_gain=58.6662 18.9243 19.3735 30.1614 23.7577
threshold=0 1 0.51849435583340198 2 18.950000000000003
decision_type=1 1 2 1 2
left_child=-1 -2 4 -4 -3
right_child=1 2 3 -5 -6
leaf_value=-0.049528617006707465 -0.03437484717579245 -0.014891618238943208 -0.014710087102849437 0.022579124657508259 0.0056280599492949945
leaf_weight=56.015179295558482 22.518778731115162 205.24049644172192 64.278969220817089 227.88825087994337 445.35142726078629
leaf_count=7000 1157 1210 354 1414 2859
internal_value=-0.000243297 0.00266503 0.00390808 0.0146214 -0.000858148
internal_weight=1021.29 965.278 942.759 292.167 650.592
internal_count=13994 6994 5837 1768 4069
cat_boundaries=0 1 2 3
cat_threshold=1 16 1
is_linear=0
shrinkage=0.05


Tree=65
num_leaves=6
num_cat=3
split_feature=1 0 43 0 25
split_gain=53.357 17.2001 15.0961 13.858 2.11852
threshold=0 1 43.800000000000004 2 6.2909720000000009
decision_type=1 1 2 1 2
left_child=-1 -2 3 -3 -4
right_child=1 2 4 -5 -6
leaf_value=-0.049466869538326158 -0.034106310854963233 0.013500706181368623 -0.0071891079111191247 -0.00026117958220149768 -0.059253682320710523
leaf_weight=53.419249064289033 22.036477156914771 237.96136236935854 2.7424686029553405 696.82000243291259 10.004598714411257
leaf_count=7008 1167 1165 19 4593 77
internal_value=-0.00129043 0.00141213 0.00260537 0.00339426 -0.04939
internal_weight=1022.98 969.565 947.528 934.781 12.7471
internal_count=14029 7021 5854 5758 96
cat_boundaries=0 1 2 3
cat_threshold=1 16 2
is_linear=0
shrinkage=0.05


Tree=66
num_leaves=9
num_cat=2
split_feature=1 0 27 36 32 34 34 4
split_gain=51.4651 17.5542 33.2905 28.5891 31.2156 26.7151 22.619 11.4384
threshold=0 1 0.35000000000000003 96.500000000000014 26.738393000000006 21.700000000000006 20.550000000000004 -0.65234524191686594
decision_type=1 1 2 2 2 2 2 2
left_child=-1 2 5 4 -3 -2 -5 -4
right_child=1 3 7 6 -6 -7 -8 -9
leaf_value=-0.049403723019703055 -0.034807961746756377 -0.069862322211039468 -0.0083787874290795674 0.052671315191301415 -0.0048310194558721688 0.068409248697022196 0.007903235139346881 -0.041797903422794311
leaf_weight=50.923500780481845 8.7371429270133394 19.233177445828915 44.196873508393764 28.706229284405708 212.14684809744358 17.448542083613575 581.79288406670094 61.928287968970835
leaf_count=7014 143 122 541 163 1313 230 3129 1419
internal_value=-0.00090019 0.00168328 -0.0145547 0.00437033 -0.010514 0.0339561 0.010091 -0.0280883
internal_weight=1025.11 974.19 132.311 841.879 231.38 26.1857 610.499 106.125
internal_count=14074 7060 2333 4727 1435 373 3292 1960
cat_boundaries=0 1 2
cat_threshold=1 24
is_linear=0
shrinkage=0.05


Tree=67
num_leaves=15
num_cat=0
split_feature=44 4 19 36 31 39 43 35 39 39 5 25 25 37
split_gain=15.4166 16.553 24.2094 30.435 22.0505 14.8529 13.8185 13.2408 14.5315 14.0279 10.5057 9.32555 8.2735 7.40548
threshold=44.800000000000004 0.93544191479114935 26.619444500000004 96.500000000000014 34.400000000000013 25.250000000000004 12.550000000000002 74.220238000000009 24.950000000000003 19.550000000000004 0.36447543099728857 7.1604165000000011 12.820833500000001 69.500000000000014
decision_type=2 2 2 2 2 2 2 2 2 2 2 2 2 2
left_child=1 2 3 -1 -4 6 11 8 -3 -9 13 -2 -8 -7
right_child=5 7 4 -5 -6 10 12 9 -10 -11 -12 -13 -14 -15
leaf_value=-0.065300685264050071 0.019375907947101409 -0.046202432539116815 0.00089470440170209917 -0.003183428742390602 0.020518645063624261 0.0016649748059482711 -0.0069397391703165563 -0.023374034136129464 0.011502794486606904 0.040582236713057551 -0.063448862315160878 -0.077324600044560376 -0.05969279555665348 0.057678837407800249
leaf_weight=20.891325938049704 2.4654395277611938 43.215844258666039 304.62299386318773 200.03862729063258 269.20891623850912 53.099251741543412 41.46782992221415 16.877085818443447 14.025025703478603 15.525137118529527 4.6432920363731673 17.886312704533339 8.1525617125444096 5.6478880723007014
leaf_count=319 32 727 4103 2516 3730 775 577 248 223 236 74 281 115 89
internal_value=1.19141e-05 0.00240677 0.00471027 -0.00932506 0.0101208 -0.0157695 -0.0314812 -0.0178423 -0.0321089 0.00756738 0.00179306 -0.0652513 -0.016615 0.00792534
internal_weight=1017.77 884.405 794.762 220.93 573.832 133.363 69.9721 89.6431 57.2409 32.4022 63.3904 20.3518 49.6204 58.7471
internal_count=14045 12102 10668 2835 7833 1943 1005 1434 950 484 938 313 692 864
is_linear=0
shrinkage=0.05


Tree=68
num_leaves=6
num_cat=3
split_feature=1 0 4 44 0
split_gain=51.1044 17.1487 16.1515 15.8685 11.37
threshold=0 1 0.81428061195174062 48.050000000000004 2
decision_type=1 1 2 2 1
left_child=-1 -2 3 -3 -4
right_child=1 2 4 -5 -6
leaf_value=-0.049342474505821472 -0.033489862147787604 0.0089417327765297198 0.0041747909249446376 -0.020813870788983418 -0.020170463933293838
leaf_weight=48.65189517987892 20.922570796683431 711.68403975665569 86.55265361443162 46.876530662178993 95.078891713172197
leaf_count=7034 1170 4264 518 298 777
internal_value=0.000123378 0.00267604 0.0038307 0.00707795 -0.00948576
internal_weight=1009.77 961.115 940.192 758.561 181.632
internal_count=14061 7027 5857 4562 1295
cat_boundaries=0 1 2 3
cat_threshold=1 16 3
is_linear=0
shrinkage=0.05


end of trees

feature_importances:
age_group=131
gender=62
day_of_year_sin=50
temperature_min_7d=41
day_of_year_cos=30
wind_speed_max_7d=29
humidity_max_7d=24
month=23
temperature_max_7d=19
temperature_mean_7d=17
rain_max_daily_7d=12
wind_speed_mean_7d=10
wind_gust_max_7d=10
humidity_min_7d=8
temperature_mean_3d=7
rain_days_7d=6
wind_speed_mean_3d=5
precipitation_sum_3d=5
temperature_max_3d=4
wind_speed_max_3d=4
precipitation_sum_7d=4
temperature_max_current=3
humidity_mean_7d=2
season=1
humidity_min_current=1
wind_speed_mean_current=1
temperature_min_3d=1
humidity_min_3d=1
rain_max_daily_3d=1
wind_gust_max_3d=1

parameters:
[boosting: gbdt]
[objective: binary]
[metric: binary_logloss]
[tree_learner: serial]
[device_type: cpu]
[data_sample_strategy: bagging]
[data: ]
[valid: ]
[num_iterations: 69]
[learning_rate: 0.05]
[num_leaves: 15]
[num_threads: 8]
[seed: 42]
[deterministic: 0]
[force_col_wise: 0]
[force_row_wise: 0]
[histogram_pool_size: -1]
[max_depth: 4]
[min_data_in_leaf: 20]
[min_sum_hessian_in_leaf: 0.001]
[bagging_fraction: 0.9]
[pos_bagging_fraction: 1]
[neg_bagging_fraction: 1]
[bagging_freq: 1]
[bagging_seed: 400]
[bagging_by_query: 0]
[feature_fraction: 0.9]
[feature_fraction_bynode: 1]
[feature_fraction_seed: 30056]
[extra_trees: 0]
[extra_seed: 12879]
[early_stopping_round: 0]
[early_stopping_min_delta: 0]
[first_metric_only: 0]
[max_delta_step: 0]
[lambda_l1: 0]
[lambda_l2: 1]
[linear_lambda: 0]
[min_gain_to_split: 0]
[drop_rate: 0.1]
[max_drop: 50]
[skip_drop: 0.5]
[xgboost_dart_mode: 0]
[uniform_drop: 0]
[drop_seed: 17869]
[top_rate: 0.2]
[other_rate: 0.1]
[min_data_per_group: 100]
[max_cat_threshold: 32]
[cat_l2: 10]
[cat_smooth: 10]
[max_cat_to_onehot: 4]
[top_k: 20]
[monotone_constraints: ]
[monotone_constraints_method: basic]
[monotone_penalty: 0]
[feature_contri: ]
[forcedsplits_filename: ]
[refit_decay_rate: 0.9]
[cegb_tradeoff: 1]
[cegb_penalty_split: 0]
[cegb_penalty_feature_lazy: ]
[cegb_penalty_feature_coupled: ]
[path_smooth: 0]
[interaction_constraints: ]
[verbosity: -1]
[saved_feature_importance_type: 0]
[use_quantized_grad: 0]
[num_grad_quant_bins: 4]
[quant_train_renew_leaf: 0]
[stochastic_rounding: 1]
[linear_tree: 0]
[max_bin: 255]
[max_bin_by_feature: ]
[min_data_in_bin: 3]
[bin_construct_sample_cnt: 200000]
[data_random_seed: 175]
[is_enable_sparse: 1]
[enable_bundle: 1]
[use_missing: 1]
[zero_as_missing: 0]
[feature_pre_filter: 1]
[pre_partition: 0]
[two_round: 0]
[header: 0]
[label_column: ]
[weight_column: ]
[group_column: ]
[ignore_column: ]
[categorical_feature: 0,1,3]
[forcedbins_filename: ]
[precise_float_parser: 0]
[parser_config_file: ]
[objective_seed: 16083]
[num_class: 1]
[is_unbalance: 0]
[scale_pos_weight: 1]
[sigmoid: 1]
[boost_from_average: 1]
[reg_sqrt: 0]
[alpha: 0.9]
[fair_c: 1]
[poisson_max_delta_step: 0.7]
[tweedie_variance_power: 1.5]
[lambdarank_truncation_level: 30]
[lambdarank_norm: 1]
[label_gain: ]
[lambdarank_position_bias_regularization: 0]
[eval_at: ]
[multi_error_top_k: 1]
[auc_mu_weights: ]
[num_machines: 1]
[local_listen_port: 12400]
[time_out: 120]
[machine_list_filename: ]
[machines: ]
[gpu_platform_id: -1]
[gpu_device_id: -1]
[gpu_device_id_list: ]
[gpu_use_dp: 0]
[num_gpu: 1]

end of parameters

pandas_categorical:[]
