tree
version=v4
num_class=1
num_tree_per_iteration=1
label_index=0
max_feature_idx=44
objective=binary sigmoid:1
feature_names=age_group gender month season day_of_year_sin day_of_year_cos weather_code_current temperature_mean_current temperature_max_current temperature_min_current humidity_mean_current humidity_max_current humidity_min_current wind_speed_mean_current wind_speed_max_current precipitation_sum_current rain_sum_current wind_gust_max_current rain_day_current temperature_mean_3d temperature_max_3d temperature_min_3d humidity_mean_3d humidity_max_3d humidity_min_3d wind_speed_mean_3d wind_speed_max_3d precipitation_sum_3d rain_sum_3d rain_days_3d rain_max_daily_3d wind_gust_max_3d temperature_mean_7d temperature_max_7d temperature_min_7d humidity_mean_7d humidity_max_7d humidity_min_7d wind_speed_mean_7d wind_speed_max_7d precipitation_sum_7d rain_sum_7d rain_days_7d rain_max_daily_7d wind_gust_max_7d
feature_infos=-1:0:1:2:3:4:5 -1:0:1 [1:12] -1:1:0 [-0.99999942202469239:0.99998555065071859] [-0.99997919295908244:0.9999907524084426] [0:61] [23.658332999999999:32.533332999999999] [25.899999999999999:39.200000000000003] [17.899999999999999:29.300000000000001] [48.958333000000003:91.625] [63:100] [23:86] [2.8541669999999999:19.695833] [6.4000000000000004:30.100000000000001] [0:63.100000000000001] [0:63.100000000000001] [14:56.899999999999999] [0:1] [23.766667000000002:32.427778000000004] [27.699999999999999:39.200000000000003] [17.899999999999999:28.100000000000001] [52.569443999999997:90.694444000000004] [73:100] [23:79] [4.125:17.329167000000002] [9.6999999999999993:30.100000000000001] [0:93.900000000000006] [0:93.900000000000006] [0:3] [0:63.100000000000001] [17.300000000000001:56.899999999999999] [24.365476000000001:32.235118999999997] [28.699999999999999:39.200000000000003] [17.899999999999999:27.5] [55.767856999999999:89.523809999999997] [77:100] [23:72] [4.5327380000000002:15.469643] [11.6:30.100000000000001] [0:163.90000000000001] [0:163.90000000000001] [0:7] [0:63.100000000000001] [23:56.899999999999999]
tree_sizes=1693 1616 1733 1716 1732 1735

Tree=0
num_leaves=15
num_cat=2
split_feature=0 1 4 36 37 38 37 2 5 33 37 38 4 13
split_gain=228.502 139.166 182.106 91.3068 82.5952 64.2682 47.534 34.6375 8.80974 46.0274 30.3584 3.0459 23.256 1.97169
threshold=0 1 0.091259403071267911 99.500000000000014 68.500000000000014 12.222916500000002 58.500000000000007 1.5000000000000002 0.69521084835931835 35.750000000000007 61.500000000000007 10.845535500000002 -0.55657520495441892 10.987500000000002
decision_type=1 1 2 2 2 2 2 2 2 2 2 2 2 2
left_child=1 2 4 7 -1 -4 -5 -3 11 10 -10 -2 -13 -11
right_child=8 3 5 6 -6 -7 -8 -9 9 13 -12 12 -14 -15
leaf_value=-3.4856515321293555 -3.668906989680409 -3.5509855690932643 -3.6196016523427863 -3.6266877587820905 -3.2456207639228571 -3.4252434600908201 -3.4669901330325192 -3.6591812923798397 -3.6666218599242852 -3.4314260924026141 -3.5305202759817265 -3.5557923900026136 -3.667496530207452 -3.5847914468312605
leaf_weight=37.921647019684315 105.64614548906684 7.4570755548775187 43.215407140552998 7.2280186265707043 3.4867554642260066 3.7158123925328246 11.605551034212111 62.812499895691872 35.631077736616135 1.5270461887121194 3.6903616227209559 4.7338431850075748 26.137940596789122 0.78897386416792858
leaf_count=1490 4151 293 1698 284 137 146 456 2468 1400 60 145 186 1027 31
internal_value=-3.61751 -3.57857 -3.53226 -3.62054 -3.45713 -3.60051 -3.52562 -3.64692 -3.65636 -3.63769 -3.65199 -3.66465 -3.64895 -3.45789
internal_weight=355.598 177.443 88.3396 89.1031 41.4084 46.9312 18.8336 70.2696 178.155 41.6375 39.3214 136.518 30.8718 2.31602
internal_count=13972 6972 3471 3501 1627 1844 740 2761 7000 1636 1545 5364 1213 91
cat_boundaries=0 1 2
cat_threshold=7 1
is_linear=0
shrinkage=1


Tree=1
num_leaves=14
num_cat=3
split_feature=0 4 1 21 36 1 42 5 34 25 20 38 4
split_gain=199.108 101.48 63.1037 104.162 49.3008 30.8153 43.1939 10.7731 49.7852 43.4861 4.40648 1.8167 15.5624
threshold=0 0.534952257794027 1 22.950000000000003 99.500000000000014 2 2.5000000000000004 0.69521084835931835 23.050000000000004 6.8347225000000007 35.900000000000006 10.845535500000002 -0.55657520495441892
decision_type=1 2 1 2 2 1 2 2 2 2 2 2 2
left_child=1 2 3 -1 -4 6 -3 11 10 -10 -9 -2 -13
right_child=7 5 4 -5 -6 -7 -8 8 9 -11 -12 12 -14
leaf_value=-0.026415486963111079 -0.050274066468024729 0.12291428360112716 -0.0079908176234804226 0.1300866373182295 0.088004840497563283 -0.049656978195125448 -0.011552394599268909 -0.049683984627967179 -0.0410389576871052 0.16145767080145065 0.043066936141266762 0.041827979206395284 -0.049300238426361158
leaf_weight=13.037013586610554 100.15877252444625 6.751578412950038 38.266738956794143 50.213646709918976 19.441424293443561 30.427572034299374 25.409909293055534 31.066978866234425 3.9828752204775792 5.347442764788866 0.60231612622737785 4.9130614325404194 24.939713476225734
leaf_count=477 4130 252 1532 1752 695 1242 987 1274 157 196 22 182 1027
internal_value=0.000119948 0.0352801 0.063764 0.0979199 0.0252975 -0.0143565 0.0195312 -0.0374758 -0.0167587 0.079412 -0.0466557 -0.0466918 -0.0334331
internal_weight=354.559 183.548 120.959 63.2507 57.7082 62.5891 32.1615 171.011 40.9996 9.33032 31.6693 130.012 29.8528
internal_count=13925 6937 4456 2229 2227 2481 1239 6988 1649 353 1296 5339 1209
cat_boundaries=0 1 2 3
cat_threshold=7 1 1
is_linear=0
shrinkage=0.05


Tree=2
num_leaves=15
num_cat=2
split_feature=0 1 2 21 39 23 2 35 5 34 25 20 38 2
split_gain=167.824 78.0677 106.998 50.8012 48.5516 39.1311 33.7355 22.0711 8.37625 35.6689 26.3948 4.29904 3.8666 19.5266
threshold=0 1 6.5000000000000009 22.950000000000003 29.150000000000002 99.500000000000014 1.5000000000000002 85.386905000000013 0.69521084835931835 23.050000000000004 6.8347225000000007 35.900000000000006 10.845535500000002 7.5000000000000009
decision_type=1 1 2 2 2 2 2 2 2 2 2 2 2 2
left_child=1 2 4 -4 -1 6 -3 -7 12 11 -11 -10 -2 -14
right_child=8 5 3 -5 -6 7 -8 -9 9 10 -12 -13 13 -15
leaf_value=-9.4704849208483108e-05 -0.050684667741537327 0.074283091882314398 -0.0094998229787460753 0.13090379521511702 0.23669123375533127 0.0036235179141623428 -0.027877659063365062 0.13993742056998434 -0.049541676578085531 -0.040780782174649907 0.11120041937946688 0.0415933531681041 -0.04908857742570763 0.045205455589814314
leaf_weight=51.6198849696666 95.989193871617317 8.1595604605972749 7.3704588264226905 43.889619156718254 1.2596014738082875 5.3728365376591665 69.481697665527463 5.7927147075533867 29.497105743736032 3.8807521071284992 6.6835502535104752 0.62725916504859824 23.078666813671592 6.2573872189968816
leaf_count=1922 4152 303 262 1312 39 187 2825 183 1268 159 211 22 996 230
internal_value=-0.00150536 0.0294966 0.0601729 0.11092 0.00983388 -0.00346095 -0.0163332 0.0800331 -0.0370457 -0.0188977 0.0566721 -0.0463686 -0.045674 -0.0281485
internal_weight=358.96 192.946 104.14 51.2601 52.8795 88.8068 77.6413 11.1656 166.014 40.6887 10.5643 30.1244 125.325 29.3361
internal_count=14071 7033 3535 1574 1961 3498 3128 370 7038 1660 370 1290 5378 1226
cat_boundaries=0 1 2
cat_threshold=7 1
is_linear=0
shrinkage=0.05


Tree=3
num_leaves=15
num_cat=3
split_feature=0 4 39 30 4 43 1 1 4 4 38 36 41 36
split_gain=168.425 70.1416 45.3163 40.6071 53.7337 35.3677 20.9242 18.1611 6.62223 28.7009 20.8557 5.79726 5.12031 0.731463
threshold=0 0.52033990680116082 29.150000000000002 16.750000000000004 -0.48314718476766416 28.950000000000006 1 2 -0.52766804058324157 -0.73866753694953124 7.1764880000000009 87.500000000000014 1.3500000000000003 90.500000000000014
decision_type=1 2 2 2 2 2 1 1 2 2 2 2 2 2
left_child=1 3 7 5 -5 -1 -4 -3 9 -2 -11 12 -10 -13
right_child=8 2 6 4 -6 -7 -8 -9 11 10 -12 13 -14 -15
leaf_value=0.023135061225984931 -0.049590064207752277 0.0042490319463984608 0.23596558438507353 0.044372237418455494 0.1575420514920888 0.1497690927000091 -0.023727631397135691 -0.04946976728265097 -0.037395717175393473 -0.036713803679492923 0.076695551542393034 -0.025986926139795398 0.046404350706574581 -0.04969092936274689
leaf_weight=84.627094047144055 31.164089823141694 33.16966088116169 1.6102592386305323 27.607237532734871 17.167793463915586 4.9642048962414256 0.86395454779267322 28.684639327228069 2.7175775039941064 5.9649658743292084 9.1520719174295646 6.964683447033166 2.58542350679636 101.14232594147325
leaf_count=2871 1390 1264 40 850 564 161 38 1259 123 254 335 301 89 4541
internal_value=-0.000203341 0.0298252 -0.0115049 0.0517544 0.0902579 0.0317276 0.164556 -0.0210535 -0.0370686 -0.0226752 0.0324444 -0.0459328 0.00434044 -0.048416
internal_weight=358.386 198.695 64.3285 134.366 44.775 89.5913 2.47421 61.8543 159.691 46.2811 15.117 113.41 5.303 108.107
internal_count=14080 7047 2601 4446 1414 3032 78 2523 7033 1979 589 5054 212 4842
cat_boundaries=0 1 2 3
cat_threshold=7 1 1
is_linear=0
shrinkage=0.05


Tree=4
num_leaves=15
num_cat=2
split_feature=0 1 21 2 36 21 5 5 34 43 29 7 38 4
split_gain=142.834 55.4631 67.5474 117.028 60.327 53.6962 32.3083 7.76718 33.6023 14.109 13.2535 4.45162 3.97469 21.7409
threshold=0 1 22.950000000000003 11.500000000000002 99.500000000000014 23.750000000000004 0.90070004940655357 0.69521084835931835 23.350000000000005 31.450000000000003 2.5000000000000004 28.256250000000005 10.845535500000002 -0.55657520495441892
decision_type=1 1 2 2 2 2 2 2 2 2 2 2 2 2
left_child=1 2 11 -4 6 -6 -3 12 9 -9 -10 -1 -2 -14
right_child=7 4 3 -5 5 -7 -8 8 10 -11 -12 -13 13 -15
leaf_value=-0.040767224209831261 -0.049969452327648101 -0.04016591702506029 0.056111613153833277 0.35522233193079217 -0.0012318884168642514 0.14608958543437653 0.059952622641449377 -0.044950170320472951 -0.030206786954935023 0.091059375352906258 0.12516446640104692 0.036703235709638779 0.054994901254517385 -0.048861279959752237
leaf_weight=17.869391730055217 88.178489292040467 57.800181932747364 92.534359600394964 2.4426267668604842 13.89203221909702 10.125175334513186 8.4319501351565105 31.442742319777608 1.4231435414403666 1.1104150116443623 4.0916310362517834 1.2846639286726702 5.581719774752858 21.684427009895444
leaf_count=658 4177 2465 2767 65 444 304 294 1445 54 29 114 46 186 1018
internal_value=-0.000858668 0.0259842 0.0502546 0.0674251 -0.00207526 0.0642329 -0.0267178 -0.0358919 -0.0179697 -0.0377352 0.0865872 -0.034008 -0.044679 -0.0264072
internal_weight=357.893 204.38 114.131 94.977 90.2493 24.0172 66.2321 153.513 38.0679 32.5532 5.51477 19.1541 115.445 27.2661
internal_count=14066 7043 3536 2832 3507 748 2759 7023 1642 1474 168 704 5381 1204
cat_boundaries=0 1 2
cat_threshold=7 1
is_linear=0
shrinkage=0.05


Tree=5
num_leaves=15
num_cat=2
split_feature=0 1 4 36 7 39 5 9 5 34 25 20 38 4
split_gain=133.48 51.8491 69.5909 48.1815 43.8932 36.4549 32.5361 29.1038 10.7012 36.8001 22.8836 4.46074 2.6549 14.7862
threshold=0 1 0.091259403071267911 99.500000000000014 26.972916500000004 29.150000000000002 0.90070004940655357 23.950000000000003 0.69521084835931835 23.050000000000004 6.8347225000000007 35.900000000000006 10.845535500000002 -0.55657520495441892
decision_type=1 1 2 2 2 2 2 2 2 2 2 2 2 2
left_child=1 2 4 6 -1 -4 -3 -5 12 11 -11 -10 -2 -14
right_child=8 3 5 7 -6 -7 -8 -9 9 10 -12 -13 13 -15
leaf_value=0.045937410546841029 -0.049847494703276124 -0.038959642957463687 -0.0039780435148182745 -0.0036948168859893974 0.13039263690782929 0.18178097354991854 0.059517833013518096 0.10229081582188689 -0.049175036348460884 -0.03979740860114777 0.10279471607317732 0.044976643412068619 0.036607642452786936 -0.048720069252908095
leaf_weight=38.253469824790955 83.072743844240904 56.318881345912814 51.629753090441227 11.52553969807923 26.931971007958055 1.7816473878920067 8.9111432023346406 13.593294108286498 26.024234814569358 3.5028344411402923 7.727579964324832 0.57065177522599597 5.8140207622200277 20.810908913612366
leaf_count=983 4128 2495 1840 365 663 34 293 372 1276 160 203 21 184 1024
internal_value=1.493e-06 0.0252101 0.0480081 -0.00215386 0.0822738 0.00544531 -0.024811 0.0553807 -0.0349749 -0.0139169 0.0587019 -0.0455981 -0.0452042 -0.0294366
internal_weight=356.469 208.946 118.597 90.3489 65.1854 53.4114 65.23 25.1188 147.523 37.8253 11.2304 26.5949 109.698 26.6249
internal_count=14041 7045 3520 3525 1646 1874 2788 737 6996 1660 363 1297 5336 1208
cat_boundaries=0 1 2
cat_threshold=7 1
is_linear=0
shrinkage=0.05


end of trees

feature_importances:
day_of_year_sin=11
gender=8
day_of_year_cos=7
wind_speed_mean_7d=7
age_group=6
humidity_max_7d=6
month=5
temperature_min_3d=4
temperature_min_7d=4
temperature_max_3d=3
wind_speed_mean_3d=3
humidity_min_7d=3
wind_speed_max_7d=3
temperature_mean_current=2
rain_max_daily_7d=2
temperature_min_current=1
wind_speed_mean_current=1
humidity_max_3d=1
rain_days_3d=1
rain_max_daily_3d=1
temperature_max_7d=1
humidity_mean_7d=1
rain_sum_7d=1
rain_days_7d=1

parameters:
[boosting: gbdt]
[objective: binary]
[metric: binary_logloss]
[tree_learner: serial]
[device_type: cpu]
[data_sample_strategy: bagging]
[data: ]
[valid: ]
[num_iterations: 6]
[learning_rate: 0.05]
[num_leaves: 15]
[num_threads: 8]
[seed: 42]
[deterministic: 0]
[force_col_wise: 0]
[force_row_wise: 0]
[histogram_pool_size: -1]
[max_depth: 4]
[min_data_in_leaf: 20]
[min_sum_hessian_in_leaf: 0.001]
[bagging_fraction: 0.9]
[pos_bagging_fraction: 1]
[neg_bagging_fraction: 1]
[bagging_freq: 1]
[bagging_seed: 400]
[bagging_by_query: 0]
[feature_fraction: 0.9]
[feature_fraction_bynode: 1]
[feature_fraction_seed: 30056]
[extra_trees: 0]
[extra_seed: 12879]
[early_stopping_round: 0]
[early_stopping_min_delta: 0]
[first_metric_only: 0]
[max_delta_step: 0]
[lambda_l1: 0]
[lambda_l2: 1]
[linear_lambda: 0]
[min_gain_to_split: 0]
[drop_rate: 0.1]
[max_drop: 50]
[skip_drop: 0.5]
[xgboost_dart_mode: 0]
[uniform_drop: 0]
[drop_seed: 17869]
[top_rate: 0.2]
[other_rate: 0.1]
[min_data_per_group: 100]
[max_cat_threshold: 32]
[cat_l2: 10]
[cat_smooth: 10]
[max_cat_to_onehot: 4]
[top_k: 20]
[monotone_constraints: ]
[monotone_constraints_method: basic]
[monotone_penalty: 0]
[feature_contri: ]
[forcedsplits_filename: ]
[refit_decay_rate: 0.9]
[cegb_tradeoff: 1]
[cegb_penalty_split: 0]
[cegb_penalty_feature_lazy: ]
[cegb_penalty_feature_coupled: ]
[path_smooth: 0]
[interaction_constraints: ]
[verbosity: -1]
[saved_feature_importance_type: 0]
[use_quantized_grad: 0]
[num_grad_quant_bins: 4]
[quant_train_renew_leaf: 0]
[stochastic_rounding: 1]
[linear_tree: 0]
[max_bin: 255]
[max_bin_by_feature: ]
[min_data_in_bin: 3]
[bin_construct_sample_cnt: 200000]
[data_random_seed: 175]
[is_enable_sparse: 1]
[enable_bundle: 1]
[use_missing: 1]
[zero_as_missing: 0]
[feature_pre_filter: 1]
[pre_partition: 0]
[two_round: 0]
[header: 0]
[label_column: ]
[weight_column: ]
[group_column: ]
[ignore_column: ]
[categorical_feature: 0,1,3]
[forcedbins_filename: ]
[precise_float_parser: 0]
[parser_config_file: ]
[objective_seed: 16083]
[num_class: 1]
[is_unbalance: 0]
[scale_pos_weight: 1]
[sigmoid: 1]
[boost_from_average: 1]
[reg_sqrt: 0]
[alpha: 0.9]
[fair_c: 1]
[poisson_max_delta_step: 0.7]
[tweedie_variance_power: 1.5]
[lambdarank_truncation_level: 30]
[lambdarank_norm: 1]
[label_gain: ]
[lambdarank_position_bias_regularization: 0]
[eval_at: ]
[multi_error_top_k: 1]
[auc_mu_weights: ]
[num_machines: 1]
[local_listen_port: 12400]
[time_out: 120]
[machine_list_filename: ]
[machines: ]
[gpu_platform_id: -1]
[gpu_device_id: -1]
[gpu_device_id_list: ]
[gpu_use_dp: 0]
[num_gpu: 1]

end of parameters

pandas_categorical:[]
