tree
version=v4
num_class=1
num_tree_per_iteration=1
label_index=0
max_feature_idx=44
objective=binary sigmoid:1
feature_names=age_group gender month season day_of_year_sin day_of_year_cos weather_code_current temperature_mean_current temperature_max_current temperature_min_current humidity_mean_current humidity_max_current humidity_min_current wind_speed_mean_current wind_speed_max_current precipitation_sum_current rain_sum_current wind_gust_max_current rain_day_current temperature_mean_3d temperature_max_3d temperature_min_3d humidity_mean_3d humidity_max_3d humidity_min_3d wind_speed_mean_3d wind_speed_max_3d precipitation_sum_3d rain_sum_3d rain_days_3d rain_max_daily_3d wind_gust_max_3d temperature_mean_7d temperature_max_7d temperature_min_7d humidity_mean_7d humidity_max_7d humidity_min_7d wind_speed_mean_7d wind_speed_max_7d precipitation_sum_7d rain_sum_7d rain_days_7d rain_max_daily_7d wind_gust_max_7d
feature_infos=-1:0:1:2:3:4:5 -1:0:1 [1:12] -1:1:0 [-0.99999942202469239:0.99998555065071859] [-0.99997919295908244:0.9999907524084426] [0:61] [23.658332999999999:32.533332999999999] [25.899999999999999:39.200000000000003] [17.899999999999999:29.300000000000001] [48.958333000000003:91.625] [63:100] [23:86] [2.8541669999999999:19.695833] [6.4000000000000004:30.100000000000001] [0:63.100000000000001] [0:63.100000000000001] [14:56.899999999999999] [0:1] [23.766667000000002:32.427778000000004] [27.699999999999999:39.200000000000003] [17.899999999999999:28.100000000000001] [52.569443999999997:90.694444000000004] [73:100] [23:79] [4.125:17.329167000000002] [9.6999999999999993:30.100000000000001] [0:93.900000000000006] [0:93.900000000000006] [0:3] [0:63.100000000000001] [17.300000000000001:56.899999999999999] [24.365476000000001:32.235118999999997] [28.699999999999999:39.200000000000003] [17.899999999999999:27.5] [55.767856999999999:89.523809999999997] [77:100] [23:72] [4.5327380000000002:15.469643] [11.6:30.100000000000001] [0:163.90000000000001] [0:163.90000000000001] [0:7] [0:63.100000000000001] [23:56.899999999999999]
tree_sizes=1592 1624 1511 1621 1521 1729 1616 1627 1740 1737 1431 1733 1739 1523 1538 1535 1741 1320 1743 1745 1739 1435 1754 1435 1629 1537 1754 1644 1634 1740 1526 1416 1755

Tree=0
num_leaves=14
num_cat=1
split_feature=0 44 34 37 38 4 2 34 44 2 34 38 9
split_gain=1366.61 141.688 171.043 81.3677 64.4554 222.467 53.3679 34.5561 8.73169 7.06213 1.5819 13.8912 0.119438
threshold=0 41.20000000000001 24.250000000000004 68.500000000000014 6.0229165000000009 -0.30983472475487861 9.5000000000000018 24.450000000000003 25.000000000000004 7.5000000000000009 25.150000000000002 7.4860120000000014 22.250000000000004
decision_type=1 2 2 2 2 2 2 2 2 2 2 2 2
left_child=1 4 6 -4 5 -1 -3 -6 9 -2 12 -12 -10
right_child=8 2 3 -5 7 -7 -8 -9 10 -11 11 -13 -14
leaf_value=-2.8598612513071555 -2.8168360681012103 -2.6256155366264404 -2.8543207087162847 -2.6148821850617692 -2.8010341604856768 -2.5206246773071084 -2.8550677591241191 -2.8583135536941096 -2.9211305473081666 -2.9166925956077892 -2.8550136720383255 -2.929798627092373 -2.9307569773205957
leaf_weight=11.641252912580969 2.5197517126798621 32.706377230584621 22.425790242850784 3.275677226483821 121.09926731139421 7.4080700352787963 2.9733070209622374 34.671783566474915 33.764672949910164 2.6205417811870575 6.9041196927428237 34.671783566474915 387.43702334165573
leaf_count=231 50 649 445 65 2403 147 59 688 670 52 137 688 7688
internal_value=-2.87795 -2.78249 -2.71322 -2.81508 -2.80215 -2.71667 -2.64358 -2.81357 -2.92725 -2.86568 -2.92901 -2.91712 -2.93009
internal_weight=704.119 236.202 61.3812 25.7015 174.82 19.0493 35.6797 155.771 467.918 5.14029 462.778 41.5759 421.202
internal_count=13972 4687 1218 510 3469 378 708 3091 9285 102 9183 825 8358
cat_boundaries=0 1
cat_threshold=9
is_linear=0
shrinkage=1


Tree=1
num_leaves=14
num_cat=1
split_feature=0 39 34 2 40 43 2 35 44 2 34 38 21
split_gain=1184.12 109.837 79.8164 74.5197 55.0908 49.5224 46.4922 42.0742 8.94458 6.60185 1.608 12.2759 0.349244
threshold=0 22.950000000000003 24.250000000000004 9.5000000000000018 70.550000000000011 33.250000000000007 1.5000000000000002 86.428571500000018 25.000000000000004 7.5000000000000009 25.150000000000002 7.4860120000000014 22.250000000000004
decision_type=1 2 2 2 2 2 2 2 2 2 2 2 2
left_child=1 5 3 -3 -4 6 -1 -7 9 -2 12 -12 -10
right_child=8 2 4 -5 -6 7 -8 -9 10 -11 11 -13 -14
leaf_value=0.12503689906784096 0.060355631967933455 0.20069667687253798 0.015388061363304478 -0.021947997182446492 0.16140349798983344 0.22851064888630998 0.047215490804468518 0.055075025383236269 -0.043486963262420207 -0.037361757942722285 0.01709240195699567 -0.051149992831949292 -0.052518512104599763
leaf_weight=21.740412756800652 2.5554140210151663 40.320049621164799 18.072717819362882 3.9293744564056388 9.2676208615303022 7.5283431373536569 148.65828953310847 7.3418032005429268 48.216526605188847 2.4349648505449295 7.6162131130695334 33.642537999898195 351.71630749851465
leaf_count=388 48 662 347 74 167 132 2768 131 997 50 148 699 7314
internal_value=0.000355516 0.0838246 0.139625 0.180878 0.068832 0.0661293 0.057816 0.151747 -0.0485646 0.0143986 -0.050406 -0.0384463 -0.0515408
internal_weight=703.041 256.859 71.5898 44.2494 27.3403 185.269 170.399 14.8701 446.182 4.99038 441.192 41.2588 399.933
internal_count=13925 4669 1250 736 514 3419 3156 263 9256 98 9158 847 8311
cat_boundaries=0 1
cat_threshold=9
is_linear=0
shrinkage=0.05


Tree=2
num_leaves=13
num_cat=2
split_feature=0 2 34 1 37 33 32 44 2 34 5 2
split_gain=1069.71 96.8882 120.814 72.1923 49.6083 28.4012 28.0599 9.00606 6.00752 2.20629 17.6922 0.408742
threshold=0 9.5000000000000018 24.450000000000003 1 68.500000000000014 30.750000000000004 27.296726500000002 25.000000000000004 7.5000000000000009 25.150000000000002 -0.84313311835787952 1.5000000000000002
decision_type=1 2 2 1 2 2 2 2 2 2 2 2
left_child=1 2 3 -1 -4 -3 -7 8 -2 11 -11 -9
right_child=7 5 4 -5 -6 6 -8 9 -10 10 -12 -13
leaf_value=0.14738881886699384 0.057608555056287584 0.12250205657206781 0.014965443792067249 0.07965179749876633 0.16853986930854969 -0.0060830450608853823 0.13699156982894584 -0.041893063983584791 -0.036471168249145938 0.035440291752672819 -0.051044507312858971 -0.052242946909436962
leaf_weight=82.825151421129704 2.639285869896411 4.7073378190398207 54.192552249878645 83.783305186778307 4.8586886897683135 45.829182028770447 2.6985862739384165 36.778127793222666 2.2603445649147034 6.3948471173644057 33.471661277115345 350.41397919878364
leaf_count=1325 47 82 1007 1339 71 828 49 797 48 126 721 7631
internal_value=0.000694099 0.075346 0.0923033 0.114004 0.0301976 0.0169811 0.00447852 -0.0481949 0.0153815 -0.0500844 -0.036644 -0.0513703
internal_weight=710.853 278.895 225.66 166.608 59.0512 53.2351 48.5278 431.958 4.89963 427.059 39.8665 387.192
internal_count=14071 4701 3742 2664 1078 959 877 9370 95 9275 847 8428
cat_boundaries=0 1 2
cat_threshold=9 1
is_linear=0
shrinkage=0.05


Tree=3
num_leaves=14
num_cat=2
split_feature=0 1 4 2 32 39 32 44 2 34 4 35 2
split_gain=927.311 65.7516 69.5055 61.1351 88.6103 57.5185 26.6479 8.34449 4.39478 2.81609 16.7923 1.89939 0.442694
threshold=0 1 0.94704596667653973 9.5000000000000018 27.082143000000006 20.950000000000003 27.107440500000003 25.000000000000004 7.5000000000000009 25.150000000000002 0.54219432480460406 61.678571500000004 1.5000000000000002
decision_type=1 1 2 2 2 2 2 2 2 2 2 2 2
left_child=1 3 5 4 -1 -3 -5 8 -2 12 -11 -4 -9
right_child=7 2 11 6 -6 -7 -8 9 -10 10 -12 -13 -14
leaf_value=0.16790318294182729 0.044291099840820421 0.026139201253824358 0.002940488043998725 -0.00067032121822261867 0.076002367602473891 0.093259467326768569 0.13076824391369454 -0.041279509224830715 -0.035298199319233274 0.029104648901725611 -0.050798711528036659 -0.050720615479316083 -0.05195063644350531
leaf_weight=39.306961767375469 3.1304937265813342 71.282652642577887 1.7044140249490762 22.867411177605394 86.020330276340246 58.483678422868252 3.6359082311391822 35.048051472753286 2.0504505559802055 7.5749175287783137 30.933796554803848 16.40553193539381 333.8354799747467
leaf_count=555 53 1193 26 409 1324 898 63 789 45 149 698 256 7622
internal_value=0.000495303 0.0660868 0.0440766 0.0914192 0.105927 0.0568711 0.0214603 -0.0476431 0.0121775 -0.0495984 -0.0347424 -0.0457807 -0.0510511
internal_weight=712.28 299.707 147.876 151.831 125.327 129.766 26.5033 412.573 5.18094 407.392 38.5087 18.1099 368.884
internal_count=14080 4724 2373 2351 1879 2091 472 9356 98 9258 847 282 8411
cat_boundaries=0 1 2
cat_threshold=9 1
is_linear=0
shrinkage=0.05


Tree=4
num_leaves=13
num_cat=1
split_feature=0 44 32 40 4 38 37 43 44 39 34 5
split_gain=850.977 54.9944 63.5961 46.541 38.0684 91.0626 35.2269 26.9279 5.70526 3.57899 3.14058 20.132
threshold=0 41.20000000000001 27.296726500000002 2.7500000000000004 -0.61237985104942771 7.0422620000000009 64.500000000000014 25.000000000000004 25.000000000000004 14.300000000000002 25.150000000000002 -0.84313311835787952
decision_type=1 2 2 2 2 2 2 2 2 2 2 2
left_child=1 4 7 -4 6 -6 -1 -3 9 -2 -10 -12
right_child=8 2 3 -5 5 -7 -8 -9 10 -11 11 -13
leaf_value=-0.017599472813719538 -0.037015255233076506 0.16592720574500308 0.10857164948976582 0.0079349487133971545 0.11687638397132648 0.036255920696331441 0.060977555997761647 0.077384265736925806 -0.051291129373145554 0.032473956604987281 0.041990050359375627 -0.050667853892252951
leaf_weight=35.296354658901691 2.3715196028351775 29.316764272749424 19.54150128364563 26.458492323756218 49.900743640959263 117.34656228497624 22.576799593865871 16.085017304867506 351.69006131589413 3.1155937537550926 6.3984960690140715 30.544744949787855
leaf_count=584 51 350 258 391 734 1831 358 218 8399 53 119 720
internal_value=0.000661358 0.0605739 0.0952427 0.0520874 0.0488179 0.0608619 0.0135692 0.136902 -0.0478096 0.00136454 -0.0497327 -0.033936
internal_weight=710.643 316.522 91.4018 46 225.12 167.247 57.8732 45.4018 394.12 5.48711 388.633 36.9432
internal_count=14066 4724 1217 649 3507 2565 942 568 9342 104 9238 839
cat_boundaries=0 1
cat_threshold=9
is_linear=0
shrinkage=0.05


Tree=5
num_leaves=15
num_cat=2
split_feature=0 2 34 26 4 33 32 1 44 34 5 39 25 2
split_gain=706.837 45.6533 63.5117 44.0614 28.6199 23.4505 12.4524 11.9513 3.89985 2.99243 16.9688 2.42333 0.890349 0.529259
threshold=0 9.5000000000000018 24.250000000000004 23.150000000000002 -0.30163705152652737 30.750000000000004 26.563393000000001 1 25.000000000000004 25.150000000000002 -0.84313311835787952 14.300000000000002 6.6784725000000007 1.5000000000000002
decision_type=1 2 2 2 2 2 2 1 2 2 2 2 2 2
left_child=1 2 3 -1 -4 7 -7 -3 11 13 -11 -2 -13 -10
right_child=8 5 4 -5 -6 6 -8 -9 9 10 -12 12 -14 -15
leaf_value=0.065756174330632203 -0.036373100222326663 0.014763520073070198 0.080571846572770667 0.13210897416466674 0.0089412173482928403 -0.02450623618055113 0.024148958215897978 0.15876347133281141 -0.040396112526442221 0.031322312180583949 -0.050460709475425018 -0.0077259457924819148 0.037998632891423863 -0.051668233437274218
leaf_weight=162.56611308827996 2.2509640716016284 2.6952658966183654 16.771640196442604 30.415496610105038 66.263588689267635 25.126306314021349 25.477172691375017 2.7758711650967598 32.995381984859705 7.3223375417292109 28.806626126170158 1.2652738653123381 1.767973333597183 302.41593255102634
leaf_count=2130 50 40 225 328 1081 430 431 39 808 131 711 22 28 7587
internal_value=-0.00103108 0.0512756 0.0611481 0.0768411 0.024196 0.011444 -1.66907e-05 0.101068 -0.0472487 -0.0491051 -0.0334884 -0.00486454 0.0217388 -0.0506827
internal_weight=708.916 332.091 276.017 192.982 83.0352 56.0746 50.6035 5.47114 376.824 371.54 36.129 5.28421 3.03325 335.411
internal_count=14041 4704 3764 2458 1306 940 861 79 9337 9237 842 100 50 8395
cat_boundaries=0 1 2
cat_threshold=9 1
is_linear=0
shrinkage=0.05


Tree=6
num_leaves=14
num_cat=0
split_feature=2 21 37 34 34 38 26 33 7 21 33 22 7
split_gain=34.3762 42.0359 28.1423 23.6801 28.5778 15.837 12.863 12.261 11.5022 5.44164 0.376642 0.570061 0.185048
threshold=9.5000000000000018 24.250000000000004 68.500000000000014 20.250000000000004 20.450000000000003 7.626488000000001 23.850000000000005 30.750000000000004 28.256250000000005 22.950000000000003 30.600000000000005 87.687500000000014 28.439583500000001
decision_type=2 2 2 2 2 2 2 2 2 2 2 2 2
left_child=1 3 5 -1 -5 -3 -4 10 9 -9 11 -2 -10
right_child=7 2 6 4 -6 -7 -8 8 12 -11 -12 -13 -14
leaf_value=-0.049256076992694506 0.033995425113121626 0.010723722057167611 0.0043986419167395749 0.087436550991981402 0.01687914485491666 -0.020660045672340265 0.07763293878437838 -0.04630274813902055 0.066130839734881874 -0.022672482699510013 0.0012793688875873746 0.0066167104041543042 0.024905087910797485
leaf_weight=11.753118630498646 7.067880325019356 49.889169726520777 11.792207129299642 14.196520883589981 287.06968433409929 195.0772446282208 11.472477111965416 38.923568114638329 1.1212171092629422 74.24542423337698 1.7852614857256419 3.236301813274622 2.8835796937346458
leaf_count=225 142 978 202 231 5361 4057 184 864 22 1661 32 66 58
internal_value=9.91191e-05 0.00529365 -0.00921402 0.0177153 0.0204823 -0.0142509 0.0422236 -0.0231202 -0.0280737 -0.0311343 0.0233673 0.0267424 0.0473543
internal_weight=710.514 581.25 268.231 313.019 301.266 244.966 23.2647 129.263 117.174 113.169 12.0894 10.3042 4.0048
internal_count=14083 11238 5421 5817 5592 5035 386 2845 2605 2525 240 208 80
is_linear=0
shrinkage=0.05


Tree=7
num_leaves=14
num_cat=2
split_feature=0 40 40 0 40 34 5 44 4 22 34 5 21
split_gain=662.816 48.005 42.5193 56.008 36.7382 22.3337 21.1697 7.21968 3.55604 3.15429 1.94117 12.4356 0.667332
threshold=0 93.750000000000014 4.0500000000000007 1 1.0500000000000003 23.350000000000005 0.029024409397335454 25.000000000000004 0.29342972903661901 87.270833500000023 25.150000000000002 -0.84313311835787952 22.250000000000004
decision_type=1 2 2 1 2 2 2 2 2 2 2 2 2
left_child=1 2 4 -4 -1 9 -7 8 -2 -3 12 -12 -9
right_child=7 5 3 -5 -6 6 -8 10 -10 -11 11 -13 -14
leaf_value=0.037801355264579499 -0.035649265332590011 0.03424395241919849 0.051579556793443941 -0.0021465209589497645 0.099985692848025512 0.11260909012888164 0.0080645777694539275 -0.040683056655863581 0.033390635766032906 -0.040392979262546536 0.021304693870751235 -0.050257301570255423 -0.051700642384248367
leaf_weight=51.165623482316732 2.1464129202067843 1.3091963678598393 96.646080553531647 95.36590126529336 46.797802366316319 45.341422397643328 5.5872134864330283 38.542509436607361 3.6231642067432404 2.8942377865314484 7.0878915861248961 27.705979444086552 281.88121724873781
leaf_count=639 52 19 1394 1375 601 514 101 991 53 40 123 727 7417
internal_value=-0.00027381 0.0484921 0.0414985 0.0275839 0.0682174 0.0925205 0.101516 -0.0469425 0.00623423 -0.0150331 -0.0491391 -0.0354914 -0.0505061
internal_weight=706.095 345.107 289.975 192.012 97.9634 55.1321 50.9286 360.987 5.76958 4.20343 355.218 34.7939 320.424
internal_count=14046 4683 4009 2769 1240 674 615 9363 105 59 9258 850 8408
cat_boundaries=0 1 2
cat_threshold=9 8
is_linear=0
shrinkage=0.05


Tree=8
num_leaves=15
num_cat=1
split_feature=0 39 34 2 5 37 10 5 44 2 34 5 21 25
split_gain=585.386 36.3039 35.3152 28.5393 22.6061 45.8629 17.2517 16.642 5.77822 2.62707 2.1762 12.1511 0.101623 0.074471
threshold=0 25.250000000000004 24.450000000000003 9.5000000000000018 0.11478523713130602 27.500000000000004 89.333333500000023 -0.90161545992537195 25.000000000000004 7.5000000000000009 25.150000000000002 -0.84313311835787952 21.550000000000004 6.7402775000000013
decision_type=1 2 2 2 2 2 2 2 2 2 2 2 2 2
left_child=1 2 3 -1 6 -6 -3 -4 9 13 12 -12 -10 -2
right_child=8 4 7 -5 5 -7 -8 -9 10 -11 11 -13 -14 -15
leaf_value=0.054296539490349738 0.032993062456469914 0.13716205761631178 -0.045951837829250254 0.013443173823193136 0.11902224979553289 -0.027383321658407091 -0.0076404637913048724 0.01676637916575931 -0.040912359810316157 -0.034307315664878539 0.020742555744918061 -0.050090483414997222 -0.051598085385418727 0.0087999429535959035
leaf_weight=204.45256416127086 1.9195718318223947 19.19726121425629 12.557570420205591 54.986184503883123 9.5584805458784121 10.230063583701847 2.1762597262859336 47.156625602394342 26.164194721728563 1.9194440804421899 7.1433799490332595 26.662474617362022 280.22176159545779 1.446295380592346
leaf_count=2389 28 214 202 900 92 146 21 734 699 48 122 733 7723 20
internal_value=-0.00146189 0.0425181 0.0377707 0.0457228 0.0876429 0.0456587 0.122736 0.00303746 -0.0471864 0.00281523 -0.0493522 -0.0349571 -0.0508216 0.0269942
internal_weight=705.792 360.315 319.153 259.439 41.1621 19.7885 21.3735 59.7142 345.477 5.28531 340.192 33.8059 306.386 3.36587
internal_count=14071 4698 4225 3289 473 238 235 936 9373 96 9277 855 8422 48
cat_boundaries=0 1
cat_threshold=9
is_linear=0
shrinkage=0.05


Tree=9
num_leaves=15
num_cat=2
split_feature=0 1 4 39 4 37 37 44 5 34 5 2 21 5
split_gain=544.794 31.6938 52.0958 34.302 31.4621 43.8418 43.0523 5.14198 4.08991 3.19205 15.1801 2.48561 0.773781 0.119403
threshold=0 1 0.94138322595482449 18.850000000000005 0.90892735371523092 36.500000000000007 31.500000000000004 25.000000000000004 0.28313308994381586 25.150000000000002 -0.84313311835787952 7.5000000000000009 22.250000000000004 0.94066717844141279
decision_type=1 1 2 2 2 2 2 2 2 2 2 2 2 2
left_child=1 4 3 -3 5 -1 -6 11 -4 12 -11 13 -9 -2
right_child=7 2 8 -5 6 -7 -8 9 -10 10 -12 -13 -14 -15
leaf_value=-0.0038571411250897612 0.029523640293303666 0.0038499739127751398 -0.051991225149223386 0.052804441945042017 0.17674153351233843 0.060186194382066793 0.051795157281290229 -0.039758911231844718 0.018753688794218189 0.026882557325211682 -0.049935253648907066 -0.035067810881072768 -0.051463224973089465 0.0064202016106798074
leaf_weight=33.715974260121584 2.0379983186721797 54.06147089228034 19.453510165214542 105.80649562180042 11.233537975698711 125.73658342659473 18.724638283252716 36.096324697136879 1.7693117596209038 7.759420793503522 25.749304641038179 2.0575108267366886 256.47737127915025 1.5403796210885046
leaf_count=381 29 771 265 1301 118 1563 238 1005 21 130 741 53 7426 21
internal_value=-0.000439298 0.0406763 0.0265822 0.0363767 0.0560772 0.0467047 0.102842 -0.0461808 -0.0455148 -0.0483847 -0.0318835 -0.000183501 -0.0501596 0.0231529
internal_weight=702.22 370.502 181.091 159.868 189.411 159.453 29.9582 331.718 21.2228 326.082 33.5087 5.63589 292.574 3.57838
internal_count=14063 4658 2358 2072 2300 1944 356 9405 286 9302 871 103 8431 50
cat_boundaries=0 1 2
cat_threshold=9 1
is_linear=0
shrinkage=0.05


Tree=10
num_leaves=12
num_cat=1
split_feature=0 32 2 38 33 44 34 5 39 36 2
split_gain=481.039 27.2367 25.7958 34.6518 15.2245 4.98036 3.53333 15.3812 2.57135 2.00834 0.851957
threshold=0 30.676786000000003 9.5000000000000018 6.2047620000000014 30.750000000000004 25.000000000000004 25.150000000000002 -0.84313311835787952 14.300000000000002 93.500000000000014 1.5000000000000002
decision_type=1 2 2 2 2 2 2 2 2 2 2
left_child=1 2 3 -1 -4 8 10 -8 -2 -3 -7
right_child=5 9 4 -5 -6 6 7 -9 -10 -11 -12
leaf_value=0.10415388621020452 -0.035775853265625955 -0.048292211875180895 0.074625466851389127 0.040089181246843589 -0.00036944060198301336 -0.038006311012208305 0.028981134359705108 -0.049708632630030204 0.022893482271838517 0.0093969584481541878 -0.051364071756451746
leaf_weight=22.330701619386673 2.1473109014332286 8.9184666834771598 6.7447525486350051 289.92912226915359 53.548244699835777 27.978365048766136 7.5273019224405315 23.97202880308032 3.5948812998831272 1.4340373463928706 251.08507801964879
leaf_count=221 52 140 81 3340 867 804 123 723 52 22 7619
internal_value=-0.00122291 0.036036 0.0392204 0.0449885 0.00910061 -0.0459849 -0.0482846 -0.0305912 -0.00109829 -0.0401772 -0.0501653
internal_weight=699.21 382.905 372.553 312.26 60.293 316.305 310.563 31.4993 5.74219 10.3525 279.063
internal_count=14044 4671 4509 3561 948 9373 9269 846 104 162 8423
cat_boundaries=0 1
cat_threshold=9
is_linear=0
shrinkage=0.05


Tree=11
num_leaves=15
num_cat=2
split_feature=0 1 4 37 36 4 39 44 34 5 2 21 4 22
split_gain=459.028 27.9127 43.3756 33.6566 52.1641 39.5315 28.7535 5.2798 2.26796 11.211 2.19962 0.905838 0.248618 0.156703
threshold=0 1 0.95242846126021108 27.500000000000004 91.500000000000014 0.76696112484652035 20.750000000000004 25.000000000000004 25.150000000000002 -0.84313311835787952 7.5000000000000009 22.250000000000004 0.95998215779580554 75.277778000000026
decision_type=1 1 2 2 2 2 2 2 2 2 2 2 2 2
left_child=1 3 6 5 -5 -1 -3 10 11 -10 13 -9 -4 -2
right_child=7 2 12 4 -6 -7 -8 8 9 -11 -12 -13 -14 -15
leaf_value=-0.042047726184965502 0.005396476788515416 0.0082698168959056718 -0.016208302925630653 -0.051282647538030128 0.048869705315491528 0.1437147039647059 0.049585918310900388 -0.038696679693936115 0.019099089522775149 -0.049547148277759204 -0.033634098538857127 -0.051244279567479394 -0.051567665614624503 0.029366699832420302
leaf_weight=3.011479705572131 1.5803658515214913 82.522468771785498 1.7033417113125349 13.232705041766165 175.97241771966219 15.084809504449366 86.022760163992643 33.529590277001262 7.3023245781660107 23.037056313827634 1.8326267786324022 232.83236772380769 16.835633877664804 2.0390893742442131
leaf_count=32 21 1115 22 165 2021 126 954 1012 117 727 50 7412 232 28
internal_value=-0.000343125 0.0347913 0.0214918 0.0483033 0.0416324 0.112218 0.029525 -0.0458026 -0.0482065 -0.0329426 0.00122442 -0.0498154 -0.0493147 0.0223344
internal_weight=696.539 394.386 187.084 207.301 189.205 18.0963 168.545 302.153 296.701 30.3394 5.45208 266.362 18.539 3.61946
internal_count=14034 4667 2323 2344 2186 158 2069 9367 9268 844 99 8424 254 49
cat_boundaries=0 1 2
cat_threshold=9 1
is_linear=0
shrinkage=0.05


Tree=12
num_leaves=15
num_cat=2
split_feature=0 43 0 19 43 40 44 30 44 34 5 10 21 26
split_gain=419.416 22.1325 52.2341 63.1273 45.4715 39.2304 21.3804 18.9433 5.08118 2.28561 10.3583 2.20931 0.973593 0.403182
threshold=0 1.8500000000000003 1 27.928472000000003 43.800000000000004 1.0500000000000003 41.20000000000001 0.95000000000000007 25.000000000000004 25.150000000000002 -0.84313311835787952 76.395833500000023 22.250000000000004 11.350000000000003
decision_type=1 2 1 2 2 2 2 2 2 2 2 2 2 2
left_child=1 5 3 -3 -4 6 -1 -7 11 12 -11 -2 -10 -13
right_child=8 2 4 -5 -6 7 -8 -9 9 10 -12 13 -14 -15
leaf_value=-0.0026866599172286534 0.027829217301698635 0.065039385981672276 -0.0019641304194120339 -0.012420618996095803 0.16097241805879639 0.10877432823287017 0.057650370853519865 0.038493221376684303 -0.03813969277783396 0.016025603363023787 -0.049375500524669907 0.0017776198797290659 -0.051137273685384892 -0.034976600947553692
leaf_weight=32.331687245517969 2.6998334676027289 118.25701402500272 143.41901583969593 33.376621436327696 3.413127787411212 31.089964471757412 25.767231483012438 15.888013444840906 32.275234300643206 7.6586805023252991 22.046218197792768 0.87024414539337192 220.79677434451878 1.9920323416590688
leaf_count=394 36 1327 1734 441 39 327 230 164 1009 120 729 16 7374 49
internal_value=-0.000372826 0.0322051 0.0259 0.0450671 0.00270372 0.0527375 0.0245959 0.0863029 -0.0454625 -0.0479614 -0.0325407 0.000249452 -0.0496363 -0.0262349
internal_weight=691.882 403.543 298.466 151.634 146.832 105.077 58.0989 46.978 288.339 282.777 29.7049 5.56211 253.072 2.86228
internal_count=13989 4656 3541 1768 1773 1115 624 491 9333 9232 849 101 8383 65
cat_boundaries=0 1 2
cat_threshold=9 8
is_linear=0
shrinkage=0.05


Tree=13
num_leaves=13
num_cat=2
split_feature=0 1 34 44 33 31 44 34 38 37 40 11
split_gain=369.968 23.8083 24.8625 24.1679 21.4664 27.0568 6.71528 3.87381 12.9216 2.05136 0.51644 0.342582
threshold=0 1 20.250000000000004 27.200000000000003 36.850000000000001 33.300000000000004 25.000000000000004 25.150000000000002 7.4860120000000014 51.500000000000007 13.750000000000002 72.500000000000014
decision_type=1 1 2 2 2 2 2 2 2 2 2 2
left_child=1 2 -1 -4 5 -3 9 11 -9 -2 -6 -8
right_child=6 4 3 -5 10 -7 7 8 -10 -11 -12 -13
leaf_value=-0.048463066889057244 0.023050559586268587 -0.0032433204594159897 0.13317714305368161 0.039756421240353029 -0.049877248167878863 0.035703528773361845 -0.026454980020760851 0.022041467924712392 -0.049267774780375848 -0.031681202724812951 -0.0084051021765489953 -0.050268589445588145
leaf_weight=6.8757089599966994 4.2214832901954642 73.370409999042749 6.3868326842784873 208.45493749156594 10.65096816793084 112.0875645391643 5.0292213298380366 8.3180483132600802 20.59790706820786 1.5684376284480093 1.2881386950612057 237.77170649543405
leaf_count=80 59 942 64 2221 150 1236 168 150 692 45 20 8259
internal_value=-0.0012279 0.0281909 0.0400923 0.0431378 0.0161094 0.0203607 -0.044997 -0.0477452 -0.0287037 0.00574188 -0.0463981 -0.0498859
internal_weight=696.621 419.115 221.717 214.842 197.397 185.458 277.507 271.717 28.916 5.78992 11.9391 242.801
internal_count=14086 4713 2365 2285 2348 2178 9373 9269 842 104 170 8427
cat_boundaries=0 1 2
cat_threshold=9 1
is_linear=0
shrinkage=0.05


Tree=14
num_leaves=13
num_cat=1
split_feature=0 32 2 38 32 44 34 38 36 12 21 44
split_gain=355.035 20.1141 22.3787 29.2333 9.81676 3.26764 3.14586 11.3335 1.66472 1.37604 0.661139 0.262197
threshold=0 30.676786000000003 9.5000000000000018 6.1437500000000016 27.296726500000002 25.000000000000004 25.150000000000002 7.4860120000000014 93.500000000000014 54.500000000000007 22.250000000000004 24.300000000000004
decision_type=1 2 2 2 2 2 2 2 2 2 2 2
left_child=1 2 3 -1 -4 9 10 -8 -3 -2 -7 -11
right_child=5 8 4 -5 -6 6 7 -9 -10 11 -12 -13
leaf_value=0.086651195916729373 0.016195314092549522 -0.047919864981711642 -0.0026788756605156294 0.030621764920881218 0.068287803483297646 -0.038586512400730036 0.018790684339174094 -0.04912961862406201 0.0043776662305067193 -0.03473668930383076 -0.050940621558319292 -0.0025758644155419799
leaf_weight=24.509742371737957 2.6083058826625338 8.2367732524871791 61.313026394695044 326.09852792322636 4.2884001433849326 29.921641550958157 8.0363976210355776 20.107219083234668 1.6321368142962462 1.8760891109704971 201.49662854894996 1.032355722039938
leaf_count=205 38 131 903 3375 48 1014 142 709 23 40 7403 21
internal_value=-0.000624814 0.0274319 0.0297716 0.0347739 0.00291592 -0.0449957 -0.047496 -0.0297557 -0.0396638 -0.00716665 -0.0495162 -0.026901
internal_weight=691.157 426.079 416.21 350.608 65.6014 265.079 259.562 28.1436 9.86891 5.51675 231.418 2.90844
internal_count=14052 4685 4531 3580 951 9367 9268 851 154 99 8417 61
cat_boundaries=0 1
cat_threshold=9
is_linear=0
shrinkage=0.05


Tree=15
num_leaves=13
num_cat=1
split_feature=0 32 34 34 2 2 32 39 34 5 36 5
split_gain=322.317 18.4078 21.6266 26.5532 24.3026 4.75504 7.09357 9.97291 2.24648 7.58392 1.6401 0.130931
threshold=0 30.676786000000003 25.250000000000004 24.450000000000003 5.5000000000000009 1.5000000000000002 26.964285500000003 19.450000000000003 25.150000000000002 -0.84313311835787952 93.500000000000014 0.99803555425430601
decision_type=1 2 2 2 2 2 2 2 2 2 2 2
left_child=1 2 3 -1 -4 6 7 -2 11 -10 -3 -7
right_child=5 10 4 -5 -6 8 -8 -9 9 -11 -12 -13
leaf_value=0.029918446264117035 0.039300115898545554 -0.047764201043199131 0.1092951057691372 -0.0066290313410466862 -0.039978810904194154 -0.050870158905754227 -0.048058945265149457 -0.043626113704625311 0.0076072219469290291 -0.048909224496951197 0.0041735767248979906 -0.021480598948632232
leaf_weight=353.07858311384916 7.1412275135517138 8.1333582028746569 13.349339168518783 57.435481257736683 2.8170823082327834 198.15035478211939 14.02405543066561 5.5393692404031754 8.011269651353361 19.510316837579012 1.6406456418335444 2.3885849099606267
leaf_count=3607 162 133 173 714 40 7599 501 196 122 734 23 90
internal_value=-0.000908634 0.0250229 0.0271741 0.0248014 0.0824697 -0.0444963 -0.0248109 0.0025338 -0.0486255 -0.0327679 -0.0394678 -0.0506284
internal_weight=691.22 436.454 426.68 410.514 16.1664 254.765 26.7047 12.6806 228.061 27.5216 9.774 200.539
internal_count=14094 4690 4534 4321 213 9404 859 358 8545 856 156 7689
cat_boundaries=0 1
cat_threshold=9
is_linear=0
shrinkage=0.05


Tree=16
num_leaves=15
num_cat=1
split_feature=0 17 34 38 4 5 5 38 2 32 38 34 5 5
split_gain=301.749 21.2091 21.3948 18.4383 29.677 15.9492 13.8521 13.6132 3.74006 5.5037 7.9416 3.69069 11.2512 0.206705
threshold=0 33.300000000000004 24.250000000000004 6.0776785000000002 -0.452744437932114 -0.95242240592625282 -0.97507822412530132 7.6994045000000009 1.5000000000000002 26.964285500000003 7.7473215000000009 25.150000000000002 -0.85225707553516283 0.99803555425430601
decision_type=1 2 2 2 2 2 2 2 2 2 2 2 2 2
left_child=1 3 5 4 -1 -3 -5 -4 9 10 -2 13 -13 -10
right_child=8 2 7 6 -6 -7 -8 -9 11 -11 -12 12 -14 -15
leaf_value=-0.012171725981915042 0.029574584625451955 0.097887570833554136 0.09435068974829057 -0.030190184757271574 0.08441820202093557 0.04156614750225282 0.013836606555432 0.0023545288810352463 -0.050778301263851314 -0.047800279020244717 -0.043650428915019121 0.019675588597872263 -0.048839184084483511 -0.019538107471935618
leaf_weight=12.118946913629769 7.4697975125163811 14.02420365065336 3.393603414297103 18.552283119410276 20.936903826892376 115.0786622390151 213.55124148353934 48.146068654954433 189.27013474516571 13.21823446638882 5.5827296264469624 7.8911203444004085 19.081826919689775 2.1840957980602971
leaf_count=172 159 113 44 204 172 1024 2406 577 7617 494 202 120 743 84
internal_value=-0.000505687 0.0238538 0.0375786 0.0152937 0.0496888 0.0483896 0.0102031 0.0100925 -0.0439821 -0.026273 -0.00262218 -0.047987 -0.0288079 -0.0505253
internal_weight=690.5 445.802 180.643 265.159 33.0559 129.103 232.104 51.5397 244.698 26.2708 13.0525 218.427 26.9729 191.454
internal_count=14131 4712 1758 2954 344 1137 2610 621 9419 855 361 8564 863 7701
cat_boundaries=0 1
cat_threshold=9
is_linear=0
shrinkage=0.05


Tree=17
num_leaves=11
num_cat=1
split_feature=0 37 2 34 17 44 34 5 2 2
split_gain=279.012 19.5382 17.8269 25.3552 10.0823 6.40616 4.01164 12.1421 1.98586 1.37525
threshold=0 70.500000000000014 9.5000000000000018 24.250000000000004 22.150000000000002 25.000000000000004 25.150000000000002 -0.84313311835787952 7.5000000000000009 1.5000000000000002
decision_type=1 2 2 2 2 2 2 2 2 2
left_child=1 2 3 -1 -4 8 9 -8 -2 -7
right_child=5 -3 4 -5 -6 6 7 -9 -10 -11
leaf_value=0.034081148183634412 0.023298476470283505 0.10943384215250684 0.028449455845641864 0.0048868268450499991 -0.014380958004251662 -0.033245055256713972 0.022099859314084567 -0.048567705880354813 -0.031072177626079986 -0.050411082051259007
leaf_weight=276.46269679814577 4.1748874858021727 5.5711032040417185 18.306109461933374 102.11745963618159 46.687790129333735 21.104007132351398 8.2593138217926043 17.869998909533024 1.51244256272912 180.61163657531142
leaf_count=2421 51 49 247 1277 661 799 124 737 50 7636
internal_value=-2.44463e-05 0.0229117 0.0220967 0.02624 -0.0020691 -0.0431822 -0.046328 -0.0262389 0.00635529 -0.048788
internal_weight=682.677 449.145 443.574 378.58 64.9939 233.532 227.845 26.1293 5.68733 201.716
internal_count=14052 4655 4606 3698 908 9397 9296 861 101 8435
cat_boundaries=0 1
cat_threshold=9
is_linear=0
shrinkage=0.05


Tree=18
num_leaves=15
num_cat=1
split_feature=0 37 7 21 44 4 4 38 44 9 38 21 4 26
split_gain=259.561 19.126 26.22 23.2306 22.5633 19.3814 13.2006 5.93422 4.49917 1.4967 9.24257 1.47275 1.41312 0.254048
threshold=0 66.500000000000014 26.781250000000004 24.250000000000004 36.900000000000013 -0.39036798905311365 -0.58482361983252518 5.8008925000000007 25.000000000000004 25.750000000000004 7.2312500000000011 22.250000000000004 0.29342972903661901 12.850000000000003
decision_type=1 2 2 2 2 2 2 2 2 2 2 2 2 2
left_child=1 2 6 -4 7 -6 -1 -3 12 11 -11 -10 -2 -14
right_child=8 4 3 -5 5 -7 -8 -9 9 10 -12 -13 13 -15
leaf_value=-0.029393264401289799 -0.031600696873199316 0.0403600687489949 0.036617826003419486 0.0081048658423689707 0.075905797801496977 0.0029647775670676555 0.0082354293001289137 -0.048652707407889156 -0.034349207562554752 0.014475074767696845 -0.048983135310022352 -0.05059447617953531 -0.00073148710718545567 0.022013760178538622
leaf_weight=34.110371235758066 1.58293306082487 1.6718486919999103 172.70925102382898 122.5325568690896 39.822118986397982 11.829728975892065 68.455451488494873 6.349112581461668 25.56234472990036 7.1296875737607506 22.015027537941933 162.28097806312144 1.8519583493471143 2.3108174577355385
leaf_count=442 54 21 1596 1441 336 90 681 66 1012 132 972 7141 22 28
internal_value=-0.000594519 0.0208952 0.0173067 0.0248516 0.0475823 0.0595738 -0.00444174 -0.027682 -0.0436138 -0.0467144 -0.0334941 -0.0485774 -0.00160474 0.013713
internal_weight=680.214 457.48 397.808 295.242 59.6728 51.6518 102.566 8.02096 222.734 216.988 29.1447 187.843 5.74571 4.16278
internal_count=14034 4673 4160 3037 513 426 1123 87 9361 9257 1104 8153 104 50
cat_boundaries=0 1
cat_threshold=9
is_linear=0
shrinkage=0.05


Tree=19
num_leaves=15
num_cat=0
split_feature=44 32 31 41 4 38 44 43 4 26 31 25 43 4
split_gain=19.0412 22.825 14.2101 13.8485 13.8068 35.2087 19.6628 13.6749 13.1768 12.9035 12.1292 11.6225 11.3083 7.75258
threshold=41.20000000000001 27.296726500000002 44.100000000000001 2.7500000000000004 -0.61237985104942771 7.8068455000000005 33.300000000000004 23.100000000000005 -0.22701068973476937 22.250000000000004 35.800000000000004 7.2076385000000007 23.500000000000004 0.99374995976406788
decision_type=2 2 2 2 2 2 2 2 2 2 2 2 2 2
left_child=4 2 7 13 10 6 -6 -2 -7 -4 -1 -5 -12 -3
right_child=1 3 9 11 5 8 -8 -9 -10 -11 12 -13 -14 -15
leaf_value=-0.031481530084712994 0.062491630521062706 0.0088837971296757308 -0.044528840769319816 0.02290936274505645 0.00065769248750142603 0.044745466288513704 0.033974159123879806 0.014375388369058341 -0.018974787611823495 0.021077244152266989 -0.020502153825264494 -0.032407461303820453 0.033827119451261656 0.075306534436286238
leaf_weight=78.11322545260191 37.905601896345615 40.02351238578558 8.8660589922219497 11.290226850658653 102.56607385724783 7.5773358251899472 76.992783727124333 25.002780213952065 174.01526131294668 30.301809296011925 21.114674871787429 43.593659622594714 15.905054574832318 3.9951190091669551
leaf_count=1956 572 691 198 201 2027 162 1529 462 3906 487 464 940 330 83
internal_value=1.64076e-05 0.0128851 0.0293521 -0.00423409 -0.00542943 -0.000605345 0.0150525 0.0438921 -0.0160854 0.00548776 -0.0204262 -0.0208219 0.00311551 0.0164512
internal_weight=677.263 200.979 102.076 98.9025 476.284 361.151 179.559 62.9084 181.593 39.1679 115.133 54.8839 37.0197 44.0186
internal_count=14008 3634 1719 1915 10374 7624 3556 1034 4068 685 2750 1141 794 774
is_linear=0
shrinkage=0.05


Tree=20
num_leaves=15
num_cat=2
split_feature=0 1 4 37 23 4 31 44 34 5 4 5 21 24
split_gain=237.451 15.7505 35.0604 21.3858 31.1266 27.0868 18.9402 3.18341 3.49461 10.214 2.34347 1.9952 0.941284 0.377861
threshold=0 1 0.94704596667653973 27.500000000000004 90.500000000000014 0.76696112484652035 34.400000000000013 25.000000000000004 25.150000000000002 -0.85225707553516283 0.34235194516023087 0.28313308994381586 22.250000000000004 51.500000000000007
decision_type=1 1 2 2 2 2 2 2 2 2 2 2 2 2
left_child=1 3 6 5 -5 -1 -3 10 12 -10 13 -4 -9 -2
right_child=7 2 11 4 -6 -7 -8 8 9 -11 -12 -13 -14 -15
leaf_value=-0.043823746989870127 -0.00050796520366478337 -0.00073930259884575397 -0.052686776900726276 -0.028949199966313101 0.03006410566211706 0.10099874599201586 0.030464845746726501 -0.036034799594879222 0.017831488038993943 -0.048332615910755779 0.028455828020434983 0.0034898992447816718 -0.0504864999959313 -0.037067952920697034
leaf_weight=3.334983445703986 0.93477697670459692 87.918297905474901 20.483596790581945 24.338065456598997 200.14444707334042 17.009263582527637 107.69155452772975 25.281037446111441 8.0978810824453848 16.536297192797065 2.0559172108769417 1.5766455903649319 158.55510541982949 2.3041649237275124
leaf_count=32 16 1029 260 253 1924 110 1033 1029 119 734 25 15 7414 57
internal_value=-0.000973015 0.0191454 0.00970697 0.028242 0.023566 0.0763174 0.0165075 -0.0432641 -0.0462488 -0.0267356 -0.00579882 -0.0486946 -0.0487048 -0.0291255
internal_weight=676.262 462.497 217.67 244.827 224.483 20.3442 195.61 213.765 208.47 24.6342 5.29486 22.0602 183.836 3.23894
internal_count=14050 4656 2337 2319 2177 142 2062 9394 9296 853 98 275 8443 73
cat_boundaries=0 1 2
cat_threshold=9 1
is_linear=0
shrinkage=0.05


Tree=21
num_leaves=12
num_cat=1
split_feature=0 32 34 34 4 44 34 5 2 21 36
split_gain=221.574 14.4791 16.1267 21.3116 20.2302 6.03144 3.45708 9.94694 1.6381 1.62607 1.58885
threshold=0 30.676786000000003 25.250000000000004 24.450000000000003 0.55656748448714433 25.000000000000004 25.150000000000002 -0.85225707553516283 7.5000000000000009 22.250000000000004 93.500000000000014
decision_type=1 2 2 2 2 2 2 2 2 2 2
left_child=1 2 3 -1 -4 8 9 -8 -2 -7 -3
right_child=5 10 4 -5 -6 6 7 -9 -10 -11 -12
leaf_value=0.022581917387384735 0.019781604004137851 -0.047599804235781806 -0.041001440160330277 -0.009263353044722266 0.088596543947533482 -0.033138284170448971 0.017440039233458566 -0.048155428718796078 -0.030004906912380926 -0.050402027129191951 0.0035938213501003342
leaf_weight=387.99535967037082 4.4059105068445197 7.9094708003103715 3.0853917896747616 60.181362878531218 14.984482593834398 23.902440307661891 8.1397404707968253 15.902492530643938 1.3986795898526905 151.53358625993133 1.6648384183645246
leaf_count=3634 52 132 43 726 172 1006 118 742 51 7440 23
internal_value=-0.000118959 0.0185934 0.0202595 0.0182946 0.0654783 -0.0422262 -0.0457295 -0.0261378 0.00513851 -0.0482511 -0.0391999
internal_weight=681.104 475.821 466.247 448.177 18.0699 205.283 199.478 24.0422 5.80459 175.436 9.57431
internal_count=14139 4730 4575 4360 215 9409 9306 860 103 8446 155
cat_boundaries=0 1
cat_threshold=9
is_linear=0
shrinkage=0.05


Tree=22
num_leaves=15
num_cat=1
split_feature=0 43 43 5 43 44 4 34 2 32 39 34 5 5
split_gain=214.529 17.0255 24.7484 26.4046 24.7915 21.9678 19.5654 17.3528 4.55921 5.61451 6.74408 2.81364 6.43298 0.321351
threshold=0 21.550000000000004 1.8500000000000003 -0.61236746317008228 0.55000000000000016 34.750000000000007 -0.21022463061426777 25.150000000000002 1.5000000000000002 26.964285500000003 19.450000000000003 25.150000000000002 -0.84313311835787952 0.99803555425430601
decision_type=1 2 2 2 2 2 2 2 2 2 2 2 2 2
left_child=1 2 4 -4 -1 7 -7 -3 9 10 -2 13 -13 -10
right_child=8 5 3 -5 -6 6 -8 -9 11 -11 -12 12 -14 -15
leaf_value=0.0079261945477645378 0.029610126883283756 -0.010810447895988286 0.021450531924876302 -0.014178676109548828 0.051694956773806526 0.062560366467628969 0.015837230982899516 0.086043985996369171 -0.050682750012171943 -0.046808014450286449 -0.04177807797542217 0.0060650745801066079 -0.047835620888999716 -0.01673736848521205
leaf_weight=66.658359009772539 7.4383495338261145 35.230812963098288 92.264619488269091 116.54082267731428 62.662326578050852 62.060637217015028 36.089185431599617 4.3015694171190253 148.52279753610492 10.79984508268535 4.4433704931288958 8.200804531574251 14.816200101748107 1.9402814246714104
leaf_count=599 160 384 891 1357 539 519 327 44 7588 496 198 118 736 90
internal_value=-0.000148317 0.0179912 0.0122706 0.00159196 0.0293683 0.0331476 0.0457135 0.00159124 -0.0427593 -0.0223752 0.00174255 -0.0477316 -0.0291783 -0.0503584
internal_weight=671.97 475.808 338.126 208.805 129.321 137.682 98.1498 39.5324 196.162 22.6816 11.8817 173.48 23.017 150.463
internal_count=14046 4660 3386 2248 1138 1274 846 428 9386 854 358 8532 854 7678
cat_boundaries=0 1
cat_threshold=9
is_linear=0
shrinkage=0.05


Tree=23
num_leaves=12
num_cat=1
split_feature=0 32 44 43 5 44 36 34 38 21 4
split_gain=196.497 13.2634 14.4782 23.3855 19.4115 5.70894 2.89345 2.21987 5.95842 1.49715 1.23219
threshold=0 30.497916500000006 34.750000000000007 5.3500000000000005 0.65720762023595369 25.000000000000004 93.500000000000014 25.150000000000002 7.4860120000000014 21.550000000000004 0.29342972903661901
decision_type=1 2 2 2 2 2 2 2 2 2 2
left_child=1 2 3 -1 -4 10 -3 9 -9 -7 -2
right_child=5 6 4 -5 -6 7 -8 8 -10 -11 -12
leaf_value=0.033098418447880085 -0.028645464875588972 -0.048027668895981389 0.029307918449284306 -0.0097526913851445074 -0.0029077133263246458 -0.029593086632920679 0.012424153635991031 0.0039457734123571541 -0.047799461852556034 -0.049931461821677875 0.014958693713436359
leaf_weight=47.09588061645627 1.2624787222594012 8.4920715950429422 278.16815616935492 93.304118379950523 55.961737122386694 15.265845991671084 2.0521315187215796 8.5681371595710534 14.142514107748864 143.99027414992452 4.7601484507322311
leaf_count=417 50 142 2455 1088 550 685 27 148 708 7725 54
internal_value=-0.000170908 0.0166718 0.018271 0.00475374 0.0239197 -0.0421411 -0.0362054 -0.0459481 -0.0289343 -0.0481787 0.00304082
internal_weight=673.063 485.074 474.53 140.4 334.13 187.989 10.5442 181.967 22.7107 159.256 6.02263
internal_count=14049 4679 4510 1505 3005 9370 169 9266 856 8410 104
cat_boundaries=0 1
cat_threshold=9
is_linear=0
shrinkage=0.05


Tree=24
num_leaves=14
num_cat=2
split_feature=0 1 4 5 34 31 31 44 34 5 5 4 21
split_gain=179.092 14.2639 32.2414 22.989 33.8902 22.0182 14.972 5.83568 3.89257 8.34433 1.73809 1.29567 1.28528
threshold=0 1 0.94704596667653973 0.41202506375868281 22.850000000000005 27.200000000000003 31.850000000000005 25.000000000000004 25.150000000000002 -0.84313311835787952 0.28313308994381586 0.29342972903661901 22.250000000000004
decision_type=1 1 2 2 2 2 2 2 2 2 2 2 2
left_child=1 3 6 4 -1 -5 -3 11 12 -10 -4 -2 -9
right_child=7 2 10 5 -6 -7 -8 8 9 -11 -12 -13 -14
leaf_value=0.11857933446679306 -0.028060992686448502 -0.0065589609553661291 -0.052736136367568992 0.051566339051257459 0.028276662929561221 -0.010356149911874611 0.022046183660883751 -0.033200797179442292 0.013650789532569922 -0.047389844084060384 -0.00057010060580261546 0.017372480429828058 -0.050157158157714869
leaf_weight=10.24947279691696 1.2073925267904986 66.53031662106514 20.694548163563017 17.1235964410007 164.32176791504025 68.08992762118578 142.77201111242175 21.368704851716757 8.6384427957236785 13.212355824187396 1.7473460733890522 4.5627832189202309 131.84369609132409
leaf_count=69 49 760 265 157 1454 641 1333 999 123 716 16 51 7475
internal_value=-0.000154694 0.015539 0.00679305 0.0238809 0.0342237 0.00254092 0.0129656 -0.0412492 -0.045141 -0.0237169 -0.048872 0.00512508 -0.0480229
internal_weight=672.362 491.529 231.744 259.785 174.571 85.2135 209.302 180.833 175.063 21.8508 22.4419 5.77018 153.212
internal_count=14108 4695 2374 2321 1523 798 2093 9413 9313 839 281 100 8474
cat_boundaries=0 1 2
cat_threshold=9 1
is_linear=0
shrinkage=0.05


Tree=25
num_leaves=13
num_cat=1
split_feature=0 37 32 34 44 34 5 4 35 21 11 24
split_gain=168.419 11.8996 11.384 18.0333 4.24938 3.2261 6.71937 1.49093 1.45616 1.35568 0.962304 0.268659
threshold=0 70.500000000000014 30.676786000000003 25.250000000000004 25.000000000000004 25.150000000000002 -0.84313311835787952 0.3261394409934788 66.50892850000001 23.650000000000002 72.500000000000014 51.500000000000007
decision_type=1 2 2 2 2 2 2 2 2 2 2 2
left_child=1 2 3 -1 7 10 -7 11 -4 -3 -6 -2
right_child=4 9 8 -5 5 6 -8 -9 -10 -11 -12 -13
leaf_value=0.012550613751709926 -0.00067408186292189766 0.031091451614102917 -0.047259590576137323 0.059918580610124367 -0.014602696608370319 0.0082417995432341965 -0.047205725998630627 0.019898494425327082 0.0017283928651488302 0.090539642142106816 -0.048800364561968304 -0.032687715161310527
leaf_weight=458.83528704568744 0.93099837563931886 2.9936925396323195 7.5157944299280626 20.115723609924316 3.1438756771385661 8.6686775013804453 12.672187941148875 3.0499763041734695 1.7618868611752985 4.541940450668335 142.30120547860861 1.6211867891252039
leaf_count=4259 15 24 129 213 160 123 719 34 27 31 8265 49
internal_value=-0.000539608 0.0143355 0.0135698 0.0146607 -0.0415827 -0.0454113 -0.0253221 -0.000968445 -0.0386935 0.073332 -0.0481659 -0.024487
internal_weight=668.152 495.764 488.229 478.951 172.388 166.786 21.3409 5.60216 9.27768 7.53563 145.445 2.55219
internal_count=14048 4683 4628 4472 9365 9267 842 98 156 55 8425 64
cat_boundaries=0 1
cat_threshold=9
is_linear=0
shrinkage=0.05


Tree=26
num_leaves=15
num_cat=1
split_feature=0 34 2 34 4 33 33 19 44 34 38 21 4 13
split_gain=155.127 14.999 15.9616 17.7741 14.7162 18.4655 12.0818 10.4878 5.89355 2.44076 6.05917 1.72016 1.39057 0.0300869
threshold=0 24.250000000000004 9.5000000000000018 20.250000000000004 -0.30163705152652737 34.150000000000013 30.750000000000004 27.767361500000003 25.000000000000004 25.150000000000002 7.4860120000000014 21.550000000000004 0.29342972903661901 6.4020835000000007
decision_type=1 2 2 2 2 2 2 2 2 2 2 2 2 2
left_child=1 2 3 -1 7 -6 -4 -3 12 11 -11 -10 -2 -14
right_child=8 4 6 -5 5 -7 -8 -9 9 10 -12 -13 13 -15
leaf_value=-0.049652454881825424 -0.028376352807764321 0.042555812813424077 0.048480777684233395 0.025181673251497241 -0.040110673851632639 0.0066161481363461398 -0.010718282999597602 -0.036157030237282749 -0.027441291189063563 0.0064816605992572482 -0.047329183816114284 -0.049644324553500277 0.0081405384445500852 0.023209289382978834
leaf_weight=7.2467595115303984 1.2414077091962088 22.891244992613796 8.9642967581748945 306.37476202100515 34.544993862509727 51.606878977268934 62.942731861025095 4.3401328250765792 13.860453356057404 8.149682370945813 12.599441915750502 125.22320243157446 2.2197737693786621 2.2447058036923409
leaf_count=72 53 179 80 2379 397 664 856 47 689 140 713 7748 24 25
internal_value=-0.000520065 0.0134816 0.0184423 0.0233002 -0.00222105 -0.0123655 -0.00277448 0.0291742 -0.0409003 -0.0451301 -0.0268675 -0.0476434 0.00565399 0.0185778
internal_weight=664.45 498.912 385.529 313.622 113.383 86.1519 71.907 27.2314 165.539 159.833 20.7491 139.084 5.70589 4.46448
internal_count=14066 4674 3387 2451 1287 1061 936 226 9392 9290 853 8437 102 49
cat_boundaries=0 1
cat_threshold=9
is_linear=0
shrinkage=0.05


Tree=27
num_leaves=14
num_cat=1
split_feature=0 39 34 40 40 5 19 34 5 21 37 25 44
split_gain=144.37 13.0892 17.2552 12.0986 20.0021 11.1371 9.92231 4.55364 9.42801 3.14158 3.05026 2.80105 0.546412
threshold=0 25.250000000000004 24.450000000000003 113.15000000000002 74.200000000000003 -0.90161545992537195 26.625694500000005 25.150000000000002 -0.84313311835787952 22.250000000000004 37.500000000000007 8.5444445000000027 25.000000000000004
decision_type=1 2 2 2 2 2 2 2 2 2 2 2 2
left_child=1 2 6 4 -3 -4 -1 9 11 10 -2 -9 -11
right_child=7 3 5 -5 -6 -7 -8 8 -10 12 -12 -13 -14
leaf_value=0.0015152174552876048 -0.04652366687071946 0.01925143068259956 -0.048194522888842101 -0.038963628293740581 0.081090310809984786 -0.0014888201538570322 0.019810207797474947 0.031997907753517629 -0.04683215902727092 -0.0092276481872041859 -0.01022195392254727 -0.030877646241511871 -0.04990751078050748
leaf_weight=103.2321412563324 10.380208496004345 39.461487919092178 15.316214002668856 4.4198155254125586 19.258422806859016 58.933596838265657 263.32068515196443 7.1376323550939578 11.639845838770269 1.3413530830293883 13.282299276441334 1.4082007855176923 113.12641253229231
leaf_count=1011 540 324 202 41 115 731 2244 93 720 36 530 28 7401
internal_value=-0.00010495 0.0130677 0.0102276 0.0344643 0.040551 -0.0116357 0.0146759 -0.0401541 -0.0191603 -0.0459484 -0.0273874 0.0194878 -0.0495149
internal_weight=662.258 503.942 440.803 63.1397 58.7199 74.2498 366.553 158.316 20.1857 138.13 23.6625 8.54583 114.468
internal_count=14016 4668 4188 480 439 933 3255 9348 841 8507 1070 121 7437
cat_boundaries=0 1
cat_threshold=9
is_linear=0
shrinkage=0.05


Tree=28
num_leaves=14
num_cat=1
split_feature=0 38 2 44 32 32 24 2 33 5 34 38 5
split_gain=131.672 15.5197 23.0121 13.938 17.73 11.9008 8.24104 5.13313 9.77928 7.70151 4.6374 8.65103 0.52584
threshold=0 5.720238000000001 6.5000000000000009 41.20000000000001 27.296726500000002 26.477678500000003 70.500000000000014 1.5000000000000002 32.750000000000007 0.91511078773075505 25.150000000000002 6.9169645000000015 0.99803555425430601
decision_type=1 2 2 2 2 2 2 2 2 2 2 2 2
left_child=1 2 -1 5 -5 -3 -4 8 9 -2 12 -12 -9
right_child=7 3 6 4 -6 -7 -8 10 -10 -11 11 -13 -14
leaf_value=0.094481743692515996 0.10304616892032475 -0.015238488545931701 -0.030956891440977435 0.037200064936314663 0.0043012567097934894 0.0089803206844718247 0.066237742828170229 -0.04987545514573602 -0.046429361305460076 -0.002726215651050772 0.016459930331698871 -0.047265951537228734 -0.010991884159606743
leaf_weight=12.481920927762987 1.2754121124744431 62.169602971524 7.5181289315223676 88.580222394317389 75.984220571815968 257.23091475665569 1.9390607252717016 111.88187870010734 10.42878903634846 6.8632670305669308 8.2559273410588521 12.190712974406777 1.5283324355259527
leaf_count=70 49 682 101 575 653 2542 27 7570 617 171 141 731 89
internal_value=-0.000336491 0.0120422 0.0525207 0.0103511 0.0221275 0.00423341 -0.00660006 -0.0394466 -0.0162308 0.0233114 -0.0454478 -0.0219671 -0.0494521
internal_weight=658.328 505.904 21.9391 483.965 164.564 319.401 9.45719 152.424 18.5675 8.13868 133.857 20.4466 113.41
internal_count=14018 4650 198 4452 1228 3224 128 9368 837 220 8531 872 7659
cat_boundaries=0 1
cat_threshold=9
is_linear=0
shrinkage=0.05


Tree=29
num_leaves=15
num_cat=2
split_feature=0 19 32 0 38 6 44 17 38 4 4 11 26 31
split_gain=115.854 13.5138 16.6334 25.6673 19.4179 9.52496 8.19078 6.15708 4.65209 13.8398 5.83051 1.05608 2.00389 1.0454
threshold=0 26.625694500000005 27.223809500000005 1 6.2892860000000015 2.5000000000000004 47.000000000000007 28.250000000000004 6.9288690000000006 0.3261394409934788 0.54219432480460406 72.500000000000014 17.150000000000002 25.000000000000004
decision_type=1 2 2 1 2 2 2 2 2 2 2 2 2 2
left_child=1 5 3 -3 -4 7 -7 -1 9 -2 -11 12 -10 -13
right_child=8 2 4 -5 -6 6 -8 -9 11 10 -12 13 -14 -15
leaf_value=-0.0065769015613785266 -0.047543615076963815 0.047590464663386664 0.044457269804236449 0.0020049660590272939 0.0025275461635948832 -0.016629047099430642 0.024519208041844744 0.057164825488984966 0.032640004117604871 0.024886704813889937 -0.039963485624769986 -0.013630143500194553 -0.034445599962278611 -0.049215291385613515
leaf_weight=6.0713395625352851 28.345627760514617 66.877536278218031 30.286903567612171 64.361221365630627 236.36850509420037 83.075258504599333 13.218574143946169 8.3104675486683828 0.80249698273837511 12.917052936740221 3.6487937066704026 3.0475186575204125 2.1007463028654456 96.144012180157006
leaf_count=61 1906 543 203 548 2273 881 82 58 35 245 220 183 131 6672
internal_value=-0.00127063 0.0101709 0.0146611 0.0291694 0.00743826 -0.00504801 -0.0107865 0.0315778 -0.0387247 -0.0268915 0.0091409 -0.047375 -0.0122907 -0.0482689
internal_weight=655.576 508.57 397.894 131.239 266.655 110.676 96.2938 14.3818 147.006 44.9115 16.5658 102.095 2.90324 99.1915
internal_count=14041 4649 3567 1091 2476 1082 963 119 9392 2371 465 7021 166 6855
cat_boundaries=0 1 2
cat_threshold=9 8
is_linear=0
shrinkage=0.05


Tree=30
num_leaves=13
num_cat=2
split_feature=0 1 4 44 34 43 2 33 4 34 38 5
split_gain=112.546 12.6872 27.3385 19.8291 16.0142 19.3825 6.64929 10.5012 5.39161 5.17013 6.87147 1.58365
threshold=0 1 0.94704596667653973 32.95000000000001 20.250000000000004 1.8500000000000003 1.5000000000000002 32.750000000000007 0.27694220057652758 25.150000000000002 7.4860120000000014 0.28313308994381586
decision_type=1 1 2 2 2 2 2 2 2 2 2 2
left_child=1 4 3 -3 -1 -6 7 8 -2 -8 -11 -4
right_child=6 2 11 -5 5 -7 9 -9 -10 10 -12 -13
leaf_value=-0.049742172261131305 -0.033772165186739998 -0.022967264543989421 -0.052851433190289288 0.014794800081827028 0.042222364435274003 0.011592536394160404 -0.050213460500859952 -0.045967780480526479 0.048022820477515445 0.01097569872044633 -0.046447159176527253 -0.0029083290879340258
leaf_weight=7.6358449496328822 1.9671126836910859 42.334323771297932 20.89507602900267 175.76041202992201 69.57173503562808 197.48017329350114 103.17107340414077 9.5061522293835861 6.3533832393586636 9.0097167342901248 10.410553156398235 1.8410162031650532
leaf_count=81 110 480 265 1588 509 1740 7646 615 110 149 706 16
internal_value=-0.000876021 0.0100765 0.00187906 0.00739344 0.0175961 0.0196999 -0.0388391 -0.0122178 0.0271364 -0.0457226 -0.0205739 -0.0491003
internal_weight=655.937 515.519 240.831 218.095 274.688 267.052 140.418 17.8266 8.3205 122.591 19.4203 22.7361
internal_count=14015 4679 2349 2068 2330 2249 9336 835 220 8501 855 281
cat_boundaries=0 1 2
cat_threshold=9 1
is_linear=0
shrinkage=0.05


Tree=31
num_leaves=12
num_cat=2
split_feature=0 32 7 4 1 2 33 10 34 38 35
split_gain=104.961 9.87047 10.4566 11.1411 9.31933 4.88347 8.03787 6.06395 5.18122 7.28966 1.49015
threshold=0 30.676786000000003 30.068750000000005 0.99552231814189462 1 1.5000000000000002 32.750000000000007 62.187500000000007 25.150000000000002 7.4860120000000014 66.50892850000001
decision_type=1 2 2 2 1 2 2 2 2 2 2
left_child=1 2 3 -1 -4 6 7 -2 -7 -10 -3
right_child=5 10 4 -5 -6 8 -8 -9 9 -11 -12
leaf_value=0.010957952121411766 0.093716905125501071 -0.047267873546475055 0.090019676547390473 -0.038609080805053091 0.0026171472093836192 -0.049153661664501608 -0.045830477751822134 -0.0022754863349940908 0.014365751750067289 -0.046164409364195982 0.0023526297902439529
leaf_weight=484.95976059511304 1.0751392096281067 7.5187933854758722 6.7764918729662877 10.648430090397595 5.1188910305500031 98.631229353137314 9.2789573110640031 7.7262984989210963 8.5091863516718167 9.8409237647429091 1.7281087115406988
leaf_count=4270 35 130 57 122 61 7676 626 190 140 702 26
internal_value=-0.000555099 0.00984403 0.0109959 0.00981737 0.0555277 -0.0380494 -0.015538 0.0178157 -0.0445926 -0.0188039 -0.0386699
internal_weight=651.812 516.75 507.504 495.608 11.8954 135.062 18.0804 8.80144 116.981 18.3501 9.2469
internal_count=14035 4666 4510 4392 118 9369 851 225 8518 842 156
cat_boundaries=0 1 2
cat_threshold=9 1
is_linear=0
shrinkage=0.05


Tree=32
num_leaves=15
num_cat=1
split_feature=0 21 44 4 5 40 33 23 2 33 34 5 4 5
split_gain=95.117 12.0429 13.7611 26.2757 12.8839 9.9365 23.723 7.82788 4.95821 7.92233 5.04697 6.72489 4.23024 0.733133
threshold=0 24.250000000000004 40.500000000000007 -0.59869031648930193 0.97263757644091864 48.800000000000004 34.150000000000013 95.500000000000014 1.5000000000000002 32.750000000000007 25.150000000000002 -0.84313311835787952 0.27694220057652758 0.99803555425430601
decision_type=1 2 2 2 2 2 2 2 2 2 2 2 2 2
left_child=1 2 3 -1 -4 7 -7 -3 9 12 13 -12 -2 -10
right_child=8 5 4 -5 -6 6 -8 -9 10 -11 11 -13 -14 -15
leaf_value=-0.01803516844099293 -0.034187135768321213 -0.0035138772107172465 0.034583937296005694 0.018539925412007701 -0.040304452709892379 -4.5867693927264513e-05 0.071690982564810185 -0.035747845857766629 -0.049559631559394433 -0.045631465319177666 0.012077038392118674 -0.04593339340826072 0.036369401850521836 -0.0055719619430016623
leaf_weight=68.600449550896883 2.0450624618679303 59.830820148810744 92.210817366838455 166.28003968298435 5.3028666228055945 89.607838418334723 12.225337188690899 26.66042385995388 92.840909570455551 8.9415221763774735 8.8106902204453963 9.6122936531901342 6.7243684269487858 1.2294211564585555
leaf_count=788 119 674 573 1426 55 724 117 317 7598 631 121 731 107 83
internal_value=-0.00115326 0.0085705 0.0144444 0.00782644 0.0301437 -0.00136576 0.00917974 -0.0137448 -0.0375976 -0.0147944 -0.0443385 -0.0189968 0.0181002 -0.0490494
internal_weight=650.923 520.719 332.394 234.88 97.5137 188.324 101.833 86.4912 130.204 17.711 112.493 18.423 8.76943 94.0703
internal_count=14064 4674 2842 2214 628 1832 841 991 9390 857 8533 852 226 7681
cat_boundaries=0 1
cat_threshold=9
is_linear=0
shrinkage=0.05


end of trees

feature_importances:
temperature_min_7d=52
day_of_year_cos=40
wind_gust_max_7d=37
day_of_year_sin=36
month=35
age_group=34
wind_speed_mean_7d=23
temperature_mean_7d=20
temperature_min_3d=19
humidity_min_7d=14
temperature_max_7d=13
wind_speed_max_7d=11
rain_max_daily_7d=11
gender=10
precipitation_sum_7d=10
wind_gust_max_3d=7
wind_speed_max_3d=6
humidity_max_7d=6
temperature_mean_current=4
temperature_mean_3d=4
wind_speed_mean_3d=4
humidity_mean_7d=4
humidity_mean_current=3
humidity_max_current=3
wind_gust_max_current=3
humidity_mean_3d=3
humidity_min_3d=3
temperature_min_current=2
humidity_max_3d=2
weather_code_current=1
humidity_min_current=1
wind_speed_mean_current=1
rain_max_daily_3d=1
rain_sum_7d=1

parameters:
[boosting: gbdt]
[objective: binary]
[metric: binary_logloss]
[tree_learner: serial]
[device_type: cpu]
[data_sample_strategy: bagging]
[data: ]
[valid: ]
[num_iterations: 33]
[learning_rate: 0.05]
[num_leaves: 15]
[num_threads: 8]
[seed: 42]
[deterministic: 0]
[force_col_wise: 0]
[force_row_wise: 0]
[histogram_pool_size: -1]
[max_depth: 4]
[min_data_in_leaf: 20]
[min_sum_hessian_in_leaf: 0.001]
[bagging_fraction: 0.9]
[pos_bagging_fraction: 1]
[neg_bagging_fraction: 1]
[bagging_freq: 1]
[bagging_seed: 400]
[bagging_by_query: 0]
[feature_fraction: 0.9]
[feature_fraction_bynode: 1]
[feature_fraction_seed: 30056]
[extra_trees: 0]
[extra_seed: 12879]
[early_stopping_round: 0]
[early_stopping_min_delta: 0]
[first_metric_only: 0]
[max_delta_step: 0]
[lambda_l1: 0]
[lambda_l2: 1]
[linear_lambda: 0]
[min_gain_to_split: 0]
[drop_rate: 0.1]
[max_drop: 50]
[skip_drop: 0.5]
[xgboost_dart_mode: 0]
[uniform_drop: 0]
[drop_seed: 17869]
[top_rate: 0.2]
[other_rate: 0.1]
[min_data_per_group: 100]
[max_cat_threshold: 32]
[cat_l2: 10]
[cat_smooth: 10]
[max_cat_to_onehot: 4]
[top_k: 20]
[monotone_constraints: ]
[monotone_constraints_method: basic]
[monotone_penalty: 0]
[feature_contri: ]
[forcedsplits_filename: ]
[refit_decay_rate: 0.9]
[cegb_tradeoff: 1]
[cegb_penalty_split: 0]
[cegb_penalty_feature_lazy: ]
[cegb_penalty_feature_coupled: ]
[path_smooth: 0]
[interaction_constraints: ]
[verbosity: -1]
[saved_feature_importance_type: 0]
[use_quantized_grad: 0]
[num_grad_quant_bins: 4]
[quant_train_renew_leaf: 0]
[stochastic_rounding: 1]
[linear_tree: 0]
[max_bin: 255]
[max_bin_by_feature: ]
[min_data_in_bin: 3]
[bin_construct_sample_cnt: 200000]
[data_random_seed: 175]
[is_enable_sparse: 1]
[enable_bundle: 1]
[use_missing: 1]
[zero_as_missing: 0]
[feature_pre_filter: 1]
[pre_partition: 0]
[two_round: 0]
[header: 0]
[label_column: ]
[weight_column: ]
[group_column: ]
[ignore_column: ]
[categorical_feature: 0,1,3]
[forcedbins_filename: ]
[precise_float_parser: 0]
[parser_config_file: ]
[objective_seed: 16083]
[num_class: 1]
[is_unbalance: 0]
[scale_pos_weight: 1]
[sigmoid: 1]
[boost_from_average: 1]
[reg_sqrt: 0]
[alpha: 0.9]
[fair_c: 1]
[poisson_max_delta_step: 0.7]
[tweedie_variance_power: 1.5]
[lambdarank_truncation_level: 30]
[lambdarank_norm: 1]
[label_gain: ]
[lambdarank_position_bias_regularization: 0]
[eval_at: ]
[multi_error_top_k: 1]
[auc_mu_weights: ]
[num_machines: 1]
[local_listen_port: 12400]
[time_out: 120]
[machine_list_filename: ]
[machines: ]
[gpu_platform_id: -1]
[gpu_device_id: -1]
[gpu_device_id_list: ]
[gpu_use_dp: 0]
[num_gpu: 1]

end of parameters

pandas_categorical:[]
