tree
version=v4
num_class=1
num_tree_per_iteration=1
label_index=0
max_feature_idx=44
objective=binary sigmoid:1
feature_names=age_group gender month season day_of_year_sin day_of_year_cos weather_code_current temperature_mean_current temperature_max_current temperature_min_current humidity_mean_current humidity_max_current humidity_min_current wind_speed_mean_current wind_speed_max_current precipitation_sum_current rain_sum_current wind_gust_max_current rain_day_current temperature_mean_3d temperature_max_3d temperature_min_3d humidity_mean_3d humidity_max_3d humidity_min_3d wind_speed_mean_3d wind_speed_max_3d precipitation_sum_3d rain_sum_3d rain_days_3d rain_max_daily_3d wind_gust_max_3d temperature_mean_7d temperature_max_7d temperature_min_7d humidity_mean_7d humidity_max_7d humidity_min_7d wind_speed_mean_7d wind_speed_max_7d precipitation_sum_7d rain_sum_7d rain_days_7d rain_max_daily_7d wind_gust_max_7d
feature_infos=-1:0:1:2:3:4:5 -1:0:1 [1:12] -1:1:0 [-0.99999942202469239:0.99998555065071859] [-0.99997919295908244:0.9999907524084426] [0:61] [23.658332999999999:32.533332999999999] [25.899999999999999:39.200000000000003] [17.899999999999999:29.300000000000001] [48.958333000000003:91.625] [63:100] [23:86] [2.8541669999999999:19.695833] [6.4000000000000004:30.100000000000001] [0:63.100000000000001] [0:63.100000000000001] [14:56.899999999999999] [0:1] [23.766667000000002:32.427778000000004] [27.699999999999999:39.200000000000003] [17.899999999999999:28.100000000000001] [52.569443999999997:90.694444000000004] [73:100] [23:79] [4.125:17.329167000000002] [9.6999999999999993:30.100000000000001] [0:93.900000000000006] [0:93.900000000000006] [0:3] [0:63.100000000000001] [17.300000000000001:56.899999999999999] [24.365476000000001:32.235118999999997] [28.699999999999999:39.200000000000003] [17.899999999999999:27.5] [55.767856999999999:89.523809999999997] [77:100] [23:72] [4.5327380000000002:15.469643] [11.6:30.100000000000001] [0:163.90000000000001] [0:163.90000000000001] [0:7] [0:63.100000000000001] [23:56.899999999999999]
tree_sizes=1673 1703 1710 1727 1734 1727 1741 1724 1740 1740 1741 1741 1620 1736 1735 1648 1605 1709

Tree=0
num_leaves=15
num_cat=3
split_feature=0 1 0 7 44 32 37 40 40 34 32 4 32 38
split_gain=674.854 161.555 91.7137 155.051 73.481 61.1013 115.472 99.6025 22.715 26.0953 30.1837 8.05802 13.8642 5.12008
threshold=0 1 2 30.156250000000004 46.250000000000007 26.477678500000003 55.500000000000007 0.35000000000000003 0.35000000000000003 21.850000000000005 28.497917000000005 -0.85227431625818906 26.643750000000001 6.8250000000000011
decision_type=1 1 1 2 2 2 2 2 2 2 2 2 2 2
left_child=1 2 4 -4 -1 6 -3 -7 9 13 -11 12 -10 -2
right_child=8 5 3 -5 -6 7 -8 -9 11 10 -12 -13 -14 -15
leaf_value=-2.5541790402061664 -2.6413639726859368 -2.7188450450257617 -2.6706505247758834 -2.3750782989075567 -2.6750957769201449 -2.5263879884524787 -2.5434746590208421 -2.6787447990855671 -2.719825641634122 -2.5428909565460951 -2.7113227339178434 -2.7210518113538034 -2.6722154784485754 -2.7139914235559379
leaf_weight=127.30209901928902 2.1217016503214898 13.397030420601366 65.530270971357822 3.7584429234266272 13.821370750665663 10.487268157303332 27.218401171267033 161.12808533012867 36.856988668441772 5.6982844322919828 3.7584429234266281 333.10715910047293 25.8847601339221 16.912993155419827
leaf_count=2100 35 221 1081 62 228 173 449 2658 608 94 62 5495 427 279
internal_value=-2.66978 -2.62562 -2.59365 -2.65296 -2.57276 -2.65548 -2.60113 -2.66866 -2.71374 -2.67158 -2.60747 -2.71789 -2.70054 -2.70492
internal_weight=846.983 422.643 210.412 69.2887 141.123 212.231 40.6154 171.615 424.34 28.4914 9.45673 395.849 62.7417 19.0347
internal_count=13972 6972 3471 1143 2328 3501 670 2831 7000 470 156 6530 1035 314
cat_boundaries=0 1 2 3
cat_threshold=7 1 6
is_linear=0
shrinkage=1


Tree=1
num_leaves=15
num_cat=4
split_feature=0 1 0 19 2 34 43 40 39 2 40 4 1 4
split_gain=631.717 120.05 71.1222 105.677 63.8764 59.6029 37.2853 21.9892 25.9441 19.9685 19.6058 7.91267 10.2343 5.92239
threshold=0 1 2 30.138194500000001 2.5000000000000004 24.350000000000005 22.850000000000005 0.35000000000000003 19.550000000000004 2.5000000000000004 0.55000000000000016 -0.85227431625818906 3 0.9550229469509578
decision_type=1 1 1 2 2 2 2 2 2 2 2 2 1 2
left_child=1 2 4 -4 -1 6 -3 8 9 -2 -7 12 -9 -10
right_child=7 5 3 -5 -6 10 -8 11 13 -11 -12 -13 -14 -15
leaf_value=0.019477858417203703 0.10329103266313402 0.015955695342816396 -0.00017290706397793252 0.22773457580948292 0.10498120166755587 0.096711694972075157 0.071528389292476513 -0.010550250872466695 -0.045204663128151877 -0.039779671703365799 -0.035308627340687994 -0.052179282673993022 -0.051655507708706395 0.035365336713223082
leaf_weight=26.997767511755228 6.6618501991033572 116.33376001194119 66.609145186841488 4.5067049972712985 126.20989204198122 2.015338458120822 40.182801686227322 30.612921837717295 17.8407091870904 2.9335313476622105 54.348676666617393 316.99497878551483 30.269891541451216 1.8485130667686451
leaf_count=404 101 1893 1098 59 1907 31 642 519 304 50 903 5472 513 29
internal_value=-0.000425833 0.0408242 0.0672028 0.0151296 0.0846488 0.0147522 0.0305865 -0.044618 -0.0038311 0.0599248 -0.0289845 -0.048938 -0.0314916 -0.0362966
internal_weight=844.366 437.204 224.324 71.1159 153.208 212.881 156.517 407.162 29.2846 9.59538 56.364 377.878 60.8828 19.6892
internal_count=13925 6937 3468 1157 2311 3469 2535 6988 484 151 934 6504 1032 333
cat_boundaries=0 1 2 3 4
cat_threshold=7 1 6 1
is_linear=0
shrinkage=0.05


Tree=2
num_leaves=15
num_cat=3
split_feature=0 1 5 34 33 34 43 43 40 37 34 34 35 1
split_gain=584.77 99.1566 55.2373 143.82 77.5157 52.3464 39.2994 21.7838 21.288 21.1354 8.84776 5.35803 3.86612 6.63586
threshold=0 1 -0.82413948779581736 24.050000000000004 36.350000000000001 24.350000000000005 23.950000000000006 0.35000000000000003 0.35000000000000003 32.500000000000007 21.700000000000006 22.150000000000002 86.57142850000001 2
decision_type=1 1 2 2 2 2 2 2 2 2 2 2 2 1
left_child=1 2 3 -1 -4 6 -3 -7 9 11 -11 -2 -10 -14
right_child=8 5 4 -5 -6 7 -8 -9 12 10 -12 -13 13 -15
leaf_value=0.20560969637503548 -0.043267302697204732 0.013836373830531018 0.033832768513338225 0.036239481788680465 0.12253266684572434 0.098307328716091283 0.07038224698619093 -0.034784157614063498 -0.051669116115827675 -0.029595560303046022 0.098138357860899209 0.0080864987762257253 -0.024134336749909245 -0.05201201968923154
leaf_weight=20.581692669540644 14.450951997190719 121.40973896533251 161.863778822124 31.189831387251616 28.419358376413584 2.3071786612272254 40.47107058763504 53.127391614019871 275.0332593396306 1.2522900588810433 4.9372237175703049 7.1539423912763587 45.514116611331701 45.40699602290988
leaf_count=299 257 1949 2382 461 393 33 606 910 4962 22 70 114 800 813
internal_value=-0.000130526 0.0377868 0.060558 0.106193 0.0476517 0.013993 0.0283185 -0.0276011 -0.0441886 -0.00300658 0.0717728 -0.0266572 -0.0485039 -0.0384711
internal_weight=853.119 459.37 242.055 51.7715 190.283 217.315 161.881 55.4346 393.749 27.7944 6.18951 21.6049 365.954 90.9211
internal_count=14071 7033 3535 760 2775 3498 2555 943 7038 463 92 371 6575 1613
cat_boundaries=0 1 2 3
cat_threshold=7 1 1
is_linear=0
shrinkage=0.05


Tree=3
num_leaves=15
num_cat=3
split_feature=0 1 0 33 44 34 37 4 41 39 2 4 32 4
split_gain=498.599 87.0032 61.8773 78.1862 52.9108 42.3538 59.1306 32.9284 27.8438 25.9318 18.6272 9.42449 15.6954 9.21009
threshold=0 1 2 36.750000000000007 46.250000000000007 23.850000000000005 55.500000000000007 0.85226249403558707 0.35000000000000003 19.550000000000004 2.5000000000000004 -0.85227431625818906 26.643750000000001 0.9550229469509578
decision_type=1 1 1 2 2 2 2 2 2 2 2 2 2 2
left_child=1 2 4 -4 -1 6 -3 -7 9 10 -2 12 -10 -11
right_child=8 5 3 -5 -6 7 -8 -9 11 13 -12 -13 -14 -15
leaf_value=0.081772215052435496 0.09845432755827177 -0.00079048654866861702 -0.0072253304916198432 0.14875415970140055 -0.011305081674460057 -0.030742642955865113 0.067985533723648392 0.034808774360905424 -0.050049238359729908 -0.044377559427615544 -0.039053388263477602 -0.05125527724316397 0.0024993619187107289 0.055802486335341545
leaf_weight=158.97663295269012 7.8532807156443614 69.117423333227634 69.019771508872509 8.0814364999532682 16.629084214568138 71.731461048126221 56.01150968670845 25.086971871554852 33.141418017446995 16.538282521069053 2.7845585681498051 292.06046289205551 24.18426426127553 1.7712068036198605
leaf_count=2097 103 1104 1083 94 239 1189 825 416 609 301 51 5516 426 27
internal_value=-0.000405819 0.0333982 0.054107 0.00959108 0.0690351 0.0111803 0.0302907 -0.0135752 -0.042551 0.00334514 0.0621975 -0.0475667 -0.0282175 -0.0322984
internal_weight=852.988 474.654 252.707 77.1012 175.606 221.947 125.129 96.8184 378.333 28.9473 10.6378 349.386 57.3257 18.3095
internal_count=14080 7047 3513 1177 2336 3534 1929 1605 7033 482 154 6551 1035 328
cat_boundaries=0 1 2 3
cat_threshold=7 1 6
is_linear=0
shrinkage=0.05


Tree=4
num_leaves=15
num_cat=2
split_feature=0 1 2 34 42 34 40 39 4 32 2 4 4 32
split_gain=471.094 58.0643 47.9578 42.7792 39.4743 26.5208 23.6692 21.8426 20.9204 18.7337 13.7851 8.37325 7.87712 15.1232
threshold=0 1 1.5000000000000002 24.350000000000005 2.5000000000000004 20.850000000000005 0.35000000000000003 19.550000000000004 0.89017062131308955 27.946131000000005 2.5000000000000004 0.9550229469509578 -0.85227431625818906 26.643750000000001
decision_type=1 1 2 2 2 2 2 2 2 2 2 2 2 2
left_child=1 2 9 5 -4 -3 7 10 -5 -1 -2 -9 13 -8
right_child=6 3 4 8 -6 -7 12 11 -10 -11 -12 -13 -14 -15
leaf_value=-0.039425483679239003 0.079630892602587211 -0.035215934833285063 0.11254719475774289 -0.044253042829157693 0.047136630170550406 0.031848211525480251 -0.05134058238901739 -0.046839571200056725 0.024884215668797692 0.076427798892395316 -0.038421999493039184 0.045560480149396419 -0.051018890156044522 0.00052688910659815511
leaf_weight=19.632352489978079 8.691828630864622 15.465782202780245 25.651035871356726 38.815523441880941 217.6728653460741 154.16663448512554 32.501769427210093 15.792184017598631 14.34295419231057 3.243170451372861 2.6416608467698088 2.0527088195085517 277.70826724916697 24.175000421702862
leaf_count=279 105 246 340 702 2871 2324 624 299 235 46 50 30 5490 425
internal_value=-0.000166493 0.0315998 0.0479711 0.0133239 0.0544646 0.0255633 -0.0425608 -0.00051715 -0.0254837 -0.0204873 0.0512304 -0.0343571 -0.0474861 -0.0295914
internal_weight=852.554 488.99 266.199 222.791 243.324 169.632 363.563 29.1784 53.1585 22.8755 11.3335 17.8449 334.385 56.6768
internal_count=14066 7043 3536 3507 3211 2570 7023 484 937 325 155 329 6539 1049
cat_boundaries=0 1 2
cat_threshold=7 1
is_linear=0
shrinkage=0.05


Tree=5
num_leaves=15
num_cat=3
split_feature=0 1 0 19 44 34 37 4 40 39 2 4 4 32
split_gain=422.572 55.0232 48.4049 75.1287 48.5811 38.1204 43.178 32.5279 23.0677 19.7483 11.2923 8.83013 8.07835 12.6066
threshold=0 1 2 30.295139000000002 46.250000000000007 23.850000000000005 55.500000000000007 0.62587949062545845 0.35000000000000003 19.550000000000004 2.5000000000000004 0.9550229469509578 -0.85227431625818906 26.643750000000001
decision_type=1 1 1 2 2 2 2 2 2 2 2 2 2 2
left_child=1 2 4 -4 -1 6 -3 -7 9 10 -2 -11 13 -10
right_child=8 5 3 -5 -6 7 -8 -9 12 11 -12 -13 -14 -15
leaf_value=0.067044437117101605 0.070692409212857452 0.0012600229740142987 -0.0079010310297908583 0.15894028334065607 -0.020548061266709765 -0.036908406858451454 0.058442450663175063 0.022272864526921964 -0.049526180375622314 -0.046604496669851801 -0.037521231305815854 0.050055273623178999 -0.05078802396581588 -0.0015236230750058698
leaf_weight=178.25055033713579 9.3505073413252848 70.04345677793026 74.109152533113956 6.4156287387013426 16.914829883724451 56.738612245768309 61.518609993159771 37.972340762615204 30.645639307796955 15.482763186097147 2.4476774707436553 1.9175461530685414 264.30402578413486 24.204266894608736
leaf_count=2114 106 1100 1117 55 234 960 835 630 616 305 48 27 5469 425
internal_value=-0.000451848 0.0286864 0.0442186 0.00639392 0.0565063 0.0109131 0.0282378 -0.0131961 -0.0420193 -0.000655368 0.0470646 -0.033811 -0.0471022 -0.0287501
internal_weight=850.316 501.963 275.69 80.5248 195.165 226.273 131.562 94.711 348.352 29.1985 11.7982 17.4003 319.154 54.8499
internal_count=14041 7045 3520 1172 2348 3525 1935 1590 6996 486 154 332 6510 1041
cat_boundaries=0 1 2 3
cat_threshold=7 1 6
is_linear=0
shrinkage=0.05


Tree=6
num_leaves=15
num_cat=1
split_feature=1 43 34 32 42 34 32 37 44 36 2 5 4 24
split_gain=68.685 48.443 54.9874 42.2756 36.5111 64.7746 36.4683 36.6877 34.0847 56.8607 33.1878 13.0823 12.1602 7.7067
threshold=0 0.25000000000000006 21.050000000000004 28.295238000000001 2.5000000000000004 21.850000000000005 26.401488000000004 55.500000000000007 31.150000000000002 99.500000000000014 2.5000000000000004 0.99958851518450398 0.70290292807158605 38.500000000000007
decision_type=1 2 2 2 2 2 2 2 2 2 2 2 2 2
left_child=4 2 -2 -4 5 10 7 -3 11 -10 -1 -6 -8 -7
right_child=1 6 3 -5 8 13 12 -9 9 -11 -12 -13 -14 -15
leaf_value=-0.041161745641843217 -0.047773703969665862 -0.049537455137633857 0.14412020094054251 -0.026270639483086989 -0.036557812627167431 0.11652287835060358 -0.032987262006953448 0.041115060095432615 0.0029981438724724771 0.053798243943917828 0.05405210307238309 0.067213764663627218 -0.011505012061650017 0.029698069819038109
leaf_weight=18.685798835009336 8.9433175213634986 14.258176513016222 12.610604092478754 4.594267673790454 47.922154322266579 22.936084855347875 218.70888123288751 41.0632120706141 274.53906466811895 67.952320463955402 16.107408307492733 2.3348197713494292 96.205190740525723 3.7843017242848864
leaf_count=291 165 271 172 75 765 312 3967 644 4294 1032 244 38 1760 53
internal_value=-4.21986e-05 -0.0152316 0.0493428 0.0996765 0.0132162 0.0487186 -0.0199129 0.0172862 0.00754614 0.0132045 0.00319585 -0.0305196 -0.0264817 0.105741
internal_weight=850.646 396.384 26.1482 17.2049 454.262 61.5136 370.235 55.3214 392.748 342.491 34.7932 50.257 314.914 26.7204
internal_count=14083 7054 412 247 7029 900 6642 915 6129 5326 535 803 5727 365
cat_boundaries=0 1
cat_threshold=1
is_linear=0
shrinkage=0.05


Tree=7
num_leaves=15
num_cat=3
split_feature=0 1 0 33 44 34 40 44 5 4 4 32 4 39
split_gain=408.394 54.8708 37.6634 60.0435 38.4284 36.0164 20.2723 17.7949 17.6572 13.5636 7.67285 11.535 6.63285 5.48326
threshold=0 1 2 37.95000000000001 46.250000000000007 24.350000000000005 0.35000000000000003 33.650000000000006 0.92191100909954782 0.89017062131308955 -0.85227431625818906 26.643750000000001 0.35846314187849704 28.200000000000006
decision_type=1 1 1 2 2 2 2 2 2 2 2 2 2 2
left_child=1 2 4 -4 -1 8 7 12 -3 -7 11 -8 -2 -12
right_child=6 5 3 -5 -6 9 10 -9 -10 -11 13 -13 -14 -15
leaf_value=0.06233414376992949 0.0069441857000451931 0.0272126121833563 -0.0012990446392491335 0.18046944955190228 -0.01661141450793303 -0.043228840562747541 -0.049237262757726274 -0.031160831692135311 -0.018075225513525972 0.0126768238775678 -0.051724453261220216 -0.0024345900575443156 0.085309880303817878 -0.0034261682641591393
leaf_weight=189.82290565222502 5.5216587558388728 149.09760669246316 76.624578695744276 3.8287389874458304 16.364123411476612 35.628499023616314 28.955538835376501 19.423244316130877 24.411173384636641 14.875779055058954 248.86429620906711 23.68116557225585 4.6745381951332092 6.1685821115970603
leaf_count=2111 72 2177 1124 29 227 697 604 358 393 236 5424 419 44 131
internal_value=3.4547e-05 0.0280263 0.0430292 0.00842618 0.0534394 0.00996868 -0.0418925 -0.00349528 0.0207739 -0.0268357 -0.0469229 -0.0286188 0.0472823 -0.0505742
internal_weight=847.942 510.653 286.64 80.4533 206.187 224.013 337.289 29.6194 173.509 50.5043 307.67 52.6367 10.1962 255.033
internal_count=14046 6994 3491 1153 2338 3503 7052 474 2570 933 6578 1023 116 5555
cat_boundaries=0 1 2 3
cat_threshold=7 1 6
is_linear=0
shrinkage=0.05


Tree=8
num_leaves=15
num_cat=2
split_feature=0 42 4 34 3 44 30 38 40 34 32 4 32 39
split_gain=368.373 41.4294 79.8776 55.6271 62.2238 44.1017 30.7675 24.2985 19.7391 13.4884 12.1651 5.79972 9.45676 5.45519
threshold=0 2.5000000000000004 0.83849049182116964 24.350000000000005 1 33.300000000000004 1.4500000000000002 12.222916500000002 0.35000000000000003 21.700000000000006 28.497917000000005 -0.85227431625818906 26.662797500000003 28.200000000000006
decision_type=1 2 2 2 1 2 2 2 2 2 2 2 2 2
left_child=1 2 5 4 -3 -1 -5 -4 9 -2 -11 12 -10 -13
right_child=8 3 7 6 -6 -7 -8 -9 11 10 -12 13 -14 -15
leaf_value=0.08637704078822675 -0.044571626629416938 0.046500822023430033 0.16300382968775595 0.041281664067948615 0.0017711979873211816 -0.018604773486889069 -0.021632534677296263 0.057270825068101862 -0.049090983139371658 0.044246823894400475 -0.043200272806028367 -0.051556257990556256 -0.0056300630492697595 -0.0033089818510650517
leaf_weight=14.245356816798447 11.617357127368452 214.40725339204073 16.877174437046055 23.279116082936525 121.79401532560587 28.333192281424999 96.889851581305265 10.044812068343161 28.592375908046961 14.000181421637537 4.5218288116157046 236.55352913588285 22.192005753517151 6.1524967998266211
leaf_count=182 242 2728 197 290 1683 390 1452 115 620 154 92 5401 394 131
internal_value=-0.000652618 0.0250274 0.0612436 0.0199374 0.0303501 0.0176947 -0.00920469 0.127018 -0.041812 -0.00440633 0.0217788 -0.0470451 -0.0305747 -0.0503518
internal_weight=849.501 525.871 69.5005 456.37 336.201 42.5785 120.169 26.922 323.63 30.1394 18.522 293.49 50.7844 242.706
internal_count=14071 7037 884 6153 4411 572 1742 312 7034 488 246 6546 1014 5532
cat_boundaries=0 1 2
cat_threshold=7 2
is_linear=0
shrinkage=0.05


Tree=9
num_leaves=15
num_cat=2
split_feature=0 1 21 37 5 36 5 40 4 39 4 32 2 39
split_gain=336.894 38.6576 43.892 44.364 39.9224 132.896 42.5519 18.7315 15.5247 14.4533 9.30133 13.3993 7.02759 5.63015
threshold=0 1 23.850000000000005 55.500000000000007 -0.84313311835787952 99.500000000000014 -0.29342786347392819 0.35000000000000003 0.85226249403558707 19.550000000000004 -0.85227431625818906 26.643750000000001 2.5000000000000004 28.200000000000006
decision_type=1 1 2 2 2 2 2 2 2 2 2 2 2 2
left_child=1 4 3 -3 5 -1 -6 9 -4 12 11 -9 -2 -12
right_child=7 2 8 -5 6 -7 -8 10 -10 -11 13 -13 -14 -15
leaf_value=0.026672276130657827 0.04807127627592199 0.0020953486033126758 -0.022621536451164669 0.064973554990856802 -0.005932620714005514 0.19020430941368677 0.040163586593092611 -0.048788769667498871 0.016541146644126477 -0.035133990081656227 -0.051386618495044459 0.0022708325746438117 -0.036581925863715045 -0.0017462778322630526
leaf_weight=46.013374596834183 11.43454794585705 59.831296913325787 87.9504504352808 51.930326223373413 70.30484052747488 16.236798286437988 170.90960159897804 27.260949049144983 34.535740185528994 16.070115782320499 223.76732249930501 23.404642429202795 2.2710106931626788 5.9344717673957339
leaf_count=554 107 923 1478 627 797 160 1995 622 522 330 5356 418 47 127
internal_value=0.000175403 0.0239763 0.00910589 0.031629 0.0361748 0.0716594 0.0267593 -0.0405028 -0.0115348 -0.00395301 -0.0457961 -0.0256147 0.0325105 -0.0501173
internal_weight=847.855 537.712 234.248 111.762 303.465 62.2502 241.214 310.143 122.486 29.7757 280.367 50.6656 13.7056 229.702
internal_count=14063 7056 3550 1550 3506 714 2792 7007 2000 484 6523 1040 154 5483
cat_boundaries=0 1 2
cat_threshold=7 1
is_linear=0
shrinkage=0.05


Tree=10
num_leaves=15
num_cat=2
split_feature=0 2 42 34 0 32 4 36 40 34 32 4 32 44
split_gain=306.577 36.3132 74.603 57.1715 41.1348 68.6129 23.0057 20.8387 20.3716 12.2754 10.7514 9.53532 12.9399 3.76635
threshold=0 2.5000000000000004 2.5000000000000004 24.350000000000005 1 27.223809500000005 0.75580964594513067 97.500000000000014 0.35000000000000003 21.350000000000005 28.497917000000005 -0.85227431625818906 26.643750000000001 49.150000000000006
decision_type=1 2 2 2 1 2 2 2 2 2 2 2 2 2
left_child=1 4 7 -4 5 -1 -6 -3 9 -2 -11 12 -10 -13
right_child=8 2 3 -5 6 -7 -8 -9 11 10 -12 13 -14 -15
leaf_value=-0.050170740451367782 -0.047178815408279173 0.11370663741887672 0.033397296171872891 -0.0075859086806289999 -0.048124126769733072 0.097398691199013898 0.030183624455066012 0.036753369628729007 -0.04853561752670793 0.038775971466565272 -0.042823873311097688 -0.051231868968264288 0.0020432821742401575 -0.0094162175317503947
leaf_weight=11.690472003072498 9.0394649952650088 29.235095050185919 294.42958717793226 119.07108306139708 48.332063734531403 20.368509776890278 10.856681201606987 14.238758143037556 26.179143406450748 15.889758970588447 4.402906756848096 212.53712015599012 23.502375409007072 6.0400252826511851
leaf_count=162 208 301 3583 1736 691 261 149 175 624 178 96 5320 419 141
internal_value=6.6961e-05 0.0221416 0.0282848 0.021606 -0.00619647 0.0335487 -0.0287252 0.0898957 -0.0399409 -0.00165193 0.0198915 -0.0455892 -0.0250405 -0.0501245
internal_weight=845.813 548.222 456.975 413.501 91.2477 32.059 59.1887 43.4739 297.591 29.3321 20.2927 268.259 49.6815 218.577
internal_count=14044 7058 5795 5319 1263 423 840 476 6986 482 274 6504 1043 5461
cat_boundaries=0 1 2
cat_threshold=7 4
is_linear=0
shrinkage=0.05


Tree=11
num_leaves=15
num_cat=2
split_feature=0 44 39 35 42 4 34 40 35 34 4 1 32 39
split_gain=285.102 32.4077 55.4296 67.2101 53.4533 57.2606 41.2145 19.6005 16.37 11.2223 10.3259 13.5113 9.3475 3.94892
threshold=0 38.70000000000001 18.850000000000005 82.318452500000021 2.5000000000000004 0.86548282553247169 24.450000000000003 0.35000000000000003 87.145833500000023 21.350000000000005 -0.85227431625818906 1 28.497917000000005 28.200000000000006
decision_type=1 2 2 2 2 2 2 2 2 2 2 1 2 2
left_child=1 2 6 -4 5 -3 -1 9 -6 -2 11 -9 -11 -12
right_child=7 4 3 -5 8 -7 -8 10 -10 12 13 -13 -14 -15
leaf_value=0.02231727612296508 -0.046856322048306989 -0.018904798549477329 0.024638959519588145 0.093516304031168479 -0.013911136111757811 0.098408678416067596 -0.046241103420822688 0.0014590995553243936 0.019672146456776774 0.034657804207203317 -0.051081570550164802 -0.050386864966175018 -0.042294983676186941 -0.0075219377359024911
leaf_weight=156.65070872008801 8.6244512684643286 15.914492104202507 83.724438779056072 61.705014396458864 135.87389678508043 27.570992708206177 24.509006064385176 25.772440068423748 48.41758032143116 16.613215822726492 204.53388922661543 23.422888912260532 4.1727380082011214 5.7240079082548609
leaf_count=1881 207 220 1088 728 1848 262 374 531 592 182 5376 524 95 126
internal_value=5.89503e-05 0.0209602 0.031412 0.0543023 0.00681864 0.0560153 0.0128391 -0.0393526 -0.00502949 -0.00195038 -0.0450795 -0.0237378 0.0179774 -0.0499369
internal_weight=843.23 554.366 326.589 145.429 227.777 43.4855 181.16 288.864 184.291 29.4104 259.453 49.1953 20.786 210.258
internal_count=14034 6993 4071 1816 2922 482 2255 7041 2440 484 6557 1055 277 5502
cat_boundaries=0 1 2
cat_threshold=7 1
is_linear=0
shrinkage=0.05


Tree=12
num_leaves=14
num_cat=3
split_feature=0 1 2 44 34 43 43 44 44 44 4 4 1
split_gain=273.111 37.1674 33.9917 35.8518 27.9603 21.9269 15.4357 13.7153 11.3215 12.2555 8.90946 7.15029 8.34208
threshold=0 1 1.5000000000000002 38.70000000000001 24.350000000000005 22.850000000000005 0.55000000000000016 29.350000000000005 49.150000000000006 31.850000000000005 0.89017062131308955 -0.85227431625818906 2
decision_type=1 1 2 2 2 2 2 2 2 2 2 2 1
left_child=1 2 7 -4 5 -3 8 -1 9 -2 -6 12 -8
right_child=6 4 3 -5 10 -7 11 -9 -10 -11 -12 -13 -14
leaf_value=0.031830656798747019 0.018875948427054468 0.0028746581253530916 0.050836497717104412 0.015703452970419748 -0.04236937850560691 0.039898652741169494 -0.0078240949836888476 -0.046496120190062273 0.079708226487994971 -0.037946619348650443 0.0019179026435783794 -0.051416166571860239 -0.050125686629720327
leaf_weight=7.0882741250097778 13.010796576738356 136.15849280357361 168.7359931319952 129.08313478529453 33.403074067085981 55.722851291298866 24.626573976129293 18.0733985863626 2.0302819386124602 29.672091074287891 16.826867818832397 183.44624942168593 21.907212071120739
leaf_count=85 172 1906 1766 1421 710 656 507 242 38 692 240 5041 513
internal_value=-0.000254529 0.0195735 0.0309961 0.0357124 0.00507587 0.0137776 -0.0402185 -0.0240575 -0.0143918 -0.0205901 -0.0277854 -0.046897 -0.0283744
internal_weight=839.785 565.092 322.981 297.819 242.111 191.881 274.693 25.1617 44.7132 42.6829 50.2299 229.98 46.5338
internal_count=13989 7026 3514 3187 3512 2562 6963 327 902 864 950 6061 1020
cat_boundaries=0 1 2 3
cat_threshold=7 1 1
is_linear=0
shrinkage=0.05


Tree=13
num_leaves=15
num_cat=2
split_feature=0 39 44 34 42 39 40 34 33 33 35 1 39 8
split_gain=254.074 28.2768 34.867 43.438 40.3563 20.8186 18.6319 10.262 10.1524 9.67237 4.77564 7.79145 3.81493 2.54432
threshold=0 15.550000000000002 38.70000000000001 24.550000000000004 2.5000000000000004 12.750000000000002 0.35000000000000003 21.350000000000005 34.45000000000001 32.750000000000007 86.538690500000016 1 28.200000000000006 30.050000000000004
decision_type=1 2 2 2 2 2 2 2 2 2 2 1 2 2
left_child=1 5 3 -3 -4 13 7 -2 -9 -7 12 -12 -8 -1
right_child=6 2 4 -5 -6 9 10 8 -10 -11 11 -13 -14 -15
leaf_value=0.0050236546629476471 -0.046462434931741292 0.042284180416485323 0.049962975351032307 -0.011179519857333934 -0.0021643641991325991 -0.0443689353897605 -0.051002796591805399 0.043741870365313684 -0.025180141607814656 0.0097604177454913531 -0.015424328687257075 -0.050457561336118999 -0.0083443079052613698 0.067306694932352071
leaf_weight=2.3718932569026929 8.2023409046232718 247.34832110628486 45.28734939917922 44.420902412384748 187.29316533356905 31.356011353433132 168.00810570269823 12.378534443676473 8.0519558638334257 10.653963144868611 34.195920139551163 30.855851005762815 5.8535653613507739 5.9305668249726295
leaf_count=26 211 2866 478 606 2475 381 4798 111 162 146 810 821 131 64
internal_value=0.000192706 0.0188848 0.0226488 0.0341341 0.00815615 -0.0163399 -0.0391231 -0.00237205 0.0166712 -0.0307337 -0.0451301 -0.0325539 -0.0496225 0.0519661
internal_weight=842.208 574.662 524.35 291.769 232.581 50.3124 267.546 28.6328 20.4305 42.01 238.913 65.0518 173.862 8.30246
internal_count=14086 7042 6425 3472 2953 617 7044 484 273 527 6560 1631 4929 90
cat_boundaries=0 1 2
cat_threshold=7 1
is_linear=0
shrinkage=0.05


Tree=14
num_leaves=15
num_cat=3
split_feature=0 1 0 19 44 32 37 40 40 4 32 21 32 44
split_gain=215.11 32.4566 31.8377 41.2281 25.4218 24.723 48.0227 45.6035 19.1919 9.67941 12.1289 9.37873 7.36217 2.41438
threshold=0 1 2 30.295139000000002 46.250000000000007 26.378273500000002 55.500000000000007 0.25000000000000006 0.35000000000000003 -0.85227431625818906 26.643750000000001 21.700000000000006 28.497917000000005 49.150000000000006
decision_type=1 1 1 2 2 2 2 2 2 2 2 2 2 2
left_child=1 2 4 -4 -1 6 -3 -7 11 10 -10 -2 -13 -11
right_child=8 5 3 -5 -6 7 -8 -9 9 13 -12 12 -14 -15
leaf_value=0.040798366793451786 -0.045952797946565399 -0.048864449054175564 -0.011510549620996929 0.10124545746642753 -0.019155299872093159 0.085574693043462546 0.070838829941448342 -0.010741754525470998 -0.047800854587589869 -0.050933467976204842 0.0033035683188639984 0.029258121215417682 -0.041127177129067216 -0.014681572392135581
leaf_weight=224.68660092353821 7.5267370864748981 10.831842161715029 84.788917548954487 7.9529996588826171 18.611395299434662 12.106260318309067 28.883568070828915 196.86241250485182 23.117683459073305 176.76233975589275 22.154442463070154 17.604530688375238 3.7167637459933749 5.7208660431206217
leaf_count=2117 200 184 1125 54 234 133 286 2930 622 5318 424 187 93 145
internal_value=-0.00116899 0.0155876 0.0259642 -0.000781044 0.0347308 0.00214245 0.0377931 -0.00478083 -0.0383798 -0.0447162 -0.0232614 -0.00138974 0.0156956 -0.0498832
internal_weight=841.327 584.724 336.04 92.7419 243.298 248.684 39.7154 208.969 256.603 227.755 45.2721 28.848 21.3213 182.483
internal_count=14052 7063 3530 1179 2351 3533 470 3063 6989 6509 1046 480 280 5463
cat_boundaries=0 1 2 3
cat_threshold=7 1 6
is_linear=0
shrinkage=0.05


Tree=15
num_leaves=14
num_cat=1
split_feature=0 39 2 5 4 43 39 4 32 34 32 33 8
split_gain=213.509 26.7425 30.6297 37.7003 34.2574 15.5862 15.1288 11.0696 12.1426 8.48287 10.8242 6.595 0.524131
threshold=0 15.550000000000002 2.5000000000000004 -0.25206183926700709 0.7210268013660811 0.55000000000000016 12.450000000000001 -0.85227431625818906 26.643750000000001 21.350000000000005 28.878274000000001 32.750000000000007 30.050000000000004
decision_type=1 2 2 2 2 2 2 2 2 2 2 2 2
left_child=1 6 4 -4 -3 9 12 8 -7 -2 -11 -8 -1
right_child=5 2 3 -5 -6 7 11 -9 -10 10 -12 -13 -14
leaf_value=0.012844673666520571 -0.047635891794409968 -0.025003973307893498 0.011228417632634989 0.040293728092710597 0.043797826553925993 -0.047437593216217815 -0.040210147376513877 -0.051075618980675787 0.0047771831057414234 0.017405102776059393 -0.046189174054302749 0.0042652662839136619 0.051365531713708168
leaf_weight=1.9797696955502022 11.219772068783639 66.349960774183273 231.99589854478836 215.87220828235149 23.754630886018276 21.656584694981575 32.395721074193716 162.38740061968565 21.567006941884756 25.033517930656672 8.0062900707125646 10.868476990610359 5.52649836987257
leaf_count=21 324 890 2911 2298 291 609 398 5125 414 387 224 146 56
internal_value=-2.48001e-05 0.0164007 0.0199545 0.0252964 -0.00658383 -0.0377852 -0.0177459 -0.0450706 -0.0218654 -0.0120411 0.00109057 -0.0291934 0.0439101
internal_weight=838.614 588.743 537.973 447.868 90.1046 249.871 50.7705 205.611 43.2236 44.2596 33.0398 43.2642 7.50627
internal_count=14094 7011 6390 5209 1181 7083 621 6148 1023 935 611 544 77
cat_boundaries=0 1
cat_threshold=7
is_linear=0
shrinkage=0.05


Tree=16
num_leaves=14
num_cat=4
split_feature=0 1 0 33 21 37 39 4 43 4 1 34 32
split_gain=189.361 26.7199 28.3779 37.7613 25.841 22.5566 19.6927 18.6694 17.0248 9.21228 10.0459 8.33387 10.7901
threshold=0 1 2 37.95000000000001 23.850000000000005 55.500000000000007 15.65 -0.26037633224328088 0.55000000000000016 -0.85227431625818906 3 21.350000000000005 28.878274000000001
decision_type=1 1 1 2 2 2 2 2 2 2 1 2 2
left_child=1 2 6 -4 5 -3 -1 -6 11 10 -10 -2 -13
right_child=8 4 3 -5 7 -7 -8 -9 9 -11 -12 12 -14
leaf_value=-0.011691879494459604 -0.047257746689953882 -0.0023214418436827921 -0.0095706575182834472 0.12411363384162183 -0.039727114334816092 0.039977095883026725 0.036951665242015139 0.00021761935724240401 -0.0015438028818213353 -0.050958612763031111 -0.049575793459480259 0.018078325408389505 -0.04595593618723625
leaf_weight=22.397946804761887 10.422523049637674 65.321229178458452 89.30140770599246 4.6107312887907019 44.142106354236603 59.720662862062454 230.98795826360583 83.068823285400867 23.504270397126675 153.98297693394125 19.385093331336975 25.426972847431898 7.7612805292010298
leaf_count=217 315 939 1153 27 661 605 2135 1335 518 5096 518 386 226
internal_value=-0.00092925 0.0141336 0.0233447 -0.00160015 0.00196801 0.0180375 0.0313889 -0.0138449 -0.0374213 -0.0452117 -0.0238882 -0.0104163 0.00219732
internal_weight=840.034 599.551 347.298 93.9121 252.253 125.042 253.386 127.211 240.483 196.872 42.8894 43.6108 33.1883
internal_count=14131 7072 3532 1180 3540 1544 2352 1996 7059 6132 1036 927 612
cat_boundaries=0 1 2 3 4
cat_threshold=7 1 6 1
is_linear=0
shrinkage=0.05


Tree=17
num_leaves=15
num_cat=4
split_feature=0 34 42 34 4 4 40 4 1 44 4 1 1 39
split_gain=176.109 23.144 34.5475 36.506 19.6053 16.3521 15.5712 10.1754 12.1591 7.58986 5.62857 4.27849 3.05241 2.63941
threshold=0 20.950000000000003 2.5000000000000004 21.350000000000005 0.039769539193789956 0.80926549319045582 0.35000000000000003 -0.85227431625818906 1 33.650000000000006 0.9550229469509578 2 3 28.200000000000006
decision_type=1 2 2 2 2 2 2 2 1 2 2 1 1 2
left_child=1 4 5 -4 12 -3 9 8 -8 11 -11 -2 -1 -9
right_child=6 2 3 -5 -6 -7 7 13 -10 10 -12 -13 -14 -15
leaf_value=0.03222793408700849 -0.0045798893771140546 0.01741264770272731 0.084535447260654595 0.0092991753430609041 -0.05223803808326373 0.070213915218995865 0.0040308607609640971 -0.050248642091280549 -0.049396273550099831 -0.036361260933512295 0.037132580306595088 0.053539500470937362 -0.0089207249105109823 -0.011284919381832383
leaf_weight=10.763632599264383 5.6937416493892687 24.294566810131073 15.703861743211744 484.09682907536626 22.743954963982105 39.502896621823311 22.862979982048273 155.57078061625361 18.711076671257615 14.160989610478284 2.3009055629372588 5.7465594038367271 6.7292016409337529 5.1559272967278948
leaf_count=98 57 275 166 5750 322 325 506 5392 522 339 27 53 93 127
internal_value=-0.000760856 0.0134625 0.0163078 0.0118272 -0.0225568 0.0506858 -0.0369504 -0.0433565 -0.0206103 -0.00339596 -0.0245507 0.026571 0.0167723 -0.0490762
internal_weight=834.038 603.835 563.598 499.801 40.2368 63.7975 230.203 202.301 41.5741 27.9022 16.4619 11.4403 17.4928 160.727
internal_count=14052 7029 6516 5916 513 600 7023 6547 1028 476 366 110 191 5519
cat_boundaries=0 1 2 3 4
cat_threshold=7 1 1 1
is_linear=0
shrinkage=0.05


end of trees

feature_importances:
day_of_year_sin=35
temperature_min_7d=26
age_group=25
temperature_mean_7d=23
gender=21
wind_speed_max_7d=17
wind_gust_max_7d=17
precipitation_sum_7d=16
month=11
humidity_min_7d=8
rain_max_daily_7d=8
temperature_max_7d=7
rain_days_7d=7
day_of_year_cos=6
humidity_mean_7d=4
temperature_mean_3d=3
temperature_min_3d=3
humidity_max_7d=3
temperature_max_current=2
wind_speed_mean_7d=2
season=1
temperature_mean_current=1
humidity_min_3d=1
rain_max_daily_3d=1
rain_sum_7d=1

parameters:
[boosting: gbdt]
[objective: binary]
[metric: binary_logloss]
[tree_learner: serial]
[device_type: cpu]
[data_sample_strategy: bagging]
[data: ]
[valid: ]
[num_iterations: 18]
[learning_rate: 0.05]
[num_leaves: 15]
[num_threads: 8]
[seed: 42]
[deterministic: 0]
[force_col_wise: 0]
[force_row_wise: 0]
[histogram_pool_size: -1]
[max_depth: 4]
[min_data_in_leaf: 20]
[min_sum_hessian_in_leaf: 0.001]
[bagging_fraction: 0.9]
[pos_bagging_fraction: 1]
[neg_bagging_fraction: 1]
[bagging_freq: 1]
[bagging_seed: 400]
[bagging_by_query: 0]
[feature_fraction: 0.9]
[feature_fraction_bynode: 1]
[feature_fraction_seed: 30056]
[extra_trees: 0]
[extra_seed: 12879]
[early_stopping_round: 0]
[early_stopping_min_delta: 0]
[first_metric_only: 0]
[max_delta_step: 0]
[lambda_l1: 0]
[lambda_l2: 1]
[linear_lambda: 0]
[min_gain_to_split: 0]
[drop_rate: 0.1]
[max_drop: 50]
[skip_drop: 0.5]
[xgboost_dart_mode: 0]
[uniform_drop: 0]
[drop_seed: 17869]
[top_rate: 0.2]
[other_rate: 0.1]
[min_data_per_group: 100]
[max_cat_threshold: 32]
[cat_l2: 10]
[cat_smooth: 10]
[max_cat_to_onehot: 4]
[top_k: 20]
[monotone_constraints: ]
[monotone_constraints_method: basic]
[monotone_penalty: 0]
[feature_contri: ]
[forcedsplits_filename: ]
[refit_decay_rate: 0.9]
[cegb_tradeoff: 1]
[cegb_penalty_split: 0]
[cegb_penalty_feature_lazy: ]
[cegb_penalty_feature_coupled: ]
[path_smooth: 0]
[interaction_constraints: ]
[verbosity: -1]
[saved_feature_importance_type: 0]
[use_quantized_grad: 0]
[num_grad_quant_bins: 4]
[quant_train_renew_leaf: 0]
[stochastic_rounding: 1]
[linear_tree: 0]
[max_bin: 255]
[max_bin_by_feature: ]
[min_data_in_bin: 3]
[bin_construct_sample_cnt: 200000]
[data_random_seed: 175]
[is_enable_sparse: 1]
[enable_bundle: 1]
[use_missing: 1]
[zero_as_missing: 0]
[feature_pre_filter: 1]
[pre_partition: 0]
[two_round: 0]
[header: 0]
[label_column: ]
[weight_column: ]
[group_column: ]
[ignore_column: ]
[categorical_feature: 0,1,3]
[forcedbins_filename: ]
[precise_float_parser: 0]
[parser_config_file: ]
[objective_seed: 16083]
[num_class: 1]
[is_unbalance: 0]
[scale_pos_weight: 1]
[sigmoid: 1]
[boost_from_average: 1]
[reg_sqrt: 0]
[alpha: 0.9]
[fair_c: 1]
[poisson_max_delta_step: 0.7]
[tweedie_variance_power: 1.5]
[lambdarank_truncation_level: 30]
[lambdarank_norm: 1]
[label_gain: ]
[lambdarank_position_bias_regularization: 0]
[eval_at: ]
[multi_error_top_k: 1]
[auc_mu_weights: ]
[num_machines: 1]
[local_listen_port: 12400]
[time_out: 120]
[machine_list_filename: ]
[machines: ]
[gpu_platform_id: -1]
[gpu_device_id: -1]
[gpu_device_id_list: ]
[gpu_use_dp: 0]
[num_gpu: 1]

end of parameters

pandas_categorical:[]
