tree
version=v4
num_class=1
num_tree_per_iteration=1
label_index=0
max_feature_idx=44
objective=binary sigmoid:1
feature_names=age_group gender month season day_of_year_sin day_of_year_cos weather_code_current temperature_mean_current temperature_max_current temperature_min_current humidity_mean_current humidity_max_current humidity_min_current wind_speed_mean_current wind_speed_max_current precipitation_sum_current rain_sum_current wind_gust_max_current rain_day_current temperature_mean_3d temperature_max_3d temperature_min_3d humidity_mean_3d humidity_max_3d humidity_min_3d wind_speed_mean_3d wind_speed_max_3d precipitation_sum_3d rain_sum_3d rain_days_3d rain_max_daily_3d wind_gust_max_3d temperature_mean_7d temperature_max_7d temperature_min_7d humidity_mean_7d humidity_max_7d humidity_min_7d wind_speed_mean_7d wind_speed_max_7d precipitation_sum_7d rain_sum_7d rain_days_7d rain_max_daily_7d wind_gust_max_7d
feature_infos=-1:0:1:2:3:4:5 -1:0:1 [1:12] -1:1:0 [-0.99999942202469239:0.99998555065071859] [-0.99997919295908244:0.9999907524084426] [0:61] [23.658332999999999:32.533332999999999] [25.899999999999999:39.200000000000003] [17.899999999999999:29.300000000000001] [48.958333000000003:91.625] [63:100] [23:86] [2.8541669999999999:19.695833] [6.4000000000000004:30.100000000000001] [0:63.100000000000001] [0:63.100000000000001] [14:56.899999999999999] [0:1] [23.766667000000002:32.427778000000004] [27.699999999999999:39.200000000000003] [17.899999999999999:28.100000000000001] [52.569443999999997:90.694444000000004] [73:100] [23:79] [4.125:17.329167000000002] [9.6999999999999993:30.100000000000001] [0:93.900000000000006] [0:93.900000000000006] [0:3] [0:63.100000000000001] [17.300000000000001:56.899999999999999] [24.365476000000001:32.235118999999997] [28.699999999999999:39.200000000000003] [17.899999999999999:27.5] [55.767856999999999:89.523809999999997] [77:100] [23:72] [4.5327380000000002:15.469643] [11.6:30.100000000000001] [0:163.90000000000001] [0:163.90000000000001] [0:7] [0:63.100000000000001] [23:56.899999999999999]
tree_sizes=1656 1687 1576 1681 1502 1701 1734 1494 1507 1595 1507 1512 1522 1413 1731 1617 1523 1714 1519 1649 1713 1421 1728 1522 1305 1096 1424 1635 1089 1302 1097

Tree=0
num_leaves=15
num_cat=4
split_feature=0 1 9 44 40 1 34 4 37 0 44 44 34 34
split_gain=305.44 81.073 112.385 79.8605 105.824 78.5864 96.7369 63.4918 47.6294 42.3459 40.7155 29.396 26.0638 17.7983
threshold=0 1 24.750000000000004 29.350000000000005 24.650000000000002 2 25.050000000000004 0.92273069556937581 41.500000000000007 3 38.70000000000001 49.150000000000006 26.550000000000004 19.650000000000002
decision_type=1 1 2 2 2 1 2 2 2 1 2 2 2 2
left_child=1 3 11 4 -1 6 8 -5 -2 -8 -4 -3 13 -7
right_child=5 2 10 7 -6 12 9 -9 -10 -11 -12 -13 -14 -15
leaf_value=-2.8603592306870675 -2.9748586147509171 -2.9491840369486475 -2.8963095405139709 -2.8781422917693571 -2.5331104984183921 -2.8826686273155153 -2.8054077301145623 -2.7707156654187615 -2.9220110768792802 -2.9445103842454903 -2.7965024769927056 -2.7572794526020044 -2.8295374005508269 -2.9729030649759447
leaf_weight=6.3386714234948141 59.709317073225975 70.354414120316505 19.596655927598476 87.434956200420856 3.6290103569626808 4.8870672807097426 10.499936632812021 15.774098351597784 142.98300806432962 10.20961580425501 22.064382970333099 1.0645097047090519 2.4193402379751197 219.09545195102692
leaf_count=131 1234 1454 405 1807 75 101 217 326 2955 211 456 22 50 4528
internal_value=-2.92389 -2.8778 -2.90596 -2.84603 -2.71645 -2.94762 -2.92707 -2.86041 -2.93775 -2.82672 -2.8417 -2.94406 -2.96884 -2.97076
internal_weight=676.06 226.257 113.08 113.177 9.96768 449.804 223.402 103.209 202.692 20.7096 41.661 71.4189 226.402 223.983
internal_count=13972 4676 2337 2339 206 9296 4617 2133 4189 428 861 1476 4679 4629
cat_boundaries=0 1 2 3 4
cat_threshold=12 1 1 3
is_linear=0
shrinkage=1


Tree=1
num_leaves=15
num_cat=5
split_feature=0 34 0 1 19 1 44 34 9 1 2 44 39 44
split_gain=271.898 85.9546 84.0694 89.583 79.0905 71.2083 83.8399 52.938 43.2069 42.7545 53.1263 21.2871 20.1407 0.920992
threshold=0 25.150000000000002 1 2 29.168750000000003 3 33.300000000000004 26.400000000000002 24.650000000000002 4 7.5000000000000009 39.050000000000004 12.450000000000001 46.250000000000007
decision_type=1 2 1 1 2 1 2 2 2 1 2 2 2 2
left_child=4 9 3 -3 5 6 -1 11 -7 10 -2 -6 -11 -4
right_child=1 2 13 -5 7 8 -8 -9 -10 12 -12 -13 -14 -15
leaf_value=0.13547756010801193 -0.033390780900226937 0.22138357225530139 -0.049986100166992863 0.017150732612478854 0.090831595546209176 -0.020075055152839388 0.035165951635078012 -0.041927115436261209 0.049048518027308974 0.07472229200717255 0.018900057016844572 0.19516931615538047 -0.047902477845643415 0.00034527645822411809
leaf_weight=27.927457090467215 123.88058073073626 11.40134434401989 18.963655140250925 9.7883433848619461 12.930076494812971 65.124686375260353 78.56422396749258 3.8582645691931239 33.357084922492504 2.5520817898213854 78.660052448511124 12.308716859668491 192.71009679883718 0.93793794512748618
leaf_count=526 2611 212 401 208 247 1373 1542 77 644 52 1625 230 4157 20
internal_value=0.00146732 -0.0216602 0.0459298 0.0910379 0.0437985 0.0343475 0.0624883 0.121575 0.00359571 -0.0292828 -0.0130897 0.147215 -0.0459272 -0.0322714
internal_weight=672.965 438.894 41.0913 21.1897 234.071 204.973 106.492 29.0971 98.4818 397.803 202.541 25.2388 195.262 19.9016
internal_count=13925 9286 841 420 4639 4085 2068 554 2017 8445 4236 477 4209 421
cat_boundaries=0 1 2 3 4 5
cat_threshold=12 3 1 1 1
is_linear=0
shrinkage=0.05


Tree=2
num_leaves=14
num_cat=5
split_feature=0 1 44 33 19 34 38 44 1 0 34 0 35
split_gain=246.648 135.218 84.1625 93.5278 70.1007 65.0254 40.3002 39.3399 37.3984 33.6216 55.57 31.2385 9.82697
threshold=0 1 32.95000000000001 31.650000000000002 29.168750000000003 24.650000000000002 13.700595000000002 51.45000000000001 2 3 25.950000000000003 4 87.232143000000022
decision_type=1 1 2 2 2 2 2 2 1 1 2 1 2
left_child=1 2 3 -1 -4 7 9 -3 -8 10 -2 -7 -11
right_child=6 5 4 -5 -6 11 8 -9 -10 12 -12 -13 -14
leaf_value=0.24617212899119376 -0.015701315231514586 -0.020626938118487773 0.024120653867233589 0.074875739282571019 0.11650970973104507 0.075872056658270848 0.1822587003009381 0.17384245327172115 -0.039097142949566226 -0.051109178116319036 0.15345649293885916 -0.02431533328886655 -0.020773116477371619
leaf_weight=10.196643225848673 103.4475327655673 136.49639673903584 119.18860176578164 33.369469713419676 24.037204626947641 21.817044567316771 3.2652812711894503 1.658659953624009 2.9219665937125683 177.26675175875425 4.0941402763128272 9.4699441641569155 33.666988864541054
leaf_count=179 2228 2882 2336 597 414 392 65 32 65 3880 72 205 724
internal_value=0.0010246 0.0293112 0.0593521 0.119592 0.0403264 -0.00223993 -0.0299866 -0.0170597 0.086827 -0.0334594 -0.00723994 0.0617017 -0.0442979
internal_weight=680.897 356.234 186.792 43.5661 143.226 169.442 324.663 138.155 6.18725 318.475 107.542 31.287 210.934
internal_count=14071 7037 3526 776 2750 3511 7034 2914 130 6904 2300 597 4604
cat_boundaries=0 1 2 3 4 5
cat_threshold=13 1 1 2 12
is_linear=0
shrinkage=0.05


Tree=3
num_leaves=15
num_cat=5
split_feature=0 1 38 20 21 43 0 38 0 33 1 11 4 4
split_gain=229.613 111.042 69.6167 59.1401 50.6324 46.4257 42.3369 31.4195 29.8869 56.5905 25.7327 21.7605 12.8753 1.9319
threshold=0 1 7.3169645000000001 36.45000000000001 24.650000000000002 19.600000000000005 2 13.700595000000002 3 30.750000000000004 4 84.500000000000014 -0.814291907305839 0.97508442350096225
decision_type=1 1 2 2 2 2 1 2 1 2 1 2 2 2
left_child=1 2 5 -4 11 -1 -6 8 9 -2 13 -3 -10 -9
right_child=7 4 3 -5 6 -7 -8 10 12 -11 -12 -13 -14 -15
leaf_value=0.05807278162324412 0.19860657933327105 0.03431424373018517 0.018832796994411743 0.11783667290621291 0.059408874862399985 0.14525777512175592 -0.029525511629751658 0.16107589703665098 -0.017788339246168332 -0.015067192556677725 -0.038810478081489422 -0.027314888748195366 -0.051787464928531902 0.038505215684603765
leaf_weight=38.970919892191887 2.1944779455661765 15.709551569074391 113.79026155546308 16.505112569779158 36.344488136470318 26.9480433575809 14.158128742128609 2.746169444173574 35.07227810099721 104.29090271517634 2.8602333962917328 104.10945025831461 166.02528818324208 1.2105824463069437
leaf_count=681 46 336 2119 260 631 464 317 47 773 2248 66 2267 3805 20
internal_value=0.000986751 0.0274879 0.0537763 0.032176 -0.00132967 0.0953525 0.0401897 -0.0298241 -0.0331952 -0.00810308 0.0689165 -0.0190175 -0.0438076 0.138909
internal_weight=680.936 366.536 196.214 130.295 170.322 65.919 50.5026 314.4 307.583 106.485 6.81699 119.819 201.098 3.95675
internal_count=14080 7075 3524 2379 3551 1145 948 7005 6872 2294 133 2603 4578 67
cat_boundaries=0 1 2 3 4 5
cat_threshold=13 1 12 2 1
is_linear=0
shrinkage=0.05


Tree=4
num_leaves=13
num_cat=3
split_feature=0 1 44 34 37 38 19 0 44 4 5 31
split_gain=195.86 117.05 69.9622 58.4014 53.4818 38.3982 36.8572 25.4999 18.2257 12.5594 31.4801 3.20573
threshold=0 1 33.300000000000004 25.350000000000005 38.500000000000007 14.349107500000001 29.168750000000003 2 40.500000000000007 -0.814291907305839 -0.21022037796396445 51.45000000000001
decision_type=1 1 2 2 2 2 2 1 2 2 2 2
left_child=5 2 4 7 -2 9 -4 -3 -5 10 -1 -11
right_child=1 3 6 8 -6 -7 -8 -9 -10 11 -12 -13
leaf_value=0.047346723573937627 -0.040626217547554203 0.00085469429199880776 0.014010368628036941 0.033691816817293954 0.098693169327587177 0.1269413429935887 0.069648529397980857 -0.034518658791603977 0.13751188325268518 -0.051959445411320616 -0.050318774749318534 0.01920341668782212
leaf_weight=11.548542030155657 7.2113913707435122 106.99124554172158 159.56899096816778 12.862450249493124 60.349538266658783 2.3486003801226607 35.830734416842461 94.066186498850584 6.0846959725022307 159.01184454932809 23.361411761492491 1.1277989372611035
leaf_count=259 131 2177 3059 239 973 44 542 2177 104 3813 522 26
internal_value=-4.18139e-05 0.0171093 0.0399151 -0.00943246 0.0834467 -0.0406908 0.0245155 -0.01745 0.072255 -0.045422 -0.0175913 -0.0513422
internal_weight=680.363 482.965 262.961 220.005 67.5609 197.398 195.4 201.057 18.9471 195.05 34.91 160.14
internal_count=14066 9402 4705 4697 1104 4664 3601 4354 343 4620 781 3839
cat_boundaries=0 1 2 3
cat_threshold=48 1 12
is_linear=0
shrinkage=0.05


Tree=5
num_leaves=15
num_cat=4
split_feature=0 1 43 35 34 20 44 0 0 2 34 38 33 4
split_gain=193.901 70.705 52.5048 76.6696 42.7072 37.5252 32.0128 23.3339 22.913 42.5854 41.2866 32.238 31.9251 12.2134
threshold=0 1 19.600000000000005 86.961309500000013 24.650000000000002 35.900000000000006 51.45000000000001 2 3 11.500000000000002 25.050000000000004 14.349107500000001 30.850000000000005 -0.82415615971448097
decision_type=1 1 2 2 2 2 2 1 1 2 2 2 2 2
left_child=1 2 5 -4 6 -1 -3 -6 9 10 -2 13 -11 -10
right_child=8 4 3 -5 7 -7 -8 -9 11 12 -12 -13 -14 -15
leaf_value=0.013524474692149594 -0.030700673704013123 -0.017260435961170755 0.1206718008240491 0.011796970374077245 0.059388230088045613 0.079782585780638182 0.14841752154919199 -0.02351899180770076 -0.017469993701584457 0.25356012786469767 0.060407198471830306 0.11363532427449329 0.02821396923775308 -0.051512228502145652
leaf_weight=120.79379136115313 88.6404032073915 130.85054745152593 41.147610854357481 26.618104141205549 25.600582256913185 25.131123647093773 1.9886587820947159 8.9359972663223726 33.392783604562283 1.4539910033345211 13.490807607769964 2.3104081302881232 5.2221795730292797 153.43959525227547
leaf_count=2076 1983 2876 653 455 399 355 33 201 759 24 220 39 114 3854
internal_value=-0.00035689 0.0229971 0.0425908 0.0786997 -0.000756993 0.0254008 -0.0136898 0.0479722 -0.0299695 -0.00900516 -0.0181969 -0.0408718 0.10393 -0.0455532
internal_weight=679.017 381.066 213.691 67.7657 167.376 145.925 132.839 34.5366 297.95 108.807 102.131 189.143 6.67617 186.832
internal_count=14041 7048 3539 1108 3509 2431 2909 600 6993 2341 2203 4652 138 4613
cat_boundaries=0 1 2 3 4
cat_threshold=13 1 12 2
is_linear=0
shrinkage=0.05


Tree=6
num_leaves=15
num_cat=1
split_feature=1 43 34 34 38 34 44 44 44 36 34 37 40 38
split_gain=103.166 53.1853 57.5326 64.0772 48.7267 41.81 27.7558 14.7457 13.7977 14.0724 13.992 12.2484 8.06244 5.01899
threshold=0 19.600000000000005 25.150000000000002 23.550000000000004 13.1619045 25.350000000000005 29.350000000000005 40.500000000000007 51.45000000000001 97.500000000000014 24.850000000000005 35.500000000000007 62.800000000000004 6.9169645000000015
decision_type=1 2 2 2 2 2 2 2 2 2 2 2 2 2
left_child=1 4 3 -3 6 8 -1 11 9 -2 -10 -7 -6 -4
right_child=5 2 13 -5 12 7 -8 -9 10 -11 -12 -13 -14 -15
leaf_value=0.044005516679732661 -0.013330402139522177 0.088372539511878817 0.20695113130799606 0.009221278585549237 0.10815876061171324 -0.035363033736455149 -0.0068395043992746599 0.087576270896317934 0.086593923823750169 -0.037227828426913398 -0.039605479794828438 0.042763306666483536 -0.010656360441512731 0.057718140829649406
leaf_weight=29.75330513343215 97.421300604939461 37.762391183525324 4.7499645277857772 75.932860773056746 11.637270763516424 7.6550225690007272 209.98317868635058 8.5789339095354062 4.3846738003194323 174.39813961461186 2.9373403824865818 11.033927034586666 1.4182263910770405 1.7266525402665136
leaf_count=520 2253 663 68 1428 170 150 4125 150 82 4146 57 216 25 30
internal_value=0.000367046 0.0180061 0.0452439 0.0360516 0.00493064 -0.0210921 -0.000372629 0.0370537 -0.0268841 -0.0287431 0.0372914 0.0105919 0.0954119 0.180207
internal_weight=679.373 372.964 120.172 113.695 252.792 306.409 239.736 27.2679 279.141 271.819 7.32201 18.6889 13.0555 6.47662
internal_count=14083 7029 2189 2091 4840 7054 4645 516 6538 6399 139 366 195 98
cat_boundaries=0 1
cat_threshold=1
is_linear=0
shrinkage=0.05


Tree=7
num_leaves=13
num_cat=4
split_feature=0 1 44 19 37 32 38 0 0 4 5 31
split_gain=173.937 84.0698 51.3172 44.9622 38.9087 35.0121 26.5669 19.1688 16.8068 15.2525 34.6529 3.19125
threshold=0 1 29.350000000000005 28.929861500000005 38.500000000000007 29.217262000000002 14.349107500000001 2 3 -0.814291907305839 -0.21022037796396445 51.45000000000001
decision_type=1 1 2 2 2 2 2 1 1 2 2 2
left_child=6 2 4 7 -2 -4 9 -3 -5 10 -1 -11
right_child=1 3 5 8 -6 -7 -8 -9 -10 11 -12 -13
leaf_value=0.052984537894104955 -0.042460499073074531 0.0096368211228290181 0.019269062540913321 0.056480789475827645 0.11708262890378032 0.072933864729231149 0.090873495389650435 -0.026602862623156438 -0.010097170836345598 -0.051702757482053455 -0.050006410237908375 0.019346600614529533
leaf_weight=11.813727892935274 3.9283908344805267 47.225819520652294 216.54547656327486 22.45068122819066 26.026936214417219 34.668779794126749 2.8185968399047843 127.65567803010345 15.54781876131892 145.44389786943793 21.645030710846186 1.1231982484459866
leaf_count=256 70 1003 3805 347 335 457 42 2997 340 3852 516 26
internal_value=0.000892889 0.0163196 0.0345483 -0.00704256 0.0954641 0.0269349 -0.0393972 -0.017782 0.0415724 -0.0441039 -0.0131597 -0.0510309
internal_weight=676.894 494.05 281.17 212.88 29.9553 251.214 182.844 174.881 37.9985 180.026 33.4588 146.567
internal_count=14046 9354 4667 4687 405 4262 4692 4000 687 4650 772 3878
cat_boundaries=0 1 2 3 4
cat_threshold=48 1 4 12
is_linear=0
shrinkage=0.05


Tree=8
num_leaves=13
num_cat=3
split_feature=0 34 0 2 5 43 44 38 1 4 5 25
split_gain=149.05 68.0648 66.8087 61.0743 36.2216 31.9416 37.3127 31.6436 18.4232 13.6133 27.92 4.22639
threshold=0 25.150000000000002 1 11.500000000000002 0.60383265664488517 27.950000000000006 38.70000000000001 14.349107500000001 2 -0.82415615971448097 -0.21022037796396445 15.062500000000002
decision_type=1 2 1 2 2 2 2 2 1 2 2 2
left_child=7 2 4 -4 -2 6 -3 9 -7 10 -1 -11
right_child=1 5 3 -5 -6 8 -8 -9 -10 11 -12 -13
leaf_value=0.044003604276203749 0.036553055840366389 -0.0013758179457564266 -0.023626382277964403 0.080138926673004762 -0.0058055119634610602 0.19193508839572507 0.082573746279368254 0.092063378903653986 0.037050418135465946 -0.051590332097632897 -0.049689517814301525 0.036545003856601997
leaf_weight=11.952654153108599 174.23757806420326 23.739369843155146 181.69090937823057 14.400478102266787 70.53610946983099 5.8685398921370489 28.824315845966339 3.4595662020146838 3.4598682783544064 140.07126356288791 19.74056550860405 0.71181086450815101
leaf_count=247 2995 356 3975 277 1291 61 369 47 61 3884 492 16
internal_value=-0.000654969 0.0132752 0.00658123 -0.014883 0.0234198 0.0622053 0.0453417 -0.0388658 0.143638 -0.044248 -0.0140893 -0.0508901
internal_weight=678.693 502.757 440.865 196.091 244.774 61.8921 52.5637 175.936 9.32841 172.476 31.6932 140.783
internal_count=14071 9385 8538 4252 4286 847 725 4686 122 4639 739 3900
cat_boundaries=0 1 2 3
cat_threshold=48 12 1
is_linear=0
shrinkage=0.05


Tree=9
num_leaves=14
num_cat=4
split_feature=0 1 34 43 37 43 0 25 1 37 40 34 4
split_gain=143.997 67.1953 39.4796 35.5102 53.542 29.6316 27.1728 21.999 11.9623 11.4934 10.6881 16.5815 3.99401
threshold=0 1 25.550000000000004 21.950000000000003 58.500000000000007 1.3500000000000003 2 14.449306000000002 3 35.500000000000007 127.05000000000001 23.550000000000004 -0.90163369914317004
decision_type=1 1 2 2 2 2 1 2 1 2 2 2 2
left_child=7 3 6 5 -5 -2 -3 10 -9 -4 12 -12 -1
right_child=1 2 9 4 -6 -7 -8 8 -10 -11 11 -13 -14
leaf_value=-0.025192424767121663 0.04499053379476449 0.0023212753439361689 0.019011035526818178 0.11880398820145528 0.02928432232846321 0.0046159052061905325 -0.03436831470493807 0.11336911803357652 -0.033140859263002906 0.09591635453584002 0.11998847874442063 -0.040149542531211238 -0.050450543647253425
leaf_weight=21.178420908749104 65.092375494539738 110.05960662662983 10.657849658280613 23.174552764743567 57.3432557284832 146.32747384533286 85.988108415156603 2.5924685336649409 1.6828348711133001 9.0093036592006666 1.6189655177295197 3.3500874042510986 138.31407871842384
leaf_count=507 1016 2237 161 313 915 2408 2210 37 35 130 31 87 3976
internal_value=-0.00113038 0.0122694 -0.00863172 0.0281089 0.0561911 0.0171998 -0.0154902 -0.0396649 0.0603498 0.0571769 -0.0450111 0.0233859 -0.0472745
internal_weight=676.389 507.653 215.715 291.938 80.5178 211.42 196.048 168.737 4.2753 19.6672 164.462 4.96905 159.492
internal_count=14063 9390 4738 4652 1228 3424 4447 4673 72 291 4601 118 4483
cat_boundaries=0 1 2 3 4
cat_threshold=48 1 12 1
is_linear=0
shrinkage=0.05


Tree=10
num_leaves=13
num_cat=3
split_feature=0 1 38 33 34 20 38 44 4 5 0 31
split_gain=131.654 53.936 49.1604 54.6509 37.2717 36.8417 23.306 23.211 17.8075 33.987 13.4995 4.1489
threshold=0 1 7.1479165000000009 33.250000000000007 24.950000000000003 35.550000000000004 14.349107500000001 51.45000000000001 -0.814291907305839 -0.21022037796396445 2 54.550000000000004
decision_type=1 1 2 2 2 2 2 2 2 2 1 2
left_child=6 2 3 -2 7 -4 8 -3 9 -1 -6 -10
right_child=1 4 5 -5 10 -7 -8 -9 11 -11 -12 -13
leaf_value=0.051993469306968049 0.036632160416515756 -0.018647651606255207 0.0012028919535792312 0.12989301904854694 -0.020645326089462804 0.050832495414020955 0.08025201301957248 0.093218770135152451 -0.051361034814424306 -0.049485056704958508 0.044636704060245697 0.035702370491251342
leaf_weight=12.865359667688606 77.533819001168013 169.42868748307228 156.35731696709991 19.203003194183111 7.0944334417581558 48.168549090623856 3.093118291348218 3.7873017564415923 125.54575795307755 19.420201763510704 30.93315651640296 0.72652952373027702
leaf_count=261 1129 4009 2691 234 154 636 39 64 3826 522 463 16
internal_value=0.000825163 0.0132875 0.0270948 0.0562847 -0.00581236 0.0130818 -0.0370631 -0.0156807 -0.0421632 -0.00870007 0.038388 -0.0505835
internal_weight=674.157 512.506 301.263 96.7368 211.244 204.526 161.651 173.216 158.558 32.2856 38.0276 126.272
internal_count=14044 9380 4690 1363 4690 3327 4664 4073 4625 783 617 3842
cat_boundaries=0 1 2 3
cat_threshold=48 1 1
is_linear=0
shrinkage=0.05


Tree=11
num_leaves=13
num_cat=3
split_feature=0 19 1 37 0 35 44 25 4 5 13 44
split_gain=130.547 44.1061 41.4306 45.4173 33.0813 15.993 21.9833 14.5006 11.8309 24.7308 1.26922 0.289145
threshold=0 29.168750000000003 1 38.500000000000007 2 81.154761500000021 39.050000000000004 15.062500000000002 -0.82415615971448097 -0.22700609751797862 16.277083500000003 52.750000000000007
decision_type=1 2 1 2 1 2 2 2 2 2 2 2
left_child=7 2 3 -2 -4 6 -3 8 9 -1 -10 -9
right_child=1 5 4 -5 -6 -7 -8 11 10 -11 -12 -13
leaf_value=0.039088352989757387 -0.02379341909106851 0.012138452248331516 0.019839667113113149 0.028847585531681697 -0.025529782814466679 0.11450347270854332 0.065384372279744724 0.020040075185996098 -0.050482303769720495 -0.049385520247040071 0.0079668496430633819 0.068228532580511078
leaf_weight=12.067406658083202 50.149114556610584 41.119294062256813 49.27985791862011 208.15689087286592 124.31865213066339 6.8382438123226157 36.654524225741625 1.7235933430492869 121.9963488522917 19.148244135081768 0.68015638366341491 1.4718860611319542
leaf_count=231 916 598 1014 3217 3064 66 460 25 3876 533 14 20
internal_value=-4.1573e-05 0.0121868 0.00590878 0.0185752 -0.0129367 0.0452131 0.0377445 -0.0384131 -0.0431268 -0.0150315 -0.0500964 0.0532083
internal_weight=673.604 516.517 431.905 258.306 173.599 84.6121 77.7738 157.088 153.892 31.2157 122.677 3.19548
internal_count=14034 9335 8211 4133 4078 1124 1058 4699 4654 764 3890 45
cat_boundaries=0 1 2 3
cat_threshold=48 1 4
is_linear=0
shrinkage=0.05


Tree=12
num_leaves=13
num_cat=3
split_feature=0 1 43 4 34 43 38 0 4 5 44 31
split_gain=107.113 45.3147 33.9111 44.4502 31.6175 27.2298 22.7088 22.0583 15.4676 25.6503 8.12362 4.46383
threshold=0 1 19.600000000000005 -0.94705910369513513 25.350000000000005 1.3500000000000003 14.349107500000001 2 -0.814291907305839 -0.21022037796396445 40.500000000000007 54.550000000000004
decision_type=1 1 2 2 2 2 2 1 2 2 2 2
left_child=6 2 5 -4 7 -2 8 -3 9 -1 -6 -10
right_child=1 4 3 -5 10 -7 -8 -9 11 -11 -12 -13
leaf_value=0.039774064625985012 0.036016590390510354 0.0018700968131965152 -0.02634985254374508 0.06010267588117231 0.02076127782822098 -0.0020520420898598262 0.069996132188061333 -0.032310882524201091 -0.051149106174812324 -0.049032903735191868 0.080451277166992005 0.041294466582396883
leaf_weight=13.575773555785419 70.140296660363674 104.67356097698212 17.272851310670376 87.492086235433817 15.779841721057894 137.98238252848387 3.8081600777804843 79.042606521397829 113.87297000735998 17.453789344057441 8.9294732026755792 0.62188238278031249
leaf_count=254 1012 2153 269 1181 244 2213 44 2174 3818 514 100 13
internal_value=-0.000340798 0.0104606 0.0226647 0.0457347 -0.00738127 0.0108885 -0.0361575 -0.0145793 -0.0418618 -0.0101502 0.0446223 -0.0502938
internal_weight=670.646 521.313 312.888 104.765 208.425 208.123 149.333 183.716 145.524 31.0296 24.7093 114.495
internal_count=13989 9346 4675 1450 4671 3225 4643 4327 4599 768 344 3831
cat_boundaries=0 1 2 3
cat_threshold=48 1 12
is_linear=0
shrinkage=0.05


Tree=13
num_leaves=12
num_cat=2
split_feature=0 34 0 5 33 39 44 38 35 37 31
split_gain=109.283 41.2704 46.9878 45.3055 28.6723 18.2334 22.1088 17.489 10.2892 13.3976 4.31063
threshold=0 25.150000000000002 1 0.80798785254895478 35.600000000000009 17.250000000000004 38.70000000000001 14.349107500000001 87.00892850000001 61.500000000000007 56.350000000000001
decision_type=1 2 1 2 2 2 2 2 2 2 2
left_child=7 2 4 -4 -2 -3 -7 8 10 -10 -1
right_child=1 5 3 -5 -6 6 -8 -9 9 -11 -12
leaf_value=-0.050216866526698524 0.012867683648439704 0.11682057870722501 -0.025789689487127544 0.03279176970992724 0.060482140499935111 0.0023685009742576983 0.06093368494298728 0.054419212721781712 0.077728094410317791 -0.026536182532398197 0.040117998380129194
leaf_weight=109.38136999681592 224.53591753169894 7.2650564536452285 154.85769028589129 40.955073729157448 36.002092327922583 27.933559104800224 37.359378408640623 4.0185760632157317 2.4699284918606308 28.427036810666323 0.64020595699548621
leaf_count=3756 3769 68 3425 844 525 382 400 44 55 806 12
internal_value=0.000226005 0.0108681 0.00545828 -0.0127833 0.0189295 0.0458337 0.0362921 -0.0366511 -0.0421959 -0.0160257 -0.0493346
internal_weight=673.846 528.909 456.351 195.813 260.538 72.558 65.2929 144.937 140.919 30.897 110.022
internal_count=14086 9413 8563 4269 4294 850 782 4673 4629 861 3768
cat_boundaries=0 1 2
cat_threshold=48 12
is_linear=0
shrinkage=0.05


Tree=14
num_leaves=15
num_cat=2
split_feature=0 1 32 37 34 5 5 37 5 34 39 34 37 2
split_gain=108.375 44.2204 39.0382 49.4365 28.9787 28.4994 30.7501 31.6614 29.603 47.5611 26.714 24.0959 22.2389 18.5699
threshold=0 1 30.460119000000002 41.500000000000007 26.550000000000004 0.63089349388778826 0.93769647993491489 34.500000000000007 0.36447543099728857 23.150000000000002 12.450000000000001 26.400000000000002 27.500000000000004 9.5000000000000018
decision_type=1 1 2 2 2 2 2 2 2 2 2 2 2 2
left_child=5 2 3 -2 10 8 12 -8 13 -10 -3 -4 -7 -1
right_child=1 4 11 -5 -6 6 7 -9 9 -11 -12 -13 -14 -15
leaf_value=0.028002847421310401 -0.050678409987103816 0.10190131323986006 0.11759944461227044 0.0053638910192667782 0.10529193579029997 0.081731733818790148 -0.04668278721775021 0.070171554313953499 0.015662242050769475 0.14019059459165165 -0.044816131591715741 -0.030566495534994582 -0.041423779846235187 -0.028656447504839394
leaf_weight=188.9447723403573 52.092666495591402 2.2533556744456282 9.1049195826053602 151.43519341945648 2.4895408041775218 3.0965355820953837 7.4020480290055302 18.711903002113104 16.15600931271911 14.101104788482187 147.79997207596898 3.2837248891592017 40.394714921712875 14.858108565211294
leaf_count=2771 1314 55 131 3189 51 56 144 297 259 192 4574 54 720 245
internal_value=0.000112992 -0.0178815 -0.00376003 -0.00915771 -0.0388797 0.0218053 -0.00550844 0.0365489 0.0308444 0.0763261 -0.0419529 0.078977 -0.0310153 0.0237524
internal_weight=672.125 368.459 215.917 203.528 152.543 303.665 69.6052 26.114 234.06 30.2571 150.053 12.3886 43.4913 203.803
internal_count=14052 9368 4688 4503 4680 4684 1217 441 3467 451 4629 185 776 3016
cat_boundaries=0 1 2
cat_threshold=12 1
is_linear=0
shrinkage=0.05


Tree=15
num_leaves=14
num_cat=2
split_feature=0 1 33 37 34 39 2 35 4 34 40 39 5
split_gain=98.443 40.9704 36.4329 30.6552 27.898 25.523 25.0978 31.8801 31.0415 23.65 15.9144 11.6354 3.95025
threshold=0 1 38.800000000000004 41.500000000000007 21.550000000000004 12.450000000000001 4.5000000000000009 74.735119000000012 0.67802080537253961 26.550000000000004 53.70000000000001 12.850000000000003 0.92519182738459493
decision_type=1 1 2 2 2 2 2 2 2 2 2 2 2
left_child=4 2 3 -2 10 12 7 -6 -8 -7 11 -1 -3
right_child=1 5 -4 -5 6 9 8 -9 -10 -11 -12 -13 -14
leaf_value=0.05026913538913106 -0.037154659593362969 0.0035785258672503804 0.13956022382236116 0.0050016193052023379 0.033130490599846969 -0.04409114620691619 0.022143667080173957 0.11048189910168012 -0.042570431460584576 0.088468999351446184 0.073955004700486299 -0.044352088396580419 0.13474250697123377
leaf_weight=2.8391640074551132 59.17685922048986 0.82664638012647573 3.3303241692483416 151.51664588414133 82.449540384113789 141.93952712789178 160.94638805091381 15.354854609817265 19.990993954241276 2.5463141463696948 2.8987311497330657 26.822112593799829 1.4118882566690443
leaf_count=39 1459 20 34 3197 1153 4590 2509 216 272 49 37 490 29
internal_value=-2.12517e-05 -0.0175543 -0.00403992 -0.00695827 0.0202031 -0.038295 0.0259673 0.0462696 0.014799 -0.041163 -0.0224269 -0.0339509 0.102367
internal_weight=672.05 360.748 214.024 210.694 311.302 146.724 278.742 97.8044 180.937 144.486 32.56 29.6613 2.23853
internal_count=14094 9378 4690 4656 4716 4688 4150 1369 2781 4639 566 529 49
cat_boundaries=0 1 2
cat_threshold=12 1
is_linear=0
shrinkage=0.05


Tree=16
num_leaves=13
num_cat=2
split_feature=0 1 34 31 43 38 38 32 4 5 39 31
split_gain=91.2393 31.4436 31.6634 26.4283 26.4142 23.8184 17.3911 15.6336 13.4535 22.5582 10.8331 4.48054
threshold=0 1 24.650000000000002 27.200000000000003 35.600000000000001 6.9169645000000015 14.349107500000001 27.296726500000002 -0.814291907305839 -0.22700609751797862 12.450000000000001 56.350000000000001
decision_type=1 1 2 2 2 2 2 2 2 2 2 2
left_child=6 3 10 5 -5 -2 8 -4 9 -1 -3 -10
right_child=1 2 7 4 -6 -7 -8 -9 11 -11 -12 -13
leaf_value=0.036621772005966238 0.080590504942788327 0.067643369017122049 0.12927116515784959 0.0095505675461169982 0.08126734015474818 0.0061578976709576851 0.0557688830067994 0.019986179885947697 -0.050899748925820637 -0.048728434693359468 -0.018789186771320208 0.042144439966317594
leaf_weight=12.9739943780005 28.84259832277894 2.7503134161233893 2.5730407908558837 269.54942291229963 12.514946319162844 17.073555078357458 3.9410708323121062 49.242680745199323 100.66849805787206 16.441132007166743 156.67614861950278 0.60406075417995353
leaf_count=246 316 53 48 3994 160 239 42 752 3863 533 3874 11
internal_value=-0.000317389 0.00900667 -0.00585592 0.0188417 0.0130084 0.0536345 -0.0355003 0.0277578 -0.0413511 -0.0111171 -0.0168858 -0.0499381
internal_weight=673.851 539.223 211.242 327.981 282.064 45.9162 134.629 51.8157 130.688 29.4151 159.426 101.273
internal_count=14131 9436 4727 4709 4154 555 4695 800 4653 779 3927 3874
cat_boundaries=0 1 2
cat_threshold=48 1
is_linear=0
shrinkage=0.05


Tree=17
num_leaves=15
num_cat=4
split_feature=0 34 0 5 33 37 1 0 34 19 4 5 13 22
split_gain=77.716 32.6144 33.7349 40.7321 27.7129 17.1081 19.7758 18.1275 14.3039 9.70852 6.44598 13.4119 5.18325 1.19927
threshold=0 25.150000000000002 1 0.80798785254895478 35.600000000000009 64.500000000000014 2 3 26.400000000000002 29.168750000000003 -0.92274349529687905 -0.26037106507032776 10.443750000000003 89.819444500000017
decision_type=1 2 1 2 2 2 1 1 2 2 2 2 2 2
left_child=5 2 4 -4 -2 10 7 -7 9 -3 11 -1 -10 -12
right_child=1 8 3 -5 -6 6 -8 -9 12 -11 13 -13 -14 -15
leaf_value=0.076101539547765912 0.0075548336465054034 0.01523489987728016 -0.026189234656522849 0.029522822642001085 0.05218861901584787 0.050945407685431904 -0.048287230553417743 -0.0232901847436905 0.020988030629381024 0.058658917631798618 -0.050800004943230441 -0.044169084877723849 -0.040382802460703603 0.0054341188950672156
leaf_weight=2.5011873058974743 232.94118451327085 18.783329796046019 146.26895120553672 41.313059609383345 39.990210372954607 8.9960414171218872 13.011804889887573 8.5257007908076048 5.6587790101766569 47.006607003509998 90.151486372575164 5.8675964139401895 6.2694143019616604 0.77239643223583598
leaf_count=43 3720 241 3414 853 516 211 417 205 73 458 3603 194 82 22
internal_value=-0.000759036 0.00776095 0.00281454 -0.0131314 0.013759 -0.0338743 -0.00357213 0.030448 0.0376484 0.0466749 -0.0464416 -0.00393751 -0.0118968 -0.0502684
internal_weight=668.058 538.232 460.513 187.582 272.931 129.826 30.5335 17.5217 77.7181 65.7899 99.2927 8.36878 11.9282 90.9239
internal_count=14052 9357 8503 4267 4236 4695 833 416 854 699 3862 237 155 3625
cat_boundaries=0 1 2 3 4
cat_threshold=48 12 1 32
is_linear=0
shrinkage=0.05


Tree=18
num_leaves=13
num_cat=3
split_feature=0 1 43 4 9 0 5 38 2 4 5 31
split_gain=82.6159 31.2996 31.3276 32.2459 29.2169 36.9856 23.1666 18.443 15.9584 15.0378 21.7723 4.24578
threshold=0 1 19.600000000000005 -0.94705910369513513 24.750000000000004 2 0.94909129669788206 14.349107500000001 11.500000000000002 -0.814291907305839 -0.21022037796396445 56.350000000000001
decision_type=1 1 2 2 2 1 2 2 2 2 2 2
left_child=7 2 6 -4 8 -6 -2 9 -3 10 -1 -11
right_child=1 4 3 -5 5 -7 -8 -9 -10 11 -12 -13
leaf_value=0.036715777817072491 0.0020525692329909947 -0.028823909942189103 -0.021086281977999301 0.051880842029777899 0.034699975866941887 -0.025078276929831774 0.051191629912112263 0.063123989113153867 0.029457463008842524 -0.050727419741580126 -0.048273377005906143 0.038627802199467737
leaf_weight=13.499423220753672 192.02690158784389 101.71775668673217 17.384053774178028 95.719761200249195 61.596815422177315 31.969500882551074 26.424945637583733 3.623398680239915 12.446721047163008 92.32525678165257 14.724814312532542 0.66449530422687431
leaf_count=251 2854 2671 273 1173 854 843 373 37 290 3885 518 12
internal_value=0.00105623 0.00964455 0.0193363 0.0405793 -0.00538068 0.0152433 0.00820284 -0.0338989 -0.0222692 -0.0400657 -0.00775836 -0.0496847
internal_weight=664.124 539.286 331.556 113.104 207.731 93.5663 218.452 124.837 114.164 121.214 28.2242 92.9898
internal_count=14034 9331 4673 1446 4658 1697 3227 4703 2961 4666 769 3897
cat_boundaries=0 1 2 3
cat_threshold=48 1 12
is_linear=0
shrinkage=0.05


Tree=19
num_leaves=14
num_cat=1
split_feature=1 43 38 4 2 34 25 44 39 32 24 11 17
split_gain=39.9823 28.0656 34.3253 22.9551 22.59 21.6613 20.8979 20.7276 14.969 13.5864 16.7523 10.905 7.22212
threshold=0 19.600000000000005 8.1785715000000021 -0.98803845231459231 6.5000000000000009 24.650000000000002 13.800000000000002 51.45000000000001 16.250000000000004 27.296726500000002 58.500000000000007 84.500000000000014 47.000000000000007
decision_type=1 2 2 2 2 2 2 2 2 2 2 2 2
left_child=1 6 3 -3 -4 7 8 11 -1 -7 -11 -2 -8
right_child=5 2 4 -5 -6 9 12 -9 -10 10 -12 -13 -14
leaf_value=0.022417945457345684 0.003798277775474878 -0.031502154106309473 0.035445475438758582 0.053554582954057434 -0.031691440845553774 0.094263601008699877 0.070572775683287264 0.077645254384512155 -0.0095507466370477745 0.019446497122405926 -0.038728750824216181 -0.031024084543373999 -0.01406582332781324
leaf_weight=43.526303710415959 25.704914152622223 8.121946504339574 19.543471144512296 81.804780341684818 31.164198964834213 3.4139551203697911 12.209807673469184 3.963072530925273 205.61421971768141 43.393690750002861 16.163456782698631 167.65651812590659 2.7477263230830422
leaf_count=667 718 146 313 1164 561 70 124 67 4026 764 337 5014 37
internal_value=-0.000556284 0.00926833 0.0272254 0.0456105 -0.00563082 -0.0158095 -0.000360598 -0.0239286 -0.00389834 0.00960837 0.00327926 -0.0263992 0.0551174
internal_weight=665.028 404.732 140.634 89.9267 50.7077 260.296 264.098 197.325 249.141 62.9711 59.5571 193.361 14.9575
internal_count=14008 7038 2184 1310 874 6970 4854 5799 4693 1171 1101 5732 161
cat_boundaries=0 1
cat_threshold=1
is_linear=0
shrinkage=0.05


Tree=20
num_leaves=15
num_cat=4
split_feature=0 44 44 1 37 1 0 25 44 32 4 5 9 22
split_gain=69.8318 24.7889 27.8381 23.344 17.2647 17.8387 17.9035 10.3508 10.2099 11.1305 4.6273 9.1292 4.35568 1.18087
threshold=0 45.900000000000013 44.45000000000001 1 64.500000000000014 2 3 10.761111000000001 48.800000000000004 27.039880500000002 -0.92274349529687905 -0.26037106507032776 25.650000000000002 89.819444500000017
decision_type=1 2 2 1 2 1 1 2 2 2 2 2 2 2
left_child=4 2 3 -2 10 6 -6 -4 12 -10 11 -1 -3 -12
right_child=1 8 7 -5 5 -7 -8 -9 9 -11 13 -13 -14 -15
leaf_value=0.053563421456900621 0.017275408499569819 -0.049302799785168508 0.040577142054766258 -0.0059751298166960433 0.049357591596541177 -0.047876252425126734 -0.02351335468236198 0.11740500240059085 0.054236810094542225 -0.017885381604200456 -0.050611681458672148 -0.043904556819919394 0.013946455924409405 0.0052455225431459326
leaf_weight=2.7602452300488949 294.20172081887722 26.282353995367888 18.63414200395346 169.55328641459346 9.2712020836770535 11.787751076743008 8.5895762220025063 5.7496082391589871 5.9458969011902836 22.28257161565125 80.597197793424129 5.7250399589538556 2.5949049331247798 0.77639850042760272
leaf_count=43 4030 540 238 4007 211 405 208 106 91 357 3556 208 28 22
internal_value=7.28841e-05 0.00779357 0.0115914 0.00878022 -0.0328457 -0.00235928 0.0286267 0.0626044 -0.0229694 -0.00135807 -0.0463829 -0.00989409 -0.0433427 -0.0500215
internal_weight=664.752 545.244 488.139 463.755 119.507 29.6485 17.8608 24.3838 57.1057 28.2285 89.8589 8.48529 28.8773 81.3736
internal_count=14050 9397 8381 8037 4653 824 419 344 1016 448 3829 251 568 3578
cat_boundaries=0 1 2 3 4
cat_threshold=48 1 1 32
is_linear=0
shrinkage=0.05


Tree=21
num_leaves=12
num_cat=2
split_feature=0 19 0 4 4 4 5 32 7 34 5
split_gain=66.1891 23.1378 25.3725 47.9814 39.4828 14.0345 20.7498 32.0687 11.669 7.36092 1.19373
threshold=0 29.168750000000003 1 0.65883702558178847 0.81925054981890411 -0.40614700388750385 -0.22700609751797862 26.570536000000001 31.797917000000005 25.150000000000002 -0.52765736634565841
decision_type=1 2 1 2 2 2 2 2 2 2 2
left_child=5 2 4 -4 -2 6 7 -1 9 -3 -10
right_child=1 8 3 -5 -6 -7 -8 -9 10 -11 -12
leaf_value=0.10148338893617873 0.0090624260165436746 0.015433126017069511 0.004456525367909768 -0.042954466737771521 0.081725309102139709 -0.050399996671271756 -0.049169631747429235 -0.018406636585395691 0.0017283746009729047 0.044574043167923606 -0.044829859592196819
leaf_weight=6.7590766325593021 115.3712372481823 37.154446164146066 250.50842874497175 66.759817589074373 21.390106674283743 67.244966493919492 22.116952961310744 19.047937080264091 1.7390974462032316 56.679977513849735 4.5099208280444136
leaf_count=126 1781 530 4847 1387 307 3151 884 504 23 539 60
internal_value=-0.000217054 0.00710001 0.0024058 -0.00545204 0.019521 -0.0329542 -0.0146809 0.0156079 0.0288633 0.0333199 -0.0334217
internal_weight=669.282 554.113 454.03 317.268 136.761 115.169 47.924 25.807 100.083 93.8344 6.24902
internal_count=14139 9474 8322 6234 2088 4665 1514 630 1152 1069 83
cat_boundaries=0 1 2
cat_threshold=48 4
is_linear=0
shrinkage=0.05


Tree=22
num_leaves=15
num_cat=3
split_feature=0 44 44 1 37 1 5 44 4 25 35 37 9 4
split_gain=59.1416 21.7545 25.0972 23.0777 17.0075 17.9953 19.2227 10.6621 10.9631 9.65266 5.77019 11.7455 2.29989 0.0517631
threshold=0 45.900000000000013 44.45000000000001 1 64.500000000000014 2 -0.3744658827978154 48.800000000000004 -0.55657520495441892 10.761111000000001 87.00892850000001 61.500000000000007 25.650000000000002 -0.95754239937548935
decision_type=1 2 2 1 2 1 2 2 2 2 2 2 2 2
left_child=4 2 3 -2 10 6 -6 12 -9 -4 13 -12 -3 -1
right_child=1 7 9 -5 5 -7 -8 8 -10 -11 11 -13 -14 -15
leaf_value=-0.022199726788030876 0.016110823071492791 -0.048887050216486233 0.036506643337994846 -0.0069255380414560454 0.066837335479095802 -0.047618496034121563 -0.037626056234728256 0.051252772157303797 -0.01790323242067459 0.10683396775925036 0.064793385311887108 -0.044121758742131562 0.00071768558201947138 -0.050426369518705341
leaf_weight=2.3879799153655759 299.53117606043816 24.23075778409839 19.92605804279447 169.61996093392372 11.377656904980542 11.2640917301178 6.0335022397339335 6.6050234064459827 22.255935097113252 6.4865308571606866 2.823278831318019 6.0463728699833155 2.5435502417385569 71.950528286397457
leaf_count=69 4020 518 241 3996 244 413 169 97 356 107 54 244 27 3491
internal_value=0.000192845 0.00705521 0.0105202 0.00778509 -0.0312359 -0.000719487 0.0305601 -0.0222033 -0.000890054 0.0570452 -0.0453284 -0.00640095 -0.0443184 -0.0498263
internal_weight=663.082 551.199 495.564 469.151 111.883 28.6753 17.4112 55.6353 28.861 26.4126 83.2082 8.86965 26.7743 74.3385
internal_count=14046 9362 8364 8016 4684 826 413 998 453 348 3858 298 545 3560
cat_boundaries=0 1 2 3
cat_threshold=48 1 1
is_linear=0
shrinkage=0.05


Tree=23
num_leaves=13
num_cat=2
split_feature=0 44 38 1 38 4 5 44 35 15 31 9
split_gain=50.1931 21.369 26.9605 21.0161 20.5006 14.9368 17.1371 8.97255 8.52515 4.96353 4.14836 2.39223
threshold=0 45.900000000000013 12.416964000000002 1 14.349107500000001 -0.814291907305839 -0.21022037796396445 48.800000000000004 86.181548000000006 1.2500000000000002 56.350000000000001 25.650000000000002
decision_type=1 2 2 1 2 2 2 2 2 2 2 2
left_child=4 2 3 -2 5 6 -1 11 -9 -4 -7 -3
right_child=1 7 9 -5 -6 10 -8 8 -10 -11 -12 -13
leaf_value=0.030055898160923189 0.013765036838447689 -0.048786304786161104 0.046877399959261629 -0.0080493332038586319 0.062628742830601297 -0.050411467447819436 -0.047425741310625547 -0.016673058989606155 0.050952550617696726 0.11392139169249114 0.037718140897504845 0.0019158627313065339
leaf_weight=14.580282386392357 305.68789371103048 24.400329004973177 17.31921257078648 171.69667581655085 4.4254810772836199 76.47663719765842 12.185369353741406 24.185714242979888 4.7243728637695304 3.4800749346613875 0.67813805118203063 2.4795823507010928
leaf_count=257 4070 543 144 4076 43 3861 509 388 68 52 12 26
internal_value=-0.00123595 0.00502649 0.00841496 0.00591883 -0.0306644 -0.038119 -0.00565614 -0.0239615 -0.0042879 0.0628063 -0.0491642 -0.0442082
internal_weight=662.32 553.974 498.184 477.385 108.346 103.92 26.7657 55.79 28.9101 20.7993 77.1548 26.8799
internal_count=14049 9367 8342 8146 4682 4639 766 1025 456 196 3873 569
cat_boundaries=0 1 2
cat_threshold=48 1
is_linear=0
shrinkage=0.05


Tree=24
num_leaves=11
num_cat=3
split_feature=0 19 37 5 4 0 5 25 22 0
split_gain=50.2859 21.3154 25.8898 50.6257 15.803 19.7469 37.6369 13.7232 10.308 11.4281
threshold=0 29.168750000000003 34.500000000000007 0.95936279103287792 -0.40614700388750385 1 -0.21022037796396445 10.330555500000001 79.625000000000014 2
decision_type=1 2 2 2 2 1 2 2 2 1
left_child=4 2 7 -4 5 6 -1 -2 9 -3
right_child=1 8 3 -5 -6 -7 -8 -9 -10 -11
leaf_value=0.078431868739194902 -0.043679451849913738 0.042163916020886844 0.00085717334416185594 0.067271185727626789 -0.050152191130342527 -0.035258026098514084 -0.046293203846956718 0.0048647843447280521 0.07515456069233413 0.0044791927381046953
leaf_weight=13.73719027079642 43.274479754269123 27.382751032710075 361.14011641032994 30.173280095681548 59.007245931774378 22.331850700080395 9.3984606452286226 21.415206097066402 9.0131039135158044 64.619227834045887
leaf_count=325 951 263 6427 478 3174 763 428 437 63 799
internal_value=-0.000329017 0.00579603 0.00127492 0.00613663 -0.0303982 -0.0107759 0.019759 -0.0277797 0.0265609 0.0210434
internal_weight=661.493 557.018 456.003 391.313 104.475 45.4675 23.1357 64.6897 101.015 92.002
internal_count=14108 9418 8293 6905 4690 1516 753 1388 1125 1062
cat_boundaries=0 1 2 3
cat_threshold=48 32 8
is_linear=0
shrinkage=0.05


Tree=25
num_leaves=9
num_cat=3
split_feature=0 1 0 21 5 5 34 34
split_gain=49.0924 25.0651 35.1151 30.5874 25.9461 53.7811 25.4315 9.278
threshold=0 1 2 23.950000000000003 -0.92272482904738273 -0.75581183015052977 20.450000000000003 23.650000000000002
decision_type=1 1 1 2 2 2 2 2
left_child=-1 4 3 -3 7 -6 -4 -2
right_child=1 2 6 -5 5 -7 -8 -9
leaf_value=-0.042476651823105664 0.066126324643989057 -0.021415784872836834 0.058953976968836447 0.028406840665090007 0.063724511493086486 0.0085217235731520086 -0.039339827852172216 -0.026758642348737025
leaf_weight=50.486336059868336 1.9113482143729914 49.004392150789499 6.2120229694992295 79.474034447222948 51.308388613164425 284.85160190239549 91.235627531073987 46.278881983831525
leaf_count=2351 27 1144 194 1198 668 4361 3320 785
internal_value=0.000146144 0.00435949 -0.00876156 0.00871195 0.0121881 0.0171114 -0.0295383 -0.0218052
internal_weight=660.763 610.276 225.926 128.478 384.35 336.16 97.4477 48.1902
internal_count=14048 11697 5856 2342 5841 5029 3514 812
cat_boundaries=0 1 2 3
cat_threshold=16 1 12
is_linear=0
shrinkage=0.05


Tree=26
num_leaves=12
num_cat=2
split_feature=0 44 4 33 4 1 5 37 44 4 9
split_gain=46.8514 21.8678 21.6313 25.2584 14.965 18.4379 28.7884 11.8748 7.7078 7.47966 3.72087
threshold=0 45.900000000000013 -0.94139628442229051 31.650000000000002 -0.40614700388750385 1 -0.21022037796396445 67.500000000000014 48.800000000000004 -0.55657520495441892 25.650000000000002
decision_type=1 2 2 2 2 1 2 2 2 2 2
left_child=4 2 7 -4 5 6 -1 -2 10 -10 -3
right_child=1 8 3 -5 -6 -7 -8 -9 9 -11 -12
leaf_value=0.055963657444611271 -0.041505581220879849 -0.050435249591827713 0.040468366362700528 0.0073532068108705722 -0.050013082974789097 -0.048935878454039218 -0.04678931306452927 0.03133438856873557 0.037093103378232926 -0.019914946749255032 0.0071648238600902003
leaf_weight=16.153638325631622 28.769636919721961 22.141513053327802 66.252959087491035 405.96786575391889 54.601805339567363 17.639813946560025 10.372651066631077 6.1132464800029984 6.6693956702947643 22.204839011654258 2.9277838543057433
leaf_count=320 576 517 1014 6679 3165 763 429 118 94 362 29
internal_value=0.00018108 0.00591694 0.00925287 0.012075 -0.0297456 -0.0107225 0.0155438 -0.0282228 -0.0239636 -0.00594631 -0.0436915
internal_weight=659.815 561.047 507.104 472.221 98.7679 44.1661 26.5263 34.8829 53.9435 28.8742 25.0693
internal_count=14066 9389 8387 7693 4677 1512 749 694 1002 456 546
cat_boundaries=0 1 2
cat_threshold=48 1
is_linear=0
shrinkage=0.05


Tree=27
num_leaves=14
num_cat=2
split_feature=0 34 34 1 35 4 33 34 44 5 7 19 5
split_gain=44.4112 18.46 18.5847 19.1447 18.2953 27.342 45.1028 11.5972 9.03071 8.42936 5.34895 4.82911 0.546174
threshold=0 25.950000000000003 18.250000000000004 1 86.755952500000021 -0.83377653105606597 31.650000000000002 21.550000000000004 27.200000000000003 -0.022575793296316444 31.797917000000005 29.648611000000002 -0.52765736634565841
decision_type=1 2 2 1 2 2 2 2 2 2 2 2 2
left_child=4 2 -2 -4 5 6 -1 -7 -6 -10 11 -3 -12
right_child=1 10 3 -5 8 7 -8 -9 9 -11 12 -13 -14
leaf_value=0.13382850327539783 0.10191033521438342 -0.028584601589046955 -0.013998299471121259 -0.046666976794950132 0.063216071635586873 -0.014592462794344705 -0.014037017314350968 0.012486310522714599 -0.0057018063662652232 -0.040480729475701638 0.0077001611779547998 0.064601760537985817 -0.033666301096993999
leaf_weight=10.556476676836612 1.8948378823697556 1.0427338685840357 118.59460219368339 72.451025906950235 2.6945973578840485 44.536216877400875 9.0007211025804263 305.76212316006422 54.068483358249068 24.996995218098164 0.68598104827106032 8.5540770944207889 1.6843829844146956
leaf_count=130 37 22 3357 3367 28 802 158 4458 958 457 18 179 45
internal_value=-0.00134775 -0.0200336 -0.0247852 -0.0265659 0.00743433 0.0123284 0.0684045 0.00901183 -0.0136879 -0.0170656 0.0371267 0.0527347 -0.0229622
internal_weight=656.523 204.908 192.94 191.046 451.616 369.856 19.5572 350.298 81.7601 79.0655 11.9672 9.59681 2.37036
internal_count=14016 7025 6761 6724 6991 5548 288 5260 1443 1415 264 201 63
cat_boundaries=0 1 2
cat_threshold=13 1
is_linear=0
shrinkage=0.05


Tree=28
num_leaves=9
num_cat=3
split_feature=0 0 1 32 34 38 34 36
split_gain=44.1892 21.1469 35.7044 33.2715 27.5622 17.9517 19.3164 8.78402
threshold=0 1 2 30.460119000000002 26.550000000000004 5.9392855000000013 21.550000000000004 98.500000000000014
decision_type=1 1 1 2 2 2 2 2
left_child=-1 5 3 -3 -4 7 -7 -2
right_child=1 2 4 -5 -6 6 -8 -9
leaf_value=-0.041658126303784376 0.058038867333539274 0.00076149751850416916 -0.035911943512096221 0.081176369608336268 0.11117369731494556 -0.020068944316989672 0.020137723441363574 -0.040470026768045321
leaf_weight=45.763921793550253 1.6584866568446184 167.9785377709195 90.5337716024369 12.931377023458479 2.3472003675997248 32.54656795784831 285.45167155191302 19.624399926513433
leaf_count=2348 18 3343 3477 141 39 556 3807 289
internal_value=0.000598221 0.00442162 -0.0058129 0.00692417 -0.0310503 0.0126038 0.0159726 -0.0305335
internal_weight=658.836 613.072 273.791 180.91 92.881 339.281 317.998 21.2829
internal_count=14018 11670 7000 3484 3516 4670 4363 307
cat_boundaries=0 1 2 3
cat_threshold=16 12 1
is_linear=0
shrinkage=0.05


Tree=29
num_leaves=11
num_cat=3
split_feature=0 5 37 19 43 4 0 5 7 0
split_gain=41.7069 21.1435 40.2539 17.5101 20.8798 11.6493 13.1034 24.2563 8.74596 8.66585
threshold=0 0.96407344085605595 34.500000000000007 29.084027500000001 19.050000000000004 -0.40614700388750385 1 -0.21022037796396445 27.385417000000004 2
decision_type=1 2 2 2 2 2 1 2 2 1
left_child=5 3 -3 4 -2 6 7 -1 -4 -5
right_child=1 2 8 9 -6 -7 -8 -9 -10 -11
leaf_value=0.0566746168272418 -0.0129203990835767 -0.047604298414982565 0.039986244634813532 0.036570480253516266 0.0097474397388165445 -0.049849747725673826 -0.033900148244732482 -0.045644616970335984 0.098110193611362417 0.0057272848570152158
leaf_weight=14.314122852869334 237.22739925980568 9.3594599161297065 16.962224291637543 33.329130638390779 176.18186663091183 49.903415371663868 19.956038422882557 8.3973279949277622 12.688137788325546 77.329323394224048
leaf_count=327 4594 211 261 296 2871 3193 761 439 181 907
internal_value=-0.00122412 0.00408331 0.0391912 0.0014781 -0.00325988 -0.0303942 -0.013979 0.0130218 0.0672484 0.0190494
internal_weight=655.648 563.078 39.0098 524.068 413.409 92.5709 42.6675 22.7115 29.6504 110.658
internal_count=14041 9321 653 8668 7465 4720 1527 766 442 1203
cat_boundaries=0 1 2 3
cat_threshold=48 32 8
is_linear=0
shrinkage=0.05


Tree=30
num_leaves=9
num_cat=3
split_feature=0 1 0 9 33 38 34 2
split_gain=38.6181 22.0586 22.5468 24.9845 19.8436 44.5517 19.4624 11.7112
threshold=0 1 2 24.650000000000002 31.650000000000002 7.8770835000000012 21.550000000000004 2.5000000000000004
decision_type=1 1 1 2 2 2 2 2
left_child=-1 4 3 -3 5 -2 -6 -4
right_child=1 2 7 -5 6 -7 -8 -9
leaf_value=-0.040959051173305915 0.06446149318308031 -0.018915757925669532 0.012205358631960539 0.019403379335366358 -0.035270299815977707 -0.01427969737087334 0.0087928148070469305 -0.050528337013760374
leaf_weight=42.531049324199557 44.734065001830459 81.440841287374496 8.4729224387556297 86.888260491192341 26.442686499096453 29.076793808490038 289.38034059107304 44.779287347570062
leaf_count=2369 545 2155 408 1367 535 478 4246 1912
internal_value=-0.00021423 0.0032984 -0.00921745 0.000813578 0.0105059 0.0336662 0.00500389 -0.0342016
internal_weight=653.746 611.215 221.581 168.329 389.634 73.8109 315.823 53.2522
internal_count=14015 11646 5842 3522 5804 1023 4781 2320
cat_boundaries=0 1 2 3
cat_threshold=16 1 14
is_linear=0
shrinkage=0.05


end of trees

feature_importances:
age_group=58
temperature_min_7d=38
gender=35
wind_gust_max_7d=33
day_of_year_sin=31
day_of_year_cos=31
wind_speed_mean_7d=21
humidity_min_7d=19
rain_max_daily_7d=12
temperature_mean_3d=10
temperature_max_7d=10
wind_gust_max_3d=9
month=8
temperature_min_current=8
humidity_mean_7d=8
wind_speed_mean_3d=7
temperature_mean_7d=7
wind_speed_max_7d=7
precipitation_sum_7d=4
temperature_mean_current=3
temperature_max_3d=3
humidity_mean_3d=3
humidity_max_current=2
wind_speed_mean_current=2
temperature_min_3d=2
humidity_max_7d=2
precipitation_sum_current=1
wind_gust_max_current=1
humidity_min_3d=1

parameters:
[boosting: gbdt]
[objective: binary]
[metric: binary_logloss]
[tree_learner: serial]
[device_type: cpu]
[data_sample_strategy: bagging]
[data: ]
[valid: ]
[num_iterations: 31]
[learning_rate: 0.05]
[num_leaves: 15]
[num_threads: 8]
[seed: 42]
[deterministic: 0]
[force_col_wise: 0]
[force_row_wise: 0]
[histogram_pool_size: -1]
[max_depth: 4]
[min_data_in_leaf: 20]
[min_sum_hessian_in_leaf: 0.001]
[bagging_fraction: 0.9]
[pos_bagging_fraction: 1]
[neg_bagging_fraction: 1]
[bagging_freq: 1]
[bagging_seed: 400]
[bagging_by_query: 0]
[feature_fraction: 0.9]
[feature_fraction_bynode: 1]
[feature_fraction_seed: 30056]
[extra_trees: 0]
[extra_seed: 12879]
[early_stopping_round: 0]
[early_stopping_min_delta: 0]
[first_metric_only: 0]
[max_delta_step: 0]
[lambda_l1: 0]
[lambda_l2: 1]
[linear_lambda: 0]
[min_gain_to_split: 0]
[drop_rate: 0.1]
[max_drop: 50]
[skip_drop: 0.5]
[xgboost_dart_mode: 0]
[uniform_drop: 0]
[drop_seed: 17869]
[top_rate: 0.2]
[other_rate: 0.1]
[min_data_per_group: 100]
[max_cat_threshold: 32]
[cat_l2: 10]
[cat_smooth: 10]
[max_cat_to_onehot: 4]
[top_k: 20]
[monotone_constraints: ]
[monotone_constraints_method: basic]
[monotone_penalty: 0]
[feature_contri: ]
[forcedsplits_filename: ]
[refit_decay_rate: 0.9]
[cegb_tradeoff: 1]
[cegb_penalty_split: 0]
[cegb_penalty_feature_lazy: ]
[cegb_penalty_feature_coupled: ]
[path_smooth: 0]
[interaction_constraints: ]
[verbosity: -1]
[saved_feature_importance_type: 0]
[use_quantized_grad: 0]
[num_grad_quant_bins: 4]
[quant_train_renew_leaf: 0]
[stochastic_rounding: 1]
[linear_tree: 0]
[max_bin: 255]
[max_bin_by_feature: ]
[min_data_in_bin: 3]
[bin_construct_sample_cnt: 200000]
[data_random_seed: 175]
[is_enable_sparse: 1]
[enable_bundle: 1]
[use_missing: 1]
[zero_as_missing: 0]
[feature_pre_filter: 1]
[pre_partition: 0]
[two_round: 0]
[header: 0]
[label_column: ]
[weight_column: ]
[group_column: ]
[ignore_column: ]
[categorical_feature: 0,1,3]
[forcedbins_filename: ]
[precise_float_parser: 0]
[parser_config_file: ]
[objective_seed: 16083]
[num_class: 1]
[is_unbalance: 0]
[scale_pos_weight: 1]
[sigmoid: 1]
[boost_from_average: 1]
[reg_sqrt: 0]
[alpha: 0.9]
[fair_c: 1]
[poisson_max_delta_step: 0.7]
[tweedie_variance_power: 1.5]
[lambdarank_truncation_level: 30]
[lambdarank_norm: 1]
[label_gain: ]
[lambdarank_position_bias_regularization: 0]
[eval_at: ]
[multi_error_top_k: 1]
[auc_mu_weights: ]
[num_machines: 1]
[local_listen_port: 12400]
[time_out: 120]
[machine_list_filename: ]
[machines: ]
[gpu_platform_id: -1]
[gpu_device_id: -1]
[gpu_device_id_list: ]
[gpu_use_dp: 0]
[num_gpu: 1]

end of parameters

pandas_categorical:[]
