tree
version=v4
num_class=1
num_tree_per_iteration=1
label_index=0
max_feature_idx=44
objective=binary sigmoid:1
feature_names=age_group gender month season day_of_year_sin day_of_year_cos weather_code_current temperature_mean_current temperature_max_current temperature_min_current humidity_mean_current humidity_max_current humidity_min_current wind_speed_mean_current wind_speed_max_current precipitation_sum_current rain_sum_current wind_gust_max_current rain_day_current temperature_mean_3d temperature_max_3d temperature_min_3d humidity_mean_3d humidity_max_3d humidity_min_3d wind_speed_mean_3d wind_speed_max_3d precipitation_sum_3d rain_sum_3d rain_days_3d rain_max_daily_3d wind_gust_max_3d temperature_mean_7d temperature_max_7d temperature_min_7d humidity_mean_7d humidity_max_7d humidity_min_7d wind_speed_mean_7d wind_speed_max_7d precipitation_sum_7d rain_sum_7d rain_days_7d rain_max_daily_7d wind_gust_max_7d
feature_infos=-1:0:1:2:3:4:5 -1:0:1 [1:12] -1:1:0 [-0.99999942202469239:0.99998555065071859] [-0.99997919295908244:0.9999907524084426] [0:61] [23.658332999999999:32.533332999999999] [25.899999999999999:39.200000000000003] [17.899999999999999:29.300000000000001] [48.958333000000003:91.625] [63:100] [23:86] [2.8541669999999999:19.695833] [6.4000000000000004:30.100000000000001] [0:63.100000000000001] [0:63.100000000000001] [14:56.899999999999999] [0:1] [23.766667000000002:32.427778000000004] [27.699999999999999:39.200000000000003] [17.899999999999999:28.100000000000001] [52.569443999999997:90.694444000000004] [73:100] [23:79] [4.125:17.329167000000002] [9.6999999999999993:30.100000000000001] [0:93.900000000000006] [0:93.900000000000006] [0:3] [0:63.100000000000001] [17.300000000000001:56.899999999999999] [24.365476000000001:32.235118999999997] [28.699999999999999:39.200000000000003] [17.899999999999999:27.5] [55.767856999999999:89.523809999999997] [77:100] [23:72] [4.5327380000000002:15.469643] [11.6:30.100000000000001] [0:163.90000000000001] [0:163.90000000000001] [0:7] [0:63.100000000000001] [23:56.899999999999999]
tree_sizes=1653 1704 1718 1701 1703 1676 1746 1696 1718 1698 1708 1721 1719 1603 1709 1728 1617 1615 1690 1720 1712 1711 1611 1704 1309 1713 1421 1380 1294 1395 1196 1714 1301 1213 1631 1311 1518

Tree=0
num_leaves=15
num_cat=4
split_feature=0 0 36 4 5 4 42 6 2 1 4 4 2 0
split_gain=1533.13 320.631 127.553 116.551 110.687 103.276 65.7947 63.9065 44.7546 39.8205 32.1477 30.1151 23.4495 40.4929
threshold=0 1 95.500000000000014 0.2603727204637144 -0.90161545992537195 -0.88622299073327826 6.5000000000000009 2.5000000000000004 3.5000000000000004 2 0.98049069993378934 -0.04836157422433459 11.500000000000002 3
decision_type=1 1 2 2 2 2 2 2 2 1 2 2 2 1
left_child=2 4 6 5 11 -4 10 -5 -6 -8 -1 -2 -3 -14
right_child=1 12 3 7 8 -7 9 -9 -10 -11 -12 -13 13 -15
leaf_value=-2.1668528662789432 -2.145267806665768 -2.223658663804954 -1.9764167534765744 -2.0798885600201928 -2.2006812982888215 -2.0891758816234187 -2.1268088604329254 -1.9383317952714347 -2.1631997071102469 -1.8981904423982698 -2.0567094720600156 -2.0763282816892419 -2.129429041677537 -2.2128740141856285
leaf_weight=36.048835337162018 28.894104659557343 598.79592132568359 27.518194913864136 12.108005762100218 117.13578301668167 83.380130589008331 3.9442746043205252 42.011110901832581 243.44429767131805 3.852547287940979 7.1547306776046744 37.333017766475677 13.208733558654785 26.784376382827759
leaf_count=393 315 6528 300 132 1277 909 43 458 2654 42 78 407 144 292
internal_value=-2.17334 -2.19824 -2.05526 -2.02847 -2.16465 -2.05969 -2.12032 -1.96773 -2.17542 -1.9954 -2.14639 -2.10554 -2.22045 -2.18382
internal_weight=1281.61 1065.6 216.018 165.017 426.807 110.898 51.0004 54.1191 360.58 7.79682 43.2036 66.2271 638.789 39.9931
internal_count=13972 11617 2355 1799 4653 1209 556 590 3931 85 471 722 6964 436
cat_boundaries=0 1 2 3 4
cat_threshold=8 5 1 2
is_linear=0
shrinkage=1


Tree=1
num_leaves=15
num_cat=3
split_feature=0 0 5 36 4 5 42 2 43 38 4 2 0 4
split_gain=1276.27 303.932 100.423 81.8907 67.1721 75.7359 40.1399 37.7487 35.606 33.3864 29.0358 25.1676 41.7063 23.4614
threshold=0 1 -0.90161545992537195 95.500000000000014 0.2603727204637144 -0.34234976856068172 6.5000000000000009 3.5000000000000004 38.900000000000006 6.044642500000001 0.98667101781630184 11.500000000000002 2 0.78325454425165997
decision_type=1 1 2 2 2 2 2 2 2 2 2 2 1 2
left_child=3 2 9 6 5 -5 10 -4 -6 -2 -1 -3 -13 -8
right_child=1 11 7 4 8 -7 13 -9 -10 -11 -12 12 -14 -15
leaf_value=0.0088281566539035877 0.15278814791763817 -0.049765048871113798 -0.026451615660997286 0.053705562399034672 0.17390887658784418 0.13430188448720562 0.17995294594032105 0.0085998999131154403 0.015047522965692159 0.048298919147750682 0.11700762414665733 0.045923646325753464 -0.03891739910943464 -0.0059694087038433263
leaf_weight=36.252795785665512 8.1183921843767148 575.63066063076258 110.93268442153931 54.987204730510712 59.442954376339912 66.642663061618805 6.8443126305937749 243.8531878888607 3.9572500362992278 63.733881004154682 6.5339312329888335 13.201672352850437 25.863588564097881 2.0850399881601334
leaf_count=392 82 6533 1236 557 553 656 66 2637 37 661 65 139 291 20
internal_value=-5.74424e-05 -0.0240937 0.00837375 0.102044 0.121902 0.0986005 0.049389 -0.00240338 0.164381 0.0620401 0.0276431 -0.0463792 -0.00806699 0.14031
internal_weight=1278.08 1041.33 426.638 236.746 185.03 121.63 51.7161 354.786 63.4002 71.8523 42.7867 614.696 39.0653 8.92935
internal_count=13925 11579 4616 2346 1803 1213 543 3873 590 743 457 6963 430 86
cat_boundaries=0 1 2 3
cat_threshold=8 5 2
is_linear=0
shrinkage=0.05


Tree=2
num_leaves=15
num_cat=3
split_feature=0 0 5 37 5 5 43 5 2 39 2 0 32 7
split_gain=1126.37 299.198 81.3471 47.2829 72.3853 56.3353 49.3623 53.1143 45.2699 31.0048 24.337 37.638 15.188 5.04483
threshold=0 1 -0.90161545992537195 37.500000000000007 0.79773375822167203 -0.031174269516803247 37.550000000000004 -0.92272482904738273 8.5000000000000018 18.850000000000005 11.500000000000002 2 31.130655000000001 27.935416500000006
decision_type=1 1 2 2 2 2 2 2 2 2 2 1 2 2
left_child=3 2 9 4 5 -1 7 -5 -4 -2 12 -12 -3 -6
right_child=1 10 8 6 13 -7 -8 -9 -10 -11 11 -13 -14 -15
leaf_value=-0.0020165756387161707 0.00013610236463152442 -0.050341317703791577 -0.013921082947890615 0.055823661307508148 -0.042467195430984928 0.11907223679741559 -0.023057836041097558 0.1263577608164542 0.023748005115993114 0.073094228295062666 0.041436907833246064 -0.038485780184326059 0.021888267243625678 0.018718323931115107
leaf_weight=12.861004285514353 19.412829272449017 551.39171421527863 241.41464736312628 35.420941069722176 13.578311398625376 36.564320832490921 6.5887436941266051 147.4663297906518 117.87283945083618 57.321640715003014 14.275770373642445 25.236956849694252 6.8553689718246451 3.7470225170254698
leaf_count=127 191 6515 2665 334 133 354 62 1301 1266 566 145 293 81 38
internal_value=0.000203983 -0.0232291 0.00830848 0.0918049 0.0577806 0.0881485 0.108245 0.113075 -0.00153123 0.054876 -0.045968 -0.00857157 -0.0494168 -0.028935
internal_weight=1290.01 1033.78 436.022 256.227 66.7507 49.4253 189.476 182.887 359.287 76.7345 597.76 39.5127 558.247 17.3253
internal_count=14071 11722 4688 2349 652 481 1697 1635 3931 757 7034 438 6596 171
cat_boundaries=0 1 2 3
cat_threshold=8 5 2
is_linear=0
shrinkage=0.05


Tree=3
num_leaves=15
num_cat=4
split_feature=0 0 2 36 2 6 4 4 34 2 0 38 1 32
split_gain=962.652 274.449 69.9429 53.8669 46.6488 46.4435 45.5849 41.7235 31.0762 26.6992 39.6375 26.4769 25.5449 14.3084
threshold=0 1 3.5000000000000004 95.500000000000014 5.5000000000000009 2.5000000000000004 -0.04836157422433459 -0.90893996196865012 21.050000000000004 11.500000000000002 2 11.614285500000003 3 31.130655000000001
decision_type=1 1 2 2 2 2 2 2 2 2 1 2 1 2
left_child=3 2 11 8 5 -5 -4 -6 -1 13 -11 -2 -10 -3
right_child=1 9 6 4 7 -7 -8 -9 12 10 -12 -13 -14 -15
leaf_value=-0.049408861657337773 -0.03653894365547395 -0.049486217276189487 0.0033609989011635882 0.053268677850875461 0.12628252295341319 0.15206009368360121 0.041014230160998512 0.062706068254792052 0.017145965674923224 0.043800687487296944 -0.037981065352094084 0.030661596092696482 0.088408873435905866 0.019791994094928832
leaf_weight=7.5607794225215903 95.138109885156155 526.80471754074097 191.20222818851471 17.054109185934067 34.953260228037834 53.942293167114258 137.93216378986835 112.7860587015748 24.795065261423588 14.639660954475403 24.459646694362164 16.507982537150383 25.821776740252972 7.0643658190965644
leaf_count=80 1095 6486 2006 145 272 413 1418 977 239 144 293 190 240 82
internal_value=0.00043912 -0.022264 0.00745545 0.0812126 0.0955311 0.129399 0.019217 0.0784953 0.0403968 -0.0448367 -0.00558016 -0.0264187 0.0545086 -0.0485342
internal_weight=1290.66 1013.75 440.78 276.913 218.736 70.9964 329.134 147.739 58.1776 572.968 39.0993 111.646 50.6168 533.869
internal_count=14080 11714 4709 2366 1807 558 3424 1249 559 7005 437 1285 479 6568
cat_boundaries=0 1 2 3 4
cat_threshold=8 5 2 1
is_linear=0
shrinkage=0.05


Tree=4
num_leaves=15
num_cat=4
split_feature=0 0 0 2 2 4 4 36 4 38 34 2 0 32
split_gain=851.789 148.578 96.2978 63.0479 64.8682 48.3183 48.52 45.2495 41.0498 28.2844 26.8165 18.8026 26.6273 17.0626
threshold=0 1 2 3.5000000000000004 7.5000000000000009 -0.85227431625818906 -0.95754239937548935 95.500000000000014 0.15951094710994368 9.1699405000000009 26.550000000000004 11.500000000000002 3 31.130655000000001
decision_type=1 1 1 2 2 2 2 2 2 2 2 2 1 2
left_child=1 7 3 -2 -5 6 -3 9 -9 -1 -7 13 -13 -4
right_child=2 5 11 4 -6 10 -8 8 -10 -11 -12 12 -14 -15
leaf_value=-0.03001670819360687 -0.051457044280803249 0.012514669175621107 -0.049533563657347852 0.040102993499690473 -0.022219952807780659 0.0034772462222600049 0.13120677828145005 0.066427866003342773 0.11055054420150329 0.052296078706029009 0.14188793874400446 0.031302194144838695 -0.037025721622245475 0.025635591254486709
leaf_weight=12.666372776031492 54.087599888443947 18.073009103536606 507.19643715769053 86.074916563928127 79.313469067215919 185.9329726845026 15.86289422214031 141.39582259207964 92.236605815589428 46.415709942579269 2.5682377293705931 14.823633871972561 22.820111185312271 7.0906869471073142
leaf_count=133 636 190 6505 858 839 1981 167 1138 670 418 27 141 282 81
internal_value=-0.000848991 0.0483575 -0.0339165 -0.00489093 0.0102616 0.0154539 0.0701633 0.071896 0.0842441 0.0344435 0.00610182 -0.0451374 -0.0114864 -0.0484494
internal_weight=1286.56 515.152 771.407 219.476 165.388 222.437 33.9359 292.715 233.632 59.0821 188.501 551.931 37.6437 514.287
internal_count=14066 4724 9342 2333 1697 2365 357 2359 1808 551 2008 7009 423 6586
cat_boundaries=0 1 2 3 4
cat_threshold=9 8 4 2
is_linear=0
shrinkage=0.05


Tree=5
num_leaves=15
num_cat=6
split_feature=0 0 0 2 2 1 2 4 36 4 1 2 0 32
split_gain=725.479 106.983 103.586 66.474 71.9817 42.2876 161.661 65.9338 31.4517 44.8793 26.3889 19.3895 28.0893 13.7249
threshold=0 1 2 3.5000000000000004 7.5000000000000009 3 8.5000000000000018 0.091259403071267911 95.500000000000014 0.14250626876356548 4 11.500000000000002 5 31.130655000000001
decision_type=1 1 1 2 2 1 2 2 2 2 1 2 1 2
left_child=1 8 3 -2 -5 6 -3 -7 10 -10 -1 13 -13 -4
right_child=2 5 11 4 -6 7 -8 -9 9 -11 -12 12 -14 -15
leaf_value=-0.0023210635947384377 -0.051111149032516512 -0.00049734465064941904 -0.048767504241730694 0.042166028927972457 -0.023450854956109886 -0.044491507771661221 0.13169181515311931 0.031216478113588266 0.054327062749776715 0.098612572301689252 0.06292953460048091 0.032999964145997429 -0.036916487513415981 0.018798297287879143
leaf_weight=29.281877122819424 52.765403397381306 80.211860440671444 485.11527556180954 92.116586789488792 74.957805655896664 54.946673259139061 31.495747171342373 58.200640209019184 143.50905282050371 101.34699696302414 31.746552884578705 14.85655090212822 22.83967836946249 7.1489632129669181
leaf_count=276 647 851 6484 890 807 561 321 627 1103 686 279 138 291 80
internal_value=-0.000796339 0.0434375 -0.0322717 -0.0026119 0.0127627 0.0152548 0.0376109 -0.00561657 0.0629059 0.0729836 0.0320891 -0.044272 -0.010233 -0.0477502
internal_weight=1280.54 530.739 749.8 219.84 167.074 224.855 111.708 113.147 305.884 244.856 61.0284 529.96 37.6962 492.264
internal_count=14041 4704 9337 2344 1697 2360 1172 1188 2344 1789 555 6993 429 6564
cat_boundaries=0 1 2 3 4 5 6
cat_threshold=9 8 4 1 1 2
is_linear=0
shrinkage=0.05


Tree=6
num_leaves=15
num_cat=1
split_feature=37 34 6 4 32 4 1 26 42 4 6 5 40 17
split_gain=43.2085 30.9809 26.0958 20.3139 20.0101 15.1819 12.5196 11.7334 8.90583 7.39527 5.6968 1.66955 0.858974 0.409137
threshold=32.500000000000007 26.550000000000004 2.5000000000000004 0.97508442350096225 26.361012000000006 0.92922379131507438 0 17.550000000000004 4.5000000000000009 0.534952257794027 2.5000000000000004 0.097680735332368721 8.3500000000000032 32.95000000000001
decision_type=2 2 2 2 2 2 1 2 2 2 2 2 2 2
left_child=3 2 5 7 -4 -2 -3 10 11 -9 -1 -5 -10 -8
right_child=1 6 4 8 -6 -7 13 9 12 -11 -12 -13 -14 -15
leaf_value=-0.043320521919919877 -0.02233318448543474 0.11765626196095569 -0.01192788934771629 0.013909202382770786 0.0095263345564612356 0.011313389028362545 0.0039588400109984738 -0.052631995881829964 -0.039325947794223465 -0.026421779037097616 0.01855674316045882 0.041379445504243356 -0.00019820266761725474 0.030346738405127201
leaf_weight=3.6970059275627163 138.12106364220381 7.0999513417482358 125.76863391697407 11.995750382542615 765.33616237342358 43.481384478509426 2.4136520326137543 38.442837819457054 5.5295531749725333 102.66637793183327 17.091780699789524 12.411859579384325 1.7993507012724874 4.8220297992229462
leaf_count=46 1538 77 1363 138 8240 482 25 472 66 1232 190 143 21 50
internal_value=9.62469e-05 0.00397752 0.0029659 -0.0216013 0.00648835 -0.0142593 0.0745456 -0.0287466 0.0146137 -0.0338824 0.00606953 0.0289573 -0.0308967 0.0230939
internal_weight=1280.68 1087.04 1072.71 193.635 891.105 181.602 14.3356 161.898 31.7365 141.109 20.7888 24.4076 7.3289 7.23568
internal_count=14083 11775 11623 2308 9603 2020 152 1940 368 1704 236 281 87 75
cat_boundaries=0 1
cat_threshold=1
is_linear=0
shrinkage=0.05


Tree=7
num_leaves=15
num_cat=5
split_feature=0 0 0 5 34 37 1 32 4 6 38 32 4 0
split_gain=678.435 103.689 87.3102 59.4589 65.1045 59.6792 39.3143 89.7708 65.2308 25.2783 23.0913 14.5102 13.5647 12.8483
threshold=0 1 2 -0.99465740988130902 25.950000000000003 58.500000000000007 3 27.065178500000005 0.091259403071267911 2.5000000000000004 6.890476500000001 31.130655000000001 0.68432406471780916 4
decision_type=1 1 1 2 2 2 1 2 2 2 2 2 2 1
left_child=2 3 9 5 -5 -2 7 -4 -8 12 -11 13 -1 -3
right_child=1 11 6 4 -6 -7 8 -9 -10 10 -12 -13 -14 -15
leaf_value=0.0069033399712458048 -0.045364853900492406 -0.027364304172879435 0.088622675593944475 -0.014090749262005476 0.11536916960682278 0.18905451872913825 -0.045386934338421697 -0.0010722327083340919 0.030774657659231725 0.091564064478298193 0.057456003530981459 0.022837365871767545 0.052452558150269259 -0.052222695153014524
leaf_weight=29.696826756000519 3.6825980842113477 171.41929969936609 47.567414976656437 198.83714459836483 9.2114288657903654 6.7240643948316574 51.509459435939789 65.485329106450081 59.529746383428574 75.229926228523254 179.15815378725529 7.339776173233985 36.318908698856831 334.16887047886848
leaf_count=246 32 2312 464 2155 89 57 543 689 627 526 1298 79 290 4639
internal_value=-3.13021e-06 -0.0312735 0.0417877 -0.00169936 -0.0078344 0.109396 0.0157914 0.0371134 -0.00464535 0.058842 0.0678618 -0.0435689 0.0323712 -0.0454362
internal_weight=1275.88 731.383 544.496 218.455 208.049 10.4067 224.092 113.053 111.039 320.404 254.388 512.928 66.0157 505.588
internal_count=14046 9363 4683 2333 2244 89 2323 1153 1170 2360 1824 7030 536 6951
cat_boundaries=0 1 2 3 4 5
cat_threshold=9 4 8 1 2
is_linear=0
shrinkage=0.05


Tree=8
num_leaves=15
num_cat=3
split_feature=0 0 5 19 25 34 35 2 0 20 4 5 38 32
split_gain=593.195 181.56 60.8035 32.5193 27.0637 26.2685 25.9114 24.8941 31.879 26.9637 22.3659 15.1795 14.7808 11.063
threshold=0 1 -0.89404254237865755 29.230555500000005 7.1284725000000009 20.700000000000006 85.63392850000001 11.500000000000002 2 30.950000000000003 -0.90163369914317004 -0.91595872546125101 5.3982145000000008 31.001190500000003
decision_type=1 1 2 2 2 2 2 2 1 2 2 2 2 2
left_child=1 4 6 -4 10 -6 -3 11 9 -9 -1 12 -2 -13
right_child=7 2 3 -5 5 -7 -8 8 -10 -11 -12 13 -14 -15
leaf_value=0.12531653470964046 0.060423448076033559 0.015400101496717994 -0.009386999417073074 0.034309239741209953 -0.03073760970833796 0.04909780580948072 0.070374257800778037 -0.044661415976950856 -0.035517729019413621 0.10129093766948712 0.064542428873908167 -0.052163846069837386 -0.030741955578269808 -0.0015153911406082564
leaf_weight=19.318566456437111 3.8388564065098754 43.70071554929018 314.74522564560175 48.224054060876369 10.187401138246058 209.83781593292952 42.473170720040798 3.6379774138331422 20.811917036771774 11.044029794633387 92.496817767620087 375.14218565821648 67.776904337108135 11.162250831723211
leaf_count=122 55 390 3438 500 90 1502 382 34 286 102 634 5431 975 130
internal_value=-0.000405515 0.0265931 0.00537382 -0.00350321 0.0542193 0.045279 0.0429921 -0.0427793 -0.00320806 0.0394367 0.0760602 -0.046765 -0.0250904 -0.0507081
internal_weight=1274.4 780.984 449.143 362.969 331.841 220.025 86.1739 493.414 35.4939 14.682 111.815 457.92 71.6158 386.304
internal_count=14071 7058 4710 3938 2348 1592 772 7013 422 136 756 6591 1030 5561
cat_boundaries=0 1 2 3
cat_threshold=13 8 2
is_linear=0
shrinkage=0.05


Tree=9
num_leaves=15
num_cat=4
split_feature=0 0 5 0 1 2 2 5 34 43 43 32 36 5
split_gain=556.51 94.757 83.6602 59.4442 57.5555 40.5767 36.894 42.5104 28.1733 27.471 44.698 13.3939 6.71812 2.42242
threshold=0 1 -0.90161545992537195 2 3 3.5000000000000004 8.5000000000000018 -0.21022037796396445 26.550000000000004 37.550000000000004 33.250000000000007 31.001190500000003 89.500000000000014 -0.76696334127844745
decision_type=1 1 2 1 1 2 2 2 2 2 2 2 2 2
left_child=3 2 4 9 -2 -4 8 -8 -5 10 -1 -3 -13 -11
right_child=1 11 5 6 -6 -7 7 -9 -10 13 -12 12 -14 -15
leaf_value=0.048672672175516934 -0.00988450142742308 -0.053665105608984111 -0.052002722604206103 -0.00077235719398022207 0.078848334514276044 -0.012537013884749877 0.13616150116449319 0.027934541366499185 0.13458258514682017 0.0019793819600280481 0.12979371944107465 -0.039620780428635621 0.049301255195360189 -0.050687150737781676
leaf_weight=315.48096930980682 35.436531625688076 304.00774125754833 90.952036045491695 161.51342303305864 36.304835297167301 226.65447315573692 10.155679702758787 53.472008392214775 2.937898337841033 3.1549745500087738 17.424868926405907 2.6185787022113791 4.2905134856700897 5.5948784276843053
leaf_count=2164 373 4592 1275 1678 384 2700 94 527 25 22 106 34 47 42
internal_value=-0.000307614 -0.0299543 -0.0126255 0.0360137 0.0354855 -0.0239664 0.0144098 0.0470483 0.00244455 0.0495366 0.0532947 -0.0504814 0.014851 -0.0334417
internal_weight=1270 700.265 389.348 569.735 71.7414 317.607 228.079 63.6277 164.451 341.656 332.906 310.917 6.90909 8.74985
internal_count=14063 9405 4732 4658 757 3975 2324 621 1703 2334 2270 4673 81 64
cat_boundaries=0 1 2 3 4
cat_threshold=9 6 8 1
is_linear=0
shrinkage=0.05


Tree=10
num_leaves=15
num_cat=4
split_feature=0 0 0 2 2 4 5 34 5 39 33 2 0 5
split_gain=535.982 86.5811 58.4926 54.4252 50.5478 33.9734 31.7497 23.6552 24.1198 21.6253 20.8374 16.2912 19.2149 12.1475
threshold=0 1 2 3.5000000000000004 7.5000000000000009 -0.861146256326485 -0.22700609751797862 20.350000000000005 -0.96687281075841669 25.250000000000004 30.850000000000005 11.500000000000002 3 -0.92272482904738273
decision_type=1 1 1 2 2 2 2 2 2 2 2 2 1 2
left_child=2 3 7 -2 -5 6 -4 10 -9 -7 -1 13 -13 -3
right_child=1 11 5 4 -6 9 -8 8 -10 -11 -12 12 -14 -15
leaf_value=0.086542558434308303 -0.050145044057290977 -0.025884953254919643 0.12140389175793487 0.033128535577549571 -0.021859760712389181 -0.00023534310069935906 0.023160531081816059 0.0082164362357363095 0.055566493672520735 0.053418936706836423 -0.049087323640097512 0.025043279851422996 -0.034216835833209586 -0.049986651159322285
leaf_weight=2.8020526319742194 48.021047525107861 65.206476956605911 11.844821855425833 96.771991334855556 72.088077060878277 176.60942752659321 24.632700271904469 29.88059027493 307.45624432712793 20.01331103593111 10.300035707652567 15.457265205681324 19.097570173442364 361.08809677138925
leaf_count=19 658 978 99 874 813 1815 231 214 2001 204 88 138 283 5629
internal_value=-0.000471926 -0.0304871 0.0343151 -0.00358436 0.00966298 0.0132478 0.0574499 0.0474988 0.051409 0.00546855 -0.0160011 -0.0427691 -0.0103296 -0.0463692
internal_weight=1261.27 677.731 583.539 216.881 168.86 233.1 36.4775 350.439 337.337 196.623 13.1021 460.849 34.5548 426.295
internal_count=14044 9373 4671 2345 1687 2349 330 2322 2215 2019 107 7028 421 6607
cat_boundaries=0 1 2 3 4
cat_threshold=9 4 8 2
is_linear=0
shrinkage=0.05


Tree=11
num_leaves=15
num_cat=3
split_feature=0 0 5 34 37 34 2 0 33 4 25 32 5 13
split_gain=482.651 119.06 43.1394 30.9323 22.856 30.1685 22.8151 25.9512 26.2775 21.678 20.7467 12.7515 14.2614 3.27884
threshold=0 1 -0.90892157495189674 25.950000000000003 63.500000000000007 23.350000000000005 11.500000000000002 2 31.450000000000003 -0.04836157422433459 7.9569445000000014 31.130655000000001 -0.92921788351138401 9.9229170000000018
decision_type=1 1 2 2 2 2 2 1 2 2 2 2 2 2
left_child=1 4 9 -4 10 -6 11 8 -8 -3 -1 12 -2 -13
right_child=6 2 3 -5 5 -7 7 -9 -10 -11 -12 13 -14 -15
leaf_value=0.051548975945186905 -0.024049792672980821 0.0069827054964736873 -0.0059352079915445475 0.057243281983398744 -0.011954484564236546 0.079075111135783652 -0.046300978836599269 -0.034366843432025111 0.087546617776250737 0.057705070440520138 0.024091247053232474 -0.023979193628325984 -0.050846050813553381 0.03922292862794987
leaf_weight=139.63069426268339 61.332872815430164 36.31701185554266 342.54070594161749 19.533232845366001 10.094577819108961 73.360299170017242 4.3633169904351261 19.460437037050724 12.118493989109991 50.192453913390636 141.14485765248537 2.3409831970930091 339.98867331445217 4.8476786315441132
leaf_count=871 940 323 3760 173 63 446 41 297 103 403 962 26 5574 52
internal_value=-4.94101e-05 0.022787 0.00511559 -0.00237857 0.0437631 0.0680531 -0.0413533 -0.00397042 0.0327545 0.0367347 0.0378806 -0.0456344 -0.0468208 0.0182263
internal_weight=1257.27 812.814 448.583 362.074 364.23 83.4549 444.452 35.9422 16.4818 86.5095 280.776 408.51 401.322 7.18866
internal_count=14034 7001 4659 3933 2342 509 7033 441 144 726 1833 6592 6514 78
cat_boundaries=0 1 2 3
cat_threshold=13 8 2
is_linear=0
shrinkage=0.05


Tree=12
num_leaves=15
num_cat=3
split_feature=0 0 2 38 4 2 0 25 4 34 33 5 38 34
split_gain=423.682 85.85 37.0518 28.6034 23.4552 22.6599 24.2135 20.9804 27.2711 23.0373 20.2726 15.205 14.3717 14.3335
threshold=0 1 3.5000000000000004 11.614285500000003 0.94138322595482449 11.500000000000002 2 6.9458335000000009 -0.94705910369513513 20.700000000000006 31.450000000000003 -0.92272482904738273 5.5770835000000014 26.400000000000002
decision_type=1 1 2 2 2 2 1 2 2 2 2 2 2 2
left_child=1 7 3 -3 -4 11 10 8 -1 -9 -7 12 -2 -13
right_child=5 2 4 -5 -6 6 -8 9 -10 -11 -12 13 -14 -15
leaf_value=0.11837390236383889 0.056941099271071098 -0.033195170976177489 0.0091888967307678683 0.036361437680835856 0.054408056982149545 -0.044482365538562572 -0.033358840317821131 -0.037300507903130345 0.046662149667357683 0.034433049288319348 0.078601385569972426 -0.050803042015673906 -0.028466781151096618 0.0094587148872549917
leaf_weight=15.28083875775337 4.4441126622259608 82.976919673383236 321.80429436266422 17.071427457034588 30.576203122735023 3.68298311531544 18.07022201269865 10.921546407043932 93.981397122144699 250.60756982117891 12.909581504762171 318.02090927585959 58.653397534042597 9.8848615735769254
leaf_count=81 65 1076 3111 203 297 36 284 91 564 1584 103 5453 923 118
internal_value=-0.000356257 0.0205364 0.00551043 -0.0210842 0.0132554 -0.0402531 -0.00237633 0.0381837 0.057674 0.0313068 0.0320739 -0.0446232 -0.0216568 -0.0489632
internal_weight=1248.89 823.22 452.429 100.048 352.38 425.666 34.6628 370.791 109.262 261.529 16.5926 391.003 63.0975 327.906
internal_count=13989 7007 4687 1279 3408 6982 423 2320 645 1675 139 6559 988 5571
cat_boundaries=0 1 2 3
cat_threshold=13 8 2
is_linear=0
shrinkage=0.05


Tree=13
num_leaves=14
num_cat=4
split_feature=0 0 43 43 38 6 32 19 0 5 1 32 32
split_gain=411.737 81.1198 32.9952 27.0056 25.0361 19.4036 14.9814 12.0923 12.3202 24.7938 11.6807 9.97809 4.44566
threshold=0 1 5.7500000000000009 6.1500000000000012 11.430654500000001 2.5000000000000004 26.361012000000006 31.933333000000001 2 -0.91595872546125101 3 27.817261500000004 31.001190500000003
decision_type=1 1 2 2 2 2 2 2 1 2 1 2 2
left_child=1 5 4 -4 -3 11 -7 8 9 -2 -9 -1 -10
right_child=7 2 3 -5 -6 6 -8 10 12 -11 -12 -13 -14
leaf_value=-0.0051482096001825616 0.020816183553993711 -0.029331469433647412 0.096085474954773958 0.010742968630642905 0.020285370752539417 0.014287967199437659 0.047076272090249234 0.094603259160951372 -0.052979830422279973 -0.034821839507138651 -0.03927556231415081 0.030058070940299681 0.0038476919230748803
leaf_weight=35.021905452013016 23.150996662676334 96.298597700893879 8.5734534636139852 317.12265314161777 33.617603711783886 41.362668037414551 264.23550079017878 2.3562396466732016 257.96324254944921 123.9917030595243 2.3607387691736221 45.520940110087395 3.355422366410493
leaf_count=249 348 1194 92 3060 347 251 1564 24 4595 1984 25 307 46
internal_value=-0.000698315 0.0193376 0.00468434 0.0132767 -0.0164356 0.0360186 0.0426995 -0.0409433 -0.042868 -0.0243433 0.0324501 0.0148742 -0.05032
internal_weight=1254.93 841.753 455.612 325.696 129.916 386.141 305.598 413.178 408.461 147.143 4.71698 80.5428 261.319
internal_count=14086 7064 4693 3152 1541 2371 1815 7022 6973 2332 49 556 4641
cat_boundaries=0 1 2 3 4
cat_threshold=13 8 2 1
is_linear=0
shrinkage=0.05


Tree=14
num_leaves=15
num_cat=4
split_feature=0 0 2 38 2 39 0 4 44 1 20 5 38 32
split_gain=371.558 73.7754 30.3899 24.717 23.952 23.3798 21.8819 20.9481 29.0812 21.3694 17.9391 14.5406 14.5853 13.186
threshold=0 1 3.5000000000000004 11.614285500000003 11.500000000000002 25.650000000000002 2 -0.91597725483594616 48.050000000000004 3 30.950000000000003 -0.91595872546125101 5.6446430000000012 31.130655000000001
decision_type=1 1 2 2 2 2 1 2 2 1 2 2 2 2
left_child=1 7 3 -3 11 -4 10 8 -1 -9 -6 12 -2 -13
right_child=4 2 5 -5 6 -7 -8 9 -10 -11 -12 13 -14 -15
leaf_value=0.07773642718374224 0.052072721891032216 -0.031692168945290276 0.0077588118831305609 0.033092462793784083 -0.043988425202390873 0.058398834495993868 -0.032170550941562251 0.017675183360418432 -0.045896601245737918 0.042975330636849107 0.070875532140029771 -0.050627182048972479 -0.029345993696784596 0.014408771566383413
leaf_weight=44.808042004704475 5.1620731726288787 80.470329813659191 337.18533550947905 17.112630590796471 3.646256864070895 23.495944276452065 16.699736017733812 167.77283129096031 4.6518263369798651 169.88053444027901 14.093035832047461 293.33004244416952 57.153081506490707 7.6024541631340972
leaf_count=233 75 1089 3232 194 38 198 283 1039 25 1031 110 5478 947 80
internal_value=-0.000392617 0.0183332 0.00441515 -0.0201108 -0.0396113 0.01121 -0.000727174 0.0342322 0.0654293 0.0304935 0.0301102 -0.0443732 -0.0218855 -0.0489419
internal_weight=1243.06 845.377 458.264 97.583 397.687 360.681 34.439 387.113 49.4599 337.653 17.7393 363.248 62.3152 300.932
internal_count=14052 7041 4713 1283 7011 3430 431 2328 258 2070 148 6580 1022 5558
cat_boundaries=0 1 2 3 4
cat_threshold=13 8 2 1
is_linear=0
shrinkage=0.05


Tree=15
num_leaves=15
num_cat=3
split_feature=0 0 5 5 34 43 2 0 33 40 37 5 32 14
split_gain=356.653 56.1945 28.5286 26.5928 18.3932 18.3037 16.311 15.8357 14.9449 14.9192 13.8459 12.7826 11.4155 8.99229
threshold=0 1 -0.90161545992537195 -0.5129677127369543 20.350000000000005 37.550000000000004 11.500000000000002 2 31.450000000000003 92.750000000000014 52.500000000000007 -0.91595872546125101 31.001190500000003 18.650000000000002
decision_type=1 1 2 2 2 2 2 1 2 2 2 2 2 2
left_child=1 4 9 -4 10 -6 11 8 -8 -3 -1 13 -13 -2
right_child=6 2 3 -5 5 -7 7 -9 -10 -11 -12 12 -14 -15
leaf_value=-0.053581515597322042 -0.036468532878043386 0.017246707047712955 -0.024665049482421198 0.0064762813349016892 0.035408646456194702 -0.030054356686384998 -0.044720498145218925 -0.032146078648666948 0.056955687472916273 0.062625458243446716 0.051842641388837978 -0.050533860979453116 0.00296544922221693 0.0035526545876651537
leaf_weight=9.9180814176797849 40.391415305435658 69.545231327414513 90.53010717779398 272.11952807754278 376.51013495773077 10.267170801758764 3.9724738299846676 16.751830466091633 13.664246886968611 24.131342530250549 3.4578609168529502 279.46428835391998 10.226901441812513 20.98650062456727
leaf_count=84 675 560 915 3014 2192 67 42 292 101 189 21 5467 124 351
internal_value=-0.000703142 0.0172642 0.00492534 -0.00134414 0.0308269 0.0335979 -0.0399798 -0.00789159 0.0214005 0.0294744 -0.0246175 -0.0442272 -0.0486415 -0.0229468
internal_weight=1241.94 856.479 456.326 362.65 400.153 386.777 385.458 34.3886 17.6367 93.6766 13.3759 351.069 289.691 61.3779
internal_count=14094 7042 4678 3929 2364 2259 7052 435 143 749 105 6617 5591 1026
cat_boundaries=0 1 2 3
cat_threshold=13 8 2
is_linear=0
shrinkage=0.05


Tree=16
num_leaves=14
num_cat=3
split_feature=0 0 2 39 34 2 0 37 5 33 5 38 32
split_gain=311.136 46.216 32.3917 22.6877 21.9946 20.2214 19.0732 16.3462 16.5863 15.6784 15.63 12.799 10.68
threshold=0 1 3.5000000000000004 19.450000000000003 22.650000000000002 11.500000000000002 2 25.500000000000004 -0.99628250747696534 31.450000000000003 -0.91595872546125101 5.6446430000000012 31.001190500000003
decision_type=1 1 2 2 2 2 1 2 2 2 2 2 2
left_child=1 7 4 -4 -3 10 9 -1 -9 -7 11 -2 -12
right_child=5 2 3 -5 -6 6 -8 8 -10 -11 12 -13 -14
leaf_value=-0.050352085516643157 0.048558378179550769 -0.042193279769898548 -0.0029891128892160072 0.022282333680385905 0.0051427169794061008 -0.043671861006687671 -0.031637697192740476 -0.028106243566428726 0.031794875835319307 0.063213954822902846 -0.049722640159220309 -0.026657475032138667 0.0015307660240368008
leaf_weight=5.5529557317495337 5.3667002208530894 52.558855965733528 151.77953437715769 212.35471726208925 44.93138861656189 3.6367088854312923 16.175797827541828 11.174879312515257 390.35471495240927 14.47850741446018 266.63511501997709 55.399463053792715 10.504164103418587
leaf_count=44 76 720 1494 1926 577 40 290 72 2248 103 5455 959 127
internal_value=-0.000421415 0.0159652 0.00481091 0.0117693 -0.0205463 -0.0380172 -0.00237499 0.0281546 0.0300621 0.0266515 -0.0427382 -0.019336 -0.0477815
internal_weight=1240.9 868.707 461.624 364.134 97.4902 372.196 34.291 407.083 401.53 18.1152 337.905 60.7662 277.139
internal_count=14131 7081 4717 3420 1297 7050 433 2364 2320 143 6617 1035 5582
cat_boundaries=0 1 2 3
cat_threshold=13 8 2
is_linear=0
shrinkage=0.05


Tree=17
num_leaves=14
num_cat=3
split_feature=0 0 5 2 2 43 43 37 0 33 5 33 5
split_gain=302.1 49.3295 30.9831 24.7172 18.3698 17.0024 30.8008 16.1096 16.06 13.1518 12.5112 11.7064 3.65029
threshold=0 1 -0.91595872546125101 8.5000000000000018 11.500000000000002 37.550000000000004 32.550000000000004 59.500000000000007 2 31.450000000000003 -0.39036009226888668 38.100000000000009 -0.76696334127844745
decision_type=1 1 2 2 2 2 2 2 1 2 2 2 2
left_child=1 5 7 -4 10 6 -1 -3 9 -6 11 -2 -7
right_child=4 2 3 -5 8 12 -8 -9 -10 -11 -12 -13 -14
leaf_value=0.026719678584885772 -0.035097433037204355 0.0041198495205246599 -0.011658613417799418 0.015493918108077152 -0.04345916504052097 0.0073064716710996768 0.082921253386227134 0.047436332059104649 -0.031089965442523178 0.053760809344226924 -0.052001104348117388 0.025990385901589766 -0.05311319804774163
leaf_weight=371.64796390384436 141.99490992352366 35.64396657794714 241.05730497092009 127.2232474386692 3.6161245927214649 3.4303703010082245 25.421851441264153 53.74878191947937 15.569994509220122 15.234802320599554 176.51246496289968 7.6003262363374224 6.4627198725938779
leaf_count=2138 2760 282 2705 1265 41 21 125 408 287 104 3791 81 44
internal_value=-0.000394159 0.0156419 0.00408105 -0.00226216 -0.0381665 0.0281938 0.0305172 0.0304012 -0.00434424 0.022518 -0.0428791 -0.0318418 -0.0334155
internal_weight=1225.16 864.636 457.673 368.281 360.529 406.963 397.07 89.3927 34.4209 18.8509 326.108 149.595 9.89309
internal_count=14052 6988 4660 3970 7064 2328 2263 690 432 145 6632 2841 65
cat_boundaries=0 1 2 3
cat_threshold=13 8 2
is_linear=0
shrinkage=0.05


Tree=18
num_leaves=15
num_cat=5
split_feature=0 0 2 2 4 1 39 0 5 1 2 33 4 4
split_gain=264.849 39.1521 42.1155 40.6819 28.4198 27.5015 25.3463 18.645 32.6498 63.0942 37.2798 20.9702 5.76895 5.71049
threshold=0 1 3.5000000000000004 7.5000000000000009 -0.861146256326485 2 28.200000000000006 3 -0.91595872546125101 4 11.500000000000002 38.100000000000009 0.99907018497641642 0.95242846126021108
decision_type=1 1 2 2 2 1 2 1 2 1 2 2 2 2
left_child=1 4 12 -4 5 -1 -6 8 9 -2 -10 -9 -3 -13
right_child=7 2 3 -5 6 -7 -8 11 10 -11 -12 13 -14 -15
leaf_value=0.068642829609558503 -0.04879178257207159 -0.052490605786300305 0.026078222745605451 -0.021862650919041795 0.014005270171132043 0.017038098376333254 0.081331322418353169 -0.052078530963404181 -0.044118387024991983 0.11667796968830196 0.031495933271168494 0.055417054417832096 0.035940662692342744 -0.033577953491876693
leaf_weight=54.189562357962132 10.476180758327246 40.47771218046546 105.28772743046284 74.865289196372032 534.1960222274065 50.146801836788654 13.412299595773218 211.46990225091577 86.755668077617884 10.757322821766138 19.258407682180405 5.3145402260124674 1.2617136761546124 1.7526426091790197
leaf_count=328 175 626 868 834 3918 329 98 4613 1826 167 145 54 17 36
internal_value=-0.000724627 0.0139515 -0.00421965 0.00614496 0.0201036 0.0442374 0.0157995 -0.0370793 -0.0175172 0.0365159 -0.0302164 -0.0470844 -0.0490391 0.0319201
internal_weight=1219.62 873.837 221.892 180.153 651.945 104.336 547.608 345.785 127.248 21.2335 106.014 218.537 41.7394 7.06718
internal_count=14034 7018 2345 1702 4673 657 4016 7016 2313 342 1971 4703 643 90
cat_boundaries=0 1 2 3 4 5
cat_threshold=13 9 1 2 1
is_linear=0
shrinkage=0.05


Tree=19
num_leaves=15
num_cat=0
split_feature=36 34 20 6 4 33 42 5 33 5 13 14 4 41
split_gain=24.6587 30.2819 20.1037 22.9907 19.549 16.7047 16.5624 12.8179 10.2784 3.27969 2.40109 0.410001 0.238893 0.130977
threshold=95.500000000000014 26.550000000000004 30.350000000000005 2.5000000000000004 0.98049069993378934 35.45000000000001 6.5000000000000009 -0.36648370705903521 36.750000000000007 0.89691351184655443 5.1604165000000011 15.15 0.84313847884979054 11.250000000000002
decision_type=2 2 2 2 2 2 2 2 2 2 2 2 2 2
left_child=1 4 9 7 6 -5 -1 -4 -6 10 -2 -3 -13 -11
right_child=2 11 3 5 8 -7 -8 -9 -10 13 -12 12 -14 -15
leaf_value=-0.031854450066546997 0.016836356897458864 0.01790298972096933 -0.030299297700612144 0.0073248434120419927 -0.018583395593127192 0.0432232028542845 0.0048991030779864525 0.00051623517772118432 0.033235486358345549 -0.007670212358362182 -0.035203984632438137 0.060199460387834774 0.032195281020610839 0.0022481452376318799
leaf_weight=158.69090075790882 1.7804007008671749 2.3832410089671638 60.414789438247681 741.99715254083276 14.61829339340329 32.95135385543108 37.631109707057476 74.828596543520689 24.170952375978231 5.1296138986945135 38.867415092885494 9.0979863442480546 5.686660833656787 6.5426994748413563
leaf_count=2240 22 22 702 8099 194 366 453 919 279 55 440 86 46 85
internal_value=0.000192359 -0.0136906 0.00384158 0.00558405 -0.0184289 0.008905 -0.0248204 -0.0133708 0.0137305 -0.0260078 -0.0325751 0.0486431 0.0521502 -0.00237197
internal_weight=1214.79 252.279 962.512 910.192 235.111 774.949 196.322 135.243 38.7892 52.3201 40.6478 17.1679 14.7846 11.6723
internal_count=14008 3320 10688 10086 3166 8465 2693 1621 473 602 462 154 132 140
is_linear=0
shrinkage=0.05


Tree=20
num_leaves=15
num_cat=4
split_feature=0 0 2 38 0 5 1 2 32 25 4 26 37 36
split_gain=248.31 44.2978 23.8144 23.9552 17.8369 28.8503 47.762 36.5893 24.6183 15.6917 16.5369 14.4192 14.3938 7.98362
threshold=0 1 3.5000000000000004 11.088988000000002 2 -0.92921788351138401 3 11.500000000000002 31.001190500000003 7.1284725000000009 0.21022171450811272 18.250000000000004 63.500000000000007 89.500000000000014
decision_type=1 1 2 2 1 2 1 2 2 2 2 2 2 2
left_child=1 9 3 -3 5 6 -2 -7 -6 10 -1 -4 -11 -10
right_child=4 2 11 -5 8 7 -8 -9 13 12 -12 -13 -14 -15
leaf_value=0.027889509478441654 -0.048067644461536392 -0.035981576692173556 -0.0013315347775534705 0.019122284685539934 -0.052159028429756699 -0.042998138045741693 0.098643719510558378 0.030964629307013644 -0.035231452240557702 0.012035094392216852 0.065771880361677484 0.018335402149135271 0.038249682271963674 0.069038183164752465
leaf_weight=98.873743504285812 9.1728186756372452 65.499771308153868 187.22819053381681 27.296622883528471 199.28289262577891 87.71793919056654 11.454976856708527 19.83964017778635 1.9140482172369946 204.51470259577036 41.652289114892483 184.32316345721483 70.197944805026054 5.0114376395940781
leaf_count=524 159 962 1784 332 4572 1910 160 146 32 1212 211 1626 371 49
internal_value=-0.000395801 0.0135676 0.00272573 -0.0197414 -0.0363759 -0.0174572 0.0341977 -0.0291957 -0.0466566 0.0253084 0.0395033 0.00844808 0.0188482 0.0394112
internal_weight=1213.98 879.586 464.348 92.7964 334.394 128.185 20.6278 107.558 206.208 415.239 140.526 371.551 274.713 6.92549
internal_count=14050 7022 4704 1294 7028 2375 319 2056 4653 2318 735 3410 1583 81
cat_boundaries=0 1 2 3 4
cat_threshold=13 8 2 1
is_linear=0
shrinkage=0.05


Tree=21
num_leaves=15
num_cat=4
split_feature=0 0 2 4 4 32 4 0 5 1 2 32 36 7
split_gain=234.847 36.0014 40.0115 29.2785 25.9894 32.1081 19.9552 18.0994 27.9322 42.7359 30.5364 16.9659 5.06048 2.93103
threshold=0 1 3.5000000000000004 0.94704596667653973 -0.861146256326485 26.207738000000003 0.17646842360078757 2 -0.91595872546125101 3 11.500000000000002 31.001190500000003 89.500000000000014 29.987500000000004
decision_type=1 1 2 2 2 2 2 1 2 1 2 2 2 2
left_child=1 4 13 -4 5 -1 -6 8 9 -2 -10 -9 -13 -3
right_child=7 2 3 -5 6 -7 -8 11 10 -11 -12 12 -14 -15
leaf_value=-0.036213613863320532 -0.04799712916929854 -0.052157940113644996 -0.0013588350467524902 0.066047759531680988 0.0033322935562506355 0.050048917531103979 0.022408536084206395 -0.052024657960401878 -0.042868490345295378 0.086075006500351436 0.024872862434337006 -0.035030377820772632 0.046201129874556289 0.016913125434921784
leaf_weight=11.371005177497862 9.3503750860691071 38.325918260961771 168.20247858017683 16.811655558645725 236.11074590682983 99.102048799395561 327.22516307979822 190.47547771781683 82.563583720475435 13.245026484131813 20.065129697322845 1.8989693894982327 5.3504510819911957 1.1545204557478417
leaf_count=71 170 636 1583 144 1683 598 2378 4582 1881 172 144 33 50 14
internal_value=-0.00037602 0.0127999 -0.00453606 0.00508833 0.0185558 0.0409247 0.0144332 -0.0362287 -0.0170964 0.0309108 -0.029512 -0.0468061 0.0232557 -0.0497702
internal_weight=1221.25 898.304 224.495 185.014 673.809 110.473 563.336 322.949 125.224 22.5954 102.629 197.725 7.24942 39.4804
internal_count=14139 7107 2377 1727 4730 669 4061 7032 2367 342 2025 4665 83 650
cat_boundaries=0 1 2 3 4
cat_threshold=13 9 2 1
is_linear=0
shrinkage=0.05


Tree=22
num_leaves=14
num_cat=4
split_feature=0 0 5 2 5 31 7 34 21 0 5 1 4
split_gain=222.192 43.1854 23.2388 21.6984 21.5803 16.9285 16.6093 26.3884 16.2846 15.0443 12.2054 10.7537 9.84685
threshold=0 1 -0.90892157495189674 11.500000000000002 -0.5129677127369543 31.500000000000004 30.466666500000002 24.950000000000003 27.250000000000004 2 -0.39036009226888668 3 0.73865729060996177
decision_type=1 1 2 2 2 2 2 2 2 1 2 1 2
left_child=1 6 5 10 -4 -3 7 -1 -8 11 12 -5 -2
right_child=3 2 4 9 -6 -7 8 -9 -10 -11 -12 -13 -14
leaf_value=0.021799912500822985 -0.036229657693848283 -0.020303804615320165 -0.024254369829667888 -0.0026302443949728373 0.0032981822358409945 0.033141806927048101 -0.053306600392850047 0.062187037982030735 0.062274797016832598 -0.028876966522987879 -0.051417754895197655 0.067934372729366893 -0.00041968099947271403
leaf_weight=372.45222499966621 108.24854243919253 17.420386761426926 95.067932441830635 10.20809168368578 272.38838730379939 79.988375686109066 11.595081299543379 44.889487788081169 3.1064876019954673 13.424270834773777 146.46878475323319 10.292306192219257 23.317736279219389
leaf_count=2035 2367 139 950 70 2997 581 76 227 20 292 3783 72 437
internal_value=-4.74418e-05 0.0126235 0.00185287 -0.0356651 -0.00387667 0.0234745 0.0238787 0.0262822 -0.0264732 0.000926476 -0.0413954 0.0234173 -0.029934
internal_weight=1208.87 896.908 464.865 311.96 367.456 97.4088 432.043 417.342 14.7016 33.9247 278.035 20.5004 131.566
internal_count=14046 7025 4667 7021 3947 720 2358 2262 96 434 6587 142 2804
cat_boundaries=0 1 2 3 4
cat_threshold=13 8 2 1
is_linear=0
shrinkage=0.05


Tree=23
num_leaves=15
num_cat=4
split_feature=0 0 5 37 34 4 32 37 0 5 1 2 32 36
split_gain=210.801 30.5146 36.1165 42.0971 31.783 22.5316 24.7266 19.0387 14.3162 23.7816 32.4342 25.6503 13.7178 4.17271
threshold=0 1 -0.99465740988130902 58.500000000000007 25.950000000000003 -0.88622299073327826 26.308333500000003 25.500000000000004 2 -0.91595872546125101 3 11.500000000000002 31.001190500000003 89.500000000000014
decision_type=1 1 2 2 2 2 2 2 1 2 1 2 2 2
left_child=1 5 3 -3 -4 6 -1 -7 9 10 -2 -11 -10 -14
right_child=8 2 4 -5 -6 7 -8 -9 12 11 -12 -13 13 -15
leaf_value=-0.015743261442590965 -0.047415094029433849 -0.048465948105964801 -0.015128285729236088 0.12721765786949862 0.066202787898100079 -0.05274714372623307 0.049207842002934918 0.014186652251157226 -0.051797899825685778 -0.043689198922978879 0.070170326904088087 0.018913076557611385 -0.03535016850043006 0.037124439742756907
leaf_weight=17.13989295065403 8.6556138135492802 4.4524386897683135 196.35921715945005 9.2728159427642805 11.808490268886088 9.865206375718115 85.591985695064068 567.28180436789989 175.30979186668992 74.970482192933559 14.235083967447281 20.232965603470802 1.9673619121313084 5.4166830368340015
leaf_count=107 169 34 2173 55 89 88 492 3992 4597 1849 178 141 36 49
internal_value=-0.000777883 0.0113601 -0.00470226 0.0708053 -0.0102203 0.0165938 0.038324 0.0129533 -0.03626 -0.0178651 0.0255844 -0.0303264 -0.0464607 0.0159015
internal_weight=1202.56 901.772 221.893 13.7253 208.168 679.879 102.732 577.147 300.788 118.094 22.8907 95.2034 182.694 7.38404
internal_count=14049 7030 2351 89 2262 4679 599 4080 7019 2337 347 1990 4682 85
cat_boundaries=0 1 2 3 4
cat_threshold=13 9 2 1
is_linear=0
shrinkage=0.05


Tree=24
num_leaves=11
num_cat=2
split_feature=0 0 2 4 37 34 32 19 23 19
split_gain=179.531 42.8784 55.5472 54.8856 19.1999 16.5441 15.079 3.52046 2.30097 1.30228
threshold=0 1 3.5000000000000004 -0.51297808981038739 25.500000000000004 26.550000000000004 31.001190500000003 30.295139000000002 89.500000000000014 31.933333000000001
decision_type=1 1 2 2 2 2 2 2 2 2
left_child=6 4 7 -4 -2 -6 -1 -3 9 -8
right_child=1 2 3 -5 5 -7 8 -9 -10 -11
leaf_value=-0.051682876087400777 -0.052203113266919246 -0.051911004326047408 -0.031066918038862901 0.016919617831317523 0.014793681600716695 0.08174271565727631 -0.033859688198320484 0.025915473868998867 0.038634587674494854 0.0151711460237136
leaf_weight=167.5790810957551 9.6066695451736432 59.460055816918612 84.921015251427889 193.45085630565882 668.6431810259819 8.4134653955697996 1.7497149109840386 0.92369186878204246 4.2662426233291626 1.8321287781000135
leaf_count=4604 90 1277 1337 2094 4552 53 33 15 38 15
internal_value=-0.000753023 0.00738535 -0.00705623 0.00222189 0.0145088 0.015745 -0.0459125 -0.0503177 0.0173282 -0.0109427
internal_weight=1200.85 1025.42 338.756 278.372 686.663 677.057 175.427 60.3837 7.84809 3.58184
internal_count=14108 9418 4723 3431 4695 4605 4690 1292 86 48
cat_boundaries=0 1 2
cat_threshold=48 9
is_linear=0
shrinkage=0.05


Tree=25
num_leaves=15
num_cat=3
split_feature=0 0 0 36 4 39 43 32 8 34 31 33 36 37
split_gain=175.92 24.5913 21.207 21.8646 34.3865 17.5737 20.064 15.7935 14.4055 19.0251 11.9777 8.47936 4.14627 3.09937
threshold=0 1 2 97.500000000000014 -0.51297808981038739 25.250000000000004 32.550000000000004 31.001190500000003 35.850000000000001 24.950000000000003 49.150000000000006 37.95000000000001 89.500000000000014 59.500000000000007
decision_type=1 1 1 2 2 2 2 2 2 2 2 2 2 2
left_child=1 8 3 13 -5 6 -3 -4 9 -1 -7 -10 -9 -2
right_child=2 5 7 4 -6 10 -8 12 11 -11 -12 -13 -14 -15
leaf_value=0.018611807501312101 -0.051061718135972656 -0.004074739074287733 -0.05156795067724506 -0.049816012156603667 0.02265504508304882 0.03926071554275154 0.032573352650328 -0.033978161050131579 -0.030661385460894277 0.053778892154554392 -0.024650778930891491 0.029196827952140472 0.039929548469799334 -0.010351003066577403
leaf_weight=365.93074730783701 31.840238459408283 377.9191430658102 159.73226577416062 22.304800618439913 53.993661548942327 46.156103685498238 40.430469661951065 1.7808241173624981 20.418152675032619 42.46691969782114 7.9765567034482947 7.2823820114135733 5.7093775942921638 6.1358664371073237
leaf_count=1949 787 3855 4604 590 812 428 359 35 125 206 66 47 49 136
internal_value=0.000341341 0.0110785 -0.0334398 -0.0132973 0.00109875 0.00296937 -0.000463736 -0.0455342 0.019575 0.0223911 0.0295669 -0.0144559 0.0204253 -0.0449184
internal_weight=1190.08 908.58 281.497 114.275 76.2985 472.482 418.35 167.222 436.098 408.398 54.1327 27.7005 7.4902 37.9761
internal_count=14048 7035 7013 2325 1402 4708 4214 4688 2327 2155 494 172 84 923
cat_boundaries=0 1 2 3
cat_threshold=13 8 2
is_linear=0
shrinkage=0.05


Tree=26
num_leaves=12
num_cat=2
split_feature=0 0 2 4 39 4 19 4 19 11 34
split_gain=157.548 44.5486 47.7481 44.113 17.4071 19.6158 15.8501 14.1219 6.59684 0.979523 0.960757
threshold=0 1 3.5000000000000004 -0.51297808981038739 28.200000000000006 -0.86976336936302323 31.214583500000003 0.97696484778429815 30.295139000000002 83.500000000000014 26.800000000000004
decision_type=1 1 2 2 2 2 2 2 2 2 2
left_child=6 4 8 -4 5 -2 10 -6 -3 -8 -1
right_child=1 2 3 -5 7 -7 9 -9 -10 -11 -12
leaf_value=-0.051471459049969061 0.03162292563856331 -0.051742622851320787 -0.030486254256515341 0.013161330037903022 0.016286547677380993 0.0089110339042636766 -0.0026015128359624749 0.11304542469216415 0.046486175157179094 0.038002864909766447 0.001685020368612461
leaf_weight=152.77554043382406 113.68704763799906 57.093452736735344 81.181037697941065 194.82567730545998 7.9173810109496099 565.71707040816545 1.8954726457595814 6.9621898606419563 1.0246445983648289 4.292151540517807 0.79203973710536857
leaf_count=4606 648 1296 1328 2075 53 3929 24 44 16 41 6
internal_value=-0.000703188 0.00662131 -0.00822849 0.000259685 0.0137847 0.0127524 -0.0452018 0.0658281 -0.0492538 0.026933 -0.0511882
internal_weight=1188.16 1028.41 334.125 276.007 694.284 679.404 159.755 14.8796 58.1181 6.18762 153.568
internal_count=14066 9389 4715 3403 4674 4577 4677 97 1312 65 4612
cat_boundaries=0 1 2
cat_threshold=48 9
is_linear=0
shrinkage=0.05


Tree=27
num_leaves=12
num_cat=5
split_feature=0 0 5 1 5 34 43 43 1 1 7
split_gain=147.92 36.7986 35.1229 25.5486 16.1118 13.3471 12.4245 26.7308 11.7433 2.40987 1.13534
threshold=0 1 -0.90892157495189674 2 -0.67801649466304881 26.400000000000002 37.550000000000004 32.250000000000007 3 4 31.435416500000006
decision_type=1 1 2 1 2 2 2 2 1 1 2
left_child=5 6 3 -3 -4 10 7 -2 -7 -8 -1
right_child=1 2 4 -5 -6 8 9 -9 -10 -11 -12
leaf_value=-0.051348823070158971 0.015113695536946824 -0.0025737467306744372 -0.029247909735549839 0.042198753149532281 -0.0042253542118404512 0.069968058006196585 -0.0056063603662288948 0.062415221075413009 -0.044067495343933311 -0.055012163086999792 0.0037041457534209982
leaf_weight=144.53837138414383 404.00764947384596 59.908820606768131 76.609752878546715 66.798946969211102 378.95465158484876 3.7384740784764281 4.3777180910110456 31.426760882139206 3.3850583434104919 5.512678474187851 0.81173133850097556
leaf_count=4589 2137 545 970 540 4943 37 27 143 38 32 15
internal_value=-0.000628793 0.00634082 -0.00197397 0.0211754 -0.0084881 -0.0448281 0.0169981 0.0186628 0.017025 -0.0356668 -0.0510182
internal_weight=1180.07 1027.6 582.272 126.708 455.564 152.474 445.325 435.434 7.12353 9.8904 145.35
internal_count=14016 9337 6998 1085 5913 4679 2339 2280 75 59 4604
cat_boundaries=0 1 2 3 4 5
cat_threshold=48 8 1 1 1
is_linear=0
shrinkage=0.05


Tree=28
num_leaves=11
num_cat=3
split_feature=0 0 5 38 2 32 1 43 43 38
split_gain=139.277 35.0317 33.7585 28.9399 18.7005 14.6392 13.1116 12.3787 21.085 5.0131
threshold=0 1 -0.90892157495189674 6.1437500000000016 3.5000000000000004 31.001190500000003 2 37.550000000000004 32.550000000000004 7.4752975000000008
decision_type=1 1 2 2 2 2 1 2 2 2
left_child=5 7 3 -3 -4 -1 -7 8 -2 -9
right_child=1 2 4 -5 -6 6 -8 9 -10 -11
leaf_value=-0.051251566362194613 0.015089977941584211 0.078953672110160633 -0.026527049386911652 0.010763809986043605 -0.002799164470458017 0.071695077804645457 -0.044610130023872145 0.012441606578450091 0.058704048399498304 -0.054955590208168217
leaf_weight=138.23564243689179 407.79688300192356 17.210151627659798 108.42428604699671 110.28439497575164 345.57614204660058 4.0600536763668051 3.7240391299128532 3.6392617225646955 28.924546241760254 7.3921159654855728
leaf_count=4598 2138 128 1926 949 3998 42 43 20 128 48
internal_value=-0.000594486 0.00604157 -0.00208816 0.0205114 -0.0085117 -0.0444785 0.0173087 0.0163965 0.0181061 -0.0335351
internal_weight=1175.27 1029.25 581.495 127.495 454 146.02 7.78409 447.753 436.721 11.0314
internal_count=14018 9335 7001 1077 5924 4683 85 2334 2266 68
cat_boundaries=0 1 2 3
cat_threshold=48 8 1
is_linear=0
shrinkage=0.05


Tree=29
num_leaves=12
num_cat=4
split_feature=0 0 2 34 0 32 5 1 26 23 22
split_gain=130.474 30.7337 24.8192 19.6169 18.0399 12.9087 12.6716 13.1432 7.906 2.79422 0.526392
threshold=0 1 3.5000000000000004 24.350000000000005 2 31.001190500000003 -0.99628250747696534 3 20.850000000000005 89.500000000000014 64.020833500000023
decision_type=1 1 2 2 1 2 2 1 2 2 2
left_child=5 6 4 -4 -3 -1 8 -8 -2 10 -7
right_child=1 2 3 -5 -6 9 7 -9 -10 -11 -12
leaf_value=-0.051156107837328768 -0.057290690468838827 0.00060779824426188415 0.0096562543678917583 -0.011888714220843276 -0.041084235080386743 -0.032507409133441835 0.0078546370273754815 0.025249110935579966 0.023622383487927529 0.038207995710466965 0.002816688919286939
leaf_weight=133.00040875189006 8.6318926811218244 52.702582538127899 315.12316601350904 157.71747011691332 52.822005359455943 1.4588647745549672 215.80058680474758 220.30272484570742 3.7318891733884803 4.233134962618351 1.5903539061546323
leaf_count=4644 51 637 3399 1679 1283 24 1129 1121 22 35 17
internal_value=-0.00110847 0.00523476 -0.00240554 0.00245994 -0.0242513 -0.0444705 0.0149098 0.0166793 -0.0329278 0.0153715 -0.0179381
internal_weight=1167.12 1026.83 578.365 472.841 105.525 140.283 448.467 436.103 12.3638 7.28235 3.04922
internal_count=14041 9321 6998 5078 1920 4720 2323 2250 73 76 41
cat_boundaries=0 1 2 3 4
cat_threshold=48 8 1 1
is_linear=0
shrinkage=0.05


Tree=30
num_leaves=10
num_cat=3
split_feature=0 0 2 4 34 19 32 1 21
split_gain=125.252 27.7834 44.7836 36.212 17.0481 28.824 14.4075 12.1011 3.76901
threshold=0 1 3.5000000000000004 -0.51297808981038739 26.550000000000004 30.368750000000002 31.001190500000003 2 25.550000000000004
decision_type=1 1 2 2 2 2 2 1 2
left_child=6 4 8 -4 5 -2 -1 -8 -3
right_child=1 2 3 -5 -6 -7 7 -9 -10
leaf_value=-0.051057655032629629 0.012609581302922418 -0.051307744984325158 -0.026621666066791602 0.013241311739122456 0.076720060512307939 -0.042162042582449981 0.068311961176288433 -0.044011167627987596 0.030754760666044531
leaf_weight=125.65171477384865 675.54298758506775 48.964303420856595 79.155952882021666 195.98420881479979 8.9415494799613935 23.945593908429146 4.1563789546489707 3.5580832064151764 0.81812416389584441
leaf_count=4603 4447 1236 1337 2063 52 180 39 43 15
internal_value=-9.09605e-05 0.00594501 -0.00605257 0.00171813 0.0114561 0.0106771 -0.0437423 0.0174005 -0.0493801
internal_weight=1166.72 1033.35 324.923 275.14 708.43 699.489 133.366 7.71446 49.7824
internal_count=14015 9330 4651 3400 4679 4627 4685 82 1251
cat_boundaries=0 1 2 3
cat_threshold=48 9 1
is_linear=0
shrinkage=0.05


Tree=31
num_leaves=15
num_cat=4
split_feature=0 6 8 43 0 1 2 4 38 21 37 1 4 39
split_gain=120.998 17.6546 24.5633 17.8921 14.7091 13.7894 13.1464 12.5347 9.63131 8.32134 7.86158 7.60246 35.1954 11.9779
threshold=0 2.5000000000000004 33.850000000000001 8.0500000000000025 1 2 11.500000000000002 0.14250626876356548 5.3982145000000008 27.050000000000004 58.500000000000007 3 -0.27694604220087021 15.550000000000002
decision_type=1 2 2 2 1 1 2 2 2 2 2 1 2 2
left_child=1 2 10 -4 7 -6 8 -3 -2 -10 -1 13 -13 -8
right_child=6 4 3 -5 5 -7 11 -9 9 -11 -12 12 -14 -15
leaf_value=-0.032328007481277572 0.025110890944342681 0.010483558774499732 0.0047982109904803937 0.072683637441324819 0.013267731157274521 -0.0058910671297337982 0.037631591023333882 0.029137086833514538 -0.040808281681964445 0.014168619718366561 -0.0021156463825967582 -0.051997031517589158 0.089608371876024412 -0.05415641555618405
leaf_weight=67.243909738957882 5.3997054882347575 205.58529463410378 73.982342418283224 10.203185815364121 193.03142681345344 181.18645104765892 4.3149233199656019 161.86287885159254 195.90998076833785 6.6696222499012938 31.672038577497005 7.6171664372086534 8.0332960877567512 10.489562312141059
leaf_count=607 130 1022 653 79 1827 1771 69 798 6397 64 249 114 104 151
internal_value=-0.000443291 0.00781277 -0.00598172 0.0137825 0.011327 0.00389671 -0.0313791 0.0182617 -0.0371625 -0.0389375 -0.0227723 -0.00193396 0.0217046 -0.0267155
internal_weight=1163.2 924.768 183.101 84.1855 741.666 374.218 238.434 367.448 207.979 202.58 98.9159 30.4549 15.6505 14.8045
internal_count=14035 7006 1588 732 5418 3598 7029 1820 6591 6461 856 438 218 220
cat_boundaries=0 1 2 3 4
cat_threshold=13 8 1 1
is_linear=0
shrinkage=0.05


Tree=32
num_leaves=11
num_cat=3
split_feature=0 0 2 4 37 32 44 1 21 23
split_gain=111.554 27.673 40.8537 33.7691 15.7752 15.1342 11.7447 10.4471 3.41914 0.740614
threshold=0 1 3.5000000000000004 -0.51297808981038739 25.500000000000004 31.001190500000003 29.350000000000005 2 25.750000000000004 89.500000000000014
decision_type=1 1 2 2 2 2 2 1 2 2
left_child=5 4 8 -4 -2 -1 -6 9 -3 -7
right_child=1 2 3 -5 6 7 -8 -9 -10 -11
leaf_value=-0.05090741288303894 -0.051652060864164219 -0.051119443716535332 -0.027449341246088606 0.011530057825958085 0.032285087748909473 0.021835213180515737 0.0097497892370029659 -0.043489181797724936 0.025597025391437836 0.074393985751763717
leaf_weight=116.38067725859582 8.9617240205407125 46.763827493414283 76.268981847912073 196.80118839815259 62.876694723963737 2.2164247781038267 640.39095124602318 3.3961200378835201 0.92914127558469672 2.7603849768638611
leaf_count=4631 86 1265 1330 2062 416 26 4172 42 15 19
internal_value=-0.000214201 0.00533389 -0.00672951 0.000582612 0.0107865 -0.0428478 0.0118076 0.0169422 -0.0491299 0.0585565
internal_weight=1157.75 1032.99 320.763 273.07 712.229 124.754 703.268 8.37293 47.693 4.97681
internal_count=14064 9346 4672 3392 4674 4718 4588 87 1280 45
cat_boundaries=0 1 2 3
cat_threshold=48 9 1
is_linear=0
shrinkage=0.05


Tree=33
num_leaves=10
num_cat=2
split_feature=0 0 2 4 37 5 32 21 35
split_gain=105.357 21.9068 38.5042 37.1779 15.3382 13.094 12.4181 7.747 1.25881
threshold=0 1 3.5000000000000004 -0.51297808981038739 25.500000000000004 -0.99628250747696534 31.001190500000003 25.950000000000003 64.291666500000005
decision_type=1 1 2 2 2 2 2 2 2
left_child=6 4 7 -4 -2 -6 -1 -3 -8
right_child=1 2 3 -5 5 -7 8 -9 -10
leaf_value=-0.050815607994027095 -0.051588285900661314 -0.050990422080131471 -0.028367511151567038 0.012674536075005231 -0.025863906425245848 0.012054446585560229 -0.013882646899575369 0.062249784553192744 0.023038749402446834
leaf_weight=109.97549400478601 9.0113779157400113 45.066684840247035 75.515855671837926 196.87663546204567 22.631249822676182 688.97160093486309 2.7044928260147554 0.74912276864051719 5.7232078537344933
leaf_count=4595 88 1270 1357 2051 147 4448 40 11 47
internal_value=-0.000214905 0.00503601 -0.00577946 0.00123423 0.00982698 0.0108139 -0.0427796 -0.0478487 0.0109747
internal_weight=1157.23 1038.82 318.208 272.392 720.614 711.603 118.403 45.8158 8.4277
internal_count=14054 9372 4689 3408 4683 4595 4682 1281 87
cat_boundaries=0 1 2
cat_threshold=48 9
is_linear=0
shrinkage=0.05


Tree=34
num_leaves=14
num_cat=2
split_feature=0 20 34 36 34 2 5 38 35 33 4 1 44
split_gain=93.278 13.615 17.4293 13.6622 12.054 12.0438 16.3018 13.7108 9.88117 7.50316 6.84722 2.94572 0.284268
threshold=0 30.250000000000004 21.050000000000004 95.500000000000014 24.150000000000002 11.500000000000002 -0.39036009226888668 5.5770835000000014 84.889881000000017 31.450000000000003 -0.039770090859911449 1 30.800000000000004
decision_type=1 2 2 2 2 2 2 2 2 2 2 1 2
left_child=1 8 3 -3 -4 6 7 -2 12 -7 -11 -10 -1
right_child=5 2 4 -5 -6 9 -8 -9 11 10 -12 -13 -14
leaf_value=0.026399615181424037 0.057769049262368026 -0.053308501567281001 0.013901234841668109 -0.0010479047328096896 0.0015260024985487722 -0.04669083407578415 -0.05022066170602002 -0.024845329897586043 -0.021337233413843287 0.024793838081544877 -0.040034502295436425 -0.0582945880544865 0.0079900175133117059
leaf_weight=2.5411086007952681 4.3689563013613215 18.563847657293081 534.15348519012332 34.77863559499383 311.62526604160666 5.9135826397687223 91.345937069505453 94.834116024896502 12.428604677319528 19.468205295503147 4.1386955268681005 11.883453682065008 9.0414622053503972
leaf_count=20 81 241 4034 289 2199 118 3810 2701 92 261 52 92 74
internal_value=-0.000655216 0.0063129 0.00759448 -0.0198815 0.0093488 -0.0291236 -0.0350226 -0.0206667 -0.023414 -0.000689396 0.0122632 -0.0409909 0.013806
internal_weight=1155.09 935.016 899.121 53.3425 845.779 220.069 190.549 99.2031 35.8946 29.5205 23.6069 24.3121 11.5826
internal_count=14064 7041 6763 530 6233 7023 6592 2782 278 431 313 184 94
cat_boundaries=0 1 2
cat_threshold=13 1
is_linear=0
shrinkage=0.05


Tree=35
num_leaves=11
num_cat=2
split_feature=0 6 20 36 8 32 40 1 36 37
split_gain=93.5411 21.5893 21.2351 19.2483 17.6856 15.7065 10.71 10.4338 7.58917 3.45287
threshold=0 2.5000000000000004 30.350000000000005 95.500000000000014 33.850000000000001 31.001190500000003 11.050000000000002 1 99.500000000000014 53.500000000000007
decision_type=1 2 2 2 2 2 2 1 2 2
left_child=5 4 9 -4 8 -1 -6 -7 -2 -3
right_child=1 2 3 -5 6 7 -8 -9 -10 -11
leaf_value=-0.050681339869893462 -0.029986767960174188 0.017000167407452797 -0.0088073655881025295 0.013463154060475361 -0.0016693542929476007 0.061891129353261382 0.041518766522597714 -0.042561919145961885 0.0010229774700177558 -0.030648206396405982
leaf_weight=101.3931762482971 85.828918678686023 3.5857750698924056 112.30793652869761 684.55928434245288 74.412270616739988 4.7841357067227355 16.765391623601317 3.173311460763216 25.44875199906528 37.430609913542867
leaf_count=4591 915 40 1207 5654 823 42 147 41 234 340
internal_value=0.000137274 0.0049147 0.00850175 0.0103173 -0.00965792 -0.0416206 0.00663618 0.0201355 -0.022949 -0.0261772
internal_weight=1149.69 1040.34 837.884 796.867 202.455 109.351 91.1777 7.95745 111.278 41.0164
internal_count=14034 9360 7241 6861 2119 4674 970 83 1149 380
cat_boundaries=0 1 2
cat_threshold=48 1
is_linear=0
shrinkage=0.05


Tree=36
num_leaves=13
num_cat=3
split_feature=0 0 2 4 43 43 5 9 21 1 25 34
split_gain=87.9685 22.9784 33.1604 32.4284 17.0316 23.8791 13.5432 12.8204 8.12 7.51602 0.852038 0.793523
threshold=0 1 3.5000000000000004 -0.51297808981038739 32.250000000000007 37.550000000000004 -0.98212955754013376 27.050000000000004 25.950000000000003 2 11.896527500000001 26.550000000000004
decision_type=1 1 2 2 2 2 2 2 2 1 2 2
left_child=7 4 8 -4 6 -6 -2 11 -3 10 -9 -1
right_child=1 2 3 -5 5 -7 -8 9 -10 -11 -12 -13
leaf_value=-0.05060551730127244 -0.021582375750782912 -0.050796357605477752 -0.028750928791288235 0.0099587163638242583 0.049791411777666467 -0.016302358875950895 0.0087689384829059795 0.015373060043350645 0.067312494744943843 -0.039845962413609742 0.069988898305216415 -0.0022421171662940025
leaf_weight=96.067486429587007 38.114363096654415 41.724135125055909 72.794301578775048 201.76608035713434 51.797130726277828 17.884218886494637 622.98306392133236 1.7837833408266295 0.67596396431326766 2.6164036244153976 2.4956042394042015 0.95136156119406123
leaf_count=4559 247 1254 1335 2075 285 127 4048 29 10 48 20 13
internal_value=1.34618e-05 0.00452301 -0.00658549 -0.000371479 0.00936731 0.0328373 0.00698913 -0.0415367 -0.0474058 0.0181552 0.0544474 -0.050159
internal_weight=1151.65 1047.74 316.96 274.56 730.779 69.6813 661.097 103.915 42.4001 6.89579 4.27939 97.0188
internal_count=14050 9381 4674 3410 4707 412 4295 4669 1264 97 49 4572
cat_boundaries=0 1 2 3
cat_threshold=48 9 1
is_linear=0
shrinkage=0.05


end of trees

feature_importances:
age_group=96
month=51
day_of_year_sin=48
day_of_year_cos=47
temperature_mean_7d=29
gender=27
temperature_min_7d=25
rain_max_daily_7d=17
humidity_min_7d=16
wind_speed_mean_7d=16
humidity_max_7d=15
temperature_max_7d=12
weather_code_current=9
wind_speed_max_7d=8
temperature_mean_3d=7
temperature_min_3d=6
temperature_max_3d=5
wind_speed_mean_3d=5
temperature_mean_current=4
rain_days_7d=4
temperature_max_current=3
humidity_max_3d=3
wind_speed_max_3d=3
humidity_mean_7d=3
precipitation_sum_7d=3
wind_gust_max_7d=3
wind_speed_mean_current=2
wind_speed_max_current=2
wind_gust_max_3d=2
temperature_min_current=1
humidity_max_current=1
wind_gust_max_current=1
humidity_mean_3d=1
rain_sum_7d=1

parameters:
[boosting: gbdt]
[objective: binary]
[metric: binary_logloss]
[tree_learner: serial]
[device_type: cpu]
[data_sample_strategy: bagging]
[data: ]
[valid: ]
[num_iterations: 37]
[learning_rate: 0.05]
[num_leaves: 15]
[num_threads: 8]
[seed: 42]
[deterministic: 0]
[force_col_wise: 0]
[force_row_wise: 0]
[histogram_pool_size: -1]
[max_depth: 4]
[min_data_in_leaf: 20]
[min_sum_hessian_in_leaf: 0.001]
[bagging_fraction: 0.9]
[pos_bagging_fraction: 1]
[neg_bagging_fraction: 1]
[bagging_freq: 1]
[bagging_seed: 400]
[bagging_by_query: 0]
[feature_fraction: 0.9]
[feature_fraction_bynode: 1]
[feature_fraction_seed: 30056]
[extra_trees: 0]
[extra_seed: 12879]
[early_stopping_round: 0]
[early_stopping_min_delta: 0]
[first_metric_only: 0]
[max_delta_step: 0]
[lambda_l1: 0]
[lambda_l2: 1]
[linear_lambda: 0]
[min_gain_to_split: 0]
[drop_rate: 0.1]
[max_drop: 50]
[skip_drop: 0.5]
[xgboost_dart_mode: 0]
[uniform_drop: 0]
[drop_seed: 17869]
[top_rate: 0.2]
[other_rate: 0.1]
[min_data_per_group: 100]
[max_cat_threshold: 32]
[cat_l2: 10]
[cat_smooth: 10]
[max_cat_to_onehot: 4]
[top_k: 20]
[monotone_constraints: ]
[monotone_constraints_method: basic]
[monotone_penalty: 0]
[feature_contri: ]
[forcedsplits_filename: ]
[refit_decay_rate: 0.9]
[cegb_tradeoff: 1]
[cegb_penalty_split: 0]
[cegb_penalty_feature_lazy: ]
[cegb_penalty_feature_coupled: ]
[path_smooth: 0]
[interaction_constraints: ]
[verbosity: -1]
[saved_feature_importance_type: 0]
[use_quantized_grad: 0]
[num_grad_quant_bins: 4]
[quant_train_renew_leaf: 0]
[stochastic_rounding: 1]
[linear_tree: 0]
[max_bin: 255]
[max_bin_by_feature: ]
[min_data_in_bin: 3]
[bin_construct_sample_cnt: 200000]
[data_random_seed: 175]
[is_enable_sparse: 1]
[enable_bundle: 1]
[use_missing: 1]
[zero_as_missing: 0]
[feature_pre_filter: 1]
[pre_partition: 0]
[two_round: 0]
[header: 0]
[label_column: ]
[weight_column: ]
[group_column: ]
[ignore_column: ]
[categorical_feature: 0,1,3]
[forcedbins_filename: ]
[precise_float_parser: 0]
[parser_config_file: ]
[objective_seed: 16083]
[num_class: 1]
[is_unbalance: 0]
[scale_pos_weight: 1]
[sigmoid: 1]
[boost_from_average: 1]
[reg_sqrt: 0]
[alpha: 0.9]
[fair_c: 1]
[poisson_max_delta_step: 0.7]
[tweedie_variance_power: 1.5]
[lambdarank_truncation_level: 30]
[lambdarank_norm: 1]
[label_gain: ]
[lambdarank_position_bias_regularization: 0]
[eval_at: ]
[multi_error_top_k: 1]
[auc_mu_weights: ]
[num_machines: 1]
[local_listen_port: 12400]
[time_out: 120]
[machine_list_filename: ]
[machines: ]
[gpu_platform_id: -1]
[gpu_device_id: -1]
[gpu_device_id_list: ]
[gpu_use_dp: 0]
[num_gpu: 1]

end of parameters

pandas_categorical:[]
