tree
version=v4
num_class=1
num_tree_per_iteration=1
label_index=0
max_feature_idx=44
objective=binary sigmoid:1
feature_names=age_group gender month season day_of_year_sin day_of_year_cos weather_code_current temperature_mean_current temperature_max_current temperature_min_current humidity_mean_current humidity_max_current humidity_min_current wind_speed_mean_current wind_speed_max_current precipitation_sum_current rain_sum_current wind_gust_max_current rain_day_current temperature_mean_3d temperature_max_3d temperature_min_3d humidity_mean_3d humidity_max_3d humidity_min_3d wind_speed_mean_3d wind_speed_max_3d precipitation_sum_3d rain_sum_3d rain_days_3d rain_max_daily_3d wind_gust_max_3d temperature_mean_7d temperature_max_7d temperature_min_7d humidity_mean_7d humidity_max_7d humidity_min_7d wind_speed_mean_7d wind_speed_max_7d precipitation_sum_7d rain_sum_7d rain_days_7d rain_max_daily_7d wind_gust_max_7d
feature_infos=-1:0:1:2:3:4:5 -1:0:1 [1:12] -1:1:0 [-0.99999942202469239:0.99998555065071859] [-0.99997919295908244:0.9999907524084426] [0:61] [23.658332999999999:32.533332999999999] [25.899999999999999:39.200000000000003] [17.899999999999999:29.300000000000001] [48.958333000000003:91.625] [63:100] [23:86] [2.8541669999999999:19.695833] [6.4000000000000004:30.100000000000001] [0:63.100000000000001] [0:63.100000000000001] [14:56.899999999999999] [0:1] [23.766667000000002:32.427778000000004] [27.699999999999999:39.200000000000003] [17.899999999999999:28.100000000000001] [52.569443999999997:90.694444000000004] [73:100] [23:79] [4.125:17.329167000000002] [9.6999999999999993:30.100000000000001] [0:93.900000000000006] [0:93.900000000000006] [0:3] [0:63.100000000000001] [17.300000000000001:56.899999999999999] [24.365476000000001:32.235118999999997] [28.699999999999999:39.200000000000003] [17.899999999999999:27.5] [55.767856999999999:89.523809999999997] [77:100] [23:72] [4.5327380000000002:15.469643] [11.6:30.100000000000001] [0:163.90000000000001] [0:163.90000000000001] [0:7] [0:63.100000000000001] [23:56.899999999999999]
tree_sizes=976 1094 1093 993 1095 1084 1741 793 1099 1102 1096 797 1004 1005 986 1089 1002 1001 1078 1756 991 903 1103 1003 1106 1103 800 1009 883 780 1081 695 779 1001 1109 887 979 1112 1007 1295 899 1111 1081 995 1094 1095 700 1527 1011 697 803 1112 803 906 1093 1113 1106 1744 1100 1112 1084 891 1111 800 1096 1099 1111 1745 982 1095 1126 1093 1097 1112 1014 699 876 702

Tree=0
num_leaves=8
num_cat=1
split_feature=0 42 34 44 6 4 43
split_gain=3496.23 381.408 170.04 119.865 90.576 72.0129 61.2288
threshold=0 3.5000000000000004 22.650000000000002 38.70000000000001 2.5000000000000004 -0.90163369914317004 43.800000000000004
decision_type=1 2 2 2 2 2 2
left_child=1 2 4 6 -1 -5 -3
right_child=-2 3 -4 5 -6 -7 -8
leaf_value=-2.814947565280824 -2.9768587168243013 -2.6570724218473476 -2.3053793951578943 -2.9480626491911006 -2.5287039130523237 -2.760045873636666 -2.9571830751907693
leaf_weight=5.4612085074186334 561.44123212993145 53.403853103518486 8.8925873041152936 5.7995134592056266 8.0226602852344513 30.689092054963112 1.5465369224548329
leaf_count=113 11617 1105 184 120 166 635 32
internal_value=-2.92456 -2.6848 -2.47939 -2.71334 -2.62902 -2.78974 -2.66594
internal_weight=675.257 113.815 22.3765 91.439 13.4839 36.4886 54.9504
internal_count=13972 2355 463 1892 279 755 1137
cat_boundaries=0 1
cat_threshold=8
is_linear=0
shrinkage=1


Tree=1
num_leaves=9
num_cat=1
split_feature=0 42 44 5 36 22 22 34
split_gain=2635.99 186.538 73.3266 61.4534 46.7161 49.3946 45.8789 14.2269
threshold=0 3.5000000000000004 38.70000000000001 -0.42179730054635828 99.500000000000014 56.750000000000007 61.729166500000012 21.550000000000004
decision_type=1 2 2 2 2 2 2 2
left_child=1 4 6 -4 5 -1 -3 -6
right_child=-2 2 3 -5 7 -7 -8 -9
leaf_value=0.039712065096715085 -0.051487347196556434 -0.034651744149383323 0.15430213492504105 0.029243414269148463 0.15052487472930257 0.34204653715159805 0.20169029469767766 -0.030150198143451268
leaf_weight=1.7173654586076796 534.16012215986848 1.8377117067575444 25.044036746025085 16.670579493045807 1.9538172930479043 26.381397753953934 67.396887585520744 1.2756626307964323
leaf_count=28 11579 30 448 316 29 368 1107 20
internal_value=1.89576e-05 0.183208 0.16286 0.106179 0.304676 0.325568 0.195013 0.0889025
internal_weight=676.438 142.277 110.949 41.7146 31.3282 28.0988 69.2346 3.22948
internal_count=13925 2346 1901 764 445 396 1137 49
cat_boundaries=0 1
cat_threshold=8
is_linear=0
shrinkage=0.05


Tree=2
num_leaves=9
num_cat=1
split_feature=0 42 44 5 37 37 32 35
split_gain=2178.6 95.2791 45.1092 62.6825 50.2387 40.1451 37.1976 31.6153
threshold=0 4.5000000000000009 39.400000000000013 -0.43733099657705288 66.500000000000014 27.500000000000004 27.000297500000006 68.827381000000017
decision_type=1 2 2 2 2 2 2 2
left_child=1 5 4 -4 -3 6 -1 -7
right_child=-2 2 3 -5 -6 7 -8 -9
leaf_value=-0.039129828687726464 -0.05132589427714656 0.16450301598467437 0.12604425945543393 -0.013160965954084862 0.015002292316466721 0.27787576350294318 0.16286963586710632 0.1546284020766801
leaf_weight=2.4929350912570944 516.12790764868259 75.379414811730385 24.335354864597321 11.62008675560355 6.2942392453551284 26.597428433597088 9.3100733608007413 12.385261490941046
leaf_count=32 11722 1060 380 218 91 306 104 158
internal_value=-0.000106536 0.15039 0.132357 0.0819171 0.153302 0.217838 0.120481 0.243565
internal_weight=684.543 168.415 117.629 35.9554 81.6737 50.7857 11.803 38.9827
internal_count=14071 2349 1749 598 1151 600 136 464
cat_boundaries=0 1
cat_threshold=8
is_linear=0
shrinkage=0.05


Tree=3
num_leaves=8
num_cat=1
split_feature=0 42 4 20 25 33 37
split_gain=1817.35 68.1341 49.3148 65.6649 45.3729 28.7235 38.3481
threshold=0 4.5000000000000009 0.42179998225932674 31.650000000000002 8.5444445000000027 37.350000000000009 25.500000000000004
decision_type=1 2 2 2 2 2 2
left_child=1 5 3 -3 -4 6 -1
right_child=-2 2 4 -5 -6 -7 -8
leaf_value=-0.03695853130910632 -0.051155554941258979 0.086669531935939625 0.011073387552202607 0.17643057171045079 0.11212863800705515 0.27291248333402884 0.16642621678450209
leaf_weight=2.0832305848598471 492.2419668212533 44.747713327407837 21.112488083541393 43.370796091854572 23.020804204046726 8.0722744390368444 50.354970034211874
leaf_count=27 11714 620 272 562 306 65 514
internal_value=-0.000150503 0.125835 0.110554 0.132333 0.0651023 0.177349 0.157806
internal_weight=685.004 192.762 132.252 88.1185 44.1333 60.5105 52.4382
internal_count=14080 2366 1760 1182 578 606 541
cat_boundaries=0 1
cat_threshold=8
is_linear=0
shrinkage=0.05


Tree=4
num_leaves=9
num_cat=1
split_feature=0 22 39 33 15 5 20 19
split_gain=1551.06 47.1407 24.78 47.3921 27.5628 22.7613 26.9083 17.9177
threshold=0 87.034722500000015 22.650000000000002 36.95000000000001 10.850000000000003 -0.91595872546125101 31.450000000000003 26.738194500000002
decision_type=1 2 2 2 2 2 2 2
left_child=1 2 4 -4 -1 7 -7 -3
right_child=-2 5 3 -5 -6 6 -8 -9
leaf_value=0.14753942252212024 -0.050989365571854496 0.19264072104951446 0.060465028736385588 0.17172796332501269 0.076694853088926804 0.0030902875661486984 0.10091773106183842 0.024947300711520654
leaf_weight=105.1785821840167 469.47064002230763 4.0707570761442176 38.249076701700687 12.835781097412108 19.865491796284914 19.864658944308761 9.9349467605352384 2.8128189444541931
leaf_count=1099 11707 51 456 96 232 266 125 34
internal_value=-0.000357015 0.108372 0.124288 0.0911817 0.136982 0.0594419 0.0379228 0.135973
internal_weight=682.283 212.812 176.129 51.0849 125.044 36.6832 29.7996 6.88358
internal_count=14066 2359 1883 552 1331 476 391 85
cat_boundaries=0 1
cat_threshold=8
is_linear=0
shrinkage=0.05


Tree=5
num_leaves=9
num_cat=2
split_feature=0 40 37 1 19 35 37 34
split_gain=1311.15 40.8286 46.3042 30.8267 24.4862 24.3125 33.6571 16.9255
threshold=0 7.2000000000000002 45.500000000000007 1 28.637500000000003 61.342262000000005 41.500000000000007 21.050000000000004
decision_type=1 2 2 1 2 2 2 2
left_child=1 5 4 -4 -3 7 -7 -1
right_child=-2 2 3 -5 -6 6 -8 -9
leaf_value=-0.041092118699879998 -0.050826453622310731 -0.038827160536386462 0.065169016212459116 0.11652560124826424 0.06899142023193669 0.15282574487817235 0.047674028861272158 0.085361204855282549
leaf_weight=2.6822335571050635 447.6122540384531 11.238233145326378 64.809461895376444 62.599512312561274 8.2592109814286214 58.819994233548641 10.037098400294779 11.899774737656115
leaf_count=28 11697 128 727 700 91 470 94 106
internal_value=-0.00121988 0.0931502 0.0802084 0.0911129 0.00798296 0.125748 0.1384 0.0609568
internal_weight=677.958 230.346 146.906 127.409 19.4974 83.4391 68.8571 14.582
internal_count=14041 2344 1646 1427 219 698 564 134
cat_boundaries=0 1 2
cat_threshold=8 1
is_linear=0
shrinkage=0.05


Tree=6
num_leaves=15
num_cat=0
split_feature=42 44 39 5 6 34 5 38 5 37 37 30 32 43
split_gain=38.5462 17.4428 17.3147 17.6412 15.3516 14.9944 11.3047 12.1802 9.4707 8.34058 12.2116 7.28179 6.82846 5.63232
threshold=3.5000000000000004 38.70000000000001 20.750000000000004 -0.90892157495189674 2.5000000000000004 22.650000000000002 -0.42179730054635828 6.001488000000001 0.69521084835931835 27.500000000000004 41.500000000000007 20.450000000000003 27.538690500000005 1.3500000000000003
decision_type=2 2 2 2 2 2 2 2 2 2 2 2 2 2
left_child=4 2 3 -2 5 13 11 -8 -4 12 -11 -3 -6 -1
right_child=1 6 8 -5 9 -7 7 -9 -10 10 -12 -13 -14 -15
leaf_value=-0.033193393454712325 0.026161280631832803 -0.01519222199076084 0.033001228166338235 -0.010848914044969828 -0.044013665741112727 0.027695956833745497 0.035184187906120705 -0.038672830943692837 -0.015311262064090492 0.052246829545063045 0.0016956173104739907 0.015166742190864502 0.023740976036269224 0.012158755898561892
leaf_weight=23.542191535234451 36.443848811089993 96.369083527475595 49.68367850407958 230.01882982626557 4.705925289541482 29.54305375367403 5.2662659734487525 74.204376988112926 12.04750984162092 57.019651059061289 15.130753707140682 23.917807847261429 9.6770886033773404 8.8905332796275598
leaf_count=495 738 2111 1027 4821 104 511 116 1748 251 978 301 522 176 184
internal_value=-0.000930712 -0.0072655 -0.000163656 -0.00570818 0.0214875 0.00240628 -0.0188746 -0.0334022 0.0234787 0.03497 0.0418138 -0.00908038 0.000152494 -0.0207695
internal_weight=676.461 527.951 328.194 266.463 148.509 61.9758 199.758 79.4706 61.7312 86.5334 72.1504 120.287 14.383 32.4327
internal_count=14083 11334 6837 5559 2749 1190 4497 1864 1278 1559 1279 2633 280 679
is_linear=0
shrinkage=0.05


Tree=7
num_leaves=6
num_cat=1
split_feature=0 33 44 24 40
split_gain=1145.11 25.8845 24.9225 28.0697 25.2186
threshold=0 37.95000000000001 41.20000000000001 69.500000000000014 99.000000000000014
decision_type=1 2 2 2 2
left_child=1 2 3 -1 -4
right_child=-2 -3 4 -5 -6
leaf_value=0.094634305078740696 -0.050660216175435813 0.16702536294539611 0.032324653536592036 0.0061935801238106837 0.11959297044403494
leaf_weight=176.38377087935805 425.74211258068681 9.2084513008594495 44.209188748151064 9.6025876998901349 9.617875397205351
leaf_count=1613 11686 56 463 108 120
internal_value=-0.00123849 0.081872 0.0813221 0.0901256 0.0498147
internal_weight=674.764 249.022 239.813 185.986 53.8271
internal_count=14046 2360 2304 1721 583
cat_boundaries=0 1
cat_threshold=8
is_linear=0
shrinkage=0.05


Tree=8
num_leaves=9
num_cat=1
split_feature=0 24 4 20 44 34 38 4
split_gain=1032.65 25.7517 19.59 51.6334 43.7328 12.9581 18.5117 0.759718
threshold=0 66.500000000000014 0.29342972903661901 33.350000000000001 46.250000000000007 24.850000000000005 9.9836310000000008 -0.51297808981038739
decision_type=1 2 2 2 2 2 2 2
left_child=1 2 4 -4 -1 6 -3 -7
right_child=-2 5 3 -5 -6 7 -8 -9
leaf_value=0.11054164004579932 -0.05050855140869695 0.031546719694482625 0.014785710945085127 0.089267731152790256 -0.045585809010796612 -0.0021921681122163343 0.10715560302288277 -0.041806923638149716
leaf_weight=87.140424903482199 407.52270762249827 33.317561525851488 31.684221614152193 91.556088902056217 4.205614421516656 1.8997087702155111 10.385943699628113 3.008985146880149
leaf_count=760 11723 363 297 714 46 20 115 33
internal_value=-0.0011297 0.0743262 0.0846594 0.0703921 0.102938 0.0429071 0.0515099 -0.0294414
internal_weight=670.721 263.199 214.586 123.24 91.346 48.6122 43.7035 4.90869
internal_count=14071 2348 1817 1011 806 531 478 53
cat_boundaries=0 1
cat_threshold=8
is_linear=0
shrinkage=0.05


Tree=9
num_leaves=9
num_cat=1
split_feature=0 40 37 5 35 19 36 44
split_gain=947.968 25.7788 29.066 22.3005 19.2847 16.591 12.4485 9.4761
threshold=0 12.050000000000002 45.500000000000007 0.88117331841669433 60.729167000000011 29.168750000000003 99.500000000000014 38.000000000000007
decision_type=1 2 2 2 2 2 2 2
left_child=1 4 5 -4 7 -3 -6 -1
right_child=-2 2 3 -5 6 -7 -8 -9
leaf_value=0.075697385638026415 -0.050355355834775475 -0.046203251862025112 0.059295933095398878 0.15934765334139614 0.1032563861716501 0.069953202646214616 0.041634546904278209 -0.0062666071210645121
leaf_weight=5.2216268032789213 388.97005066648126 9.6012499555945379 142.35794354975224 5.2342611327767363 90.846037991344929 3.3538799211382857 11.049365863204001 7.8196031078696251
leaf_count=34 11729 101 1348 42 619 28 89 73
internal_value=-0.000647481 0.0687988 0.0576222 0.0638927 0.0897132 -0.0132743 0.0970438 0.0296051
internal_weight=664.454 275.484 160.547 147.592 114.937 12.9551 101.895 13.0412
internal_count=14063 2334 1519 1390 815 129 708 107
cat_boundaries=0 1
cat_threshold=8
is_linear=0
shrinkage=0.05


Tree=10
num_leaves=9
num_cat=1
split_feature=0 38 4 44 13 7 11 38
split_gain=826.272 25.7253 24.08 21.5679 12.2951 13.9978 6.27129 4.53957
threshold=0 11.053273500000001 0.97508442350096225 41.20000000000001 14.022917000000001 29.014583500000004 78.500000000000014 10.745238000000002
decision_type=1 2 2 2 2 2 2 2
left_child=1 2 3 -1 6 -6 -3 -4
right_child=-2 4 7 -5 5 -7 -8 -9
leaf_value=0.064676470443658041 -0.050203632372935271 0.025355898840644445 -0.048246869276234089 0.020637946919418761 -0.026826757897181891 0.085647565462261641 0.11006628278036595 0.027634386129773397
leaf_weight=191.65063551068306 370.95808344148099 3.0351870954036704 5.8537015318870536 33.88988820463419 4.2970848903059942 5.2472445219755173 42.144825544208288 2.0122371762990952
leaf_count=1516 11722 20 59 343 44 27 295 18
internal_value=-0.00151348 0.0607649 0.0551716 0.0581795 0.0941072 0.0372672 0.105048 -0.0279077
internal_weight=659.089 288.131 233.406 225.541 54.7243 9.54433 45.18 7.86594
internal_count=14044 2322 1936 1859 386 71 315 77
cat_boundaries=0 1
cat_threshold=8
is_linear=0
shrinkage=0.05


Tree=11
num_leaves=6
num_cat=1
split_feature=0 43 22 6 5
split_gain=761.728 16.357 14.8779 16.8692 15.4445
threshold=0 43.800000000000004 87.034722500000015 2.5000000000000004 -0.91595872546125101
decision_type=1 2 2 2 2
left_child=1 2 3 -1 -4
right_child=-2 -3 4 -5 -6
leaf_value=0.042650305346803759 -0.050049916731409752 -0.042716075784383349 0.085839838100983556 0.072749159908452085 0.017431694846279946
leaf_weight=70.316491290926933 353.02149845845997 3.2958329766988745 9.8273507431149465 179.55053615570068 38.07168797403574
leaf_count=517 11692 37 84 1329 375
internal_value=-0.000939839 0.0564105 0.0595351 0.0644826 0.0329353
internal_weight=654.083 301.062 297.766 249.867 47.899
internal_count=14034 2342 2305 1846 459
cat_boundaries=0 1
cat_threshold=8
is_linear=0
shrinkage=0.05


Tree=12
num_leaves=8
num_cat=1
split_feature=0 38 33 44 33 22 20
split_gain=702.526 19.5912 23.4724 22.0726 12.9128 12.4084 13.1333
threshold=0 11.053273500000001 35.600000000000009 46.600000000000001 36.20000000000001 61.729166500000012 36.150000000000013
decision_type=1 2 2 2 2 2 2
left_child=1 2 3 -1 -4 -3 -7
right_child=-2 5 4 -5 -6 6 -8
leaf_value=0.05637041275444718 -0.049898429212782557 0.011505811825933377 -0.034228038677677118 -0.023925461201747836 0.033326907648634281 0.064122894401701588 0.12049823111707843
leaf_weight=218.12112044543028 336.19002052396536 6.0481936931610099 11.677548222243788 8.3827469795942289 15.016828805208204 29.724034123122692 20.916745811700821
leaf_count=1652 11669 35 102 88 108 229 106
internal_value=-0.000625541 0.0527271 0.0481015 0.0533066 0.00360592 0.0813351 0.0892907
internal_weight=646.077 309.887 253.198 226.504 26.6944 56.689 50.6408
internal_count=13989 2320 1950 1740 210 370 335
cat_boundaries=0 1
cat_threshold=8
is_linear=0
shrinkage=0.05


Tree=13
num_leaves=8
num_cat=1
split_feature=0 38 44 5 43 5 32
split_gain=633.004 17.7998 24.2489 15.1865 10.0527 9.40646 14.4214
threshold=0 10.962202500000002 41.20000000000001 -0.89404254237865755 19.750000000000004 0.69521084835931835 29.443452500000003
decision_type=1 2 2 2 2 2 2
left_child=1 2 3 -1 -4 6 -3
right_child=-2 5 4 -5 -6 -7 -8
leaf_value=0.082149816093474284 -0.049756331349398025 0.046654222457258608 -0.013856460554171685 0.043391201615597591 0.038118994963165911 0.14582717925042174 0.10016942827082814
leaf_weight=30.157789617776871 321.96119355969131 40.844352561980486 24.103163510560989 193.79851159453392 13.809038858860729 3.8165001869201651 20.202291771769524
leaf_count=207 11715 292 217 1396 140 23 96
internal_value=-0.000861485 0.0473963 0.0427165 0.0489524 0.00556804 0.0725506 0.0656931
internal_weight=648.693 326.732 261.869 223.956 37.9122 64.8631 61.0466
internal_count=14086 2371 1960 1603 357 411 388
cat_boundaries=0 1
cat_threshold=8
is_linear=0
shrinkage=0.05


Tree=14
num_leaves=8
num_cat=2
split_feature=0 42 22 21 1 5 37
split_gain=579.412 20.5092 21.814 19.4454 17.9975 28.9227 14.5205
threshold=0 3.5000000000000004 61.729166500000012 22.750000000000004 1 0.29958852271690523 26.500000000000004
decision_type=1 2 2 2 1 2 2
left_child=1 4 -3 -4 6 -6 -1
right_child=-2 2 3 -5 5 -7 -8
leaf_value=0.026472570177647481 -0.049610208758401796 -0.04971679411026899 0.083920779603666673 0.035456830114168343 0.10613312803198374 0.015510980274617312 0.10442519117626425
leaf_weight=8.2050427943468076 307.39257018081844 6.0962357819080344 22.726300165057182 216.17134930565953 11.617114201188086 30.610581271350384 33.858444415032864
leaf_count=51 11724 54 148 1671 52 176 176
internal_value=-0.00116642 0.0442327 0.0379625 0.0403978 0.0669845 0.0423202 0.0901873
internal_weight=636.678 329.285 244.994 238.898 84.2912 42.2277 42.0635
internal_count=14052 2328 1873 1819 455 228 227
cat_boundaries=0 1 2
cat_threshold=8 1
is_linear=0
shrinkage=0.05


Tree=15
num_leaves=9
num_cat=2
split_feature=0 40 37 1 36 36 34 32
split_gain=518.413 17.7839 26.3994 20.6817 17.7207 21.4512 9.9491 9.30288
threshold=0 7.2000000000000002 45.500000000000007 1 99.500000000000014 98.500000000000014 20.350000000000005 28.845238000000005
decision_type=1 2 2 1 2 2 2 2
left_child=1 4 7 -4 5 -1 -6 -3
right_child=-2 2 3 -5 6 -7 -8 -9
leaf_value=0.052512326852284054 -0.049464473833801786 -0.040941457052642433 0.020840333894126886 0.054117790336932287 0.053490599741120394 0.12123195089323327 -0.040634274960312813 0.017711738223066827
leaf_weight=105.37392919510603 293.45959502831101 14.411195375025274 93.220609709620476 96.79190468788147 3.4057493805885297 12.696167856454847 6.7798200994729996 11.259337246417997
leaf_count=592 11730 132 714 712 21 65 46 82
internal_value=-0.00164786 0.0394658 0.0315763 0.0379864 0.0554397 0.0608579 -0.0071933 -0.0155161
internal_weight=637.398 343.939 215.683 190.013 128.256 118.07 10.1856 25.6705
internal_count=14094 2364 1640 1426 724 657 67 214
cat_boundaries=0 1 2
cat_threshold=8 1
is_linear=0
shrinkage=0.05


Tree=16
num_leaves=8
num_cat=1
split_feature=0 35 33 34 37 35 19
split_gain=486.015 14.8031 27.4541 31.908 22.1402 16.3692 10.7631
threshold=0 71.273809500000013 32.550000000000004 20.350000000000005 45.500000000000007 80.711309500000013 28.849305500000003
decision_type=1 2 2 2 2 2 2
left_child=1 2 -1 -4 6 -6 -3
right_child=-2 4 3 -5 5 -7 -8
leaf_value=0.13921867727121121 -0.049323489828352066 -0.038134737667729596 -0.053538471822891398 0.051833041266553873 0.072333093888460001 0.029586100302984683 0.048608065712298427
leaf_weight=7.6848268806934348 280.89199729077518 15.563450470566751 6.8776961416006079 112.99997422844172 25.44215652346611 179.91824501007795 3.6442394554615012
leaf_count=39 11767 126 50 635 165 1324 25
internal_value=-0.00132712 0.0373301 0.0520859 0.0453947 0.0304095 0.0352069 -0.0200862
internal_weight=633.023 352.131 127.562 119.878 224.568 205.36 19.2077
internal_count=14131 2364 724 685 1640 1489 151
cat_boundaries=0 1
cat_threshold=8
is_linear=0
shrinkage=0.05


Tree=17
num_leaves=8
num_cat=1
split_feature=0 42 22 44 6 32 36
split_gain=426.954 14.4631 17.3233 15.562 10.8291 10.3482 8.45924
threshold=0 3.5000000000000004 61.729166500000012 46.600000000000001 2.5000000000000004 29.350893000000003 99.500000000000014
decision_type=1 2 2 2 2 2 2
left_child=1 4 -3 -4 5 -1 -6
right_child=-2 2 3 -5 6 -7 -8
leaf_value=0.014135857212811884 -0.049169141539399733 -0.050038425238415223 0.033220791268760146 -0.015626425414141682 0.072431484118170061 0.077743636862357343 0.010447300475731017
leaf_weight=28.930422067642212 267.02534351497889 6.0829132720828047 238.50692276656628 16.927765361964703 48.330518566071987 7.4593271762132636 6.6120737046003333
leaf_count=169 11724 52 1660 153 223 31 40
internal_value=-0.00260095 0.0331329 0.0278916 0.0299354 0.0512644 0.028905 0.0652921
internal_weight=619.875 352.85 261.518 255.435 91.3323 36.3897 54.9426
internal_count=14052 2328 1865 1813 463 200 263
cat_boundaries=0 1
cat_threshold=8
is_linear=0
shrinkage=0.05


Tree=18
num_leaves=9
num_cat=3
split_feature=0 42 1 5 44 1 5 44
split_gain=413.587 14.6794 18.2157 53.8187 35.5199 12.345 26.7188 9.98925
threshold=0 3.5000000000000004 1 -0.90161545992537195 45.20000000000001 2 0.31595530242620651 41.600000000000001
decision_type=1 2 1 2 2 1 2 2
left_child=1 5 3 -3 -4 7 -7 -1
right_child=-2 2 4 -5 -6 6 -8 -9
leaf_value=0.082468784131752737 -0.049018299815366928 0.075208614767948004 0.048454227609873765 -0.0026569519849955268 -0.036532514312197041 0.089163294576232316 0.0064866768552757194 0.026152767211617623
leaf_weight=34.641587302088737 254.45701051689684 27.23154254257679 124.02419782429934 103.42654848843813 12.909561455249785 13.037000536918638 32.749117411673069 11.674654282629488
leaf_count=170 11709 186 827 747 108 55 173 59
internal_value=-0.00142299 0.032741 0.0275347 0.0140196 0.0402353 0.0509257 0.0314304 0.0691263
internal_weight=614.151 359.694 267.592 130.658 136.934 92.1024 45.7861 46.3162
internal_count=14034 2325 1868 933 935 457 228 229
cat_boundaries=0 1 2 3
cat_threshold=8 1 1
is_linear=0
shrinkage=0.05


Tree=19
num_leaves=15
num_cat=1
split_feature=42 33 44 4 5 1 34 36 21 32 33 26 19 20
split_gain=18.2129 10.8865 13.6646 17.9004 10.9342 9.84239 9.58845 15.852 11.0627 8.34657 8.02009 7.00498 3.96194 5.61002
threshold=3.5000000000000004 31.250000000000004 46.600000000000001 0.27694220057652758 -0.91595872546125101 0 22.650000000000002 95.500000000000014 21.450000000000003 26.964285500000003 30.350000000000005 26.650000000000002 28.145833500000006 35.900000000000006
decision_type=2 2 2 2 2 1 2 2 2 2 2 2 2 2
left_child=6 4 3 -3 5 -2 7 9 -9 -1 -6 -4 -8 -14
right_child=1 2 11 -5 10 -7 12 8 -10 -11 -12 -13 13 -15
leaf_value=-0.049944211910000869 0.084800200155863037 0.0086152587172868503 -0.051494025519382626 -0.012824952016287037 0.026257144048771077 -0.02971786646017895 0.054307890863907374 0.049489961720935269 -0.0016751915023447571 -0.001850420438256319 -0.044140766295474421 0.0079948881687202985 -0.0058921962799147101 0.03169289069676267
leaf_weight=13.828074492514132 2.9194303434342137 217.44564485363662 19.923136522993449 174.62237134575844 3.8557320535182944 2.860027315095067 11.926473220810292 20.083000956103206 21.048778854310513 23.243206437677145 38.04516164958477 6.1611406486481419 13.007676748558877 37.44220663793385
leaf_count=344 70 5010 570 4262 97 67 217 398 433 486 1014 160 238 642
internal_value=-0.00116895 -0.0059312 -0.00331752 -0.000942287 -0.0283139 0.0321053 0.014542 0.0027906 0.0238884 -0.0206307 -0.0372017 -0.0376663 0.0289985 0.022076
internal_weight=606.412 465.833 418.152 392.068 47.6804 5.77946 140.579 78.2031 41.1318 37.0713 41.9009 26.0843 62.3764 50.4499
internal_count=14008 11250 10002 9272 1248 137 2758 1661 831 830 1111 730 1097 880
cat_boundaries=0 1
cat_threshold=1
is_linear=0
shrinkage=0.05


Tree=20
num_leaves=8
num_cat=2
split_feature=0 42 37 44 1 5 39
split_gain=376.588 12.9058 15.0765 14.9094 11.5813 25.7427 9.80101
threshold=0 3.5000000000000004 31.500000000000004 31.500000000000004 1 0.29958852271690523 27.100000000000005
decision_type=1 2 2 2 1 2 2
left_child=1 4 -3 -4 6 -6 -1
right_child=-2 2 3 -5 5 -7 -8
leaf_value=0.072359685052658121 -0.048864801942620911 -0.045981937342284035 0.00014383428851218701 0.03238750331771386 0.086043074271277192 0.0035340366760374304 -0.0005059538388277365
leaf_weight=41.82074698805809 242.56688330322504 6.3600723668932906 42.769752576947212 220.9383205473423 12.458014830946921 32.079304493963718 5.1568733528256407
leaf_count=200 11732 49 270 1549 52 173 25
internal_value=-0.00192407 0.0301306 0.0252921 0.0271783 0.0472384 0.0279962 0.0645172
internal_weight=604.15 361.583 270.068 263.708 91.5149 44.5373 46.9776
internal_count=14050 2318 1868 1819 450 225 225
cat_boundaries=0 1 2
cat_threshold=8 1
is_linear=0
shrinkage=0.05


Tree=21
num_leaves=7
num_cat=1
split_feature=0 4 5 4 43 43
split_gain=360.381 14.7663 24.8158 12.3148 11.1972 15.3254
threshold=0 -0.90163369914317004 -0.074115882986646578 -0.97509794945709782 43.800000000000004 37.550000000000004
decision_type=1 2 2 2 2 2
left_child=1 2 -1 -4 5 -3
right_child=-2 4 3 -5 -6 -7
leaf_value=-0.053710977095246797 -0.048722890884221333 0.032545774415839918 0.063030719284788359 -0.010187783825484409 -0.044884053264603201 0.12622219179155772
leaf_weight=12.96670115739107 232.37603836320341 332.77984476834536 11.952981926500795 9.8809775337576884 3.7489130571484557 3.5581203475594512
leaf_count=119 11777 2026 89 69 37 22
internal_value=-0.00111343 0.0289741 -0.0012453 0.0309006 0.0329104 0.033908
internal_weight=607.264 374.888 34.8007 21.834 340.087 336.338
internal_count=14139 2362 277 158 2085 2048
cat_boundaries=0 1
cat_threshold=8
is_linear=0
shrinkage=0.05


Tree=22
num_leaves=9
num_cat=1
split_feature=0 10 32 4 4 42 44 39
split_gain=331.513 12.1987 10.7317 13.3066 8.20199 18.1106 13.9628 2.98598
threshold=0 86.562500000000014 26.361012000000006 0.2603727204637144 0.3261394409934788 4.5000000000000009 48.800000000000004 20.350000000000005
decision_type=1 2 2 2 2 2 2 2
left_child=1 4 7 -4 6 -6 -1 -3
right_child=-2 2 3 -5 5 -7 -8 -9
leaf_value=0.04544912949793839 -0.048554663017028793 -0.047011421832017342 0.027869111510651513 -0.031648690268471939 0.04047926281560401 0.0072499503458127298 -0.033120764512293392 -0.0026166244923192042
leaf_weight=124.18485128134489 220.15105578117073 7.4702592641115171 60.53299917280674 10.221925251185892 86.542803436517715 78.123895198106766 5.2344949133694163 7.0766809359192848
leaf_count=723 11688 56 424 81 425 544 46 59
internal_value=-0.00113684 0.0270007 0.0108964 0.0189494 0.0325341 0.024853 0.0420417 -0.026972
internal_weight=599.539 379.388 85.3019 70.7549 294.086 164.667 129.419 14.5469
internal_count=14046 2358 620 505 1738 969 769 115
cat_boundaries=0 1
cat_threshold=8
is_linear=0
shrinkage=0.05


Tree=23
num_leaves=8
num_cat=1
split_feature=0 38 44 32 25 25 10
split_gain=300.222 12.9216 13.1671 14.2898 11.9582 6.84804 6.41206
threshold=0 11.053273500000001 38.70000000000001 26.854762000000004 8.5444445000000027 14.449306000000002 60.562500000000007
decision_type=1 2 2 2 2 2 2
left_child=1 2 4 -4 -1 6 -3
right_child=-2 5 3 -5 -6 -7 -8
leaf_value=0.020598704524861376 -0.048402914013936989 0.0032918127526129835 -0.025603247093585409 0.017390233144838226 0.048273999347740612 -0.011840223646853811 0.054368520696814485
leaf_weight=173.93240509927273 210.3507239818573 7.0247289165854445 26.856634810566902 62.223447576165199 50.82879351079464 4.6249933093786231 56.81975869089365
leaf_count=1009 11704 37 227 436 297 33 306
internal_value=-0.00188494 0.0243955 0.0206187 0.00428785 0.0270435 0.0446727 0.048886
internal_weight=592.661 382.311 313.841 89.0801 224.761 68.4695 63.8445
internal_count=14049 2345 1969 663 1306 376 343
cat_boundaries=0 1
cat_threshold=8
is_linear=0
shrinkage=0.05


Tree=24
num_leaves=9
num_cat=1
split_feature=0 10 34 26 41 6 19 35
split_gain=287.562 12.5094 10.4813 13.2755 12.4908 10.0785 10.9739 8.86366
threshold=0 86.104166500000005 23.550000000000004 14.850000000000003 108.55000000000003 2.5000000000000004 29.490277500000001 69.092262000000019
decision_type=1 2 2 2 2 2 2 2
left_child=1 5 3 -3 -4 6 -1 -7
right_child=-2 2 4 -5 -6 7 -8 -9
leaf_value=0.007988048896812627 -0.048260787571803326 0.029631430187003018 0.0071032842550787303 -0.036869166764565413 0.055851468495000195 0.050583486764940511 0.057954231101221922 0.027866930489189097
leaf_weight=75.987067982554436 201.91907098144293 10.484334640204908 50.440755188465118 21.047863095998764 16.94955163449049 68.63764388859272 11.945539146661757 129.70006107911468
leaf_count=454 11772 68 348 165 118 333 58 792
internal_value=-0.00144594 0.0237896 0.00896012 -0.0145268 0.0200015 0.0296931 0.0153512 0.0359426
internal_weight=587.112 385.193 98.9225 31.5322 67.3903 286.27 87.9326 198.338
internal_count=14108 2336 699 233 466 1637 512 1125
cat_boundaries=0 1
cat_threshold=8
is_linear=0
shrinkage=0.05


Tree=25
num_leaves=9
num_cat=1
split_feature=0 22 39 8 44 4 44 8
split_gain=259.381 10.1063 12.7988 16.2445 13.6702 8.81622 19.2473 17.7572
threshold=0 87.034722500000015 22.150000000000002 31.550000000000004 39.800000000000004 0.30983042691905766 47.000000000000007 33.250000000000007
decision_type=1 2 2 2 2 2 2 2
left_child=1 5 3 -3 -4 6 -1 -7
right_child=-2 2 4 -5 -6 7 -8 -9
leaf_value=0.039058712204439086 -0.048090912403018146 -0.025082143607360038 0.10978052125486909 0.063426223237280366 0.013172984434853874 -0.004304886290219679 -0.033111206325062668 0.029170063212434982
leaf_weight=140.06902705878019 191.87421762850136 35.944962188601494 3.6992480456829098 5.0584993362426749 18.250537991523743 59.97052488476038 9.1453813426196557 114.4089126214385
leaf_count=777 11721 268 23 34 145 392 79 609
internal_value=-0.0021595 0.0213941 0.00355075 -0.012913 0.0335285 0.0255028 0.0344444 0.0176988
internal_weight=578.421 386.547 62.9532 41.0035 21.9498 323.594 149.214 174.379
internal_count=14048 2327 470 302 168 1857 856 1001
cat_boundaries=0 1
cat_threshold=8
is_linear=0
shrinkage=0.05


Tree=26
num_leaves=6
num_cat=1
split_feature=0 33 34 33 22
split_gain=251.504 9.61145 9.2138 13.3782 9.84446
threshold=0 37.95000000000001 24.450000000000003 33.750000000000007 87.034722500000015
decision_type=1 2 2 2 2
left_child=1 2 4 -4 -1
right_child=-2 -3 3 -5 -6
leaf_value=0.028531562746075424 -0.047936717559295773 0.063821683966811205 -0.020827761147453654 0.021236577632807924 0.0046354954040417036
leaf_weight=246.09042952209711 183.62163351941854 12.441472977399824 29.954500660300255 47.636249832808971 52.732048038393259
leaf_count=1388 11747 53 210 272 396
internal_value=-0.00136808 0.0213702 0.0203679 0.00493893 0.0243442
internal_weight=572.476 388.855 376.413 77.5908 298.822
internal_count=14066 2319 2266 482 1784
cat_boundaries=0 1
cat_threshold=8
is_linear=0
shrinkage=0.05


Tree=27
num_leaves=8
num_cat=1
split_feature=0 4 5 39 39 39 39
split_gain=221.099 8.6619 20.7814 11.1032 9.24036 22.1255 15.9859
threshold=0 -0.90163369914317004 -0.074115882986646578 22.150000000000002 21.850000000000005 20.750000000000004 22.050000000000004
decision_type=1 2 2 2 2 2 2
left_child=1 2 -1 -4 5 -3 -6
right_child=-2 4 3 -5 6 -7 -8
leaf_value=-0.053523470831992839 -0.047754511353656576 0.01969963996463335 -0.00049353837824197362 0.072060352067418329 -0.052535658931499446 0.060699595573923931 0.015010264791425599
leaf_weight=12.783250335603951 174.18359133601189 187.75022179633379 15.77961587905884 6.909470096230506 8.4448314979672414 39.490841433405876 124.30442903935909
leaf_count=120 11677 1062 100 53 54 212 738
internal_value=-0.00255614 0.0181682 -0.00482693 0.0237104 0.0209445 0.0270595 0.0103527
internal_weight=569.646 395.463 35.4723 22.6891 359.99 227.241 132.749
internal_count=14016 2339 273 153 2066 1274 792
cat_boundaries=0 1
cat_threshold=8
is_linear=0
shrinkage=0.05


Tree=28
num_leaves=7
num_cat=2
split_feature=0 33 21 36 5 1
split_gain=213.758 9.46374 9.18534 26.0055 11.7967 1.19423
threshold=0 37.95000000000001 22.450000000000003 95.500000000000014 -0.91595872546125101 1
decision_type=1 2 2 2 2 1
left_child=1 2 3 -1 -4 -3
right_child=-2 5 4 -5 -6 -7
leaf_value=-0.021001950412657767 -0.047588698623495435 0.07567126740513791 0.033416610970005943 0.054739395895035403 0.0091431372720252157 0.034560822316554766
leaf_weight=14.673037268221377 166.40852048993111 6.5474660992622358 61.0818055793643 42.870847433805466 266.11907222494483 6.3190130889415741
leaf_count=88 11684 28 351 208 1632 27
internal_value=-0.00182187 0.0181425 0.0170817 0.0353974 0.0137625 0.0594295
internal_weight=564.02 397.611 384.745 57.5439 327.201 12.8665
internal_count=14018 2334 2279 296 1983 55
cat_boundaries=0 1 2
cat_threshold=8 1
is_linear=0
shrinkage=0.05


Tree=29
num_leaves=6
num_cat=2
split_feature=0 33 43 43 1
split_gain=204.803 11.7014 8.08339 10.7681 0.711984
threshold=0 37.95000000000001 43.800000000000004 37.550000000000004 1
decision_type=1 2 2 2 1
left_child=1 2 3 -1 -3
right_child=-2 4 -4 -5 -6
leaf_value=0.016323838281323829 -0.047425723046446377 0.07894277164122715 -0.046156609002681419 0.086446929128502964 0.040339032449635659
leaf_weight=376.46971859410405 159.31991141941398 6.3147198259830457 4.1393854692578307 4.6184607595205298 6.5831827521324158
leaf_count=2205 11718 27 39 24 28
internal_value=-0.00140384 0.0178272 0.016597 0.0173977 0.0635594
internal_weight=557.445 398.125 385.228 381.088 12.8979
internal_count=14041 2323 2268 2229 55
cat_boundaries=0 1 2
cat_threshold=8 1
is_linear=0
shrinkage=0.05


Tree=30
num_leaves=9
num_cat=3
split_feature=0 5 1 44 4 5 1 33
split_gain=195.568 8.09694 15.3738 48.7258 30.2979 12.1242 43.7545 10.1067
threshold=0 -0.90161545992537195 1 38.70000000000001 -0.21022463061426777 -0.6652727025667432 2 31.250000000000004
decision_type=1 2 1 2 2 2 1 2
left_child=1 2 4 -4 -1 6 -3 -7
right_child=-2 5 3 -5 -6 7 -8 -9
leaf_value=0.13523398515082866 -0.047239940197684079 -0.05524701219137506 0.075006878560672396 -0.042537787835080137 0.026510440868732801 -0.0098937801986725034 0.036880969902813414 0.021601681281869123
leaf_weight=8.2953061684966105 151.58881508558989 24.071794025599957 14.902031913399695 18.822431311011314 22.879939094185829 27.617689058184624 25.551628418266773 262.95992425084114
leaf_count=48 11673 166 72 118 130 188 163 1457
internal_value=-0.000767575 0.01743 0.033986 0.0100667 0.0587442 0.0146921 -0.00801787 0.0185846
internal_weight=556.69 405.101 64.8997 33.7245 31.1752 340.201 49.6234 290.578
internal_count=14015 2342 368 190 178 1974 329 1645
cat_boundaries=0 1 2 3
cat_threshold=8 1 1
is_linear=0
shrinkage=0.05


Tree=31
num_leaves=5
num_cat=1
split_feature=0 43 43 42
split_gain=183.18 7.91428 7.06753 8.0335
threshold=0 43.800000000000004 37.550000000000004 4.5000000000000009
decision_type=1 2 2 2
left_child=1 2 3 -1
right_child=-2 -3 -4 -5
leaf_value=0.027159807149169463 -0.047065480063317525 -0.045830792937473157 0.070983402070756416 0.011812781353776093
leaf_weight=124.63796477019787 144.95895693171769 4.0640289261937133 5.1805428564548484 276.08936328440905
leaf_count=591 11690 39 26 1689
internal_value=-0.000806138 0.0163719 0.0175082 0.0166419
internal_weight=554.931 409.972 405.908 400.727
internal_count=14035 2345 2306 2280
cat_boundaries=0 1
cat_threshold=8
is_linear=0
shrinkage=0.05


Tree=32
num_leaves=6
num_cat=2
split_feature=0 33 34 34 1
split_gain=170.445 8.02203 7.20183 8.57467 0.0174854
threshold=0 37.95000000000001 19.200000000000003 20.250000000000004 1
decision_type=1 2 2 2 1
left_child=1 2 -1 -4 -3
right_child=-2 4 3 -5 -6
leaf_value=0.059750326721379088 -0.046898559044402231 0.06509859417388561 -0.03396874887272739 0.014381879117451197 0.036845865577788434
leaf_weight=7.6031813919544211 139.08946952130646 5.7911135703325254 8.4751754775643331 378.61966493725777 6.2230588644742966
leaf_count=32 11746 25 48 2186 27
internal_value=-0.00124162 0.0152259 0.0142832 0.0132385 0.05442
internal_weight=545.802 406.712 394.698 387.095 12.0142
internal_count=14064 2318 2266 2234 52
cat_boundaries=0 1 2
cat_threshold=8 1
is_linear=0
shrinkage=0.05


Tree=33
num_leaves=8
num_cat=1
split_feature=0 42 22 5 39 39 25
split_gain=155.381 8.60797 15.1202 8.99144 8.26135 14.3694 3.9792
threshold=0 3.5000000000000004 62.305555500000004 0.96849880583763492 22.650000000000002 23.750000000000004 9.4097225000000027
decision_type=1 2 2 2 2 2 2
left_child=1 4 -3 -4 6 -6 -1
right_child=-2 2 3 -5 5 -7 -8
leaf_value=0.029111813598503872 -0.046699430072096822 -0.05390784957817249 0.0094960682076304839 0.048168646431880714 -0.035411877427278166 0.026711226554199607 0.059804733534062494
leaf_weight=37.25882463157177 132.38069903105497 8.111326262354849 291.85389644280076 14.941742129623888 11.65652211755514 34.600290425121784 16.900677524507046
leaf_count=166 11701 60 1761 72 66 156 72
internal_value=-0.00173327 0.0134751 0.00967905 0.0115299 0.0264954 0.0106384 0.0396002
internal_weight=547.704 415.323 314.907 306.796 100.416 46.2568 54.1595
internal_count=14054 2353 1893 1833 460 222 238
cat_boundaries=0 1
cat_threshold=8
is_linear=0
shrinkage=0.05


Tree=34
num_leaves=9
num_cat=1
split_feature=0 38 5 25 39 33 38 32
split_gain=148.5 8.09828 19.7327 11.6351 12.9284 10.6966 9.73539 6.86625
threshold=0 6.259821500000001 0.29958852271690523 10.623611500000001 21.850000000000005 35.600000000000009 5.8008925000000007 27.727976000000002
decision_type=1 2 2 2 2 2 2 2
left_child=1 2 6 5 -5 -3 -1 -4
right_child=-2 3 7 4 -6 -7 -8 -9
leaf_value=-0.034543607207235656 -0.046516855614135107 0.0087614330737057402 0.065304779563321202 0.060981644628266107 0.015887925177061168 -0.024618596419403529 0.031931861941785801 -0.0023886884202775258
leaf_weight=11.803134180605413 126.76064425893128 244.25638969987631 26.958757370710376 19.699204333126545 73.987566132098436 25.636760354042053 8.6912102699279767 4.2457450777292243
leaf_count=66 11726 1402 140 99 408 156 47 20
internal_value=-0.00143817 0.0132008 0.0318888 0.0108254 0.0259135 0.00551154 -0.00617874 0.0563061
internal_weight=542.039 415.279 51.6988 363.58 93.6868 269.893 20.4943 31.2045
internal_count=14064 2338 273 2065 507 1558 113 160
cat_boundaries=0 1
cat_threshold=8
is_linear=0
shrinkage=0.05


Tree=35
num_leaves=7
num_cat=2
split_feature=0 33 34 33 34 1
split_gain=139.321 9.47834 8.58706 11.0463 10.7479 1.19732
threshold=0 37.95000000000001 24.550000000000004 33.750000000000007 23.550000000000004 1
decision_type=1 2 2 2 2 1
left_child=1 2 4 -4 -1 -3
right_child=-2 5 3 -5 -6 -7
leaf_value=0.0069346936113500379 -0.046312157124918839 0.069571842887320559 -0.033282382374733299 0.009019916725676029 0.025103307219002887 0.030706920479938338
leaf_weight=193.01185849308968 120.83122788835317 6.365379795432089 21.792846985161304 46.903799086809158 141.17511057108641 6.6093029826879501
leaf_count=1045 11700 28 150 255 827 29
internal_value=-0.00143455 0.0124961 0.0113596 -0.00468476 0.0146619 0.0533881
internal_weight=536.69 415.858 402.884 68.6966 334.187 12.9747
internal_count=14034 2334 2277 405 1872 57
cat_boundaries=0 1 2
cat_threshold=8 1
is_linear=0
shrinkage=0.05


Tree=36
num_leaves=8
num_cat=3
split_feature=0 42 37 1 1 5 37
split_gain=133.226 7.07892 13.2444 12.712 9.90925 27.052 7.57342
threshold=0 3.5000000000000004 31.500000000000004 1 2 0.31595530242620651 26.500000000000004
decision_type=1 2 2 1 1 2 2
left_child=1 4 -3 -4 6 -6 -1
right_child=-2 2 3 -5 5 -7 -8
leaf_value=-0.00069375901786120206 -0.046112591190120601 -0.055214880634687262 0.0002030184108672917 0.020318037178449166 0.065860161736705655 -0.015975567207798341 0.04823417453661924
leaf_weight=9.6689713746309263 115.49671578407288 6.8859740123152724 153.93886576592922 159.41253442317247 13.134204193949698 34.467855483293533 41.765817195177078
leaf_count=49 11701 48 931 920 56 164 181
internal_value=-0.00104178 0.0122595 0.00888844 0.0104683 0.0241874 0.00749478 0.0391986
internal_weight=534.771 419.274 320.237 313.351 99.0368 47.6021 51.4348
internal_count=14050 2349 1899 1851 450 220 230
cat_boundaries=0 1 2 3
cat_threshold=8 1 1
is_linear=0
shrinkage=0.05


Tree=37
num_leaves=9
num_cat=1
split_feature=0 38 33 44 39 44 39 33
split_gain=125.693 8.63211 12.4692 10.8113 10.2071 9.65146 5.75432 1.37088
threshold=0 9.9449405000000031 35.600000000000009 45.900000000000013 22.650000000000002 39.800000000000004 20.250000000000004 36.850000000000001
decision_type=1 2 2 2 2 2 2 2
left_child=1 2 3 -1 6 -6 -3 -4
right_child=-2 4 7 -5 5 -7 -8 -9
leaf_value=0.011245526870548757 -0.045900147617666365 -0.0043506686752065619 -0.049950631224952316 -0.04649171477959587 -0.037028238814380644 0.018354161402120397 0.049303224121552601 -0.0068789612502287477
leaf_weight=283.23035794496536 110.20578792691231 5.5563757494091979 8.8858090266585332 7.3752450793981543 7.9966559186577788 64.60474044457078 37.909724473953247 2.7079014778137198
leaf_count=1563 11683 30 63 62 46 374 179 16
internal_value=-0.000972462 0.0117607 0.00754498 0.00962581 0.0235833 0.0118339 0.0425009 -0.0412356
internal_weight=528.473 418.267 302.199 290.606 116.067 72.6014 43.4661 11.5937
internal_count=14016 2333 1704 1625 629 420 209 79
cat_boundaries=0 1
cat_threshold=8
is_linear=0
shrinkage=0.05


Tree=38
num_leaves=8
num_cat=1
split_feature=0 33 33 33 2 37 34
split_gain=114.476 7.50124 14.6722 10.0043 9.33583 8.7818 4.04357
threshold=0 36.850000000000001 35.750000000000007 36.20000000000001 4.5000000000000009 40.500000000000007 23.950000000000003
decision_type=1 2 2 2 2 2 2
left_child=1 2 5 -4 6 -1 -3
right_child=-2 4 3 -5 -6 -7 -8
leaf_value=0.026042744489771754 -0.045712306322572262 0.0010193580306865591 -0.053053137116568928 0.00011345402013164818 -0.016904396258617581 0.0070385176921461392 0.052302049640613496
leaf_weight=77.424059875309467 105.91091690957546 4.5889095813035992 14.207454562187193 21.148385882377625 7.2866187244653693 276.38826110959053 24.025262773036957
leaf_count=380 11744 19 94 107 37 1619 108
internal_value=-0.00184084 0.0100098 0.00817722 -0.0221227 0.0318283 0.0112589 0.0443899
internal_weight=530.98 425.069 389.168 35.3558 35.9008 353.812 28.6142
internal_count=14108 2364 2200 201 164 1999 127
cat_boundaries=0 1
cat_threshold=8
is_linear=0
shrinkage=0.05


Tree=39
num_leaves=11
num_cat=3
split_feature=34 33 38 43 26 12 1 1 1 4
split_gain=7.35574 6.44442 6.92253 15.4566 10.0266 3.58294 3.65855 3.60972 2.18613 5.95493
threshold=19.200000000000003 37.95000000000001 6.259821500000001 21.050000000000001 15.250000000000002 29.500000000000004 0 1 2 -0.10837695015263894
decision_type=2 2 2 2 2 2 1 1 1 2
left_child=8 2 3 -2 -4 7 -7 -3 -1 -10
right_child=1 5 4 -5 -6 6 -8 -9 9 -11
leaf_value=0.064492929126676188 0.02773478689441829 -0.064272059467835554 -0.022458112337434527 -0.026617693372393642 -0.0016131371098163727 0.061393387706367042 0.0074477257201159127 0.030643783214151545 -0.046063857593502643 0.054525484020908191
leaf_weight=4.3212227961048466 45.866889574564993 1.085212141275405 67.532205868512392 17.247621746733785 365.81692748330534 7.0135040832683435 5.6828624000772825 1.0864065289497375 1.6661489829421041 2.3414515862241387
leaf_count=89 1135 21 1850 482 10016 148 144 22 40 44
internal_value=-0.000849827 -0.00164939 -0.00264682 0.0126981 -0.0049058 0.0297242 0.0395542 -0.0220977 0.0431525 0.0118582
internal_weight=519.66 511.332 496.464 63.1145 433.349 14.868 12.6964 2.17162 8.32882 4.0076
internal_count=13991 13818 13483 1617 11866 335 292 43 173 84
cat_boundaries=0 1 2 3
cat_threshold=1 1 1
is_linear=0
shrinkage=0.05


Tree=40
num_leaves=7
num_cat=1
split_feature=0 38 4 44 5 32
split_gain=109.369 8.29755 9.54198 10.5157 7.60297 9.80362
threshold=0 10.962202500000002 0.9893236546938301 41.20000000000001 0.69521084835931835 29.443452500000003
decision_type=1 2 2 2 2 2
left_child=1 2 3 -1 5 -3
right_child=-2 4 -4 -5 -6 -7
leaf_value=0.011590094668365887 -0.045479147352974238 0.007757544409955023 -0.047016676192783297 -0.01396435075331804 0.077957212944773382 0.047481805323237744
leaf_weight=291.35699726641178 100.8612557076849 51.68292672932148 7.0593579337000838 45.820488408207893 5.3190676867961875 21.527004390954971
leaf_count=1550 11713 291 52 330 23 96
internal_value=-0.00145002 0.00997458 0.00682344 0.00808637 0.0247825 0.0199207
internal_weight=523.627 422.766 344.237 337.177 78.529 73.2099
internal_count=14055 2342 1932 1880 410 387
cat_boundaries=0 1
cat_threshold=8
is_linear=0
shrinkage=0.05


Tree=41
num_leaves=9
num_cat=1
split_feature=0 35 36 8 7 37 35 32
split_gain=102.724 7.25404 18.7778 19.2908 15.9051 13.5825 12.9194 7.83313
threshold=0 69.601190500000016 95.500000000000014 33.350000000000001 28.022916500000004 45.500000000000007 80.443452500000021 28.845238000000005
decision_type=1 2 2 2 2 2 2 2
left_child=1 2 3 -1 -4 7 -7 -3
right_child=-2 5 4 -5 -6 6 -8 -9
leaf_value=-0.044094176423379657 -0.045248973323224279 -0.03272529000839499 0.072006173266074849 0.017168972153193868 0.0052246136359577946 0.039295514671566813 0.0053771805125118095 0.016076993173780581
leaf_weight=14.533214613795279 96.263206345494837 31.792190313339233 24.314289584755898 73.775348775088787 14.020023681223391 31.183687910437584 223.95003758370876 10.28930891305208
leaf_count=82 11691 191 104 371 65 157 1327 53
internal_value=-0.00147905 0.00938878 0.0195871 0.00670587 0.0483359 0.00530703 0.00966008 -0.0206965
internal_weight=520.121 423.858 126.643 88.3086 38.3343 297.215 255.134 42.0815
internal_count=14041 2350 622 453 169 1728 1484 244
cat_boundaries=0 1
cat_threshold=8
is_linear=0
shrinkage=0.05


Tree=42
num_leaves=9
num_cat=3
split_feature=0 38 39 1 13 33 1 6
split_gain=98.15 7.04788 10.4127 10.7376 4.9136 6.09783 5.38415 4.02747
threshold=0 10.923512000000001 23.350000000000005 1 14.022917000000001 37.100000000000009 2 2.5000000000000004
decision_type=1 2 2 1 2 2 1 2
left_child=1 2 3 -1 6 -6 -3 -4
right_child=-2 4 7 -5 5 -7 -8 -9
leaf_value=-0.00044795402363560804 -0.045043749239065567 0.041743332795571346 -0.043898216130311918 0.018199147602792377 -0.032946432798842677 0.034316291692917333 0.01315463853801589 -0.0075751442599733812
leaf_weight=149.46287166327238 92.487849436700344 33.830855026841164 10.358266696333883 158.57752124220133 7.3870303481817228 4.6551534235477448 33.788885861635208 24.965316906571388
leaf_count=838 11744 173 72 848 54 20 170 164
internal_value=-0.00133718 0.00914878 0.00621864 0.0091793 0.022679 -0.00630714 0.0278577 -0.0191418
internal_weight=515.514 423.026 343.364 308.04 79.6619 12.0422 67.6197 35.3236
internal_count=14083 2339 1922 1686 417 74 343 236
cat_boundaries=0 1 2 3
cat_threshold=8 1 1
is_linear=0
shrinkage=0.05


Tree=43
num_leaves=8
num_cat=1
split_feature=0 13 26 34 34 6 42
split_gain=96.04 8.18045 7.30553 6.71302 6.65994 5.37995 3.72657
threshold=0 12.295833500000002 21.650000000000002 19.200000000000003 20.250000000000004 2.5000000000000004 3.5000000000000004
decision_type=1 2 2 2 2 2 2
left_child=1 3 5 -1 -5 -3 -4
right_child=-2 2 6 4 -6 -7 -8
leaf_value=0.051623795928253828 -0.044787820240439292 0.01228286438678889 0.034052476226392521 -0.03332764359456987 0.0075194623515478847 0.077716230567707364 0.0016327178840089222
leaf_weight=7.4179520905017844 88.047013693023473 5.0680957660078976 14.683458447456358 9.2932074293494207 354.28902147710323 9.6424824446439743 20.63099031150341
leaf_count=31 11688 25 65 51 1955 50 140
internal_value=-0.000396011 0.0098006 0.0288291 0.00742769 0.00638686 0.0573898 0.0156791
internal_weight=509.072 421.025 50.025 371 363.582 14.7106 35.3144
internal_count=14005 2317 280 2037 2006 75 205
cat_boundaries=0 1
cat_threshold=8
is_linear=0
shrinkage=0.05


Tree=44
num_leaves=9
num_cat=2
split_feature=0 26 2 20 44 1 5 39
split_gain=90.9159 7.13376 10.397 6.78535 6.43214 18.4383 15.9447 4.08082
threshold=0 14.550000000000002 10.500000000000002 33.150000000000013 36.20000000000001 1 0.83730377313544024 16.250000000000004
decision_type=1 2 2 2 2 1 2 2
left_child=1 2 3 -1 5 -3 -6 -4
right_child=-2 4 7 -5 6 -7 -8 -9
leaf_value=-0.03150495911544704 -0.044558422116930535 0.0020496489969946186 0.032274786803601414 0.024863346850882286 0.01032727332381886 0.037642219393100106 -0.04273454380736303 -0.011408462422029947
leaf_weight=31.472429037094116 84.389573053456843 71.074359446763992 16.481971383094791 5.6137454286217681 207.14913833141327 73.818186409771442 14.209425956010817 7.0930048227310172
leaf_count=183 11708 365 76 30 1207 359 80 38
internal_value=-0.000338508 0.00931006 -0.00627145 -0.0225437 0.0121543 0.0203167 0.00674427 0.0192024
internal_weight=511.302 426.912 60.6612 37.0862 366.251 144.893 221.359 23.575
internal_count=14046 2338 327 213 2011 724 1287 114
cat_boundaries=0 1 2
cat_threshold=8 1
is_linear=0
shrinkage=0.05


Tree=45
num_leaves=9
num_cat=2
split_feature=0 33 1 4 4 38 39 37
split_gain=83.2283 6.50635 8.99113 32.1667 13.398 8.87177 15.9871 6.14885
threshold=0 31.250000000000004 1 -0.43733984355855576 -0.97113884758256674 6.259821500000001 21.250000000000004 68.500000000000014
decision_type=1 2 1 2 2 2 2 2
left_child=1 2 3 -1 -4 6 -3 -7
right_child=-2 5 4 -5 -6 7 -8 -9
leaf_value=-0.041922295003828991 -0.044308047120045463 0.039607674033313361 0.050350213662990022 0.089955930138760076 -0.052261404489538366 0.0062748113716169828 -0.055318235088853619 0.050785308889765429
leaf_weight=10.01341934502125 80.659317196812481 42.620607383549213 3.061405777931216 7.0031389594078055 16.261963345110416 340.21227129548788 4.0620129704475394 6.9677782431244841
leaf_count=76 11691 207 20 33 96 1863 21 45
internal_value=-0.000991063 0.00805516 -0.0117681 0.0143325 -0.0343271 0.0101133 0.0303609 0.00731141
internal_weight=510.862 430.203 36.3399 17.0166 19.3234 393.863 46.6826 347.18
internal_count=14052 2361 225 109 116 2136 228 1908
cat_boundaries=0 1 2
cat_threshold=8 1
is_linear=0
shrinkage=0.05


Tree=46
num_leaves=5
num_cat=1
split_feature=0 43 43 42
split_gain=79.7923 6.07371 8.18726 5.90837
threshold=0 43.800000000000004 37.550000000000004 4.5000000000000009
decision_type=1 2 2 2
left_child=1 2 3 -1
right_child=-2 -3 -4 -5
leaf_value=0.016825069441499918 -0.044093258499408317 -0.046189436878320243 0.061996260358487355 0.0038852373129057275
leaf_weight=125.22020004689693 77.701158723328263 4.1255583912134162 6.1020084023475638 295.98889223858714
leaf_count=587 11764 39 28 1709
internal_value=-0.00084298 0.00786799 0.00868022 0.00776283
internal_weight=509.138 431.437 427.311 421.209
internal_count=14127 2363 2324 2296
cat_boundaries=0 1
cat_threshold=8
is_linear=0
shrinkage=0.05


Tree=47
num_leaves=13
num_cat=2
split_feature=33 21 36 37 5 1 6 32 1 2 20 4
split_gain=5.3447 5.5042 19.6318 12.6468 7.02156 10.0463 9.336 4.95404 1.77751 6.44809 4.19838 0.378437
threshold=37.95000000000001 22.450000000000003 95.500000000000014 40.500000000000007 -0.90161545992537195 0 2.5000000000000004 26.964285500000003 1 4.5000000000000009 38.800000000000004 0.99700008544936913
decision_type=2 2 2 2 2 1 2 2 1 2 2 2
left_child=1 2 7 -4 6 -6 -3 -1 10 11 -2 -10
right_child=8 4 3 -5 5 -7 -8 -9 9 -11 -12 -13
leaf_value=-0.055644290570628543 0.059769605109049377 -0.040538475821744649 0.050545577416501369 0.0020057968257489803 -0.016565880051342588 0.00083778788570969774 0.013891972793687868 -0.0036658567541905268 0.044056271574076544 -0.053604193255131716 -0.032748908798113478 0.0048111872191548598
leaf_weight=9.7683063298463839 5.8000003150664252 7.8019772390834978 25.436453775502741 27.427669194992632 161.54061775840819 169.09287661453709 76.253259484656155 8.2437953189946693 3.779738409910351 1.8884860398247836 0.82619349844753731 1.0107058621942995
leaf_count=328 136 238 574 687 4813 4843 2013 215 88 47 29 31
internal_value=-0.00132338 -0.00220641 0.0105763 0.0258663 -0.00441134 -0.00768959 0.00842254 -0.0332989 0.0288039 0.00851894 0.0454522 0.038037
internal_weight=498.87 485.565 70.8762 52.8641 414.689 330.633 84.0552 18.0121 13.3051 6.67893 6.62619 4.79044
internal_count=14042 13711 1804 1261 11907 9656 2251 543 331 166 165 119
cat_boundaries=0 1 2
cat_threshold=1 1
is_linear=0
shrinkage=0.05


Tree=48
num_leaves=8
num_cat=1
split_feature=0 38 30 43 17 40 33
split_gain=71.6242 6.90431 14.0779 9.09746 11.9903 7.43646 4.67256
threshold=0 6.259821500000001 24.350000000000005 31.750000000000004 26.100000000000005 7.2000000000000002 31.250000000000004
decision_type=1 2 2 2 2 2 2
left_child=1 2 6 5 -5 -3 -1
right_child=-2 3 -4 4 -6 -7 -8
leaf_value=-0.0066374205559118814 -0.043811611346679151 0.011060976860257967 -0.046154302139806452 -0.030590698157998003 0.045525117497957707 -0.0040521350453571227 0.037730437770646712
leaf_weight=6.5619056075811377 74.040354026481509 130.27391721308231 5.6726729422807685 5.7805792391300228 23.824523210525513 213.30757185816765 42.233892977237701
leaf_count=38 11735 627 36 45 139 1262 198
internal_value=-0.00188256 0.00633619 0.0229512 0.00402562 0.0301491 0.00169369 0.0317505
internal_weight=501.695 427.655 54.4685 373.187 29.6051 343.581 48.7958
internal_count=14080 2345 272 2073 184 1889 236
cat_boundaries=0 1
cat_threshold=8
is_linear=0
shrinkage=0.05


Tree=49
num_leaves=5
num_cat=1
split_feature=0 43 43 38
split_gain=69.832 5.37175 6.02044 5.18156
threshold=0 43.800000000000004 37.550000000000004 6.259821500000001
decision_type=1 2 2 2
left_child=1 2 3 -1
right_child=-2 -3 -4 -5
leaf_value=0.020591000216654446 -0.043528586895172174 -0.045356470444775338 0.054869211822573108 0.0045371957047074486
leaf_weight=57.405644670128822 70.639048730488867 3.8792546167969695 5.623665288090705 368.75749304145575
leaf_count=283 11689 38 25 2027
internal_value=-0.00104712 0.00676663 0.00749498 0.00674284
internal_weight=506.305 435.666 431.787 426.163
internal_count=14062 2373 2335 2310
cat_boundaries=0 1
cat_threshold=8
is_linear=0
shrinkage=0.05


Tree=50
num_leaves=6
num_cat=1
split_feature=0 34 38 5 26
split_gain=65.9144 5.87724 5.59686 16.3771 12.6729
threshold=0 19.200000000000003 6.259821500000001 0.29958852271690523 15.250000000000002
decision_type=1 2 2 2 2
left_child=1 -1 3 -3 -4
right_child=-2 2 4 -5 -6
leaf_value=0.048662298157478391 -0.043283040655861034 -0.014341143739650489 -0.018905268448064276 0.041092865399018741 0.0072843461733848331
leaf_weight=7.133700802922248 67.912254111841321 20.699733570218086 53.246849805116653 34.424173228442669 310.81998331099749
leaf_count=30 11735 108 307 162 1712
internal_value=-0.00127095 0.00637088 0.00568869 0.0203921 0.00341267
internal_weight=494.237 426.324 419.191 55.1239 364.067
internal_count=14054 2319 2289 270 2019
cat_boundaries=0 1
cat_threshold=8
is_linear=0
shrinkage=0.05


Tree=51
num_leaves=9
num_cat=1
split_feature=0 5 39 39 35 36 39 24
split_gain=64.6833 6.90268 8.18152 10.9272 8.03367 13.1421 12.7312 5.23621
threshold=0 -0.90161545992537195 21.250000000000004 22.350000000000005 69.601190500000016 95.500000000000014 19.750000000000004 60.500000000000007
decision_type=1 2 2 2 2 2 2 2
left_child=1 2 7 -4 5 -3 -6 -1
right_child=-2 4 3 -5 6 -7 -8 -9
leaf_value=0.0093272328567421611 -0.042993481986899534 0.0034486588276510183 -0.046341404622231269 0.017966278115908577 -0.011270454188215869 0.038010963527408959 0.012153187401675264 0.049543002794921583
leaf_weight=12.473355725407599 64.892334950622171 88.17748411744833 7.5175950005650511 28.492802888154984 134.75872522592545 39.12560410797596 100.30062665790319 25.331655725836754
leaf_count=58 11701 450 44 167 747 172 618 116
internal_value=-0.00032601 0.00693057 0.0209232 0.00365191 0.00422118 0.0142846 -0.00126636 0.0368565
internal_weight=501.07 436.178 73.8154 36.0104 362.362 127.303 235.059 37.805
internal_count=14073 2372 385 211 1987 622 1365 174
cat_boundaries=0 1
cat_threshold=8
is_linear=0
shrinkage=0.05


Tree=52
num_leaves=6
num_cat=1
split_feature=0 35 40 39 39
split_gain=58.0254 6.03511 7.86286 7.12575 2.14813
threshold=0 88.437500000000014 128.60000000000002 22.650000000000002 22.350000000000005
decision_type=1 2 2 2 2
left_child=1 2 3 -1 -3
right_child=-2 4 -4 -5 -6
leaf_value=0.009416618868261702 -0.042731658019729647 -0.049871151009086422 0.058096193178792915 -0.0053203108095139749 -0.0025899088619834669
leaf_weight=302.04764454066753 62.357953316997737 5.4869478046894056 6.2262897640466681 111.72453474253416 3.997519887983799
leaf_count=1561 11731 45 35 664 25
internal_value=-0.00161794 0.00530627 0.00635103 0.0054342 -0.0320908
internal_weight=491.841 429.483 419.998 413.772 9.48447
internal_count=14061 2330 2260 2225 70
cat_boundaries=0 1
cat_threshold=8
is_linear=0
shrinkage=0.05


Tree=53
num_leaves=7
num_cat=1
split_feature=0 38 4 5 32 33
split_gain=54.1348 5.79389 10.4232 7.2872 5.83281 5.79127
threshold=0 10.923512000000001 0.98802474685579855 0.69521084835931835 29.443452500000003 35.750000000000007
decision_type=1 2 2 2 2 2
left_child=1 2 5 4 -3 -1
right_child=-2 3 -4 -5 -6 -7
leaf_value=0.0052189463507062222 -0.042448537920569643 0.0031016507807818598 -0.053100908584043184 0.066714427877550317 0.033538956818788469 -0.018841027150642346
leaf_weight=313.59590841829777 59.789343369659036 53.681045144796371 7.3902341872453681 5.7529106587171546 21.411358118057251 26.192956611514091
leaf_count=1699 11738 293 56 24 99 146
internal_value=-0.00194173 0.00468256 0.00196447 0.0167605 0.0121071 0.00331442
internal_weight=487.814 428.024 347.179 80.8453 75.0924 339.789
internal_count=14055 2317 1901 416 392 1845
cat_boundaries=0 1
cat_threshold=8
is_linear=0
shrinkage=0.05


Tree=54
num_leaves=9
num_cat=2
split_feature=0 4 4 32 44 33 1 36
split_gain=52.7289 6.392 8.93075 7.86845 7.6077 7.20642 6.4864 3.25606
threshold=0 0.97875492728876534 0.95242846126021108 28.894345000000005 46.600000000000001 36.750000000000007 1 91.500000000000014
decision_type=1 2 2 2 2 2 1 2
left_child=1 2 4 -4 -1 6 -3 -7
right_child=-2 5 3 -5 -6 7 -8 -9
leaf_value=0.0072326534618023424 -0.042128939130602859 -0.0036892716508609875 0.0045531423166202878 0.074402381567302653 -0.020944166050331694 -0.018572506315203862 -0.065590855104066162 0.027833876863149577
leaf_weight=361.44876359403133 57.081428399309516 7.7972146719694155 7.5335290282964698 8.0317843705415708 24.692834664136171 5.409062147140502 8.5943455696105975 8.4613527506589872
leaf_count=1908 11686 52 48 37 179 23 55 39
internal_value=-0.00120692 0.00513975 0.00693852 0.0429114 0.00538137 -0.0165518 -0.0380504 0.00970476
internal_weight=489.05 431.969 401.707 15.5653 386.142 30.262 16.3916 13.8704
internal_count=14027 2341 2172 85 2087 169 107 62
cat_boundaries=0 1 2
cat_threshold=8 1
is_linear=0
shrinkage=0.05


Tree=55
num_leaves=9
num_cat=1
split_feature=0 26 4 2 4 2 39 17
split_gain=52.0229 5.71082 6.16652 15.8237 7.55666 6.04531 8.37179 3.85745
threshold=0 14.550000000000002 -0.99275805973510278 9.5000000000000018 -0.91597725483594616 10.500000000000002 17.650000000000002 24.300000000000004
decision_type=1 2 2 2 2 2 2 2
left_child=1 5 3 -3 -4 6 -1 -7
right_child=-2 2 4 -5 -6 7 -8 -9
leaf_value=-0.038950985301172754 -0.041837179313954524 -0.014226190381473651 -0.022131950599605155 0.10474597743878278 0.0088788920822064441 0.024227401636124621 0.0093082221587184062 -0.01663494709869116
leaf_weight=22.634601101279259 54.785934636835009 5.2273793667554838 19.892304990440607 4.5312801077961922 343.34142063558102 16.424413010478023 13.975692622363566 7.7942202910780898
leaf_count=131 11692 35 145 26 1804 75 83 40
internal_value=-0.000351026 0.00580106 0.00825089 0.0456179 0.0071245 -0.00817315 -0.0207707 0.0109386
internal_weight=488.607 433.821 372.992 9.75866 363.234 60.8289 36.6103 24.2186
internal_count=14031 2339 2010 61 1949 329 214 115
cat_boundaries=0 1
cat_threshold=8
is_linear=0
shrinkage=0.05


Tree=56
num_leaves=9
num_cat=2
split_feature=0 5 22 1 39 39 20 36
split_gain=45.9708 7.06257 11.6538 8.96191 39.4013 29.6596 6.97357 5.45099
threshold=0 -0.91595872546125101 87.034722500000015 1 21.250000000000004 17.350000000000005 31.250000000000004 94.500000000000014
decision_type=1 2 2 1 2 2 2 2
left_child=1 3 7 5 -5 -1 -4 -3
right_child=-2 2 6 4 -6 -7 -8 -9
leaf_value=-0.061958326772714324 -0.041556463296419981 -0.0054234557911774367 -0.035362472599946175 0.048086663404549278 -0.058108065150564048 0.056287004250403665 0.00019802012493226639 0.0091807217373334488
leaf_weight=5.5723971128463736 52.718120747245848 89.056097239255905 30.513676177710295 18.28073263168335 14.968953825533388 29.074711434543133 24.489185065031052 220.31589417159557
leaf_count=26 11731 468 227 81 89 149 156 1142
internal_value=-0.00191158 0.00387774 0.00118801 0.0186485 -2.27421e-05 0.0360647 -0.0198089 0.00497282
internal_weight=484.99 432.272 364.375 67.8968 33.2497 34.6471 55.0029 309.372
internal_count=14069 2338 1993 345 170 175 383 1610
cat_boundaries=0 1 2
cat_threshold=8 1
is_linear=0
shrinkage=0.05


Tree=57
num_leaves=15
num_cat=2
split_feature=38 1 44 42 4 32 5 31 23 33 5 8 4 1
split_gain=5.8511 9.3222 22.7423 19.9868 17.8406 15.2013 9.44677 8.79067 5.36847 4.96071 5.44097 3.10273 3.00559 2.80544
threshold=10.962202500000002 0 38.70000000000001 2.5000000000000004 0.37446826358596375 26.442262000000003 -0.92272482904738273 32.600000000000001 96.500000000000014 37.750000000000007 0.71952396275653763 38.800000000000004 -0.61237985104942771 1
decision_type=2 1 2 2 2 2 2 2 2 2 2 2 2 1
left_child=1 3 5 7 -5 -3 -4 -1 9 10 -2 -11 -10 -14
right_child=8 2 6 4 -6 -7 -8 -9 12 11 -12 -13 13 -15
leaf_value=0.060319891116541208 -0.0056213772008684749 -0.019368959732324029 -0.055972337322748048 -0.0054417662469678297 -0.039996677240721826 0.022008027849095595 -0.0099525812609327011 0.0025946045438130852 -0.018087501958124631 0.040656289874368562 0.049045249044780491 -0.024784876851402172 0.063950062740218971 0.016495929898482496
leaf_weight=11.257500428706409 54.737265903968364 26.26771952630952 14.335189981153233 107.73890686011873 56.492501661647111 122.04330131877214 43.126145544461906 14.481621114071457 1.6635682028718282 11.4065327886492 3.9569750269874921 1.4348675552755583 7.3304969761520615 6.4502428830601266
leaf_count=284 1571 717 463 3230 1850 3148 1484 398 65 307 93 35 189 181
internal_value=-0.000512927 -0.00309879 0.0042669 -0.0110577 -0.0174981 0.014599 -0.0221944 0.0291535 0.0111538 0.00515404 -0.00117606 0.0320817 0.0369403 0.0443574
internal_weight=482.723 395.743 205.772 189.971 164.231 148.311 57.4613 25.7391 86.9799 71.5356 58.6942 12.8414 15.4443 13.7807
internal_count=14015 11574 5812 5762 5080 3865 1947 682 2441 2006 1664 342 435 370
cat_boundaries=0 1 2
cat_threshold=1 1
is_linear=0
shrinkage=0.05


Tree=58
num_leaves=9
num_cat=2
split_feature=0 33 1 4 4 4 44 33
split_gain=47.3127 5.15188 10.636 27.4542 10.7902 7.55665 14.2961 12.8595
threshold=0 31.250000000000004 1 -0.46801505794253101 -0.97113884758256674 0.3261394409934788 46.600000000000001 33.350000000000001
decision_type=1 2 1 2 2 2 2 2
left_child=1 2 3 -1 -4 6 -3 -7
right_child=-2 5 4 -5 -6 7 -8 -9
leaf_value=-0.040502000233350759 -0.041204577817563738 0.017744487171687799 0.039833366933891473 0.079023841461309308 -0.054259297766798158 -0.02512975597689629 -0.031561177165867184 0.0067574904535678956
leaf_weight=9.4445717409253138 50.284661151934415 191.62563971430063 2.9752030670642879 7.9508613944053641 15.411232572048901 38.656453818082809 15.010777130722998 154.97499380633235
leaf_count=75 11679 967 19 36 94 243 119 805
internal_value=-5.85363e-06 0.00564223 -0.0121748 0.0154552 -0.0377644 0.00740196 0.014028 0.000295135
internal_weight=486.334 436.05 35.7819 17.3954 18.3864 400.268 206.636 193.631
internal_count=14037 2358 224 111 113 2134 1086 1048
cat_boundaries=0 1 2
cat_threshold=8 1
is_linear=0
shrinkage=0.05


Tree=59
num_leaves=9
num_cat=1
split_feature=0 10 8 33 5 34 35 43
split_gain=43.0048 5.30173 11.9178 7.37517 6.52221 5.65967 11.908 11.0844
threshold=0 86.562500000000014 31.450000000000003 33.45000000000001 -0.24372464231556021 24.450000000000003 81.330357000000006 1.3500000000000003
decision_type=1 2 2 2 2 2 2 2
left_child=1 5 3 -3 -4 7 -7 -1
right_child=-2 2 4 -5 -6 6 -8 -9
leaf_value=-0.0036040776010510429 -0.040893475961711612 -0.016667425172605482 0.011118327528108554 0.038196110054192933 0.082224286789289169 0.0096081238738208244 -0.030327736568299842 0.018825432241504261
leaf_weight=81.984725825488567 48.285363138653338 79.678711283951998 10.062212117016314 5.6900396198034278 4.0338634252548209 55.213919304311275 26.96455942094326 165.1172785423696
leaf_count=399 11679 520 52 31 21 283 169 859
internal_value=-0.000954967 0.00447505 -0.00549719 -0.0126107 0.0355655 0.00763035 -0.00370278 0.0113991
internal_weight=477.031 428.745 99.4648 85.3688 14.0961 329.28 82.1785 247.102
internal_count=14013 2334 624 551 73 1710 452 1258
cat_boundaries=0 1
cat_threshold=8
is_linear=0
shrinkage=0.05


Tree=60
num_leaves=9
num_cat=3
split_feature=0 42 4 1 1 36 2 37
split_gain=40.9507 6.40739 12.2419 17.6911 9.30299 13.5541 10.8091 8.47369
threshold=0 4.5000000000000009 0.40614137006726808 1 2 99.500000000000014 1.5000000000000002 40.500000000000007
decision_type=1 2 2 1 1 2 2 2
left_child=1 4 7 -4 6 -6 -1 -3
right_child=-2 2 3 -5 5 -7 -8 -9
leaf_value=-0.010881984826751519 -0.0406114912235713 0.069076568800067156 -0.036046827765009039 0.0062622744964423577 0.0083809206973400312 -0.062169665602455265 0.038209245192432365 0.0055406586377110007
leaf_weight=13.992305465042589 46.584667573682964 4.4009407460689536 46.741330020129681 50.69119867682457 60.055746927857399 6.6622493863105765 48.672164708375931 201.49778122082353
leaf_count=66 11738 20 301 293 280 33 227 1124
internal_value=-0.00097988 0.00420984 0.000321461 -0.0141947 0.0135765 0.000521928 0.0272489 0.007226
internal_weight=479.298 432.714 303.331 97.4325 129.382 66.718 62.6645 205.899
internal_count=14082 2344 1738 594 606 313 293 1144
cat_boundaries=0 1 2 3
cat_threshold=8 1 1
is_linear=0
shrinkage=0.05


Tree=61
num_leaves=7
num_cat=2
split_feature=0 38 38 34 27 1
split_gain=37.8864 5.34936 7.90542 7.4197 7.18614 1.94702
threshold=0 5.3982145000000008 6.259821500000001 23.550000000000004 41.650000000000013 1
decision_type=1 2 2 2 2 1
left_child=1 5 4 -4 -3 -1
right_child=-2 2 3 -5 -6 -7
leaf_value=-0.055722706795086986 -0.040257395253576266 0.02971313333207682 -0.0059644557341436465 0.0082132588885532719 -0.033243299430552577 -0.0066758146688532033
leaf_weight=3.9544198215007773 44.569695292040706 43.002050876617432 163.64744136855006 209.06016721203923 4.2236087396740905 3.9430154412984848
leaf_count=22 11689 198 872 1179 26 21
internal_value=-0.00141345 0.00357305 0.00445922 0.00198884 0.0235101 -0.0347372
internal_weight=472.4 427.831 419.933 372.708 47.2257 7.89744
internal_count=14007 2318 2275 2051 224 43
cat_boundaries=0 1 2
cat_threshold=8 1
is_linear=0
shrinkage=0.05


Tree=62
num_leaves=9
num_cat=1
split_feature=0 5 43 5 17 43 39 13
split_gain=34.8508 5.17856 9.10899 7.73526 8.08626 7.44542 7.06132 4.13341
threshold=0 -0.90161545992537195 12.550000000000002 -0.6523320455745395 28.250000000000004 33.750000000000007 21.250000000000004 6.1770835000000011
decision_type=1 2 2 2 2 2 2 2
left_child=1 2 7 4 -3 -5 -4 -1
right_child=-2 3 6 5 -6 -7 -8 -9
leaf_value=0.01461406703536945 -0.039945344674921418 -0.04787746400889447 0.037430546679504829 0.0016178917693671158 -0.0049950409819235911 0.038411050420346982 0.003595547218377227 -0.046759108319671734
leaf_weight=3.5983874201774579 42.909656652947888 14.311487697064875 33.362113744020462 289.67584726214409 39.983430124819279 13.44166738912463 28.397453926503658 6.9502154365181923
leaf_count=16 11715 93 148 1545 245 78 163 43
internal_value=-0.00206676 0.00266509 0.0148326 0.00024333 -0.0169598 0.00337041 0.0221782 -0.0263706
internal_weight=472.63 429.721 72.3082 357.412 54.2949 303.118 61.7596 10.5486
internal_count=14046 2331 370 1961 338 1623 311 59
cat_boundaries=0 1
cat_threshold=8
is_linear=0
shrinkage=0.05


Tree=63
num_leaves=6
num_cat=1
split_feature=0 26 38 39 43
split_gain=32.1832 4.22616 4.93986 12.5224 7.21204
threshold=0 10.500000000000002 6.259821500000001 21.250000000000004 32.250000000000007
decision_type=1 2 2 2 2
left_child=1 -1 3 -3 -4
right_child=-2 2 4 -5 -6
leaf_value=-0.049337316488688165 -0.03959595057018999 0.023694810683808742 -0.0017042075982046318 -0.055895129373773923 0.023192040015177804
leaf_weight=2.9742910787463179 41.15927115175873 50.639765471220016 343.96304063498974 4.5155522376298896 30.768245983868837
leaf_count=18 11694 242 1872 24 185
internal_value=-0.0025203 0.0019558 0.00246975 0.0162995 0.000396245
internal_weight=474.02 432.861 429.887 55.1553 374.731
internal_count=14035 2341 2323 266 2057
cat_boundaries=0 1
cat_threshold=8
is_linear=0
shrinkage=0.05


Tree=64
num_leaves=9
num_cat=2
split_feature=0 4 33 38 33 39 35 1
split_gain=33.5379 5.27049 8.02863 7.83078 7.63244 5.62157 3.94028 2.04072
threshold=0 0.97875492728876534 36.20000000000001 9.9449405000000031 35.600000000000009 22.750000000000004 67.574405000000013 1
decision_type=1 2 2 2 2 2 2 1
left_child=1 3 7 4 -1 -5 -4 -3
right_child=-2 2 6 5 -6 -7 -8 -9
leaf_value=0.0029625151027922424 -0.039225417668700135 -0.060187063145080877 -0.011441071349281035 0.033526010676835354 -0.041852635161997373 0.008284403069747313 0.035223816327918663 -0.018286183437078669
leaf_weight=301.52927228435874 39.419386697700247 7.1883821859955788 10.68094874918461 35.152306944131851 8.8099784404039365 58.99708604067564 6.4411169886589041 6.4201264455914515
leaf_count=1611 11645 47 54 164 57 342 28 46
internal_value=-0.000595038 0.00379791 -0.0157595 0.00541262 0.00155995 0.0179621 0.0070887 -0.0430243
internal_weight=474.639 435.219 30.7306 404.489 310.339 94.1494 17.1221 13.6085
internal_count=13994 2349 175 2174 1668 506 82 93
cat_boundaries=0 1 2
cat_threshold=8 2
is_linear=0
shrinkage=0.05


Tree=65
num_leaves=9
num_cat=2
split_feature=0 38 33 35 39 1 40 38
split_gain=30.2156 6.91191 8.55263 8.00757 7.05755 12.773 8.14335 0.262396
threshold=0 9.9449405000000031 35.600000000000009 68.94642850000001 22.650000000000002 1 75.050000000000011 9.6880950000000023
decision_type=1 2 2 2 2 1 2 2
left_child=1 2 3 -1 5 -3 -6 -4
right_child=-2 4 7 -5 6 -7 -8 -9
leaf_value=0.018025283272131386 -0.03890370432881584 0.053573908862042344 -0.049567800559923644 -0.003443406888852077 -0.005724769259861472 0.001585510554738856 0.033484553061013694 -0.019259915671047872
leaf_weight=51.337864920496941 38.001928082434461 22.79344779253006 7.6356021463870984 254.31310822442174 58.727631971240044 23.592352293431759 16.024294458329678 2.7979084253311157
leaf_count=240 11670 107 54 1400 336 108 94 20
internal_value=-0.00168297 0.00246504 -0.00137798 0.000209547 0.0126236 0.0277235 0.00301146 -0.0438356
internal_weight=475.224 437.222 316.084 305.651 121.138 46.3858 74.7519 10.4335
internal_count=14029 2359 1714 1640 645 215 430 74
cat_boundaries=0 1 2
cat_threshold=8 1
is_linear=0
shrinkage=0.05


Tree=66
num_leaves=9
num_cat=1
split_feature=0 11 22 44 34 7 26 13
split_gain=29.8462 4.68241 5.74346 7.33214 6.39265 3.75181 2.33766 2.29152
threshold=0 79.500000000000014 66.652778000000026 30.800000000000004 20.350000000000005 28.579166500000003 25.250000000000004 7.5270835000000007
decision_type=1 2 2 2 2 2 2 2
left_child=1 5 4 -4 -3 7 -7 -1
right_child=-2 2 3 -5 -6 6 -8 -9
leaf_value=-0.028639085895155236 -0.038601357002363224 -0.024527644924673804 -0.015513049388898035 0.0049448835274845358 0.02392686708654088 -0.046422666441875003 0.00075474737448243752 0.012085002069431691
leaf_weight=3.7738822549581554 36.740884893806651 6.9178725630044928 50.490945562720299 292.5038671605289 55.64759661257267 9.6426605954766256 3.4437598884105673 11.502645336091517
leaf_count=18 11732 39 254 1634 268 59 15 55
internal_value=-0.00107161 0.00300596 0.00446122 0.00189701 0.0182677 -0.0162222 -0.0348354 0.000883166
internal_weight=470.664 433.923 405.56 342.995 62.5655 28.3629 13.0864 15.2765
internal_count=14074 2342 2195 1888 307 147 74 73
cat_boundaries=0 1
cat_threshold=8
is_linear=0
shrinkage=0.05


Tree=67
num_leaves=15
num_cat=0
split_feature=10 8 5 4 4 39 39 33 39 30 33 40 17 39
split_gain=5.17634 13.1716 7.64704 7.07764 5.87526 4.56479 8.76943 9.06117 8.39596 7.47355 9.79594 4.47225 2.98744 2.27545
threshold=86.562500000000014 31.450000000000003 -0.88620506325989179 -0.082689790342551792 -0.17647087149565663 22.650000000000002 20.650000000000002 32.550000000000004 21.100000000000005 20.850000000000005 36.95000000000001 151.95000000000002 32.20000000000001 25.250000000000004
decision_type=2 2 2 2 2 2 2 2 2 2 2 2 2 2
left_child=5 2 4 -3 -2 6 7 -1 -8 10 -7 -4 -5 -11
right_child=1 3 11 12 -6 9 8 -9 -10 13 -12 -13 -14 -15
leaf_value=0.011273471502478316 0.023707837812894834 0.059002612125218873 -0.029128267008898118 0.026852137970447155 -0.021713165643560399 -0.019796243811814253 0.048612335441247038 -0.010429709918585906 0.0097589015278120653 0.059687664357183416 0.016799411867083332 0.043306598377378248 -0.037745047629770739 -0.0093216454563028583
leaf_weight=88.988160331035033 15.708855257835241 8.5467350627295655 62.757619140204042 2.2259017291944465 11.434079880593343 71.352451863698661 18.07643876504153 102.29951339424588 54.041306403465569 4.2184889218769959 23.620527849765494 1.3509814334101964 3.1487534635234624 1.2325449627824125
leaf_count=2402 432 266 2390 59 367 2377 431 2901 1503 113 587 41 110 66
internal_value=-0.000983652 -0.0106984 -0.0176603 0.0330606 0.00448239 0.00184623 0.0053009 -0.00032714 0.0200292 -0.00717806 -0.0106144 -0.0269601 -0.0109767 0.0450576
internal_weight=469.002 105.173 91.2515 13.9214 27.1429 363.829 263.405 191.288 72.1177 100.424 94.973 64.1086 5.37466 5.45103
internal_count=14045 3665 3230 435 799 10380 7237 5303 1934 3143 2964 2431 169 179
is_linear=0
shrinkage=0.05


Tree=68
num_leaves=8
num_cat=3
split_feature=0 5 6 1 5 1 10
split_gain=29.3035 5.29299 9.64142 8.7448 5.99303 31.3643 5.18108
threshold=0 -0.90161545992537195 2.5000000000000004 1 -0.6652727025667432 2 88.354166500000005
decision_type=1 2 2 1 2 1 2
left_child=1 2 -1 -4 5 -3 -6
right_child=-2 4 3 -5 6 -7 -8
leaf_value=-0.036041782324104751 -0.03822792866580315 -0.055918549029314368 0.03924781897264689 0.0033122769266896962 0.0055516899796927005 0.02136000482348123 -0.020125210104855597
leaf_weight=7.1774767786264411 35.264758836245164 23.441137857735157 33.791698038578033 33.366547606885433 284.66450478881598 27.533602721989155 20.122071854770184
leaf_count=41 11731 162 167 171 1487 160 142
internal_value=-0.00038684 0.00360056 0.0157243 0.0217043 0.00113129 -0.0145693 0.00379622
internal_weight=465.362 430.097 74.3357 67.1582 355.761 50.9747 304.787
internal_count=14061 2330 379 338 1951 322 1629
cat_boundaries=0 1 2 3
cat_threshold=8 1 1
is_linear=0
shrinkage=0.05


Tree=69
num_leaves=9
num_cat=2
split_feature=0 38 44 4 1 4 4 43
split_gain=26.1392 4.23146 9.40125 8.25314 6.69931 21.34 16.1616 5.07742
threshold=0 10.626488500000002 41.600000000000001 0.98522604642031408 1 -0.43733984355855576 -0.51297808981038739 29.550000000000004
decision_type=1 2 2 2 1 2 2 2
left_child=1 2 3 -1 5 -3 -6 -4
right_child=-2 4 7 -5 6 -7 -8 -9
leaf_value=0.004033541009407512 -0.037853056881171618 -0.05420292813678651 -0.031669449343423077 -0.050288852473214643 0.067484182530326745 0.039471317612666618 -0.013888143475723966 0.01064895224392921
leaf_weight=295.3454195484519 33.870500537799671 6.2915341965854159 31.74614242464304 6.163659654557704 6.1838313192129126 38.350490741431713 39.536596350371838 8.5080363154411298
leaf_count=1526 11707 45 236 52 39 188 202 57
internal_value=-0.0015405 0.00220948 -0.000293884 0.00276048 0.011819 0.0253712 -0.00167342 -0.0226838
internal_weight=465.996 432.126 341.763 301.509 90.3625 44.642 45.7204 40.2542
internal_count=14052 2345 1871 1578 474 233 241 293
cat_boundaries=0 1 2
cat_threshold=8 1
is_linear=0
shrinkage=0.05


Tree=70
num_leaves=9
num_cat=1
split_feature=43 44 39 4 1 25 5 33
split_gain=3.97906 4.16731 7.46802 5.46894 10.8543 8.42288 4.8402 1.71906
threshold=43.800000000000004 46.600000000000001 26.650000000000002 0.97875492728876534 0 10.623611500000001 -0.95242240592625282 30.850000000000005
decision_type=2 2 2 2 1 2 2 2
left_child=1 3 7 5 -5 -1 -4 -3
right_child=-2 2 6 4 -6 -7 -8 -9
leaf_value=-0.00047184395937635028 -0.044699749076716012 0.019617833104568619 0.047336231765142511 0.012761014468979924 -0.049618594977545019 0.019303082370514407 -0.010590946539250938 -0.052334370332744365
leaf_weight=341.89187951222993 4.0601433315314344 0.39590774476528423 3.5008596177212921 12.585849659517407 13.773316457867622 62.904954008059576 17.1463575118687 10.766971865901722
leaf_count=9969 228 19 96 453 454 1742 566 553
internal_value=-0.000601769 -0.000119527 -0.0172985 0.00118501 -0.0204561 0.00264115 0.000963941 -0.0483794
internal_weight=467.026 462.966 31.8101 431.156 26.3592 404.797 20.6472 11.1629
internal_count=14080 13852 1234 12618 907 11711 662 572
cat_boundaries=0 1
cat_threshold=1
is_linear=0
shrinkage=0.05


Tree=71
num_leaves=9
num_cat=2
split_feature=0 10 22 37 20 39 33 1
split_gain=24.6667 4.60581 8.06816 6.85383 6.12521 6.02503 4.09208 1.72496
threshold=0 60.562500000000007 66.652778000000026 31.500000000000004 34.250000000000007 19.050000000000004 33.750000000000007 1
decision_type=1 2 2 2 2 2 2 1
left_child=1 4 5 -4 6 -3 -1 -6
right_child=-2 2 3 -5 7 -7 -8 -9
leaf_value=-0.015896087111556541 -0.037464992612515256 0.056979907992924753 -0.033523212393979082 0.0019204702080193676 -0.046273643224291998 0.013154119750393739 0.039961448354992636 -0.015115453504354285
leaf_weight=5.7614352852106112 32.511870061978698 8.4575223475694639 13.22421609610319 330.8550758510828 10.047424539923668 52.96817434579134 5.5432246029376984 9.8312656059861183
leaf_count=30 11693 37 66 1841 55 262 24 54
internal_value=-0.00157769 0.00198428 0.00346679 0.000465042 -0.0161862 0.0200045 0.0125153 -0.032326
internal_weight=469.2 436.688 405.505 344.079 31.1834 61.4257 11.3047 19.8787
internal_count=14062 2369 2206 1907 163 299 54 109
cat_boundaries=0 1 2
cat_threshold=8 2
is_linear=0
shrinkage=0.05


Tree=72
num_leaves=9
num_cat=2
split_feature=0 11 35 36 37 1 36 30
split_gain=25.1752 5.00943 4.92956 11.741 9.69257 4.88491 5.61607 1.98938
threshold=0 79.500000000000014 68.461309500000013 95.500000000000014 45.500000000000007 1 91.500000000000014 0.35000000000000003
decision_type=1 2 2 2 2 1 2 2
left_child=1 5 3 -3 -4 6 -1 -7
right_child=-2 2 4 -5 -6 7 -8 -9
leaf_value=-0.035739156435430179 -0.037110337817346996 0.0044515624495762669 -0.01756981815089894 0.046481670042997345 0.0056857034500522735 -0.053375336688039371 0.02587717226507651 -0.0097683170330311302
leaf_weight=4.9093343913555154 31.339939648285508 65.748924449086189 52.816626645624638 21.35181088745594 266.78505985438824 7.72099918872118 8.8992748111486417 4.4925659820437431
leaf_count=28 11696 335 292 92 1491 40 44 26
internal_value=-0.000284549 0.00324281 0.00469236 0.0151654 0.00179974 -0.0175474 0.00303679 -0.0392884
internal_weight=464.065 432.725 406.702 87.1007 319.602 26.0222 13.8086 12.2136
internal_count=14044 2348 2210 427 1783 138 72 66
cat_boundaries=0 1 2
cat_threshold=8 1
is_linear=0
shrinkage=0.05


Tree=73
num_leaves=9
num_cat=1
split_feature=0 10 8 5 33 2 5 17
split_gain=23.2666 6.64572 7.75656 5.93873 5.85065 15.2814 10.5787 3.43755
threshold=0 86.562500000000014 31.450000000000003 -0.90161545992537195 32.550000000000004 11.500000000000002 0.99138911339924218 34.000000000000007
decision_type=1 2 2 2 2 2 2 2
left_child=1 4 3 -3 6 -6 -1 -4
right_child=-2 2 7 -5 5 -7 -8 -9
leaf_value=0.010974535506503161 -0.036767366587382229 0.0063225599994955655 0.042703689338164028 -0.023093807468347341 0.0037668965913183689 -0.062100504795987777 0.074597831201860587 -0.0052713799664874965
leaf_weight=111.83625800162554 30.264740518759936 23.454629443585873 8.4419074207544309 59.405620541423559 208.03455064073205 8.193171486258505 5.9955199211835852 5.8472722023725501
leaf_count=579 11715 124 41 411 1080 42 26 30
internal_value=-0.000894708 0.00249524 -0.00889735 -0.014791 0.00589951 0.0009967 0.0148123 0.0240111
internal_weight=461.474 431.209 97.1494 82.8602 334.06 216.228 117.832 14.2892
internal_count=14048 2333 606 535 1727 1122 605 71
cat_boundaries=0 1
cat_threshold=8
is_linear=0
shrinkage=0.05


Tree=74
num_leaves=8
num_cat=1
split_feature=0 26 43 2 4 32 37
split_gain=21.4972 5.19757 5.9102 6.15365 5.56297 6.52159 1.19202
threshold=0 14.550000000000002 25.250000000000004 4.5000000000000009 -0.99763297024448894 26.711607000000004 59.500000000000007
decision_type=1 2 2 2 2 2 2
left_child=1 2 3 -1 -3 -6 -4
right_child=-2 4 6 -5 5 -7 -8
leaf_value=-0.041996883294688432 -0.036423933628127091 0.052732396525768971 -0.0098700759209069747 0.0041468083518451391 -0.010815146436105785 0.0063472524478401489 -0.050473954983130655
leaf_weight=7.6984585374593726 29.240882540121675 4.7705828994512549 2.9113981723785392 41.879621110856533 66.716511644423008 303.22500998526812 8.8346810638904554
leaf_count=42 11739 30 22 203 409 1592 66
internal_value=-0.00146973 0.00174579 -0.0115925 -0.00370703 0.00400021 0.00323132 -0.0419738
internal_weight=465.277 436.036 61.3242 49.5781 374.712 369.942 11.7461
internal_count=14103 2364 333 245 2031 2001 88
cat_boundaries=0 1
cat_threshold=8
is_linear=0
shrinkage=0.05


Tree=75
num_leaves=5
num_cat=1
split_feature=0 34 34 5
split_gain=20.6138 4.19311 9.02921 5.58749
threshold=0 19.200000000000003 20.250000000000004 0.99681593486783593
decision_type=1 2 2 2
left_child=1 -1 -3 -4
right_child=-2 2 3 -5
leaf_value=0.039020841726230958 -0.036052409456262126 -0.049967791214523438 0.0030576542057357257 -0.038403906399087855
leaf_weight=6.4578102678060523 28.187692729872651 7.4530729725956908 405.77794160693884 7.2944283038377753
leaf_count=29 11738 41 2216 35
internal_value=-0.0013568 0.00181257 0.00119297 0.00223451
internal_weight=455.171 426.983 420.525 413.072
internal_count=14059 2321 2292 2251
cat_boundaries=0 1
cat_threshold=8
is_linear=0
shrinkage=0.05


Tree=76
num_leaves=7
num_cat=3
split_feature=0 38 4 1 25 1
split_gain=19.4364 5.6703 8.2551 5.43926 3.80179 4.09544
threshold=0 11.088988000000002 0.98667101781630184 1 14.449306000000002 2
decision_type=1 2 2 1 2 1
left_child=1 2 3 -1 5 -3
right_child=-2 4 -4 -5 -6 -7
leaf_value=-0.0062939804640065313 -0.035717477373981982 0.030112715021010983 -0.048175074456607521 0.0061242179562635696 -0.025496720731338227 0.0050152320858697329
leaf_weight=168.89998088032007 27.28458032279741 31.988818146288395 8.0646006315946561 182.3249884583056 4.6664077937602988 32.99157090485096
leaf_count=944 11774 162 66 955 34 166
internal_value=-0.00159957 0.00144582 -0.0010639 0.000151537 0.0144293 0.0176395
internal_weight=456.221 428.936 359.29 351.225 69.6468 64.9804
internal_count=14101 2327 1965 1899 362 328
cat_boundaries=0 1 2 3
cat_threshold=8 1 1
is_linear=0
shrinkage=0.05


Tree=77
num_leaves=5
num_cat=1
split_feature=0 34 5 20
split_gain=18.1873 3.91089 5.57034 5.11606
threshold=0 19.200000000000003 0.99681593486783593 31.450000000000003
decision_type=1 2 2 2
left_child=1 -1 3 -3
right_child=-2 2 -4 -5
leaf_value=0.038171771397888833 -0.03527761750356017 -0.0095157611405524839 -0.039173759181737114 0.0041975960460750947
leaf_weight=6.0352840125560752 26.157143569085747 84.460041746497154 7.6330029219388953 332.38115090504289
leaf_count=27 11701 535 37 1745
internal_value=-0.00173548 0.00116995 0.000582867 0.00140288
internal_weight=456.667 430.509 424.474 416.841
internal_count=14045 2344 2317 2280
cat_boundaries=0 1
cat_threshold=8
is_linear=0
shrinkage=0.05


end of trees

feature_importances:
age_group=71
day_of_year_cos=43
gender=42
temperature_max_7d=41
day_of_year_sin=38
wind_speed_max_7d=35
wind_gust_max_7d=30
wind_speed_mean_7d=27
temperature_min_7d=25
rain_max_daily_7d=23
humidity_min_7d=22
rain_days_7d=18
temperature_mean_7d=16
humidity_max_7d=15
humidity_mean_7d=14
humidity_mean_3d=13
temperature_max_3d=10
wind_speed_max_3d=10
weather_code_current=9
month=8
humidity_mean_current=8
precipitation_sum_7d=8
temperature_max_current=7
wind_speed_mean_3d=7
temperature_mean_3d=6
wind_speed_mean_current=5
wind_gust_max_current=5
temperature_min_3d=4
rain_max_daily_3d=4
temperature_mean_current=3
humidity_max_current=3
humidity_min_3d=3
humidity_min_current=1
precipitation_sum_current=1
humidity_max_3d=1
precipitation_sum_3d=1
wind_gust_max_3d=1
rain_sum_7d=1

parameters:
[boosting: gbdt]
[objective: binary]
[metric: binary_logloss]
[tree_learner: serial]
[device_type: cpu]
[data_sample_strategy: bagging]
[data: ]
[valid: ]
[num_iterations: 78]
[learning_rate: 0.05]
[num_leaves: 15]
[num_threads: 8]
[seed: 42]
[deterministic: 0]
[force_col_wise: 0]
[force_row_wise: 0]
[histogram_pool_size: -1]
[max_depth: 4]
[min_data_in_leaf: 20]
[min_sum_hessian_in_leaf: 0.001]
[bagging_fraction: 0.9]
[pos_bagging_fraction: 1]
[neg_bagging_fraction: 1]
[bagging_freq: 1]
[bagging_seed: 400]
[bagging_by_query: 0]
[feature_fraction: 0.9]
[feature_fraction_bynode: 1]
[feature_fraction_seed: 30056]
[extra_trees: 0]
[extra_seed: 12879]
[early_stopping_round: 0]
[early_stopping_min_delta: 0]
[first_metric_only: 0]
[max_delta_step: 0]
[lambda_l1: 0]
[lambda_l2: 1]
[linear_lambda: 0]
[min_gain_to_split: 0]
[drop_rate: 0.1]
[max_drop: 50]
[skip_drop: 0.5]
[xgboost_dart_mode: 0]
[uniform_drop: 0]
[drop_seed: 17869]
[top_rate: 0.2]
[other_rate: 0.1]
[min_data_per_group: 100]
[max_cat_threshold: 32]
[cat_l2: 10]
[cat_smooth: 10]
[max_cat_to_onehot: 4]
[top_k: 20]
[monotone_constraints: ]
[monotone_constraints_method: basic]
[monotone_penalty: 0]
[feature_contri: ]
[forcedsplits_filename: ]
[refit_decay_rate: 0.9]
[cegb_tradeoff: 1]
[cegb_penalty_split: 0]
[cegb_penalty_feature_lazy: ]
[cegb_penalty_feature_coupled: ]
[path_smooth: 0]
[interaction_constraints: ]
[verbosity: -1]
[saved_feature_importance_type: 0]
[use_quantized_grad: 0]
[num_grad_quant_bins: 4]
[quant_train_renew_leaf: 0]
[stochastic_rounding: 1]
[linear_tree: 0]
[max_bin: 255]
[max_bin_by_feature: ]
[min_data_in_bin: 3]
[bin_construct_sample_cnt: 200000]
[data_random_seed: 175]
[is_enable_sparse: 1]
[enable_bundle: 1]
[use_missing: 1]
[zero_as_missing: 0]
[feature_pre_filter: 1]
[pre_partition: 0]
[two_round: 0]
[header: 0]
[label_column: ]
[weight_column: ]
[group_column: ]
[ignore_column: ]
[categorical_feature: 0,1,3]
[forcedbins_filename: ]
[precise_float_parser: 0]
[parser_config_file: ]
[objective_seed: 16083]
[num_class: 1]
[is_unbalance: 0]
[scale_pos_weight: 1]
[sigmoid: 1]
[boost_from_average: 1]
[reg_sqrt: 0]
[alpha: 0.9]
[fair_c: 1]
[poisson_max_delta_step: 0.7]
[tweedie_variance_power: 1.5]
[lambdarank_truncation_level: 30]
[lambdarank_norm: 1]
[label_gain: ]
[lambdarank_position_bias_regularization: 0]
[eval_at: ]
[multi_error_top_k: 1]
[auc_mu_weights: ]
[num_machines: 1]
[local_listen_port: 12400]
[time_out: 120]
[machine_list_filename: ]
[machines: ]
[gpu_platform_id: -1]
[gpu_device_id: -1]
[gpu_device_id_list: ]
[gpu_use_dp: 0]
[num_gpu: 1]

end of parameters

pandas_categorical:[]
