tree
version=v4
num_class=1
num_tree_per_iteration=1
label_index=0
max_feature_idx=44
objective=binary sigmoid:1
feature_names=age_group gender month season day_of_year_sin day_of_year_cos weather_code_current temperature_mean_current temperature_max_current temperature_min_current humidity_mean_current humidity_max_current humidity_min_current wind_speed_mean_current wind_speed_max_current precipitation_sum_current rain_sum_current wind_gust_max_current rain_day_current temperature_mean_3d temperature_max_3d temperature_min_3d humidity_mean_3d humidity_max_3d humidity_min_3d wind_speed_mean_3d wind_speed_max_3d precipitation_sum_3d rain_sum_3d rain_days_3d rain_max_daily_3d wind_gust_max_3d temperature_mean_7d temperature_max_7d temperature_min_7d humidity_mean_7d humidity_max_7d humidity_min_7d wind_speed_mean_7d wind_speed_max_7d precipitation_sum_7d rain_sum_7d rain_days_7d rain_max_daily_7d wind_gust_max_7d
feature_infos=-1:0:1:2:3:4:5 -1:0:1 [1:12] -1:1:0 [-0.99999942202469239:0.99998555065071859] [-0.99997919295908244:0.9999907524084426] [0:61] [23.658332999999999:32.533332999999999] [25.899999999999999:39.200000000000003] [17.899999999999999:29.300000000000001] [48.958333000000003:91.625] [63:100] [23:86] [2.8541669999999999:19.695833] [6.4000000000000004:30.100000000000001] [0:63.100000000000001] [0:63.100000000000001] [14:56.899999999999999] [0:1] [23.766667000000002:32.427778000000004] [27.699999999999999:39.200000000000003] [17.899999999999999:28.100000000000001] [52.569443999999997:90.694444000000004] [73:100] [23:79] [4.125:17.329167000000002] [9.6999999999999993:30.100000000000001] [0:93.900000000000006] [0:93.900000000000006] [0:3] [0:63.100000000000001] [17.300000000000001:56.899999999999999] [24.365476000000001:32.235118999999997] [28.699999999999999:39.200000000000003] [17.899999999999999:27.5] [55.767856999999999:89.523809999999997] [77:100] [23:72] [4.5327380000000002:15.469643] [11.6:30.100000000000001] [0:163.90000000000001] [0:163.90000000000001] [0:7] [0:63.100000000000001] [23:56.899999999999999]
tree_sizes=1495 1743 1419 1326 1417 1327 1424 1321 1732 1527 1103 1102 1409 1226 1294 1317 1723 1104 1741 1308 1000 996 1107 1412

Tree=0
num_leaves=13
num_cat=1
split_feature=0 4 34 5 33 35 33 30 4 5 20 37
split_gain=222.379 440.852 109.537 271.259 45.5253 40.9427 34.46 22.8832 25.8855 32.6532 12.0269 4.98886
threshold=0 0.77788564761185042 22.450000000000003 0.29958852271690523 35.750000000000007 86.669643000000022 36.050000000000004 23.050000000000004 -0.43733984355855576 -0.58481178939031186 38.800000000000004 62.500000000000007
decision_type=1 2 2 2 2 2 2 2 2 2 2 2
left_child=1 4 -3 -4 5 -1 -6 10 9 -9 11 -2
right_child=7 2 3 -5 6 -7 -8 8 -10 -11 -12 -13
leaf_value=-4.0496838722436426 -4.0647985216618885 -4.0533944156678263 -3.8325050628783308 -3.366247817370875 -3.7098731519418777 -3.9607347035405898 -4.0430991097487876 -3.8057377331502913 -4.0632566482626817 -4.000918441661705 -3.9233763959168737 -4.041090110627314
leaf_weight=41.661448417231441 108.57331200689077 2.3791656661778715 14.049233751371505 3.6295301038771859 1.0940688829869025 17.574566818773746 1.0072380192577837 1.8581804838031519 8.7872834093868715 9.3777332827448863 0.72937925532460113 31.919025506824255
leaf_count=2399 6252 137 809 209 63 1012 58 107 506 540 42 1838
internal_value=-4.01551 -3.95308 -3.74787 -3.70704 -4.0131 -4.02279 -3.82633 -4.04924 -4.00182 -3.95397 -4.05826 -4.05962
internal_weight=242.64 81.3953 20.0579 17.6788 61.3373 59.236 2.10131 161.245 20.0232 11.2359 141.222 140.492
internal_count=13972 4687 1155 1018 3532 3411 121 9285 1153 647 8132 8090
cat_boundaries=0 1
cat_threshold=9
is_linear=0
shrinkage=1


Tree=1
num_leaves=15
num_cat=1
split_feature=0 4 39 34 39 44 39 40 4 20 5 4 7 5
split_gain=172.599 281.818 73.3347 91.316 76.5094 23.9689 43.0723 23.1361 30.1446 16.3613 11.8493 8.91429 3.51587 0.51557
threshold=0 0.78325454425165997 24.800000000000001 23.050000000000004 22.450000000000003 38.70000000000001 20.450000000000003 120.15000000000002 -0.98523971305672664 38.800000000000004 -0.97874870457683605 -0.43733984355855576 27.035416500000004 0.029024409397335454
decision_type=1 2 2 2 2 2 2 2 2 2 2 2 2 2
left_child=1 5 4 -4 -3 10 -7 9 13 11 -1 -2 -10 -9
right_child=7 2 3 -5 -6 6 -8 8 12 -11 -12 -13 -14 -15
leaf_value=0.054365739457343742 -0.019841484963634186 0.19557593160353515 -0.028324395067253663 0.42525636336967265 -0.020130611216434086 0.18856614824260537 0.0093074729959176563 0.20008134749282991 -0.040128301978358691 0.11460485147399098 -0.034785833261129571 -0.047003287765338859 0.049763465782936105 0.023937315966220112
leaf_weight=3.2840124424546948 45.734341604635119 13.593468604609376 1.2257366906851519 4.7730320394039154 5.4805540181696406 2.9705553781241205 22.260580167174339 1.3941188883036373 3.7299493532627812 0.81763535737991233 33.187515985220671 102.92980369180441 0.49888327345252026 0.34824556484818447
leaf_count=193 2678 620 50 199 257 167 1264 79 218 43 1919 6190 28 20
internal_value=-0.000342942 0.0524111 0.196206 0.341771 0.135682 0.00014149 0.0367963 -0.0312877 0.0568162 -0.0372405 -0.0255217 -0.0388358 -0.0220346 0.186442
internal_weight=242.228 86.7755 25.0728 5.99877 19.074 61.7027 25.2311 155.453 5.9712 149.482 36.4715 148.664 4.22883 1.74236
internal_count=13925 4669 1126 249 877 3543 1431 9256 345 8911 2112 8868 246 99
cat_boundaries=0 1
cat_threshold=9
is_linear=0
shrinkage=0.05


Tree=2
num_leaves=12
num_cat=1
split_feature=0 33 35 40 5 34 38 37 43 43 32
split_gain=154.108 171.389 62.8395 38.7086 37.5708 31.3599 27.337 18.7278 3.57137 14.6978 35.9506
threshold=0 35.350000000000001 66.50892850000001 115.65000000000002 -0.4831374111459158 23.950000000000003 8.3011905000000024 36.500000000000007 24.200000000000006 27.300000000000001 27.065178500000005
decision_type=1 2 2 2 2 2 2 2 2 2 2
left_child=1 3 4 6 -3 -5 -1 -4 -2 10 -10
right_child=8 2 7 5 -6 -7 -8 -9 9 -11 -12
leaf_value=-0.023795893466331153 -0.050255125959246055 -0.030538330739980524 -0.012346758679057697 0.20027718120683213 0.21291312474816385 -0.01089857840453913 0.031981631529082351 0.10552716049970286 -0.042234672215040493 -0.048453976867525062 0.1741899615474217
leaf_weight=59.92744174040854 87.225737400352955 1.4795595854520858 6.735204838216303 3.3820068500936022 17.345977002754807 2.7717937864363194 33.36358767747879 5.3918165564537048 4.8893399313092258 20.073306662961841 1.8909889273345468
leaf_count=3520 5428 68 297 183 699 159 1850 270 291 1205 101
internal_value=-0.00124232 0.0346193 0.137998 0.00483539 0.193204 0.116932 -0.0037206 0.0441079 -0.0415739 -0.0275095 0.0327553
internal_weight=244.477 130.397 30.9526 99.4448 18.8255 6.1538 93.291 12.127 114.079 26.8536 6.78033
internal_count=14071 7046 1334 5712 767 342 5370 567 7025 1597 392
cat_boundaries=0 1
cat_threshold=11
is_linear=0
shrinkage=0.05


Tree=3
num_leaves=11
num_cat=1
split_feature=0 4 39 34 37 37 33 43 43 32
split_gain=154.407 149.232 42.4438 40.3643 36.4413 27.7894 22.0928 4.4824 16.2924 32.4204
threshold=0 0.80926549319045582 17.750000000000004 22.450000000000003 62.500000000000007 67.500000000000014 35.750000000000007 24.200000000000006 27.300000000000001 27.065178500000005
decision_type=1 2 2 2 2 2 2 2 2 2
left_child=1 4 -3 -4 6 -6 -1 -2 9 -9
right_child=7 2 3 -5 5 -7 -8 8 -10 -11
leaf_value=-0.028314963931568061 -0.050187609700478031 -0.039796648116423541 -0.03764744171875406 0.14702719041929233 0.071949282529389008 -0.029814364084805652 0.072170688743657535 -0.041737868560146107 -0.048268847961865931 0.15575554018907911
leaf_weight=56.674312217161059 83.237385189160705 3.5034889318048945 2.8333974508568636 34.491632426157594 24.232791811227798 8.5009799133986217 5.0861527808010569 4.5866095358505872 18.879422991536558 2.3883187267929316
leaf_count=3421 5438 165 159 1282 1350 461 224 284 1189 107
internal_value=0.00138725 0.0357641 0.117018 0.132392 0.00354379 0.0454208 -0.0190216 -0.040741 -0.0247625 0.0369378
internal_weight=244.414 135.323 40.8285 37.325 94.4942 32.7338 61.7605 109.092 25.8544 6.97493
internal_count=14080 7062 1606 1441 5456 1811 3645 7018 1580 391
cat_boundaries=0 1
cat_threshold=11
is_linear=0
shrinkage=0.05


Tree=4
num_leaves=12
num_cat=2
split_feature=0 4 37 5 1 37 39 33 43 43 5
split_gain=129.927 101.178 46.5288 40.3521 86.5435 51.3949 27.5864 16.0007 4.62458 15.7922 29.5523
threshold=0 0.80417553764032002 62.500000000000007 0.33222858587828868 1 26.500000000000004 23.450000000000003 35.750000000000007 24.200000000000006 27.300000000000001 -0.77243990499604276
decision_type=1 2 2 2 1 2 2 2 2 2 2
left_child=1 2 7 4 -3 -5 -4 -1 -2 10 -10
right_child=8 3 6 5 -6 -7 -8 -9 9 -11 -12
leaf_value=-0.031400729114204051 -0.050118002209241654 -0.020047376072232403 0.074489558813973289 -0.035672380107417058 0.13815969238064005 0.21355980819784276 -0.025383404034233045 0.05381046258800827 0.14466604345242248 -0.048109557562646038 -0.041563002543115297
leaf_weight=55.613474970683455 79.102841019630432 16.495607427321374 25.303365064784884 2.2320147901773444 16.662823626771569 9.9085209704935533 8.8104813834652287 5.1940332427620879 2.5786298075690866 17.95806201081723 4.4719066563993719
leaf_count=3451 5427 617 1327 90 615 276 477 216 111 1183 276
internal_value=-0.000271476 0.0302193 0.00277208 0.0929584 0.0611723 0.168511 0.0487074 -0.0233693 -0.0402773 -0.023907 0.0360569
internal_weight=244.332 140.22 94.9214 45.299 33.1584 12.1405 34.1138 60.8075 104.111 25.0086 7.05054
internal_count=14066 7069 5471 1598 1232 366 1804 3667 6997 1570 387
cat_boundaries=0 1 2
cat_threshold=11 1
is_linear=0
shrinkage=0.05


Tree=5
num_leaves=11
num_cat=1
split_feature=0 4 34 34 39 34 35 43 43 32
split_gain=116.985 86.3879 35.1453 46.6568 27.392 24.5694 9.91757 4.65733 14.6112 24.6523
threshold=0 0.81925054981890411 23.550000000000004 24.450000000000003 17.750000000000004 22.450000000000003 88.145833500000023 24.200000000000006 27.300000000000001 27.065178500000005
decision_type=1 2 2 2 2 2 2 2 2 2
left_child=1 2 6 -4 -3 -6 -1 -2 9 -9
right_child=7 4 3 -5 5 -7 -8 8 -10 -11
leaf_value=-0.037659986259988919 -0.050049239411321979 -0.040043923916922741 0.063441642536255338 -0.033140697578909965 -0.037626133858383065 0.104054340487855 0.044473819190166852 -0.041384054969952087 -0.047959161859562657 0.12358426601801559
leaf_weight=40.609121944755316 75.190727369859815 3.5934517513960591 33.96184528619051 18.684788852930069 2.80910734925419 41.257896451279521 3.1976409554481497 4.3953961096704033 17.176876353099942 3.0059289541095495
leaf_count=2459 5416 166 1843 1046 147 1226 158 287 1186 107
internal_value=-0.000645362 0.0274328 0.00190199 0.0291849 0.0836378 0.0943882 -0.0308059 -0.0398419 -0.023456 0.0323504
internal_weight=243.883 144.114 96.4534 52.6466 47.6605 44.067 43.8068 99.7689 24.5782 7.40133
internal_count=14041 7045 5506 2889 1539 1373 2617 6996 1580 394
cat_boundaries=0 1
cat_threshold=11
is_linear=0
shrinkage=0.05


Tree=6
num_leaves=12
num_cat=0
split_feature=4 37 39 4 34 34 5 39 2 4 36
split_gain=67.128 24.0555 19.1771 18.5541 32.8492 17.724 23.3749 13.3406 15.2339 6.89196 3.62706
threshold=0.81925054981890411 58.500000000000007 17.750000000000004 -0.082689790342551792 23.750000000000004 22.450000000000003 0.31595530242620651 24.800000000000001 4.5000000000000009 0.78325454425165997 87.500000000000014
decision_type=2 2 2 2 2 2 2 2 2 2 2
left_child=1 7 -2 4 -3 -4 -7 10 -9 -5 -1
right_child=2 3 5 9 -6 6 -8 8 -10 -11 -12
leaf_value=0.0024920293987598183 -0.043320462596210141 -0.024504845557763937 -0.041642963410123593 -0.048400907587530968 0.040822688284207917 0.034058131881395087 0.10344141359360821 0.09171594222996482 -0.040038096262581584 0.056555588122757974 -0.047763890724405199
leaf_weight=3.6921162893995634 5.6652207970619193 35.043998793698847 4.5227175392210475 20.018822794780139 40.401625381782651 45.145523652434349 16.591866863891482 3.2062855223193756 3.7253438169136643 0.86707563139498134 65.798306087963283
leaf_count=220 332 2143 288 1302 2313 1958 495 165 250 41 4576
internal_value=-0.000873062 -0.0177673 0.0393915 -0.00107738 0.0105549 0.0470022 0.0540564 -0.0385196 0.0247855 -0.0416586 -0.0450963
internal_weight=244.679 172.754 71.9253 96.3315 75.4456 66.2601 61.7374 76.4221 6.93163 20.8859 69.4904
internal_count=14083 11010 3073 5799 4456 2741 2453 5211 415 1343 4796
is_linear=0
shrinkage=0.05


Tree=7
num_leaves=11
num_cat=1
split_feature=0 38 44 34 40 5 33 30 5 4
split_gain=108.258 60.6246 37.3168 34.4607 28.025 31.3275 15.6891 4.30906 9.01696 15.3754
threshold=0 8.3011905000000024 44.100000000000001 22.450000000000003 51.000000000000007 0.67007489853957602 37.100000000000009 23.050000000000004 -0.78858226040708135 -0.452744437932114
decision_type=1 2 2 2 2 2 2 2 2 2
left_child=1 4 3 -3 -1 -6 -4 -2 9 -9
right_child=7 2 6 -5 5 -7 -8 8 -10 -11
leaf_value=-0.048919865897561823 -0.048266931530902904 -0.042852390601056195 -0.02446732935543389 0.082947284207596755 0.0034213451450981363 0.167355809432954 0.070409309719046423 0.11478178642737075 -0.04541119882578154 -0.037694560446253494
leaf_weight=26.55340731702745 81.873017556965351 5.3689901717007151 17.673160336911682 60.108128743246198 32.097553893923759 2.210385679267346 4.6846267469227305 2.0097068399190903 8.4660047749057394 2.8820895897224537
leaf_count=1827 6185 341 826 2046 1767 120 94 55 577 208
internal_value=-0.000771503 0.0253093 0.0533483 0.0721425 -0.0112735 0.018424 -0.00242453 -0.0398261 -0.0160705 0.0337971
internal_weight=243.927 148.696 87.8349 65.4771 60.8613 34.3079 22.3578 95.2308 13.3578 4.8918
internal_count=14046 7021 3307 2387 3714 1887 920 7025 840 263
cat_boundaries=0 1
cat_threshold=11
is_linear=0
shrinkage=0.05


Tree=8
num_leaves=15
num_cat=2
split_feature=0 4 1 35 5 43 5 32 4 5 43 40 34 5
split_gain=100.378 70.2033 23.4249 44.876 23.0099 22.9697 54.2237 28.8188 20.76 40.7589 25.2063 20.6955 18.519 29.618
threshold=0 0.75580964594513067 1 86.669643000000022 -0.95242240592625282 0.65000000000000002 0.08054732823231521 29.217262000000002 -0.43733984355855576 -0.62587551141915865 25.800000000000004 115.65000000000002 25.950000000000003 -0.23537842981696172
decision_type=1 2 1 2 2 2 2 2 2 2 2 2 2 2
left_child=1 2 4 -4 -1 7 -7 -3 9 10 -2 -11 -10 -14
right_child=8 5 3 -5 -6 6 -8 -9 12 11 -12 -13 13 -15
leaf_value=0.062029800837055608 0.016811814935813563 -0.045538348588563787 -0.014823820709129236 0.10699616808185558 -0.049052243790810586 0.044883262181382527 0.17496029484554773 0.084997297002880723 -0.050175946467605162 -0.048951686420266941 0.16069404957746125 0.057941757079579749 -0.04072392234344277 0.16409588265629993
leaf_weight=4.7596741216257241 8.615527260117231 6.813571016304194 19.822571415454153 11.021685712970791 25.56953901052475 19.152541060000658 14.08429194241762 8.4137207642197591 84.072737570852041 27.312719298526648 3.9502311591058961 4.5175474211573592 4.0172308431938291 1.7923286017030466
leaf_count=261 566 228 1239 519 1474 564 253 160 6095 1950 134 266 269 93
internal_value=-0.000425782 0.0333194 0.000507936 0.0306995 -0.0301962 0.0806238 0.103504 0.0273813 -0.0283858 -0.00240399 0.0705546 -0.0324779 -0.0441749 0.0372841
internal_weight=243.916 109.638 61.1735 30.8443 30.3292 48.4641 33.2368 15.2273 134.278 44.396 12.5658 31.8303 89.8823 5.80956
internal_count=14071 4698 3493 1758 1735 1205 817 388 9373 2916 700 2216 6457 362
cat_boundaries=0 1 2
cat_threshold=9 1
is_linear=0
shrinkage=0.05


Tree=9
num_leaves=13
num_cat=2
split_feature=0 4 40 4 39 37 5 30 43 1 43 43
split_gain=99.1655 47.2309 31.8252 17.6649 15.5383 22.6705 14.624 3.31645 8.37864 10.1595 0.364987 2.2916
threshold=0 0.82899317702918729 117.80000000000003 -0.98523971305672664 17.750000000000004 42.500000000000007 0.83730377313544024 24.200000000000006 27.300000000000001 1 25.800000000000004 27.300000000000001
decision_type=1 2 2 2 2 2 2 2 2 1 2 2
left_child=1 2 6 -4 -3 -6 -1 10 9 -9 -2 -12
right_child=7 4 3 -5 5 -7 -8 8 -10 -11 11 -13
leaf_value=0.0044739913945500438 -0.04987996693818899 -0.038633493343393846 0.18765796454690067 0.028945950793666055 0.051866599027932628 0.14430727301804017 -0.047607351527300196 -0.035581610884399338 -0.045411579566577182 0.093886668148359886 0.0092180429702738015 -0.044051395129823638
leaf_weight=73.760421711020172 67.033812256529927 3.0934749841690055 2.3502847868949175 4.6299731228500596 46.622563015669584 7.4095373041927806 15.456500171683727 2.1885166969150296 8.5871434388682228 2.1000689445063472 2.3260560473427159 6.6946142455562949
leaf_count=4069 5556 154 79 215 1118 203 1176 90 648 84 124 547
internal_value=-0.000375969 0.0235398 0.00352582 0.0992039 0.060652 0.0669351 -0.00497659 -0.0396235 -0.0185767 0.0335822 -0.0480416 -0.0307663
internal_weight=242.253 153.323 96.1972 6.98026 57.1256 54.0321 89.2169 88.9302 12.8757 4.28859 76.0545 9.02067
internal_count=14063 7014 5539 294 1475 1321 5245 7049 822 174 6227 671
cat_boundaries=0 1 2
cat_threshold=11 1
is_linear=0
shrinkage=0.05


Tree=10
num_leaves=9
num_cat=2
split_feature=0 34 35 34 5 5 4 1
split_gain=94.0878 43.0471 41.3364 21.8043 18.2525 4.39701 14.885 16.6534
threshold=0 22.450000000000003 68.148809500000013 24.450000000000003 -0.4831374111459158 -0.78858226040708135 -0.43733984355855576 1
decision_type=1 2 2 2 2 2 2 1
left_child=1 -1 4 -4 -3 6 7 -2
right_child=5 2 3 -5 -6 -7 -8 -9
leaf_value=-0.047923405738065999 -0.038823942194900728 -0.038031858265715958 0.029238888164007895 -0.024919605163547517 0.083981165991971599 -0.049829594557386059 -0.047506962956544344 0.10645232173484852
leaf_weight=17.161663066595793 3.0315747410059002 2.7595493160188189 75.310688980855048 23.721537999808788 38.987667851150036 63.127598324790597 15.474412358365951 3.118477682583034
leaf_count=1277 142 87 3577 1207 887 5351 1377 139
internal_value=0.0010827 0.0234404 0.0340699 0.0161467 0.0752149 -0.0386018 -0.0221331 0.0394263
internal_weight=242.693 157.941 140.779 99.0322 41.7472 84.7521 21.6245 6.15005
internal_count=14044 7035 5758 4784 974 7009 1658 281
cat_boundaries=0 1 2
cat_threshold=11 1
is_linear=0
shrinkage=0.05


Tree=11
num_leaves=9
num_cat=2
split_feature=0 34 35 7 39 5 4 1
split_gain=79.5714 35.7709 32.6927 17.7245 17.6876 4.24788 13.2785 13.8232
threshold=0 22.450000000000003 66.50892850000001 28.352083000000004 18.150000000000002 -0.77788789561442695 -0.43733984355855576 1
decision_type=1 2 2 2 2 2 2 1
left_child=1 -1 3 -3 -4 6 7 -2
right_child=5 2 4 -5 -6 -7 -8 -9
leaf_value=-0.047742155941426383 -0.038854763128561391 -0.030246701652560128 -0.023996885390174919 0.078270421741698931 0.024737692139045336 -0.049750674949359169 -0.047413283553988002 0.089246289325884284
leaf_weight=16.239137912169099 3.0740205785259631 3.6788398008793584 23.113838312216103 34.896419459022582 82.271493612788618 59.59923118725419 15.112681643106042 3.618873156607151
leaf_count=1266 156 163 1355 649 3568 5315 1408 154
internal_value=-0.0008183 0.0194297 0.0286243 0.0674186 0.0139238 -0.0381461 -0.0223644 0.0330074
internal_weight=241.605 160.2 143.961 38.5753 105.385 81.4048 21.8056 6.69289
internal_count=14034 7001 5735 812 4923 7033 1718 310
cat_boundaries=0 1 2
cat_threshold=11 1
is_linear=0
shrinkage=0.05


Tree=12
num_leaves=12
num_cat=3
split_feature=0 38 43 35 44 34 1 5 30 43 1
split_gain=75.5368 33.2928 23.1256 23.4105 21.1725 20.9837 17.9754 15.3121 4.50926 7.82358 8.56766
threshold=0 8.1580355000000022 27.150000000000002 88.610119000000012 44.100000000000001 22.450000000000003 1 -0.95242240592625282 23.050000000000004 27.300000000000001 2
decision_type=1 2 2 2 2 2 1 2 2 2 1
left_child=1 2 3 -1 5 -3 -4 -6 -2 10 -10
right_child=8 4 6 -5 7 -7 -8 -9 9 -11 -12
leaf_value=-0.037645880845680608 -0.048291032449568401 -0.042647695751374656 0.097928007234424519 0.13085615691681116 0.084528888323881168 0.054211328129099116 -0.012870449092069306 -0.021024217254934169 -0.035553295839777156 -0.044593595643526301 0.076681800212157369
leaf_weight=40.803712799213827 65.237690080888569 5.2957579810172311 6.3872682740911824 1.2022666838020075 3.0607898840680745 77.889365243725479 6.8509349878877401 21.418182982131839 2.2203012350946647 7.4104679580777884 2.8917315993458033
leaf_count=2745 6133 403 329 47 146 2203 330 792 111 639 111
internal_value=-0.000715285 0.0184979 -0.0117911 -0.0298925 0.0357075 0.0476117 0.0437117 -0.00502653 -0.0381906 -0.0141335 0.0300935
internal_weight=240.668 162.908 55.2442 42.006 107.664 83.1851 13.2382 24.479 77.7602 12.5225 5.11203
internal_count=13989 6995 3451 2792 3544 2606 659 938 6994 861 222
cat_boundaries=0 1 2 3
cat_threshold=11 1 1
is_linear=0
shrinkage=0.05


Tree=13
num_leaves=10
num_cat=1
split_feature=0 34 44 5 40 5 11 5 14
split_gain=76.7654 32.4505 24.8026 20.8044 5.17466 3.07525 5.87066 7.76966 1.04612
threshold=0 22.450000000000003 31.850000000000005 -0.39827153806311177 117.15000000000002 -0.78858226040708135 97.500000000000014 -0.88620506325989179 25.100000000000005
decision_type=1 2 2 2 2 2 2 2 2
left_child=1 -1 4 -4 -3 6 8 -8 -2
right_child=5 2 3 -5 -6 -7 7 -9 -10
leaf_value=-0.047480795208740607 -0.046757777097475452 -0.046905791085571885 0.0079904549354427347 0.047889041702608853 0.062381574154204346 -0.049631518529426877 -0.038688685949388818 0.05480820291222175 0.0063999304009414119
leaf_weight=15.088664568029342 12.160776508040726 11.668101962655779 52.160020872019231 88.584540423005819 0.32973560784012157 54.844018083065748 3.2761275069788098 3.6839695591479531 0.75420191138982851
leaf_count=1277 1140 745 2503 2525 12 5359 337 136 52
internal_value=0.00063744 0.0192345 0.0273421 0.0332633 -0.039334 -0.0383168 -0.024568 0.0114675 -0.0434167
internal_weight=242.55 167.831 152.742 140.745 11.9978 74.7191 19.8751 6.9601 12.915
internal_count=14086 7062 5785 5028 757 7024 1665 473 1192
cat_boundaries=0 1
cat_threshold=11
is_linear=0
shrinkage=0.05


Tree=14
num_leaves=11
num_cat=3
split_feature=0 34 2 0 40 30 5 1 43 43
split_gain=64.9657 28.658 22.542 28.5548 16.7877 5.73619 9.20047 10.1204 0.62471 3.98921
threshold=0 22.450000000000003 3.5000000000000004 1 1.7500000000000002 23.050000000000004 -0.78858226040708135 2 25.800000000000004 26.400000000000002
decision_type=1 2 2 1 2 2 2 1 2 2
left_child=1 -1 3 -3 -4 8 7 -7 -2 -10
right_child=5 2 4 -5 -6 6 -8 -9 9 -11
leaf_value=-0.047270848250059026 -0.049548616750901942 0.062306501233974576 0.071850650842270367 -0.024566864843591621 0.00497490712045651 -0.0352957149856497 -0.044064663209537676 0.087575131036903037 0.056227913286399214 -0.038031322346630952
leaf_weight=14.221021980978547 52.375583630055189 39.73822411056608 9.4179283808916789 9.944008822552858 96.642359111458063 2.1752228820696473 6.7362224059179407 2.9415255887433887 0.40436005592346091 7.0077759362757206
leaf_count=1266 5476 731 190 361 4487 127 594 134 11 675
internal_value=0.000756475 0.0174708 0.0247609 0.0522233 0.011529 -0.0360362 -0.00838609 0.0381098 -0.0472179 -0.0268163
internal_weight=241.604 169.964 155.743 49.6822 106.06 71.6407 11.853 5.11675 59.7877 7.41214
internal_count=14052 7035 5769 1092 4677 7017 855 261 6162 686
cat_boundaries=0 1 2 3
cat_threshold=11 9 1
is_linear=0
shrinkage=0.05


Tree=15
num_leaves=11
num_cat=2
split_feature=0 31 34 40 5 4 1 39 9 9
split_gain=54.6435 27.8234 17.6022 15.0912 5.46789 13.9369 12.3471 2.05471 5.26509 0.429561
threshold=0 30.050000000000001 22.450000000000003 117.80000000000003 -0.77788789561442695 -0.43733984355855576 1 17.850000000000005 23.850000000000005 25.450000000000003
decision_type=1 2 2 2 2 2 1 2 2 2
left_child=1 7 -3 -4 5 6 -2 9 -9 -1
right_child=4 2 3 -5 -6 -7 -8 8 -10 -11
leaf_value=-0.04719864448988112 -0.037724158825007494 -0.045022435292457932 0.022984140456247019 0.093211615479312143 -0.049488823554899024 -0.046818578336730303 0.083901672493109467 0.019727113307795668 -0.043778151756330042 -0.0098867578784947278
leaf_weight=13.150381395593287 2.7464660946279791 8.0602542860433442 130.87589060887694 7.2905773986130944 49.730467516928911 12.830913207493721 4.1450348300859332 5.3596748728305084 5.9092785529792309 1.4635549541562785
leaf_count=966 151 710 4351 252 5356 1410 154 338 306 100
internal_value=-0.00140634 0.0137986 0.0230659 0.027333 -0.0356456 -0.0172373 0.0367921 -0.0323348 -0.0144281 -0.0443345
internal_weight=241.562 172.11 146.227 138.166 69.4529 19.7224 6.8915 25.8829 11.269 14.6139
internal_count=14094 7023 5313 4603 7071 1715 305 1710 644 1066
cat_boundaries=0 1 2
cat_threshold=11 1
is_linear=0
shrinkage=0.05


Tree=16
num_leaves=15
num_cat=3
split_feature=0 4 5 4 5 1 43 4 5 32 5 31 1 40
split_gain=58.2833 27.6836 21.4127 52.9967 17.3949 38.1479 27.8506 16.9557 32.0859 22.4226 33.6343 16.1907 14.8445 13.905
threshold=0 0.57782244426053786 -0.93543596745397617 -0.065535378769913832 -0.013976481981245098 1 4.2500000000000009 -0.43733984355855576 -0.62587551141915865 30.423512000000006 -0.23537842981696172 41.95000000000001 2 115.65000000000002
decision_type=1 2 2 2 2 1 2 2 2 2 2 2 1 2
left_child=1 2 3 -1 5 -3 -6 8 11 -9 -11 -2 -4 -10
right_child=7 4 12 -5 6 -7 -8 9 13 10 -12 -13 -14 -15
leaf_value=0.1485958897097753 0.089708574438895239 -0.048646488591462436 -0.048721973314500205 -0.044206702579791327 0.040953203312569492 0.06381816960428438 0.13765525028330614 -0.050016089238519218 -0.048460160827562972 -0.041378966207986714 0.16615164317317282 -0.028227272917152237 0.008738860099276614 0.042244901763675992
leaf_weight=6.00683459546417 9.9542974233627302 13.05399408377707 21.054147518239915 6.5431398376822454 36.834427589550614 15.321122571825981 8.9089880622923356 66.465505789965391 22.098210481926802 4.2180452086031437 2.2165570165961972 3.4205699414014807 22.399156820960343 4.3581736851483575
leaf_count=247 493 381 1247 364 691 396 153 6055 1999 297 100 214 1233 261
internal_value=7.44147e-05 0.0220311 -0.00284738 0.0522311 0.0435495 0.012184 0.0623289 -0.0249809 -0.000858992 -0.041351 0.0428428 0.0596815 -0.019572 -0.0325239
internal_weight=242.853 130.122 56.0033 12.55 74.1185 28.3751 45.7434 112.731 39.8313 72.9001 6.4346 13.3749 43.4533 26.4564
internal_count=14131 4712 3091 611 1621 777 844 9419 2967 6452 397 707 2480 2260
cat_boundaries=0 1 2 3
cat_threshold=9 1 1
is_linear=0
shrinkage=0.05


Tree=17
num_leaves=9
num_cat=2
split_feature=0 44 34 43 43 43 1 27
split_gain=47.1066 22.9304 17.2612 15.9934 4.66383 9.21369 9.36222 2.03367
threshold=0 31.850000000000005 22.450000000000003 35.100000000000001 24.200000000000006 27.300000000000001 1 65.000000000000014
decision_type=1 2 2 2 2 2 1 2
left_child=1 7 -3 -4 -2 6 -6 -1
right_child=4 2 3 -5 5 -7 -8 -9
leaf_value=-0.047598519762555455 -0.049354352904480488 -0.04559816768543809 0.025783020703643161 -0.045506327671947684 -0.038865568267353101 -0.046278971321589119 0.06091153546662216 0.030016998819911763
leaf_weight=14.988657015375789 45.562121420633048 9.1537830438464862 143.12092105485499 7.4275209112092844 3.1061300877481726 11.009200288914142 4.7331186356022954 0.24460617918521244
leaf_count=1186 5436 850 4679 299 192 1199 201 10
internal_value=-0.00215728 0.01154 0.0178552 0.0219888 -0.0353291 -0.0184472 0.0214527 -0.0445799
internal_weight=239.346 174.935 159.702 150.548 64.4106 18.8484 7.83925 15.2333
internal_count=14052 7024 5828 4978 7028 1592 393 1196
cat_boundaries=0 1 2
cat_threshold=11 1
is_linear=0
shrinkage=0.05


Tree=18
num_leaves=15
num_cat=2
split_feature=0 33 40 39 5 38 4 5 40 37 19 5 0 4
split_gain=50.6161 28.4418 23.9438 25.9597 22.7326 20.3553 18.4448 23.4339 19.4419 16.344 14.9546 20.467 13.1284 1.78132
threshold=0 34.550000000000004 51.650000000000013 21.850000000000005 0.31595530242620651 12.172619000000003 -0.43733984355855576 -0.62587551141915865 115.65000000000002 42.500000000000007 30.368750000000002 -0.21862536810265823 1 0.98522604642031408
decision_type=1 2 2 2 2 2 2 2 2 2 2 2 1 2
left_child=1 2 13 -4 9 -6 7 12 -9 -3 -8 -12 -2 -1
right_child=6 4 3 -5 5 -7 10 8 -10 -11 11 -13 -14 -15
leaf_value=-0.046430852541136727 0.060310702346197356 0.0028893507383673418 0.046937638155902642 -0.032533970111019689 0.091247129232046767 -0.039798464407950269 -0.049925829875883621 -0.04824266317312427 0.058035282132151478 0.084127131582303796 -0.041439182492002596 0.11408087129547904 -0.019232337342126628 0.025030718915016206
leaf_weight=21.218062974512581 7.0175176626071334 32.591915272176266 27.999969793483615 15.050258054397998 25.329788457602266 2.773473694920539 61.355227457825094 20.301229055970911 4.4940590299665919 6.6658666543662539 4.2272207979112864 2.6190702794119707 6.4142646770924312 0.31376147456467052
leaf_count=1533 337 580 1257 654 444 41 6035 1977 260 158 304 111 337 6
internal_value=-0.000164307 0.0198303 -0.00243524 0.0190467 0.0438013 0.0773913 -0.0244738 0.00109499 -0.0274771 0.0184304 -0.0421505 0.0250124 0.0520887 -0.0443248
internal_weight=238.372 131.943 64.5821 43.0502 67.361 28.1033 106.429 38.2271 24.7953 39.2578 68.2015 6.84629 13.4318 21.5318
internal_count=14034 4673 3450 1911 1223 485 9361 2911 2237 738 6450 415 674 1539
cat_boundaries=0 1 2
cat_threshold=9 6
is_linear=0
shrinkage=0.05


Tree=19
num_leaves=11
num_cat=0
split_feature=44 34 44 39 26 43 26 33 22 22
split_gain=24.9407 14.3374 16.4723 14.894 12.1186 10.2703 9.34419 4.71856 1.06634 0.617949
threshold=33.650000000000006 22.450000000000003 44.100000000000001 24.950000000000003 28.000000000000004 30.300000000000004 16.250000000000004 33.150000000000013 88.805555500000011 88.930555500000011
decision_type=2 2 2 2 2 2 2 2 2 2
left_child=5 -2 3 -3 -4 8 -7 -8 -1 -10
right_child=1 2 4 -5 -6 6 7 -9 9 -11
leaf_value=-0.049035805058482144 -0.04623990614114995 0.010838491241896838 -0.028116223160543803 0.053234481916578494 0.055431527454688795 -0.036045306616376498 0.11080944563976347 -0.018869486038388644 0.028400945289511342 -0.018575147463294816
leaf_weight=30.733284770511094 10.878950850106774 127.90275226114318 34.812381257303059 23.93233214924112 3.999819938093423 2.451904251240193 1.782492231577635 0.59333066176623095 0.27224193513393302 0.57668091077357531
leaf_count=3141 1240 6454 1883 742 131 205 97 52 20 43
internal_value=0.000209023 0.0071365 0.0104077 0.0178256 -0.0183301 -0.0372999 0.0263973 0.0824276 -0.0475481 0.00370258
internal_weight=237.936 201.526 190.647 151.835 38.8122 36.4099 4.82773 2.37582 31.5822 0.848923
internal_count=14008 10450 9210 7196 2014 3558 354 149 3204 63
is_linear=0
shrinkage=0.05


Tree=20
num_leaves=8
num_cat=2
split_feature=0 34 43 43 5 4 1
split_gain=43.0705 18.9432 14.365 18.3381 5.94254 11.8379 10.4982
threshold=0 22.450000000000003 35.100000000000001 27.150000000000002 -0.77788789561442695 -0.43733984355855576 1
decision_type=1 2 2 2 2 2 1
left_child=1 -1 3 -3 5 6 -2
right_child=4 2 -4 -5 -6 -7 -8
leaf_value=-0.046470716194138242 -0.037462252993116667 0.013322881363545695 -0.04563500498091666 0.060508245538748867 -0.049241318740693873 -0.045986031396411706 0.073608318838838449
leaf_weight=11.55789797240868 2.6665000002831247 136.07921255193651 7.7000652123242608 23.493698707781732 41.716695107985288 10.453193608671425 4.536968307569623
leaf_count=1271 151 4548 337 875 5326 1394 148
internal_value=-0.000134375 0.0122623 0.0173013 0.0206035 -0.033534 -0.0137471 0.0329387
internal_weight=238.204 178.831 167.273 159.573 59.3734 17.6567 7.20347
internal_count=14050 7031 5760 5423 7019 1693 299
cat_boundaries=0 1 2
cat_threshold=11 1
is_linear=0
shrinkage=0.05


Tree=21
num_leaves=8
num_cat=2
split_feature=0 5 43 43 5 4 1
split_gain=39.5639 17.8849 13.237 25.5313 6.87006 12.6687 9.15772
threshold=0 0.83730377313544024 35.100000000000001 34.250000000000007 -0.77788789561442695 -0.43733984355855576 1
decision_type=1 2 2 2 2 2 1
left_child=1 2 3 -1 5 6 -2
right_child=4 -3 -4 -5 -6 -7 -8
leaf_value=0.016227523016733345 -0.036119102752836016 -0.046392009734585508 -0.04526195976500548 0.13761400473978597 -0.049165676881452014 -0.045807435860485433 0.069026992352743566
leaf_weight=160.92773638758808 2.364243512973192 11.10049957083538 7.3272226732224217 3.4783108271658412 39.833514615427703 10.045230373274533 5.1370030539110303
leaf_count=5513 141 1171 340 73 5348 1402 151
internal_value=0.000390673 0.0118952 0.0165982 0.0196121 -0.0323407 -0.0109912 0.0355366
internal_weight=240.214 182.834 171.733 164.406 57.38 17.5465 7.50125
internal_count=14139 7097 5926 5586 7042 1694 292
cat_boundaries=0 1 2
cat_threshold=11 1
is_linear=0
shrinkage=0.05


Tree=22
num_leaves=9
num_cat=2
split_feature=0 44 34 44 43 43 1 27
split_gain=38.0972 19.1497 13.878 13.2294 5.70476 9.37385 8.51184 1.79933
threshold=0 31.850000000000005 22.450000000000003 43.750000000000007 24.200000000000006 27.300000000000001 1 75.600000000000009
decision_type=1 2 2 2 2 2 1 2
left_child=1 7 -3 -4 -2 6 -6 -1
right_child=4 2 3 -5 5 -7 -8 -9
leaf_value=-0.047082446805252087 -0.049083095721938877 -0.044787113605375822 0.026966194217994052 -0.0087398747875381023 -0.037837808313301552 -0.045566014029914836 0.057966004769657048 0.025282398552383401
leaf_weight=13.000784580595788 37.959700901992619 7.8299089325591913 128.35389956459403 31.930934662930667 2.8176363836973923 9.3953938130289298 5.2907506143674254 0.31296709179878313
leaf_count=1159 5438 852 3877 1104 202 1207 202 5
internal_value=5.53489e-05 0.0113232 0.0165858 0.019843 -0.0325854 -0.0136987 0.0241754 -0.0437339
internal_weight=236.892 181.428 168.115 160.285 55.4635 17.5038 8.10839 13.3138
internal_count=14046 6997 5833 4981 7049 1611 404 1164
cat_boundaries=0 1 2
cat_threshold=11 1
is_linear=0
shrinkage=0.05


Tree=23
num_leaves=12
num_cat=2
split_feature=0 38 43 44 4 33 5 26 43 43 1
split_gain=34.2029 17.1649 16.4472 16.3765 20.9168 12.8472 10.8959 9.86356 5.80156 8.95532 7.88347
threshold=0 8.3011905000000024 21.050000000000001 44.100000000000001 -0.59869031648930193 31.150000000000002 -0.95242240592625282 14.65 24.200000000000006 27.300000000000001 1
decision_type=1 2 2 2 2 2 2 2 2 2 1
left_child=1 2 5 4 -3 -1 -5 -4 -2 10 -10
right_child=8 3 7 6 -6 -7 -8 -9 9 -11 -12
leaf_value=0.044606664553368695 -0.04900874387474069 0.10552789192622188 -0.036134795849787904 0.053394892242489514 0.023167381531935941 -0.045801586691531365 -0.026311383616972678 0.033373199321976271 -0.037479559950525959 -0.045296154133927874 0.055126334677468608
leaf_weight=3.7064365837723008 36.318308709189296 7.588312240317463 5.7714266134426024 4.2396619115024832 89.725897016003728 29.192954215686768 23.351805649697781 20.772858063690364 2.7154028047807532 8.8770266887731832 5.4437915654852986
leaf_count=237 5458 252 325 151 2123 2255 787 886 192 1190 193
internal_value=-0.000436169 0.010014 -0.0114321 0.0210255 0.0305977 -0.0346008 -0.0126247 0.0174971 -0.0320155 -0.0128309 0.0235797
internal_weight=237.704 184.349 59.4437 124.906 97.3142 32.8994 27.5915 26.5443 53.3545 17.0362 8.15919
internal_count=14049 7016 3703 3313 2375 2492 938 1211 7033 1575 385
cat_boundaries=0 1 2
cat_threshold=11 1
is_linear=0
shrinkage=0.05


end of trees

feature_importances:
day_of_year_cos=35
rain_max_daily_7d=31
day_of_year_sin=27
age_group=24
temperature_min_7d=22
gender=16
wind_speed_max_7d=13
precipitation_sum_7d=11
wind_gust_max_7d=10
temperature_max_7d=9
humidity_min_7d=9
humidity_mean_7d=7
rain_max_daily_3d=5
temperature_mean_7d=5
wind_speed_mean_7d=5
wind_speed_max_3d=3
month=2
temperature_mean_current=2
temperature_min_current=2
temperature_max_3d=2
humidity_mean_3d=2
precipitation_sum_3d=2
wind_gust_max_3d=2
humidity_max_current=1
wind_speed_max_current=1
temperature_mean_3d=1
humidity_max_7d=1

parameters:
[boosting: gbdt]
[objective: binary]
[metric: binary_logloss]
[tree_learner: serial]
[device_type: cpu]
[data_sample_strategy: bagging]
[data: ]
[valid: ]
[num_iterations: 24]
[learning_rate: 0.05]
[num_leaves: 15]
[num_threads: 8]
[seed: 42]
[deterministic: 0]
[force_col_wise: 0]
[force_row_wise: 0]
[histogram_pool_size: -1]
[max_depth: 4]
[min_data_in_leaf: 20]
[min_sum_hessian_in_leaf: 0.001]
[bagging_fraction: 0.9]
[pos_bagging_fraction: 1]
[neg_bagging_fraction: 1]
[bagging_freq: 1]
[bagging_seed: 400]
[bagging_by_query: 0]
[feature_fraction: 0.9]
[feature_fraction_bynode: 1]
[feature_fraction_seed: 30056]
[extra_trees: 0]
[extra_seed: 12879]
[early_stopping_round: 0]
[early_stopping_min_delta: 0]
[first_metric_only: 0]
[max_delta_step: 0]
[lambda_l1: 0]
[lambda_l2: 1]
[linear_lambda: 0]
[min_gain_to_split: 0]
[drop_rate: 0.1]
[max_drop: 50]
[skip_drop: 0.5]
[xgboost_dart_mode: 0]
[uniform_drop: 0]
[drop_seed: 17869]
[top_rate: 0.2]
[other_rate: 0.1]
[min_data_per_group: 100]
[max_cat_threshold: 32]
[cat_l2: 10]
[cat_smooth: 10]
[max_cat_to_onehot: 4]
[top_k: 20]
[monotone_constraints: ]
[monotone_constraints_method: basic]
[monotone_penalty: 0]
[feature_contri: ]
[forcedsplits_filename: ]
[refit_decay_rate: 0.9]
[cegb_tradeoff: 1]
[cegb_penalty_split: 0]
[cegb_penalty_feature_lazy: ]
[cegb_penalty_feature_coupled: ]
[path_smooth: 0]
[interaction_constraints: ]
[verbosity: -1]
[saved_feature_importance_type: 0]
[use_quantized_grad: 0]
[num_grad_quant_bins: 4]
[quant_train_renew_leaf: 0]
[stochastic_rounding: 1]
[linear_tree: 0]
[max_bin: 255]
[max_bin_by_feature: ]
[min_data_in_bin: 3]
[bin_construct_sample_cnt: 200000]
[data_random_seed: 175]
[is_enable_sparse: 1]
[enable_bundle: 1]
[use_missing: 1]
[zero_as_missing: 0]
[feature_pre_filter: 1]
[pre_partition: 0]
[two_round: 0]
[header: 0]
[label_column: ]
[weight_column: ]
[group_column: ]
[ignore_column: ]
[categorical_feature: 0,1,3]
[forcedbins_filename: ]
[precise_float_parser: 0]
[parser_config_file: ]
[objective_seed: 16083]
[num_class: 1]
[is_unbalance: 0]
[scale_pos_weight: 1]
[sigmoid: 1]
[boost_from_average: 1]
[reg_sqrt: 0]
[alpha: 0.9]
[fair_c: 1]
[poisson_max_delta_step: 0.7]
[tweedie_variance_power: 1.5]
[lambdarank_truncation_level: 30]
[lambdarank_norm: 1]
[label_gain: ]
[lambdarank_position_bias_regularization: 0]
[eval_at: ]
[multi_error_top_k: 1]
[auc_mu_weights: ]
[num_machines: 1]
[local_listen_port: 12400]
[time_out: 120]
[machine_list_filename: ]
[machines: ]
[gpu_platform_id: -1]
[gpu_device_id: -1]
[gpu_device_id_list: ]
[gpu_use_dp: 0]
[num_gpu: 1]

end of parameters

pandas_categorical:[]
