tree
version=v4
num_class=1
num_tree_per_iteration=1
label_index=0
max_feature_idx=44
objective=binary sigmoid:1
feature_names=age_group gender month season day_of_year_sin day_of_year_cos weather_code_current temperature_mean_current temperature_max_current temperature_min_current humidity_mean_current humidity_max_current humidity_min_current wind_speed_mean_current wind_speed_max_current precipitation_sum_current rain_sum_current wind_gust_max_current rain_day_current temperature_mean_3d temperature_max_3d temperature_min_3d humidity_mean_3d humidity_max_3d humidity_min_3d wind_speed_mean_3d wind_speed_max_3d precipitation_sum_3d rain_sum_3d rain_days_3d rain_max_daily_3d wind_gust_max_3d temperature_mean_7d temperature_max_7d temperature_min_7d humidity_mean_7d humidity_max_7d humidity_min_7d wind_speed_mean_7d wind_speed_max_7d precipitation_sum_7d rain_sum_7d rain_days_7d rain_max_daily_7d wind_gust_max_7d
feature_infos=-1:0:1:2:3:4:5 -1:0:1 [1:12] -1:1:0 [-0.99999942202469239:0.99998555065071859] [-0.99997919295908244:0.9999907524084426] [0:61] [23.658332999999999:32.533332999999999] [25.899999999999999:39.200000000000003] [17.899999999999999:29.300000000000001] [48.958333000000003:91.625] [63:100] [23:86] [2.8541669999999999:19.695833] [6.4000000000000004:30.100000000000001] [0:63.100000000000001] [0:63.100000000000001] [14:56.899999999999999] [0:1] [23.766667000000002:32.427778000000004] [27.699999999999999:39.200000000000003] [17.899999999999999:28.100000000000001] [52.569443999999997:90.694444000000004] [73:100] [23:79] [4.125:17.329167000000002] [9.6999999999999993:30.100000000000001] [0:93.900000000000006] [0:93.900000000000006] [0:3] [0:63.100000000000001] [17.300000000000001:56.899999999999999] [24.365476000000001:32.235118999999997] [28.699999999999999:39.200000000000003] [17.899999999999999:27.5] [55.767856999999999:89.523809999999997] [77:100] [23:72] [4.5327380000000002:15.469643] [11.6:30.100000000000001] [0:163.90000000000001] [0:163.90000000000001] [0:7] [0:63.100000000000001] [23:56.899999999999999]
tree_sizes=1455 1468 1479 1488 1474 1175 1770 1181 1189 1065 1175 1186 1173 1186 1203 1201 1186 1405 1305 1550 1417 1424 1217 1203 1307 1213 1196 1209 1425 1413 1516 1323 1429 1430 1412 1428 1428 1423 1312 1763 1437 1423 1424 1434 1420 1427 1424 1733 1322

Tree=0
num_leaves=13
num_cat=6
split_feature=0 0 0 1 4 2 1 34 40 0 32 44
split_gain=3336.36 573.274 455.743 196.821 136.015 104.506 100.81 95.6068 80.3008 69.3997 45.111 21.3074
threshold=0 1 2 3 0.091259403071267911 8.5000000000000018 4 20.350000000000005 72.500000000000014 5 27.223809500000005 52.000000000000007
decision_type=1 1 1 1 2 2 1 2 2 1 2 2
left_child=1 4 6 9 11 -5 10 -6 -8 -3 -2 -1
right_child=2 3 -4 5 7 -7 8 -9 -10 -11 -12 -13
leaf_value=-0.64579089168459314 -0.78637037824776446 -0.74817464845183868 -0.84555367067811804 -0.73586082231466843 -0.84079659093042136 -0.68477287977856383 -0.78226724897030697 -0.69487007837289805 -0.72017294128286202 -0.78482447347909678 -0.8289740145699962 -0.73946972491964091
leaf_weight=231.35397599637508 118.3771978020668 251.44353693723679 1012.2546512782574 368.52463403344154 11.016855999827383 138.25074195861816 177.34977991878986 251.44353693723679 72.581639528274536 246.90718446671963 131.5542216449976 7.1285538822412482
leaf_count=1071 548 1164 4686 1706 51 640 821 1164 336 1143 609 33
internal_value=-0.773919 -0.721435 -0.826193 -0.743982 -0.677808 -0.721776 -0.786286 -0.701226 -0.764093 -0.766025 -0.808926 -0.648436
internal_weight=3018.19 1506.07 1512.12 1005.13 500.943 506.775 499.863 262.46 249.931 498.351 249.931 238.483
internal_count=13972 6972 7000 4653 2319 2346 2314 1215 1157 2307 1157 1104
cat_boundaries=0 1 2 3 4 5 6
cat_threshold=7 2 32 1 1 4
is_linear=0
shrinkage=1


Tree=1
num_leaves=13
num_cat=6
split_feature=0 0 0 1 4 1 4 34 0 40 19 34
split_gain=3011.05 549.696 404.716 188.93 114.944 98.6158 82.0112 79.6047 71.0364 61.5919 37.1303 17.6618
threshold=0 1 2 3 0.074116354202380164 4 -0.814291907305839 20.350000000000005 5 71.65000000000002 27.141667000000002 24.550000000000004
decision_type=1 1 1 1 2 1 2 2 1 2 2 2
left_child=1 4 5 8 11 10 -5 -6 -3 -7 -2 -1
right_child=2 3 -4 6 7 9 -8 -9 -10 -11 -12 -13
leaf_value=0.12121281417573547 -0.014181672704693213 0.022986970569253827 -0.070011748401824295 0.092902802526365569 -0.064999793597351557 -0.0078113412055851403 0.038935410656226674 0.074550396334991775 -0.013940498071389027 0.046479276073288923 -0.052936050814701541 0.066310472238591364
leaf_weight=225.08266538381577 110.52562755346298 251.39713554084301 976.5504469871521 84.55989895761013 9.8956123590469343 177.65654772520065 422.8372581154108 263.67586608231068 248.91237673163414 72.874399706721306 142.0592976808548 19.950696602463722
leaf_count=998 515 1153 4647 380 47 825 1926 1187 1157 331 670 89
internal_value=-0.000525572 0.0485759 -0.0511561 0.0263662 0.0902878 -0.0138423 0.0480944 0.0692842 0.00480423 0.00810271 -0.0361008 0.11703
internal_weight=3005.98 1526.31 1479.67 1007.71 518.605 503.116 507.397 273.571 500.31 250.531 252.585 245.033
internal_count=13925 6937 6988 4616 2321 2341 2306 1234 2310 1156 1185 1087
cat_boundaries=0 1 2 3 4 5 6
cat_threshold=7 2 32 1 1 4
is_linear=0
shrinkage=0.05


Tree=2
num_leaves=13
num_cat=5
split_feature=0 0 0 1 2 1 43 2 34 2 32 32
split_gain=2738.15 461.176 406.725 155.701 85.7853 85.2285 79.3407 70.1956 65.8285 57.6773 42.365 21.3559
threshold=0 1 2 3 6.5000000000000009 4 18.450000000000003 8.5000000000000018 20.350000000000005 10.500000000000002 27.223809500000005 27.930655000000005
decision_type=1 1 1 1 2 1 2 2 2 2 2 2
left_child=1 4 5 9 8 10 -7 -5 -1 -3 -2 -6
right_child=2 3 -4 7 11 6 -8 -9 -10 -11 -12 -13
leaf_value=-0.055274039318467187 -0.011486286212591665 -0.00049002013660229466 -0.068490658851689562 0.033416398342102471 0.10897919855648158 -0.012863467818966294 0.044785180126029049 0.074721376715976548 0.070448287141528079 0.049077866201212468 -0.052982382986233367 0.01143466803354903
leaf_weight=10.101977512240408 117.7466322183609 445.97434876859188 953.76571559906006 377.18842935562134 238.02671325206757 166.96118125319481 91.62488779425621 142.51812416315079 284.36044320464134 66.577103301882744 129.4031138420105 6.0006091296672812
leaf_count=49 552 2056 4672 1699 1021 776 414 626 1249 307 624 26
internal_value=-9.40974e-05 0.0455683 -0.0492096 0.025362 0.0830197 -0.0121636 0.00765703 0.0448651 0.0659627 0.00603155 -0.0333388 0.106637
internal_weight=3030.25 1570.75 1459.5 1032.26 538.49 505.736 258.586 519.707 294.462 512.551 247.15 244.027
internal_count=14071 7033 7038 4688 2345 2366 1190 2325 1298 2363 1176 1047
cat_boundaries=0 1 2 3 4 5
cat_threshold=7 2 32 1 1
is_linear=0
shrinkage=0.05


Tree=3
num_leaves=13
num_cat=5
split_feature=0 0 0 2 34 1 1 2 35 37 39 32
split_gain=2514.76 395.687 363.631 102.95 109.408 86.2095 74.0657 66.3067 65.8784 43.9937 41.9162 34.5218
threshold=0 1 2 7.5000000000000009 20.350000000000005 3 4 8.5000000000000018 85.080357500000005 67.500000000000014 14.050000000000002 27.082143000000006
decision_type=1 1 1 2 2 1 1 2 2 2 2 2
left_child=1 3 5 4 -1 11 10 -8 -7 -5 -3 -2
right_child=2 6 -4 9 -6 8 7 -9 -10 -11 -12 -13
leaf_value=-0.06028472876734936 -0.012323497594012918 0.099932700703004695 -0.067253962605585874 0.087143541516110173 0.052090350725984925 -0.012828469165007246 0.0090824029283720509 0.064966239620193753 0.039827297248958088 0.032820875650332697 -0.016954889732701137 -0.050694584117927391
leaf_weight=21.580667331814766 101.40188071131706 6.9299804270267478 933.23978996276855 338.31181143224239 670.10554245114326 156.91575829684734 195.50288365781307 72.078027710318565 94.262163415551186 43.69140613079071 245.52510438859463 140.64095324277878
leaf_count=102 477 32 4712 1455 2944 730 871 310 423 188 1145 691
internal_value=-0.000794572 0.0422362 -0.0488208 0.0595862 0.0485023 -0.0132366 0.00592235 0.0243216 0.00701178 0.0810323 -0.0133647 -0.0347362
internal_weight=3020.19 1593.73 1426.46 1073.69 691.686 493.221 520.036 267.581 251.178 382.003 252.455 242.043
internal_count=14080 7047 7033 4689 3046 2321 2358 1181 1153 1643 1177 1168
cat_boundaries=0 1 2 3 4 5
cat_threshold=7 6 32 1 1
is_linear=0
shrinkage=0.05


Tree=4
num_leaves=13
num_cat=6
split_feature=0 0 0 1 1 4 4 34 43 0 32 44
split_gain=2293.21 368.075 362.63 126.431 77.0813 72.8546 62.4507 62.2925 58.5339 55.1982 33.2225 17.6003
threshold=0 1 2 3 4 0.074116354202380164 -0.8041866928211282 20.350000000000005 18.450000000000003 5 27.223809500000005 52.000000000000007
decision_type=1 1 1 1 1 2 2 2 2 1 2 2
left_child=2 4 5 9 10 11 -5 -7 -6 -4 -2 -1
right_child=1 -3 3 6 8 7 -8 -9 -10 -11 -12 -13
leaf_value=0.09565488190495508 -0.012314248555394961 -0.065998530587612583 0.020498573014192872 0.075719772211145245 -0.010769820693940028 -0.061782210008475696 0.031557761655434717 0.061117983909738285 0.038824565011143182 -0.011638187047350116 -0.049610119793374853 0.015912150362266154
leaf_weight=256.74566504359245 114.74645453691483 898.69714795053005 264.83187811076641 97.994722440838814 160.58332252502441 9.9278534352779371 440.42760622501373 282.90056432783604 93.225685402750969 250.05127377808094 125.49023303389549 7.5628250092267981
leaf_count=1059 544 4683 1179 413 751 51 1934 1203 412 1172 633 32
internal_value=-0.000103744 -0.0468898 0.040402 0.0225897 -0.0114494 0.072988 0.0397209 0.0567552 0.00752739 0.00507091 -0.031921 0.0934417
internal_weight=3003.19 1392.74 1610.44 1053.31 494.046 557.137 538.422 292.828 253.809 514.883 240.237 264.308
internal_count=14066 7023 7043 4698 2340 2345 2347 1254 1163 2351 1177 1091
cat_boundaries=0 1 2 3 4 5 6
cat_threshold=7 32 2 1 1 4
is_linear=0
shrinkage=0.05


Tree=5
num_leaves=10
num_cat=5
split_feature=0 0 1 0 40 4 1 43 5
split_gain=2081.94 629.886 117.321 87.1248 80.5181 68.8025 58.4528 34.4926 0.0756565
threshold=0 1 2 3 85.000000000000014 0.074116354202380164 4 31.350000000000005 -0.95242240592625282
decision_type=1 1 1 1 2 2 1 2 2
left_child=8 3 7 5 -4 -2 -5 -3 -1
right_child=1 2 4 6 -6 -7 -8 -9 -10
leaf_value=-0.059127309235655623 0.087258953623816971 -0.023854764008548857 0.0048482817966690704 0.020244927411628998 0.053752103714366999 0.051870584128655264 0.053309452350321057 0.020548331181933503 -0.066271483642914478
leaf_weight=98.072439908981323 269.01818542182446 437.8547832518816 424.69152280688286 266.72973963618279 104.04882109165192 294.66653996706009 270.96040181815624 47.813508480787277 766.37668004631996
leaf_count=528 1095 2118 1906 1180 448 1246 1164 230 4126
internal_value=0.000116656 0.0268296 -0.00171178 0.0528744 0.0145552 0.0676856 0.0363014 -0.0194501 -0.0647817
internal_weight=2980.23 2115.78 1014.41 1101.37 528.74 563.685 537.69 485.668 864.449
internal_count=14041 9387 4702 4685 2354 2341 2344 2348 4654
cat_boundaries=0 1 2 3 4 5
cat_threshold=24 6 1 2 1
is_linear=0
shrinkage=0.05


Tree=6
num_leaves=15
num_cat=1
split_feature=1 4 8 43 36 34 32 4 43 19 39 5 42 5
split_gain=131.263 78.4741 52.37 61.1207 43.4883 50.0253 44.3849 36.2141 31.0113 38.6997 29.8249 26.9484 24.299 20.1918
threshold=0 -0.099819732675876779 33.250000000000007 19.050000000000004 96.500000000000014 24.450000000000003 28.479464000000004 -0.73866753694953124 18.450000000000003 26.052083500000006 19.250000000000004 0.51849435583340198 2.5000000000000004 -0.85225707553516283
decision_type=1 2 2 2 2 2 2 2 2 2 2 2 2 2
left_child=4 8 3 -3 6 7 -1 -6 13 -10 -7 -4 -8 -2
right_child=1 2 11 -5 5 10 12 -9 9 -11 -12 -13 -14 -15
leaf_value=-0.040216509224442323 -0.023046929227746982 -0.02511640195828492 0.0043590489980561038 0.012582857760681153 -0.014597060622902676 -0.053112610231716123 0.020720245242605226 0.0072617346471351724 -0.016102996916108298 0.039231210862684475 -0.011337731982090246 0.031582605990088997 -0.017669277774158745 0.016313558526775691
leaf_weight=216.84156195819378 36.345796450972557 292.41736835241318 283.44569715857506 168.91528709232807 287.7755088955164 75.420832470059395 53.361595243215561 550.06412725150585 34.673076778650284 306.53085753321648 98.517663434147835 133.10078187286854 170.33377809822559 259.74916963279247
leaf_count=1062 170 1379 1336 785 1376 369 260 2649 159 1398 480 626 833 1201
internal_value=-0.000315174 0.00997706 0.000277167 -0.0113156 -0.0110524 -0.00533267 -0.024147 -0.000254628 0.0233173 0.0335775 -0.0296516 0.0131127 -0.00846016 0.0114207
internal_weight=2967.49 1515.18 877.879 461.333 1452.32 1011.78 440.537 837.84 637.299 341.204 173.938 416.546 223.695 296.095
internal_count=14083 7054 4126 2164 7029 4874 2155 4025 2928 1557 849 1962 1093 1371
cat_boundaries=0 1
cat_threshold=1
is_linear=0
shrinkage=0.05


Tree=7
num_leaves=10
num_cat=4
split_feature=0 0 1 6 4 38 0 36 5
split_gain=1929.31 573.054 94.6333 82.3126 68.65 52.2272 44.4879 33.3941 0.0085708
threshold=0 1 2 2.5000000000000004 -0.056952163117076689 11.149702000000001 3 95.500000000000014 -0.94703994556331683
decision_type=1 1 1 2 2 2 1 2 2
left_child=8 3 7 5 -4 -2 -5 -3 -1
right_child=1 2 4 6 -6 -7 -8 -9 -10
leaf_value=-0.058373247104278984 0.0122786842443974 -0.04289854561100321 0.032931230347351383 0.070325702630635159 -0.0033410119627301756 0.065262084847973814 0.041704398049779066 -0.011270412299507504 -0.065216733330395488
leaf_weight=100.20921611785889 193.03642158210278 107.7215613424778 226.80450846254826 437.3710241317749 304.84183447062969 60.563503324985504 417.59929643571377 364.59295649826527 744.75903949141502
leaf_count=556 822 539 981 1792 1373 257 1800 1774 4152
internal_value=-0.000352016 0.025195 -0.00227035 0.0498466 0.0121658 0.0251386 0.0577199 -0.0185593 -0.0637218
internal_weight=2957.5 2112.53 1003.96 1108.57 531.646 253.6 854.97 472.315 844.968
internal_count=14046 9338 4667 4671 2354 1079 3592 2313 4708
cat_boundaries=0 1 2 3 4
cat_threshold=24 6 1 2
is_linear=0
shrinkage=0.05


Tree=8
num_leaves=10
num_cat=3
split_feature=0 0 1 43 2 40 43 36 5
split_gain=1807.1 510.994 101.849 79.6773 98.1058 70.044 49.9102 28.192 0.244686
threshold=0 1 2 18.450000000000003 7.5000000000000009 72.500000000000014 56.500000000000007 95.500000000000014 -0.95242240592625282
decision_type=1 1 1 2 2 2 2 2 2
left_child=8 3 7 4 -2 -4 -5 -3 -1
right_child=1 2 5 6 -6 -7 -8 -9 -10
leaf_value=-0.056650225051771322 0.02624107317300366 -0.040381778153337544 0.0015722619985900151 0.068116685077653047 0.067149925060133051 0.040916616549149763 -0.0698406946453594 -0.011538046161183327 -0.064246923574312859
leaf_weight=89.386130422353745 515.09523828327656 109.96818092465401 373.29747104644775 395.06614576280117 205.35919860005379 161.35899958014488 5.901955932378768 364.37437191605568 722.07048934698105
leaf_count=512 2181 561 1676 1637 844 682 25 1782 4171
internal_value=0.000290872 0.0244844 -0.0014364 0.047594 0.0379787 0.0135006 0.0659174 -0.0182959 -0.062709
internal_weight=2941.88 2130.42 1009 1121.42 720.454 534.656 400.968 474.343 811.457
internal_count=14071 9388 4701 4687 3025 2358 1662 2343 4683
cat_boundaries=0 1 2 3
cat_threshold=24 6 1
is_linear=0
shrinkage=0.05


Tree=9
num_leaves=9
num_cat=5
split_feature=0 0 0 1 4 4 1 43
split_gain=1673.93 474.572 86.8094 84.7462 61.7694 48.8036 48.1594 28.4372
threshold=0 1 2 3 -0.056952163117076689 -0.21022463061426777 4 31.200000000000006
decision_type=1 1 1 1 2 2 1 2
left_child=-1 2 5 7 -5 -2 -4 -3
right_child=1 3 6 4 -6 -7 -8 -9
leaf_value=-0.061843505195377048 0.078327092180031199 -0.021984137230819087 0.014933072613458276 0.030715876824472733 -0.0035474539953718092 0.048317549374134211 0.044285894873247474 0.017371170128959536
leaf_weight=780.89443422853947 231.47704440355301 414.82109463214874 273.7104530185461 233.66111496090889 298.9095206707716 347.96428768336773 287.78091156482697 50.85033330321312
leaf_count=4670 927 2072 1179 998 1345 1429 1197 246
internal_value=0.000305078 0.023191 0.0451081 -0.00207766 0.0115147 0.0593968 0.0295047 -0.0176586
internal_weight=2920.07 2139.17 1140.93 998.242 532.571 579.441 561.491 465.671
internal_count=14063 9393 4732 4661 2343 2356 2376 2318
cat_boundaries=0 1 2 3 4 5
cat_threshold=24 6 2 1 1
is_linear=0
shrinkage=0.05


Tree=10
num_leaves=10
num_cat=5
split_feature=0 0 1 0 40 4 1 36 5
split_gain=1520.19 440.352 86.8924 74.3449 65.9609 47.0864 45.0985 27.24 0.605645
threshold=0 1 2 3 72.500000000000014 0.074116354202380164 4 95.500000000000014 -0.94703994556331683
decision_type=1 1 1 1 2 2 1 2 2
left_child=8 3 7 5 -4 -2 -5 -3 -1
right_child=1 2 4 6 -6 -7 -8 -9 -10
leaf_value=-0.054282682502866331 0.072135247015563161 -0.040678139591947458 -0.00074340502915758817 0.013988947558746925 0.03715788046219648 0.043304919991535261 0.042492291585088403 -0.01192113319158118 -0.062544739391576787
leaf_weight=87.16889725625515 269.79878190159798 106.39760269224644 373.52681767940521 274.11163067817688 164.70085050165653 313.41576932370663 283.13042086362839 359.84817673265934 660.13401192426682
leaf_count=534 1081 559 1673 1176 688 1283 1169 1781 4100
internal_value=4.95903e-05 0.0214664 -0.00274925 0.0426171 0.010902 0.0557877 0.0280195 -0.0185565 -0.0608418
internal_weight=2892.23 2144.93 1004.47 1140.46 538.228 583.215 557.242 466.246 747.303
internal_count=14044 9410 4701 4709 2361 2364 2345 2340 4634
cat_boundaries=0 1 2 3 4 5
cat_threshold=24 6 1 2 1
is_linear=0
shrinkage=0.05


Tree=11
num_leaves=10
num_cat=4
split_feature=0 0 6 1 4 34 1 34 5
split_gain=1424.38 375.656 74.882 70.6719 58.7346 41.3753 39.235 27.7539 0.134657
threshold=0 1 2.5000000000000004 2 -0.056952163117076689 21.700000000000006 3 24.450000000000003 -0.94703994556331683
decision_type=1 1 2 1 2 2 1 2 2
left_child=8 2 5 7 -5 -2 -4 -3 -1
right_child=1 3 6 4 -6 -7 -8 -9 -10
leaf_value=-0.054413708339431377 -0.02796351098935658 -0.0098223710002056392 0.036426461713337438 0.028867931391907655 -0.0045088752262471095 0.02535113225093007 0.057731840871297138 -0.039178391158329155 -0.061776771547250225
leaf_weight=83.5650834441185 43.150680869817734 360.37189854681492 440.95197196304798 235.18045464158058 297.74956528842449 209.03652445971966 440.96223750710487 103.11211614310741 644.22421130537987
leaf_count=529 185 1808 1828 995 1340 864 1791 538 4156
internal_value=-0.000319913 0.0203345 0.0399127 -0.00214158 0.0102467 0.0161543 0.0471326 -0.0164235 -0.0601814
internal_weight=2858.3 2130.52 1134.1 996.414 532.93 252.187 881.914 463.484 727.789
internal_count=14034 9349 4668 4681 2335 1049 3619 2346 4685
cat_boundaries=0 1 2 3 4
cat_threshold=24 6 1 1
is_linear=0
shrinkage=0.05


Tree=12
num_leaves=10
num_cat=5
split_feature=0 0 0 1 40 34 1 34 5
split_gain=1318.97 317.388 69.245 67.1007 48.375 42.3529 34.8928 24.8979 0.411288
threshold=0 1 2 3 73.40000000000002 24.450000000000003 4 24.550000000000004 -0.94703994556331683
decision_type=1 1 1 1 2 2 1 2 2
left_child=8 2 5 7 -5 -2 -4 -3 -1
right_child=1 3 6 4 -6 -7 -8 -9 -10
leaf_value=-0.053139078672859767 0.058202825500587509 -0.0096866085394063592 0.011398647139117452 0.00079483361454299895 0.03370593506467244 0.025696403021522232 0.036281321443187846 -0.039191922538070884 -0.061064662275324713
leaf_weight=83.116338342428207 445.96697120368481 368.6163138449192 279.30199979245663 372.48152653872967 158.48213601112366 132.24335373938084 286.06423880159855 88.068517491221428 612.29042729735374
leaf_count=544 1806 1860 1185 1665 655 533 1166 470 4105
internal_value=-9.55688e-05 0.0194424 0.0372853 -0.00140064 0.010663 0.0499628 0.0236137 -0.0154497 -0.0593429
internal_weight=2826.63 2131.23 1143.58 987.648 530.964 578.21 565.366 456.685 695.407
internal_count=13989 9340 4690 4650 2320 2339 2351 2330 4649
cat_boundaries=0 1 2 3 4 5
cat_threshold=24 6 2 1 1
is_linear=0
shrinkage=0.05


Tree=13
num_leaves=10
num_cat=4
split_feature=0 0 6 1 38 5 0 43 5
split_gain=1259.36 294.714 62.8022 57.7769 45.1456 44.0851 34.5253 26.4849 0.520237
threshold=0 1 2.5000000000000004 2 10.886607000000003 -0.8142754349318998 3 31.200000000000006 -0.94703994556331683
decision_type=1 1 2 1 2 2 1 2 2
left_child=8 2 5 7 -5 -2 -4 -3 -1
right_child=1 3 6 4 -6 -7 -8 -9 -10
leaf_value=-0.052139243650956402 -0.041022583792021249 -0.018472286480613373 0.053307984566185365 0.0031831449723105729 0.040955362208116408 0.022261780056207187 0.029972360004270567 0.019930997594941602 -0.060402617071935928
leaf_weight=79.3098364174366 30.309793502092361 404.21282570064068 449.21858556568623 439.17885430157185 95.541202142834663 230.07315275073051 438.51290260255337 49.66276741027832 600.15737345814705
leaf_count=537 125 2087 1815 1911 423 950 1810 243 4185
internal_value=8.76023e-05 0.0189716 0.0361189 -0.00112087 0.00999595 0.0147664 0.0427646 -0.0142356 -0.0586542
internal_weight=2816.18 2136.71 1148.11 988.596 534.72 260.383 887.731 453.876 679.467
internal_count=14086 9364 4700 4664 2334 1075 3625 2330 4722
cat_boundaries=0 1 2 3 4
cat_threshold=24 6 1 2
is_linear=0
shrinkage=0.05


Tree=14
num_leaves=10
num_cat=3
split_feature=0 0 43 5 1 40 43 36 5
split_gain=1138.58 266.144 64.7163 93.9165 56.5429 52.1801 44.4863 23.8096 0.537622
threshold=0 1 18.450000000000003 -0.83375966452616657 2 93.250000000000014 56.500000000000007 95.500000000000014 -0.94703994556331683
decision_type=1 1 2 2 1 2 2 2 2
left_child=8 2 3 -2 7 -6 -4 -3 -1
right_child=1 4 6 -5 5 -7 -8 -9 -10
leaf_value=-0.051465163480984455 -0.019461285617734726 -0.035936786072028985 0.052038891561294209 0.032110151233329394 0.002532757194189677 0.045511013563485948 -0.072740122826142464 -0.0085316969925448068 -0.05978054586335943
leaf_weight=78.144047275185585 101.65547974407673 101.68485750257969 401.10968253016472 641.6275847107172 456.12047065794468 82.591841414570808 6.4376199245452872 351.97113288938999 566.2608846873045
leaf_count=547 416 561 1635 2628 2006 338 27 1784 4110
internal_value=-0.000251889 0.0173066 0.0335861 0.0250403 -0.00173364 0.00919402 0.0498947 -0.0147399 -0.0579555
internal_weight=2787.6 2143.2 1150.83 743.283 992.368 538.712 407.547 453.656 644.405
internal_count=14052 9395 4706 3044 4689 2344 1662 2345 4657
cat_boundaries=0 1 2 3
cat_threshold=24 6 1
is_linear=0
shrinkage=0.05


Tree=15
num_leaves=10
num_cat=3
split_feature=0 0 2 43 1 35 37 36 5
split_gain=1094.47 244.258 62.021 75.8292 52.9823 46.1787 33.2191 23.3567 0.59909
threshold=0 1 7.5000000000000009 18.650000000000002 2 85.943452500000021 67.500000000000014 97.500000000000014 -0.94703994556331683
decision_type=1 1 2 2 1 2 2 2 2
left_child=8 2 3 -2 7 -6 -4 -3 -1
right_child=1 4 6 -5 5 -7 -8 -9 -10
leaf_value=-0.050705421803994448 0.014292228381332497 -0.028232115667227154 0.053843923901077562 0.049602052667181817 -0.0001132151292080926 0.031914439180723848 0.0074329312024085164 -0.0048140172212595778 -0.059203806609618354
leaf_weight=76.071912571787834 531.1312562674284 171.72666472196579 359.54404282569885 212.81560197472572 376.76203025877476 159.48291812837124 43.563093602657318 278.95481114089489 552.82846547663212
leaf_count=551 2173 937 1469 865 1672 658 178 1412 4179
internal_value=4.10527e-05 0.0171611 0.0327751 0.0244461 -0.00114757 0.0094537 0.0488592 -0.0137799 -0.0573475
internal_weight=2762.88 2133.98 1147.05 743.947 986.926 536.245 403.107 450.681 628.9
internal_count=14094 9364 4685 3038 4679 2330 1647 2349 4730
cat_boundaries=0 1 2 3
cat_threshold=24 6 1
is_linear=0
shrinkage=0.05


Tree=16
num_leaves=10
num_cat=4
split_feature=0 0 1 32 4 8 0 38 5
split_gain=1014.1 224.499 69.4364 50.8124 43.5536 49.6571 39.7795 10.1387 0.687082
threshold=0 1 2 26.207738000000003 -0.10837695015263894 33.250000000000007 3 13.519047500000001 -0.94703994556331683
decision_type=1 1 1 2 2 2 1 2 2
left_child=8 4 6 -4 7 -6 -3 -2 -1
right_child=1 2 3 -5 5 -7 -8 -9 -10
leaf_value=-0.049868903995936811 0.061385620333696836 0.0026905916935870745 -0.024081266524749137 0.019846953979735169 0.013337338145093417 0.051690529276460506 -0.022405272187311032 -0.0018724357195775987 -0.058666382952879736
leaf_weight=73.236261740326881 232.12817992269993 515.78640960156918 71.191929861903191 763.57737356424332 178.50848217308521 160.70983885228634 216.16116033494473 6.4511459469795218 528.61976297199726
leaf_count=549 961 2359 300 3233 723 645 1172 26 4163
internal_value=1.47997e-05 0.016151 0.00618857 0.0160763 0.042544 0.0316063 -0.00501024 0.0596745 -0.0567392
internal_weight=2746.37 2144.51 1566.72 834.769 577.798 339.218 731.948 238.579 601.856
internal_count=14131 9419 7064 3533 2355 1368 3531 987 4712
cat_boundaries=0 1 2 3 4
cat_threshold=24 2 1 5
is_linear=0
shrinkage=0.05


Tree=17
num_leaves=12
num_cat=3
split_feature=0 0 0 2 4 8 34 44 5 44 44
split_gain=931.263 199.612 77.2686 67.876 47.3613 54.2724 44.7806 16.7729 0.749134 4.31625 4.77746
threshold=0 1 2 9.5000000000000018 0.074116354202380164 33.250000000000007 24.550000000000004 52.000000000000007 -0.94703994556331683 48.400000000000013 48.800000000000004
decision_type=1 1 1 2 2 2 2 2 2 2 2
left_child=8 4 3 -3 7 -6 -4 -2 9 -1 -11
right_child=1 2 6 -5 5 -7 -8 -9 -10 10 -12
leaf_value=-0.052786313290267131 0.058460121497970891 0.0068446780142966332 -0.0034072708295166537 0.037843446529712915 0.0061952541060728145 0.047676575470559451 -0.04160458876112183 -0.016945069941948374 -0.05816058613797679 0.03379748642006046 -0.044304580385342289
leaf_weight=65.291218243539333 256.22298191487789 852.6906701028347 389.17002357542515 221.93722416460514 154.19265481829643 161.11680983006954 94.640199825167656 7.18331654369831 499.8877607062459 2.8654475510120383 2.9947836399078369
leaf_count=507 1070 3721 1880 939 624 646 487 29 4104 22 23
internal_value=-4.31209e-05 0.0151575 0.00571635 0.0131536 0.0400011 0.0274751 -0.0107283 0.0563474 -0.0561432 -0.0491413 -0.00675557
internal_weight=2708.19 2137.15 1558.44 1074.63 578.716 315.309 483.81 263.406 571.039 71.1514 5.86023
internal_count=14052 9396 7027 4660 2369 1270 2367 1099 4656 552 45
cat_boundaries=0 1 2 3
cat_threshold=24 2 5
is_linear=0
shrinkage=0.05


Tree=18
num_leaves=11
num_cat=3
split_feature=0 0 1 40 4 8 2 38 5 39
split_gain=864.57 190.629 64.5259 47.2981 36.3566 37.8187 34.1713 10.2843 0.820589 5.11589
threshold=0 1 2 74.200000000000003 -0.10837695015263894 33.250000000000007 11.500000000000002 13.519047500000001 -0.94703994556331683 26.950000000000003
decision_type=1 1 1 2 2 2 2 2 2 2
left_child=8 4 6 -4 7 -6 -3 -2 9 -1
right_child=1 2 3 -5 5 -7 -8 -9 -10 -11
leaf_value=-0.052203010623661034 0.056914594552902598 -0.0086772521611659225 0.0069884905289215723 0.033270137591528907 0.012773058725707907 0.046433604663499037 0.034604502849466305 -0.0053159794701916931 -0.057689389151090981 -9.6604214832866095e-05
leaf_weight=63.830169878900051 219.87276789546013 680.8358124345541 595.9025217294693 239.63272123038769 174.92719694972038 160.43170690536499 47.892030611634254 6.6764763593673697 480.94396714866161 5.0837352126836768
leaf_count=514 933 3301 2556 972 709 644 221 27 4118 39
internal_value=-0.000359412 0.0141429 0.00504852 0.0145569 0.0388772 0.028966 -0.00578925 0.0550653 -0.0556076 -0.0484155
internal_weight=2676.03 2126.17 1564.26 835.535 561.908 335.359 728.728 226.549 549.858 68.9139
internal_count=14034 9363 7050 3528 2313 1353 3522 960 4671 553
cat_boundaries=0 1 2 3
cat_threshold=24 2 1
is_linear=0
shrinkage=0.05


Tree=19
num_leaves=13
num_cat=1
split_feature=1 4 20 43 44 6 39 34 39 38 38 39
split_gain=65.78 48.6747 58.2834 45.5003 31.6193 29.0975 26.6647 23.7049 51.342 21.0426 16.6623 1.05591
threshold=0 -0.082689790342551792 33.350000000000001 19.050000000000004 52.000000000000007 2.5000000000000004 20.000000000000004 24.850000000000005 24.150000000000002 11.149702000000001 11.149702000000001 24.650000000000002
decision_type=1 2 2 2 2 2 2 2 2 2 2 2
left_child=4 7 3 -3 5 10 -7 8 -2 -4 -1 -9
right_child=1 2 9 -5 -6 6 -8 11 -10 -11 -12 -13
leaf_value=-0.028500990882834854 0.01394357014206829 -0.03310869807481092 0.0036675413866476382 0.004535151099535558 -0.073349449976594441 -0.012104097804288644 0.0044374247269105297 -0.0065163235322293154 0.057992506519369685 0.027497306787520472 0.00010965284740261105 -0.035762615254354799
leaf_weight=217.36922832578421 488.06065934896469 188.65363670140505 327.21373224258423 138.80828522145748 17.673163779079914 475.89705938100815 497.2740346044302 4.2583522945642498 75.773542165756226 128.44301606714725 66.340628087520599 18.801379851996899
leaf_count=1219 2462 981 1684 696 99 2602 2746 21 375 655 372 96
internal_value=-0.000567104 0.00703645 -0.00112491 -0.0171866 -0.00873924 -0.00777316 -0.00365578 0.0179099 0.0199555 0.0104303 -0.021834 -0.0308571
internal_weight=2644.57 1370.01 783.119 327.462 1274.55 1256.88 973.171 586.894 563.834 455.657 283.71 23.0597
internal_count=14008 6970 4016 1677 7038 6939 5348 2954 2837 2339 1591 117
cat_boundaries=0 1
cat_threshold=1
is_linear=0
shrinkage=0.05


Tree=20
num_leaves=12
num_cat=3
split_feature=0 0 6 38 1 4 44 43 5 39 44
split_gain=810.072 175.153 55.3318 44.1538 37.0479 42.3159 32.7979 20.4315 1.37614 5.09878 0.330568
threshold=0 1 2.5000000000000004 11.149702000000001 2 -0.065535378769913832 28.250000000000004 31.350000000000005 -0.94703994556331683 26.950000000000003 32.95000000000001
decision_type=1 1 2 2 1 2 2 2 2 2 2
left_child=8 2 3 -2 7 -6 -4 -3 9 10 -1
right_child=1 4 6 -5 5 -7 -8 -9 -10 -11 -12
leaf_value=-0.033372103694561221 -0.0047107221067952077 -0.016293621919988115 0.070773364922322238 0.042584005950675879 0.022756476301528814 -0.0053498979913941614 0.030671074012653055 0.018183576326555713 -0.057250473755707999 0.0025714441879840875 -0.052971187609498475
leaf_weight=9.4466018751263601 198.11630192399025 391.66754540801048 54.078643381595612 64.649673476815224 237.51003380119801 304.69713947176933 833.87689174711704 47.417814001441002 459.11646296828985 4.7962953448295584 50.103915944695473
leaf_count=79 818 2097 223 263 984 1355 3437 234 4103 36 421
internal_value=9.57311e-05 0.0138296 0.0269964 0.00704278 -0.00173877 0.00698113 0.0331903 -0.0125375 -0.054976 -0.0465326 -0.0504646
internal_weight=2655.48 2132.01 1150.72 262.766 981.293 542.207 887.956 439.085 523.463 64.3468 59.5505
internal_count=14050 9411 4741 1081 4670 2339 3660 2331 4639 536 500
cat_boundaries=0 1 2 3
cat_threshold=24 6 1
is_linear=0
shrinkage=0.05


Tree=21
num_leaves=12
num_cat=2
split_feature=0 0 43 5 40 43 39 39 5 39 44
split_gain=762.418 189.294 42.9837 72.553 35.2308 34.8579 25.1653 24.2812 1.03927 4.57385 0.431311
threshold=0 1 18.450000000000003 -0.85225707553516283 86.40000000000002 56.500000000000007 29.150000000000002 20.350000000000005 -0.94703994556331683 26.950000000000003 32.95000000000001
decision_type=1 1 2 2 2 2 2 2 2 2 2
left_child=8 2 3 -2 6 -4 -3 -6 9 10 -1
right_child=1 4 5 -5 7 -7 -8 -9 -10 -11 -12
leaf_value=-0.032887696206197643 -0.020428169006520672 -0.0089175873870700403 0.041822579481926712 0.025768849902976607 -0.0059246238548886351 -0.072187264273237378 0.065834885347512057 0.029890376427243088 -0.056835683430295436 -0.0015357445437686103 -0.053419033234142425
leaf_weight=9.3418277576565725 97.069812521338463 781.17793613672256 400.77438353002071 646.61072154343128 77.791307002305984 5.9450523257255545 10.434560492634771 118.70799838006496 443.86272644251585 5.2051828503608695 48.719038411974907
leaf_count=80 398 3777 1662 2659 349 25 52 531 4141 39 426
internal_value=-0.00015643 0.0129684 0.0266805 0.0197196 -0.0031138 0.0399831 -0.00785043 0.0157535 -0.0545997 -0.046768 -0.0507284
internal_weight=2645.64 2138.51 1150.4 743.681 988.112 406.719 791.612 196.499 507.129 63.266 58.0609
internal_count=14139 9453 4744 3057 4709 1687 3829 880 4686 545 506
cat_boundaries=0 1 2
cat_threshold=24 6
is_linear=0
shrinkage=0.05


Tree=22
num_leaves=10
num_cat=2
split_feature=0 0 43 5 44 34 43 43 5
split_gain=718.06 152.845 45.0026 73.0543 34.486 36.2431 35.718 33.8084 1.07533
threshold=0 1 18.450000000000003 -0.83375966452616657 35.100000000000001 23.950000000000003 18.450000000000003 56.500000000000007 -0.94703994556331683
decision_type=1 1 2 2 2 2 2 2 2
left_child=8 2 3 -2 5 -3 -6 -4 -1
right_child=1 4 7 -5 6 -7 -8 -9 -10
leaf_value=-0.046242182167444315 -0.021466078309708342 -0.0056941336960991649 0.040517838689311379 0.024034473700026749 -0.0040534337399273351 -0.0439557232142204 0.020659669029482502 -0.070582354122536176 -0.056447291202260566
leaf_weight=62.211833529174328 101.53846047818661 252.02726690471172 392.49600392580032 638.51015070080757 412.13093560934067 81.207730397582054 225.38166889548302 6.0938707590103141 425.81561698019505
leaf_count=555 417 1187 1634 2625 2032 402 1020 26 4148
internal_value=-0.000175277 0.0125261 0.0248879 0.017771 -0.00209005 -0.0151219 0.00470213 0.0386469 -0.0541366
internal_weight=2597.41 2109.39 1138.64 740.049 970.748 333.235 637.513 398.59 488.027
internal_count=14046 9343 4702 3042 4641 1589 3052 1660 4703
cat_boundaries=0 1 2
cat_threshold=24 6
is_linear=0
shrinkage=0.05


Tree=23
num_leaves=10
num_cat=3
split_feature=0 0 0 39 34 4 38 44 5
split_gain=664.379 146.685 52.0238 68.1485 40.0628 37.8307 39.1862 9.9951 0.868899
threshold=0 1 2 21.650000000000002 24.550000000000004 -0.22701068973476937 6.3017855000000003 48.800000000000004 -0.94703994556331683
decision_type=1 1 1 2 2 2 2 2 2
left_child=8 5 3 -3 -4 7 -7 -2 -1
right_child=1 2 4 -5 -6 6 -8 -9 -10
leaf_value=-0.046113457618039026 0.054268164153787081 -0.00055970303506461998 -0.0033592546297868797 0.025062354622277967 -0.040631975909973486 0.082404393230778028 0.01907843490545796 0.011922525311852606 -0.056080401954442194
leaf_weight=58.812972247600555 188.32569578289986 650.23975792527199 384.1291338801384 430.84486897289753 87.814588770270348 25.567350998520851 326.03988867998123 15.743246376514433 407.19958081841469
leaf_count=543 837 2811 1871 1874 469 104 1330 66 4144
internal_value=-0.000462564 0.0115388 0.00355242 0.00957668 -0.0101512 0.0333571 0.0239039 0.0510754 -0.0537725
internal_weight=2574.72 2108.7 1553.03 1081.08 471.944 555.676 351.607 204.069 466.013
internal_count=14049 9362 7025 4685 2340 2337 1434 903 4687
cat_boundaries=0 1 2 3
cat_threshold=24 2 5
is_linear=0
shrinkage=0.05


Tree=24
num_leaves=11
num_cat=3
split_feature=0 0 1 32 37 34 39 2 5 5
split_gain=625.871 136.371 49.8667 46.5853 33.7337 51.8586 46.7896 33.7013 1.48709 0.0677374
threshold=0 1 2 26.207738000000003 32.500000000000007 24.450000000000003 24.950000000000003 11.500000000000002 -0.95242240592625282 -0.99628250747696534
decision_type=1 1 1 2 2 2 2 2 2 2
left_child=8 4 7 -4 6 -6 -2 -3 9 -1
right_child=1 2 3 -5 5 -7 -8 -9 -10 -11
leaf_value=-0.052965941597521819 -0.018723818425097863 -0.0089360287915522391 -0.027368782056485894 0.015380629533970906 0.047867938024892122 0.0091322531978368822 0.054082041132488337 0.034580599202977326 -0.055749570307927057 -0.039493215258868411
leaf_weight=14.892856150865553 64.698343932628632 676.15165647864342 68.58770152926445 766.73182952404022 349.14910027384758 115.436144515872 32.243401825428009 46.642667517066002 392.0301756337285 39.760323598980904
leaf_count=146 266 3300 289 3242 1507 471 131 215 4163 378
internal_value=-0.000183335 0.0112136 0.00350525 0.011842 0.0321242 0.0382835 0.00579678 -0.00608396 -0.0532307 -0.0440502
internal_weight=2566.32 2119.64 1558.11 835.32 561.527 464.585 96.9417 722.794 446.683 54.6532
internal_count=14108 9421 7046 3531 2375 1978 397 3515 4687 524
cat_boundaries=0 1 2 3
cat_threshold=24 2 1
is_linear=0
shrinkage=0.05


Tree=25
num_leaves=10
num_cat=2
split_feature=0 0 43 32 8 4 8 32 5
split_gain=583.908 122.929 48.4904 44.4296 39.4891 30.4162 43.1926 12.3304 1.45592
threshold=0 1 18.450000000000003 26.308333500000003 33.250000000000007 0.10837544681456417 33.250000000000007 27.930655000000005 -0.94703994556331683
decision_type=1 1 2 2 2 2 2 2 2
left_child=8 5 4 -4 -3 7 -7 -2 -1
right_child=1 2 3 -5 -6 6 -8 -9 -10
leaf_value=-0.043769570017473641 0.046794371329189635 -0.01163168386202343 -0.02371431961868177 0.019988226377359884 0.0086725276616628332 0.00064499757101569005 0.038618783963621124 -0.0083125892860465515 -0.055412338557161794
leaf_weight=54.525923423469067 235.44806559383869 581.76846948266029 64.831612795591354 506.61247918009758 405.57991082966328 142.46000032126904 156.94119369983673 10.315908640623091 372.3739745542407
leaf_count=539 1064 2650 281 2220 1894 581 637 43 4139
internal_value=-0.000246795 0.0106362 0.00339702 0.0149973 -0.00329085 0.0308585 0.0206125 0.044457 -0.0527972
internal_weight=2530.86 2103.96 1558.79 571.444 987.348 545.165 299.401 245.764 426.9
internal_count=14048 9370 7045 2501 4544 2325 1218 1107 4678
cat_boundaries=0 1 2
cat_threshold=24 2
is_linear=0
shrinkage=0.05


Tree=26
num_leaves=10
num_cat=3
split_feature=0 0 1 32 4 8 2 32 5
split_gain=551.942 117.577 42.1129 50.1328 30.8066 42.8671 30.3132 12.3907 1.13116
threshold=0 1 2 26.207738000000003 0.091259403071267911 33.250000000000007 11.500000000000002 27.930655000000005 -0.94703994556331683
decision_type=1 1 1 2 2 2 2 2 2
left_child=8 4 6 -4 7 -6 -3 -2 -1
right_child=1 2 3 -5 5 -7 -8 -9 -10
leaf_value=-0.044083077347283568 0.046311650509738816 -0.0082130433936188543 -0.0296540294374186 0.014645606496562148 0.00056801127701464104 0.037859379762457318 0.032609202505234011 -0.011218780342065825 -0.055107990361347725
leaf_weight=53.18116383254528 231.2514066696167 678.43595139682293 68.736861854791641 766.18338558077812 147.53508934378624 160.40517315268517 47.758409544825554 9.3872690349817258 353.68676786124706
leaf_count=545 1062 3312 292 3232 602 654 219 39 4109
internal_value=3.08069e-05 0.0103797 0.00329341 0.0109674 0.0300842 0.0200526 -0.0054872 0.0440303 -0.0524916
internal_weight=2516.56 2109.69 1561.11 834.92 548.579 307.94 726.194 240.639 406.868
internal_count=14066 9412 7055 3524 2357 1256 3531 1101 4654
cat_boundaries=0 1 2 3
cat_threshold=24 2 1
is_linear=0
shrinkage=0.05


Tree=27
num_leaves=10
num_cat=3
split_feature=0 0 0 39 37 39 34 34 5
split_gain=515.904 104.874 45.2987 59.949 39.3705 50.2503 44.6137 33.2905 1.20181
threshold=0 1 2 21.650000000000002 32.500000000000007 24.950000000000003 24.450000000000003 24.550000000000004 -0.94703994556331683
decision_type=1 1 1 2 2 2 2 2 2
left_child=8 4 3 -3 5 -2 -6 -4 -1
right_child=1 2 7 -5 6 -7 -8 -9 -10
leaf_value=-0.043495298482632408 -0.025911160000246292 -0.00094446632991870534 -0.0037487206352297686 0.023134885558502852 0.044134310071033939 0.052356666505964267 0.0075849354768263572 -0.038245780350831669 -0.054817906734459534
leaf_weight=51.718372739851475 62.880170524120331 643.78135921061039 387.17830926179886 430.80654446780682 337.01342065632343 29.203995153307915 111.50900918245316 84.42831763625145 339.59915293008089
leaf_count=548 260 2785 1886 1867 1507 121 458 456 4128
internal_value=-0.000245258 0.00970345 0.00299152 0.00864124 0.0284578 -0.00079314 0.0350847 -0.00978529 -0.0521079
internal_weight=2478.12 2086.8 1546.19 1074.59 540.607 92.0842 448.522 471.607 391.318
internal_count=14016 9340 6994 4652 2346 381 1965 2342 4676
cat_boundaries=0 1 2 3
cat_threshold=24 2 5
is_linear=0
shrinkage=0.05


Tree=28
num_leaves=12
num_cat=2
split_feature=0 0 38 39 34 38 19 40 5 39 44
split_gain=488.82 99.4813 40.4685 48.7331 26.7953 41.212 39.6031 18.0897 1.17958 3.82018 0.0256338
threshold=0 1 6.3726190000000011 20.450000000000003 24.550000000000004 10.923512000000001 29.168750000000003 128.60000000000002 -0.94703994556331683 26.950000000000003 32.95000000000001
decision_type=1 1 2 2 2 2 2 2 2 2 2
left_child=8 2 7 -4 5 -3 -6 -2 9 10 -1
right_child=1 4 3 -5 6 -7 -8 -9 -10 -11 -12
leaf_value=-0.031393161311180272 0.046493672392887798 -0.0029228708379441712 0.0019909819396448209 0.025076512827980305 -0.038629414792755432 0.029586718357022326 0.0081907722877114317 -0.045242351765937036 -0.054544261218634996 0.0021061038647816519 -0.049317206812669712
leaf_weight=7.4335251972079268 151.00048318505287 673.36772976815701 378.7484423071146 576.37842427194118 108.39941138029099 112.96356573700905 76.415060251951218 4.810142070055007 323.46034735441208 4.1782773807644835 40.22295755147934
leaf_count=80 650 3167 1598 2416 549 540 395 21 4114 38 450
internal_value=-5.55741e-05 0.00948251 0.0196436 0.0159338 -0.00223106 0.00177907 -0.0193308 0.0433912 -0.0517332 -0.0432831 -0.047224
internal_weight=2457.38 2082.08 1110.94 955.127 971.146 786.331 184.814 155.811 375.295 51.8348 47.6565
internal_count=14018 9336 4685 4014 4651 3707 944 671 4682 568 530
cat_boundaries=0 1 2
cat_threshold=24 6
is_linear=0
shrinkage=0.05


Tree=29
num_leaves=12
num_cat=3
split_feature=0 0 6 4 20 0 38 32 5 44 44
split_gain=458.071 90.5734 49.0103 37.4975 38.9289 31.4016 31.276 9.47197 0.944701 3.23479 3.28429
threshold=0 1 2.5000000000000004 0.074116354202380164 33.350000000000001 2 11.211011500000001 27.930655000000005 -0.94703994556331683 48.400000000000013 48.800000000000004
decision_type=1 1 2 2 2 1 2 2 2 2 2
left_child=8 3 6 7 -5 -4 -3 -2 9 -1 -11
right_child=1 2 5 4 -6 -7 -8 -9 -10 10 -12
leaf_value=-0.047450424188985679 0.044349776710665617 -0.022123795842811544 0.012668094676525977 -0.0070549294484112679 0.029492861215505407 -0.0047266320876538422 0.013838504459245227 -0.0077074827770489684 -0.054288345688035713 0.03105923491020043 -0.039026232381480543
leaf_weight=44.238754354417324 217.76468035578728 265.84319248795509 836.09477165341377 118.0665035545826 187.93077678978443 370.7935990691185 77.421614676713943 8.8170817047357541 310.56139959394932 2.4741027653217307 2.2281908988952637
leaf_count=511 1044 1239 3597 485 773 1822 356 37 4133 22 22
internal_value=-0.000250527 0.00882001 0.00263147 0.0264149 0.0154142 0.00739015 -0.013996 0.0422991 -0.0514945 -0.0433447 -0.00317086
internal_weight=2442.23 2082.73 1550.15 532.579 305.997 1206.89 343.265 226.582 359.502 48.941 4.70229
internal_count=14041 9353 7014 2339 1258 5419 1595 1081 4688 555 44
cat_boundaries=0 1 2 3
cat_threshold=24 2 5
is_linear=0
shrinkage=0.05


Tree=30
num_leaves=13
num_cat=3
split_feature=0 0 1 32 2 4 20 44 5 44 44 44
split_gain=430.39 83.4942 44.3748 40.583 29.0686 27.5016 48.3026 13.5686 1.95035 4.43119 4.18528 0.154072
threshold=0 1 2 26.207738000000003 11.500000000000002 0.17646842360078757 33.350000000000001 48.800000000000004 -0.94703994556331683 48.400000000000013 48.800000000000004 32.95000000000001
decision_type=1 1 1 2 2 2 2 2 2 2 2 2
left_child=8 5 4 -4 -3 7 -7 -2 9 11 -11 -1
right_child=1 2 3 -5 -6 6 -8 -9 -10 10 -12 -13
leaf_value=-0.028337228431167302 0.041668991420987588 -0.0091123560163272957 -0.025756750702038984 0.013915566369320238 0.031118628091313938 -0.012693540265719675 0.030711338007511642 -0.0054826810767840163 -0.054047872665708901 0.039971815599362602 -0.038555928991947298 -0.047940993139145821
leaf_weight=6.6062906309962264 225.86835536360741 668.69762860238552 69.518466964364052 759.38214035332203 47.155438527464867 98.371471241116524 180.56256860494614 16.123730376362801 299.08942417800426 2.6615181267261496 2.1702826470136642 35.106575258076191
leaf_count=76 1091 3280 297 3202 214 404 746 70 4165 23 22 425
internal_value=-0.000127107 0.00858822 0.00267448 0.0105613 -0.0064225 0.0257069 0.0154131 0.0385177 -0.0508689 -0.0404336 0.00413669 -0.0455724
internal_weight=2411.31 2065.68 1544.75 828.901 715.853 520.926 278.934 241.992 345.634 46.5447 4.8318 41.7129
internal_count=14015 9304 6993 3499 3494 2311 1150 1161 4711 546 45 501
cat_boundaries=0 1 2 3
cat_threshold=24 2 1
is_linear=0
shrinkage=0.05


Tree=31
num_leaves=11
num_cat=2
split_feature=0 0 43 2 33 34 38 39 31 31
split_gain=399.451 80.3439 40.9856 60.1973 32.4073 27.1814 33.5418 27.1755 0.165825 0.697779
threshold=0 1 18.450000000000003 7.5000000000000009 31.850000000000005 24.550000000000004 10.845535500000002 20.250000000000004 48.400000000000013 49.150000000000006
decision_type=1 1 2 2 2 2 2 2 2 2
left_child=8 2 3 -2 -4 6 -3 -7 -1 -10
right_child=1 5 4 -5 -6 7 -8 -9 9 -11
leaf_value=-0.052712506910280399 0.0013969819509247671 -0.0031234050381510185 0.012274982617609601 0.034112459520594933 0.042359479873770645 -0.046274948509843095 0.025563385086415674 -0.0058351955488810097 -0.013773870902753156 -0.045884668580185466
leaf_weight=319.40440591424704 529.99768210947514 673.69806306064129 149.48516754806042 190.42682315409184 226.27358286082745 63.574017092585564 119.02660135924816 117.45450708270073 3.9283648729324323 5.3223106935620308
leaf_count=4560 2184 3179 674 847 971 333 565 601 48 73
internal_value=-0.000508214 0.0077022 0.0169315 0.0100798 0.0304555 -0.00276052 0.00121066 -0.0202131 -0.0507789 -0.0349226
internal_weight=2398.59 2069.94 1096.18 720.425 375.759 973.753 792.725 181.029 328.655 9.25068
internal_count=14035 9354 4676 3031 1645 4678 3744 934 4681 121
cat_boundaries=0 1 2
cat_threshold=24 6
is_linear=0
shrinkage=0.05


Tree=32
num_leaves=12
num_cat=2
split_feature=0 0 40 33 44 37 34 39 5 39 13
split_gain=377.984 74.9483 48.3453 37.1632 36.8634 30.8949 40.2242 38.9652 0.508475 4.37682 1.92913
threshold=0 1 73.40000000000002 31.550000000000004 29.700000000000003 32.500000000000007 24.450000000000003 24.950000000000003 -0.94703994556331683 26.950000000000003 12.756250000000001
decision_type=1 1 2 2 2 2 2 2 2 2 2
left_child=8 5 4 -4 -3 7 -7 -2 9 10 -1
right_child=1 2 3 -5 -6 6 -8 -9 -10 -11 -12
leaf_value=-0.050554403154364283 -0.024390736894438356 0.019889285438422194 -0.0068477094639683494 0.024510796066710402 -0.007500422769912321 0.038785545445917939 0.0040563585880512903 0.043325283747896057 -0.05360382137719908 0.0060429600839499824 0.002362700409485061
leaf_weight=37.287975162267685 63.282675415277481 139.94081339240074 132.90610679984093 322.67817455530167 957.14068676531315 314.40406867861748 113.67790095508099 30.731889128684998 270.93579794466496 3.8648689463734618 1.7121557667851437
leaf_count=485 263 634 579 1408 4422 1480 473 131 4131 36 22
internal_value=-0.000559944 0.00725806 0.00168413 0.0153677 -0.00399173 0.0234576 0.0295941 -0.00203241 -0.0507284 -0.0433106 -0.0482303
internal_weight=2388.56 2074.76 1552.67 455.584 1097.08 522.097 428.082 94.0146 313.801 42.865 39.0001
internal_count=14064 9390 7043 1987 5056 2347 1953 394 4674 543 507
cat_boundaries=0 1 2
cat_threshold=24 2
is_linear=0
shrinkage=0.05


Tree=33
num_leaves=12
num_cat=2
split_feature=0 0 43 5 40 36 20 34 5 37 43
split_gain=353.786 74.3029 36.273 66.3215 32.4779 26.9309 38.1525 29.0697 2.91446 5.06571 4.54614
threshold=0 1 18.450000000000003 -0.83375966452616657 130.55000000000004 96.500000000000014 33.45000000000001 24.550000000000004 -0.94703994556331683 61.500000000000007 22.200000000000006
decision_type=1 1 2 2 2 2 2 2 2 2 2
left_child=8 2 3 -2 -4 6 -3 -7 9 -1 -11
right_child=1 5 4 -5 -6 7 -8 -9 -10 10 -12
leaf_value=-0.052151268446777324 -0.028346609460197632 -0.049568280110547966 0.032829560721849227 0.015995432923785025 -0.029541931001519396 0.0068036489747195245 -0.0056683026773030019 -0.02372475293857508 -0.053397258621823443 0.0025012043472406455 -0.047272508823547325
leaf_weight=23.177423365414143 96.664767146110535 62.559973269701004 352.95609423518181 619.15901304781437 21.426278412342072 599.06751544773579 225.11584827303886 88.636204063892365 259.02035699412227 12.104523934423925 6.2966323196887961
leaf_count=313 401 319 1564 2627 97 2766 1142 458 4136 151 80
internal_value=7.40729e-05 0.0075281 0.0164447 0.0099763 0.0291908 -0.00251039 -0.0153537 0.00284019 -0.0496068 -0.0369443 -0.0160894
internal_weight=2366.18 2065.59 1090.21 715.824 374.382 975.38 287.676 687.704 300.599 41.5786 18.4012
internal_count=14054 9374 4689 3028 1661 4685 1461 3224 4680 544 231
cat_boundaries=0 1 2
cat_threshold=24 6
is_linear=0
shrinkage=0.05


Tree=34
num_leaves=12
num_cat=3
split_feature=0 0 1 4 38 4 36 37 5 39 37
split_gain=329.993 68.0181 42.8208 34.4983 29.0027 28.2041 25.6977 12.1373 3.07885 4.99515 1.9289
threshold=0 1 2 -0.83377653105606597 6.6130950000000004 -0.17647087149565663 96.500000000000014 67.500000000000014 -0.94703994556331683 26.950000000000003 61.500000000000007
decision_type=1 1 1 2 2 2 2 2 2 2 2
left_child=8 4 6 -4 7 -6 -3 -2 9 10 -1
right_child=1 2 3 -5 5 -7 -8 -9 -10 -11 -12
leaf_value=-0.051730984128793338 0.053602280752472455 -0.02213818683970482 0.032295195086230001 0.0048680416268756504 0.037439439564316682 0.0093208746388187755 -0.0012307030943862875 -0.0267030328864745 -0.053200643108494275 0.013869338031753844 -0.025017559936907238
leaf_weight=21.387591049075127 82.021477237343788 206.16559524089098 136.1958244740963 701.02466253936291 125.43470495939255 306.18204055726528 506.25743094086647 4.4076746255159369 247.31698068231344 4.0239588171243659 14.487356051802633
leaf_count=303 403 1071 561 2982 647 1289 2415 22 4137 37 197
internal_value=-6.20763e-05 0.00699493 0.00169013 0.00936299 0.0224982 0.0175602 -0.0073036 0.0492483 -0.049248 -0.0360868 -0.0419143
internal_weight=2354.91 2067.69 1549.64 837.22 518.046 431.617 712.423 86.4292 287.216 39.8989 35.8749
internal_count=14064 9390 7029 3543 2361 1936 3486 425 4674 537 500
cat_boundaries=0 1 2 3
cat_threshold=24 2 1
is_linear=0
shrinkage=0.05


Tree=35
num_leaves=12
num_cat=2
split_feature=0 0 38 39 40 34 5 39 5 39 37
split_gain=310.242 57.8344 60.9891 80.5089 35.0682 27.6553 47.5111 15.3379 3.18347 5.55054 1.93281
threshold=0 1 6.2892860000000015 20.650000000000002 133.00000000000003 24.550000000000004 -0.36648370705903521 25.650000000000002 -0.94703994556331683 26.950000000000003 61.500000000000007
decision_type=1 1 2 2 2 2 2 2 2 2 2
left_child=8 5 4 -4 -3 6 -2 -7 9 10 -1
right_child=1 2 3 -5 -6 7 -8 -9 -10 -11 -12
leaf_value=-0.051473734590123769 0.022041052295200037 0.041972832449958378 -0.0054215545356031195 0.018639135523051558 -0.082626391767691987 -0.042113179951780301 -0.015324192185475347 0.023907932806989021 -0.053012481975569341 0.018726612164997037 -0.024594018809394221
leaf_weight=20.870549976825714 125.92642188072205 180.91230799257755 631.02581487596035 772.27591049671173 4.9278525561094275 74.470710165798664 257.06979764997959 9.306733198463915 234.83140993490815 3.7019697725772849 14.320253632962702
leaf_count=309 595 817 2794 3393 22 425 1279 51 4116 34 199
internal_value=5.43584e-05 0.00679427 0.0113316 0.00782356 0.0382443 -0.00855848 -0.00301336 -0.0345835 -0.0488771 -0.0354574 -0.0415173
internal_weight=2329.64 2055.92 1589.14 1403.3 185.84 466.774 382.996 83.7774 273.724 38.8928 35.1908
internal_count=14034 9376 7026 6187 839 2350 1874 476 4658 542 508
cat_boundaries=0 1 2
cat_threshold=24 32
is_linear=0
shrinkage=0.05


Tree=36
num_leaves=12
num_cat=2
split_feature=0 0 6 43 44 41 39 19 5 39 13
split_gain=294.644 52.8248 39.7412 33.6105 28.8433 23.2082 37.6074 19.5726 2.15686 4.91691 1.38513
threshold=0 1 2.5000000000000004 1.9500000000000002 28.250000000000004 73.40000000000002 17.950000000000003 29.168750000000003 -0.94703994556331683 26.950000000000003 12.756250000000001
decision_type=1 1 2 2 2 2 2 2 2 2 2
left_child=8 2 3 -2 -4 7 -7 -3 9 10 -1
right_child=1 5 4 -5 -6 6 -8 -9 -10 -11 -12
leaf_value=-0.046033211244361411 0.016322647377164375 -0.011056954241165748 0.056841117242658182 -0.020059643823727089 0.016864648151898788 -0.02489126351097691 0.018615798154876781 0.012192068018825917 -0.052838129620233765 0.011441627627142653 -0.0015836209594117503
leaf_weight=31.326682955026627 116.2153430134058 570.95133730024099 47.160193517804146 137.51183676719666 776.66489620506763 62.143211856484413 232.80584864318371 106.69212055206299 226.32494117319584 4.1918797120451918 1.9299203902482975
leaf_count=470 484 2810 209 582 3399 285 1041 549 4156 38 27
internal_value=-0.000297096 0.00618928 0.0137681 -0.00339671 0.0192193 -0.00226749 0.0093961 -0.00738392 -0.0489304 -0.0372794 -0.0435753
internal_weight=2313.92 2050.14 1077.55 253.727 823.825 972.593 294.949 677.643 263.773 37.4485 33.2566
internal_count=14050 9359 4674 1066 3608 4685 1326 3359 4691 535 497
cat_boundaries=0 1 2
cat_threshold=24 6
is_linear=0
shrinkage=0.05


Tree=37
num_leaves=12
num_cat=2
split_feature=0 0 6 39 8 38 26 37 5 37 44
split_gain=274.177 56.2643 33.6555 41.9565 28.305 23.0915 24.2987 12.5608 2.75394 4.34528 4.57814
threshold=0 1 2.5000000000000004 21.250000000000004 34.750000000000007 6.3949405000000015 14.950000000000001 67.500000000000014 -0.94703994556331683 61.500000000000007 37.250000000000007
decision_type=1 1 2 2 2 2 2 2 2 2 2
left_child=8 5 4 -4 -3 7 -7 -2 9 -1 -11
right_child=1 2 3 -5 -6 6 -8 -9 -10 10 -12
leaf_value=-0.051056984713816582 0.053400137404079867 -0.022878457782543146 -0.002619755730242031 0.016525238361412477 0.0076803090513716983 -0.014286509282765036 0.020777197117812965 -0.03021239517794963 -0.052667453066902993 0.032481148912936103 -0.027833884293900352
leaf_weight=19.884587828069925 62.512480869889259 228.60886004567146 720.57285910099745 473.45059148222208 112.49257984757423 55.994006752967834 382.76506538689137 4.2079477906227103 215.00427998974919 3.0889560654759434 13.940019667148588
leaf_count=318 324 1075 3258 2128 523 262 1740 21 4139 44 184
internal_value=-0.000332916 0.00583064 0.00101455 0.00497904 -0.0128074 0.0201238 0.0162801 0.0477586 -0.0484019 -0.0355896 -0.0156983
internal_weight=2292.52 2040.6 1535.12 1194.02 341.101 505.48 438.759 66.7204 251.918 36.9136 17.029
internal_count=14016 9331 6984 5386 1598 2347 2002 345 4685 546 228
cat_boundaries=0 1 2
cat_threshold=24 2
is_linear=0
shrinkage=0.05


Tree=38
num_leaves=11
num_cat=3
split_feature=0 1 4 38 44 0 32 5 37 43
split_gain=264.573 50.1091 42.5405 44.3646 36.9214 27.0734 15.9244 2.2903 3.54051 3.23446
threshold=0 1 -0.82415615971448097 11.211011500000001 52.000000000000007 2 26.469345500000006 -0.94703994556331683 61.500000000000007 22.200000000000006
decision_type=1 1 2 2 2 1 2 2 2 2
left_child=7 4 6 -4 5 -2 -3 8 -1 -10
right_child=1 2 3 -5 -6 -7 -8 -9 9 -11
leaf_value=-0.050781330743666364 -0.017117479144960812 0.018441839444896389 0.0039333934093412418 0.033832335633867137 -0.082408823913234133 0.0031211373183097526 0.049355106252147646 -0.05251052330729758 -0.0017372920751188533 -0.045999642357133948
leaf_weight=19.076946463435888 199.65579627454281 76.014025747776031 755.72638583183289 147.52577196061611 13.226541243493555 757.21676200628281 96.364425271749496 207.36112491041422 11.343212917447092 5.5635997503995887
leaf_count=319 1162 338 3287 630 65 3461 431 4183 153 79
internal_value=-0.000191017 0.00575993 0.0132145 0.00884872 -0.00245143 -0.00126132 0.0359082 -0.0482968 -0.0363106 -0.0180583
internal_weight=2289.07 2045.73 1075.63 903.252 970.099 956.873 172.378 243.345 35.9838 16.9068
internal_count=14108 9374 4686 3917 4688 4623 769 4734 551 232
cat_boundaries=0 1 2 3
cat_threshold=24 1 32
is_linear=0
shrinkage=0.05


Tree=39
num_leaves=15
num_cat=1
split_feature=1 34 34 39 32 2 33 40 32 34 4 4 39 4
split_gain=47.1575 30.4259 31.1119 82.1917 35.6025 30.3345 38.8749 40.1833 36.5754 23.9517 17.9774 6.90283 4.35213 2.72581
threshold=0 20.250000000000004 24.550000000000004 19.150000000000002 26.340773500000001 10.500000000000002 31.550000000000004 77.300000000000011 26.563393000000001 23.550000000000004 0.21022171450811272 -0.65234524191686594 20.450000000000003 -0.12546116083924147
decision_type=1 2 2 2 2 2 2 2 2 2 2 2 2 2
left_child=5 10 4 -4 -3 6 9 -8 11 -1 13 -7 -10 -2
right_child=1 2 3 -5 -6 8 7 -9 12 -11 -12 -13 -14 -15
leaf_value=-0.063196874767840402 -0.018115251522750942 -0.01453455701911251 -0.057493930778117375 0.0093188450009942751 0.015935827937687216 0.0035059930903979086 -0.013569833585020641 0.012191678697183343 -0.020337320852154062 -0.016118584881342869 -0.072049538331063465 0.044714582126604202 0.0068986478039086878 0.018083155081054621
leaf_weight=52.17856826633215 11.667788274586202 108.08746999874711 61.068611025810242 177.35820741578937 801.19473480805755 12.363437581807373 626.98903498053551 198.58722813427448 49.071321278810501 56.805879008024931 17.834248378872871 61.130882583558559 20.156752575188875 7.8467651717364779
leaf_count=336 71 655 359 1035 4716 79 4129 1248 316 366 106 396 130 49
internal_value=-0.000248794 0.00663131 0.00808875 -0.00796267 0.0123018 -0.00781634 -0.0110959 -0.00736581 0.0135862 -0.039028 -0.0371981 0.0379225 -0.0124219 -0.00338797
internal_weight=2262.34 1185.06 1147.71 238.427 909.282 1077.28 934.561 825.576 142.722 108.984 37.3488 73.4943 69.2281 19.5146
internal_count=13991 6991 6765 1394 5371 7000 6079 5377 921 702 226 475 446 120
cat_boundaries=0 1
cat_threshold=1
is_linear=0
shrinkage=0.05


Tree=40
num_leaves=12
num_cat=1
split_feature=0 43 5 33 44 36 39 33 5 39 13
split_gain=241.178 45.065 49.1489 68.4773 47.167 42.6716 36.8562 10.2183 2.95273 4.64779 1.48247
threshold=0 18.450000000000003 -0.83375966452616657 34.150000000000013 28.250000000000004 99.500000000000014 18.850000000000005 31.850000000000005 -0.94703994556331683 26.950000000000003 12.756250000000001
decision_type=1 2 2 2 2 2 2 2 2 2 2
left_child=8 2 3 -2 -4 6 -3 -7 9 10 -1
right_child=1 5 4 -5 -6 7 -8 -9 -10 -11 -12
leaf_value=-0.043409369895835166 -0.036048364595586184 -0.010546216114763899 0.039083296516715778 0.052386717128903949 0.00069351636731472543 0.019809855371070884 0.017293502370112929 0.043985229912119207 -0.052356451802065468 0.01315650094757142 0.0028861497396421359
leaf_weight=29.1405751593411 160.21428092569113 179.23536339402199 85.611411690711975 24.427915796637535 1050.3507878258824 71.772668927907944 348.92988499999046 122.71337929368019 194.74981045722961 4.0773511230945578 1.7066725343465794
leaf_count=484 738 817 395 114 4847 334 1583 562 4118 38 25
internal_value=-0.00035792 0.00519344 -0.000276359 -0.0241294 0.00361858 0.0152475 0.00784389 0.0352106 -0.0477098 -0.0343434 -0.0408378
internal_weight=2272.93 2043.26 1320.6 184.642 1135.96 722.651 528.165 194.486 229.674 34.9246 30.8472
internal_count=14055 9390 6094 852 5242 3296 2400 896 4665 547 509
cat_boundaries=0 1
cat_threshold=24
is_linear=0
shrinkage=0.05


Tree=41
num_leaves=12
num_cat=2
split_feature=0 0 40 33 44 35 34 34 5 4 43
split_gain=225.642 53.8016 29.5581 38.1033 29.8229 26.5583 31.0846 28.5248 3.66546 6.60824 13.0144
threshold=0 1 73.40000000000002 31.550000000000004 29.700000000000003 60.729167000000011 22.650000000000002 24.450000000000003 -0.94703994556331683 -0.082689790342551792 22.200000000000006
decision_type=1 1 2 2 2 2 2 2 2 2 2
left_child=8 5 4 -4 -3 6 -2 -7 9 10 -1
right_child=1 2 3 -5 -6 7 -8 -9 -10 -11 -12
leaf_value=0.041188244363285366 -0.077838225818800053 0.017417460373347841 -0.011921502645111813 0.0201393844702355 -0.0074170799473483248 0.029238230122646799 0.033574888219985229 0.0012397664448986082 -0.052209593539990752 -0.050654823929486517 -0.047721243654122267
leaf_weight=6.7997036166489107 13.747330397367479 137.58947569876909 129.15919707715511 322.183185338974 947.16822475939989 350.63589423894882 10.10820898413658 122.8393622636795 186.48938117548823 19.611494738608599 7.734931331127882
leaf_count=83 58 623 567 1401 4422 1721 43 520 4137 346 120
internal_value=-0.000412561 0.00489038 0.000218638 0.0109586 -0.00425395 0.019003 -0.0311781 0.0219922 -0.0471793 -0.0324263 -0.00615307
internal_weight=2254.07 2033.43 1536.1 451.342 1084.76 497.331 23.8555 473.475 220.636 34.1461 14.5346
internal_count=14041 9355 7013 1968 5045 2342 101 2241 4686 549 203
cat_boundaries=0 1 2
cat_threshold=24 2
is_linear=0
shrinkage=0.05


Tree=42
num_leaves=12
num_cat=2
split_feature=0 0 38 39 40 34 5 39 5 39 13
split_gain=216.41 46.9146 48.9968 72.2164 29.6057 24.4514 33.2815 11.0357 1.9604 4.7064 0.428823
threshold=0 1 6.2892860000000015 20.650000000000002 133.00000000000003 24.550000000000004 -0.36648370705903521 25.650000000000002 -0.94703994556331683 26.950000000000003 13.018750000000002
decision_type=1 1 2 2 2 2 2 2 2 2 2
left_child=8 5 4 -4 -3 6 -2 -7 9 10 -1
right_child=1 2 3 -5 -6 7 -8 -9 -10 -11 -12
leaf_value=-0.044340455748702656 0.016606143160850143 0.03643741210658117 -0.0070507908092641959 0.015798291661191333 -0.078007922594925588 -0.0408107066873548 -0.014675282736985682 0.016623059008604266 -0.052071210724409747 0.011206249148824211 -0.006991330389237215
leaf_weight=27.498638551682237 126.35517649352551 176.8896581530571 634.47810791432858 757.91456669569016 4.9241793006658545 72.232337601482868 255.01952511072159 8.8960904181003553 178.42973065003753 4.1987375244498244 1.2133837081491936
leaf_count=490 593 819 2839 3357 22 425 1283 49 4150 38 18
internal_value=-0.000667743 0.00442553 0.00853431 0.00538896 0.0329281 -0.00943276 -0.00429495 -0.0343871 -0.0475126 -0.0360021 -0.0430505
internal_weight=2248.05 2036.71 1574.21 1392.39 181.814 462.503 381.375 81.1284 211.34 32.9108 28.712
internal_count=14083 9387 7037 6196 841 2350 1876 474 4696 546 508
cat_boundaries=0 1 2
cat_threshold=24 32
is_linear=0
shrinkage=0.05


Tree=43
num_leaves=12
num_cat=2
split_feature=0 0 44 38 34 35 34 34 5 4 43
split_gain=198.389 52.4618 28.2482 65.4826 29.0006 22.7927 29.4318 21.3011 3.40957 5.85087 11.3469
threshold=0 1 35.100000000000001 7.4619050000000007 20.550000000000004 60.729167000000011 22.650000000000002 24.450000000000003 -0.94703994556331683 -0.082689790342551792 22.200000000000006
decision_type=1 1 2 2 2 2 2 2 2 2 2
left_child=8 5 3 -3 -4 6 -2 -7 9 10 -1
right_child=1 2 4 -5 -6 7 -8 -9 -10 -11 -12
leaf_value=0.038390059193153109 -0.070015926167598538 0.0025982599390143345 -0.046805057829785224 -0.035210793394389393 0.0057936414631223994 0.027502813716518033 0.034863803784320122 0.0033158473922325579 -0.05193687751033365 -0.050097551370207508 -0.047030284737528363
leaf_weight=6.4893642067909258 14.951728224754335 344.48991730809212 25.925698205828667 170.45258585363626 989.00262074172497 342.59690371155739 10.704947739839552 124.24446865916252 169.53938833251595 17.635045658797026 7.1070860028266907
leaf_count=79 63 1549 126 818 4495 1710 46 527 4135 339 118
internal_value=-0.000625898 0.00417658 -0.000430826 -0.00996101 0.00440529 0.0181855 -0.0265898 0.0210866 -0.046676 -0.0318735 -0.00642358
internal_weight=2223.14 2022.37 1529.87 514.943 1014.93 492.498 25.6567 466.841 200.771 31.2315 13.5965
internal_count=14005 9334 6988 2367 4621 2346 109 2237 4671 536 197
cat_boundaries=0 1 2
cat_threshold=24 2
is_linear=0
shrinkage=0.05


Tree=44
num_leaves=12
num_cat=3
split_feature=0 0 1 32 37 34 39 2 5 4 43
split_gain=185.142 45.8164 30.2882 32.9349 24.9444 33.9673 30.5855 19.2375 3.94434 6.22533 10.4019
threshold=0 1 2 26.207738000000003 32.500000000000007 24.450000000000003 24.950000000000003 11.500000000000002 -0.94703994556331683 -0.082689790342551792 22.200000000000006
decision_type=1 1 1 2 2 2 2 2 2 2 2
left_child=8 4 7 -4 6 -6 -2 -3 9 10 -1
right_child=1 2 3 -5 5 -7 -8 -9 -10 -11 -12
leaf_value=0.033351966157638566 -0.026744676193513381 -0.010023133704371355 -0.026957291264564115 0.0092510493441700561 0.03143144723792976 -0.0013976222089210903 0.035943034681233207 0.022296653890348617 -0.05180758745211983 -0.049915690796565541 -0.046656883762808771
leaf_weight=7.4563067778944987 59.692460834980011 670.47971264272928 67.553414732217789 751.91693753004074 294.93707093596458 107.26984326541424 27.663776054978371 48.498482912778854 160.52986609190702 17.321785740554333 6.8342384770512581
leaf_count=88 252 3328 293 3199 1516 455 125 219 4105 348 118
internal_value=-0.00059359 0.00394703 -0.000328777 0.00623698 0.0170957 0.0226941 -0.00671076 -0.00781507 -0.0461081 -0.0306029 -0.00546002
internal_weight=2220.15 2028.01 1538.45 819.47 489.563 402.207 87.3562 718.978 192.142 31.6123 14.2905
internal_count=14046 9387 7039 3492 2348 1971 377 3547 4659 554 206
cat_boundaries=0 1 2 3
cat_threshold=24 2 1
is_linear=0
shrinkage=0.05


Tree=45
num_leaves=12
num_cat=2
split_feature=0 0 38 39 40 34 4 43 39 39 30
split_gain=187.877 46.0901 52.9855 70.2344 36.4092 25.0033 25.0488 7.761 0.882832 3.32644 1.47129
threshold=0 1 6.3017855000000003 20.650000000000002 130.55000000000004 24.550000000000004 0.95998215779580554 5.9500000000000011 26.950000000000003 27.100000000000005 19.050000000000004
decision_type=1 1 2 2 2 2 2 2 2 2 2
left_child=8 5 4 -4 -3 6 -2 -7 -1 10 -10
right_child=1 2 3 -5 -6 7 -8 -9 9 -11 -12
leaf_value=-0.050420806420926639 -0.00825660227944011 0.037913158836959421 -0.0072943775327438233 0.015455886192769615 -0.076851187149146016 -0.059172242452931678 0.035752521694734155 -0.024189351894577278 -0.019333348627272748 -0.046946459909334187 0.031323597741663697
leaf_weight=172.88158487528563 345.90768556296825 179.05590571463108 616.65934437513351 751.88364824652672 6.2792202830314627 22.869489923119545 34.666723534464836 56.166649751365185 1.9356202781200402 8.4801520295441133 1.8592746108770368
leaf_count=4454 1700 836 2778 3348 28 137 178 336 35 208 14
internal_value=-7.53421e-05 0.00445237 0.00856176 0.00520688 0.0336333 -0.00931628 -0.0041646 -0.0349247 -0.0467968 -0.0310547 0.00684215
internal_weight=2198.65 2013.49 1553.88 1368.54 185.335 459.611 380.574 79.0361 185.157 12.275 3.79489
internal_count=14052 9341 6990 6126 864 2351 1878 473 4711 257 49
cat_boundaries=0 1 2
cat_threshold=24 32
is_linear=0
shrinkage=0.05


Tree=46
num_leaves=12
num_cat=2
split_feature=0 0 33 37 36 32 39 32 5 4 43
split_gain=173.513 41.7388 33.9801 51.5693 21.0179 25.0158 20.8951 5.96354 3.61361 5.36848 9.14094
threshold=0 1 37.95000000000001 25.500000000000004 91.500000000000014 29.595238000000005 29.150000000000002 31.130655000000001 -0.94703994556331683 -0.082689790342551792 22.200000000000006
decision_type=1 1 2 2 2 2 2 2 2 2 2
left_child=8 2 3 -2 6 -6 -3 -4 9 10 -1
right_child=1 4 7 -5 5 -7 -8 -9 -10 -11 -12
leaf_value=0.030570415787647305 -0.092715450682453945 -0.031721822865494721 0.083492225983261018 0.011000571913624406 -0.0023037845079586748 0.044082654635416114 0.051129302839103913 0.031109252888806539 -0.051577156928105994 -0.049384783055158969 -0.046055630420873288
leaf_weight=7.1406042873859423 11.13735209405422 90.652912884950638 16.904109150171283 1014.0789791047573 840.56856679171324 29.105090722441673 7.4065574258565894 10.332598105072973 148.91233453154564 15.719563975930212 6.4826358146965504
leaf_count=85 48 473 71 4524 4041 155 35 43 4184 346 122
internal_value=6.62785e-05 0.00433209 0.0111792 0.00978461 -0.00315638 -0.000702537 -0.025011 0.0654256 -0.045724 -0.0303679 -0.0065482
internal_weight=2198.44 2020.19 1052.45 1025.22 967.733 869.674 98.0595 27.2367 178.255 29.3428 13.6232
internal_count=14127 9390 4686 4572 4704 4196 508 114 4737 553 207
cat_boundaries=0 1 2
cat_threshold=24 6
is_linear=0
shrinkage=0.05


Tree=47
num_leaves=15
num_cat=0
split_feature=6 7 34 44 44 39 38 44 44 4 44 35 31 30
split_gain=38.6982 33.731 41.4391 55.5716 31.6108 41.9579 42.0804 35.6941 23.2585 12.1083 9.51094 10.6218 8.52568 2.48871
threshold=2.5000000000000004 29.343750000000004 24.450000000000003 41.600000000000001 28.250000000000004 20.450000000000003 7.4619050000000007 48.050000000000004 35.100000000000001 0.99966190462023474 26.800000000000004 81.404762000000019 32.95000000000001 26.650000000000002
decision_type=2 2 2 2 2 2 2 2 2 2 2 2 2 2
left_child=1 2 3 -1 10 6 -6 -7 -3 -10 11 -2 -4 -12
right_child=4 8 12 -5 5 7 -8 -9 9 -11 13 -13 -14 -15
leaf_value=0.00024616560183280561 0.026269791088456024 -0.045883404916587864 -0.071269662879236514 -0.048397114388291571 0.001877379620569401 0.013456633889559325 -0.022839874869641071 -0.017201390058238751 0.028362837501979439 -0.046729675537288136 0.045404297907396439 -0.030097947626220992 -0.035085977722694416 0.0106170019744659
leaf_weight=249.55172047950327 28.588470410555601 13.102228149771689 34.048316719010472 75.775489300489426 490.0474846214056 725.83306979387999 264.36635178700089 108.33009681105614 79.549854643642902 4.8631546944379798 56.945083595812321 10.713759232312439 37.717015320435166 6.4270420968532553
leaf_count=1605 182 88 227 491 3165 4633 1701 677 504 30 372 73 252 42
internal_value=-0.00011486 -0.0124025 -0.0188658 -0.0111975 0.00348387 0.00173697 -0.00680296 0.00945935 0.0138413 0.0235402 0.0302344 0.0105384 -0.0529965 0.042096
internal_weight=2185.86 494.608 397.093 325.327 1691.25 1588.58 754.414 834.163 97.5152 84.413 102.674 39.3022 71.7653 63.3721
internal_count=14042 3197 2575 2096 10845 10176 4866 5310 622 534 669 255 479 414
is_linear=0
shrinkage=0.05


Tree=48
num_leaves=11
num_cat=2
split_feature=0 1 44 4 38 39 32 5 4 43
split_gain=163.263 40.1519 34.651 33.7938 39.9779 21.4179 14.5111 3.68475 5.42356 8.23743
threshold=0 1 52.000000000000007 -0.83377653105606597 11.149702000000001 20.250000000000004 26.419940500000006 -0.94703994556331683 -0.082689790342551792 22.200000000000006
decision_type=1 1 2 2 2 2 2 2 2 2
left_child=7 2 5 6 -5 -2 -3 8 9 -1
right_child=1 3 -4 4 -6 -7 -8 -9 -10 -11
leaf_value=0.028262176913915544 -0.010020788445014139 0.010910297935109422 -0.082410425049249142 0.0023524892187609461 0.030028385268040959 0.0050857718193231607 0.042745731723210154 -0.051464087276909626 -0.04919142667885016 -0.045368837944381853
leaf_weight=7.3398984260857123 438.98056119680405 55.006743624806404 12.581073418259619 742.22713762521744 157.37047626078129 501.79834005981684 106.31324847042561 140.72159578278661 15.268936175853012 5.9944437220692635
leaf_count=84 2179 248 64 3271 681 2444 493 4145 351 120
internal_value=0.000254385 0.00431112 -0.00311314 0.0110199 0.00722192 -0.00196632 0.0320246 -0.0453376 -0.0297912 -0.00569444
internal_weight=2183.6 2014.28 953.36 1060.92 899.598 940.779 161.32 169.325 28.6033 13.3343
internal_count=14080 9380 4687 4693 3952 4623 741 4700 555 204
cat_boundaries=0 1 2
cat_threshold=24 1
is_linear=0
shrinkage=0.05


end of trees

feature_importances:
age_group=107
day_of_year_cos=48
wind_speed_max_7d=40
gender=38
day_of_year_sin=37
temperature_min_7d=35
rain_max_daily_7d=32
wind_gust_max_7d=31
temperature_mean_7d=21
wind_speed_mean_7d=21
precipitation_sum_7d=17
month=16
humidity_min_7d=14
humidity_max_7d=10
weather_code_current=9
temperature_max_current=8
temperature_max_7d=7
humidity_mean_7d=5
wind_speed_mean_current=4
temperature_mean_3d=4
temperature_max_3d=4
wind_gust_max_3d=3
rain_max_daily_3d=2
temperature_mean_current=1
wind_speed_max_3d=1
rain_sum_7d=1
rain_days_7d=1

parameters:
[boosting: gbdt]
[objective: binary]
[metric: binary_logloss]
[tree_learner: serial]
[device_type: cpu]
[data_sample_strategy: bagging]
[data: ]
[valid: ]
[num_iterations: 49]
[learning_rate: 0.05]
[num_leaves: 15]
[num_threads: 8]
[seed: 42]
[deterministic: 0]
[force_col_wise: 0]
[force_row_wise: 0]
[histogram_pool_size: -1]
[max_depth: 4]
[min_data_in_leaf: 20]
[min_sum_hessian_in_leaf: 0.001]
[bagging_fraction: 0.9]
[pos_bagging_fraction: 1]
[neg_bagging_fraction: 1]
[bagging_freq: 1]
[bagging_seed: 400]
[bagging_by_query: 0]
[feature_fraction: 0.9]
[feature_fraction_bynode: 1]
[feature_fraction_seed: 30056]
[extra_trees: 0]
[extra_seed: 12879]
[early_stopping_round: 0]
[early_stopping_min_delta: 0]
[first_metric_only: 0]
[max_delta_step: 0]
[lambda_l1: 0]
[lambda_l2: 1]
[linear_lambda: 0]
[min_gain_to_split: 0]
[drop_rate: 0.1]
[max_drop: 50]
[skip_drop: 0.5]
[xgboost_dart_mode: 0]
[uniform_drop: 0]
[drop_seed: 17869]
[top_rate: 0.2]
[other_rate: 0.1]
[min_data_per_group: 100]
[max_cat_threshold: 32]
[cat_l2: 10]
[cat_smooth: 10]
[max_cat_to_onehot: 4]
[top_k: 20]
[monotone_constraints: ]
[monotone_constraints_method: basic]
[monotone_penalty: 0]
[feature_contri: ]
[forcedsplits_filename: ]
[refit_decay_rate: 0.9]
[cegb_tradeoff: 1]
[cegb_penalty_split: 0]
[cegb_penalty_feature_lazy: ]
[cegb_penalty_feature_coupled: ]
[path_smooth: 0]
[interaction_constraints: ]
[verbosity: -1]
[saved_feature_importance_type: 0]
[use_quantized_grad: 0]
[num_grad_quant_bins: 4]
[quant_train_renew_leaf: 0]
[stochastic_rounding: 1]
[linear_tree: 0]
[max_bin: 255]
[max_bin_by_feature: ]
[min_data_in_bin: 3]
[bin_construct_sample_cnt: 200000]
[data_random_seed: 175]
[is_enable_sparse: 1]
[enable_bundle: 1]
[use_missing: 1]
[zero_as_missing: 0]
[feature_pre_filter: 1]
[pre_partition: 0]
[two_round: 0]
[header: 0]
[label_column: ]
[weight_column: ]
[group_column: ]
[ignore_column: ]
[categorical_feature: 0,1,3]
[forcedbins_filename: ]
[precise_float_parser: 0]
[parser_config_file: ]
[objective_seed: 16083]
[num_class: 1]
[is_unbalance: 0]
[scale_pos_weight: 1]
[sigmoid: 1]
[boost_from_average: 1]
[reg_sqrt: 0]
[alpha: 0.9]
[fair_c: 1]
[poisson_max_delta_step: 0.7]
[tweedie_variance_power: 1.5]
[lambdarank_truncation_level: 30]
[lambdarank_norm: 1]
[label_gain: ]
[lambdarank_position_bias_regularization: 0]
[eval_at: ]
[multi_error_top_k: 1]
[auc_mu_weights: ]
[num_machines: 1]
[local_listen_port: 12400]
[time_out: 120]
[machine_list_filename: ]
[machines: ]
[gpu_platform_id: -1]
[gpu_device_id: -1]
[gpu_device_id_list: ]
[gpu_use_dp: 0]
[num_gpu: 1]

end of parameters

pandas_categorical:[]
