tree
version=v4
num_class=1
num_tree_per_iteration=1
label_index=0
max_feature_idx=44
objective=binary sigmoid:1
feature_names=age_group gender month season day_of_year_sin day_of_year_cos weather_code_current temperature_mean_current temperature_max_current temperature_min_current humidity_mean_current humidity_max_current humidity_min_current wind_speed_mean_current wind_speed_max_current precipitation_sum_current rain_sum_current wind_gust_max_current rain_day_current temperature_mean_3d temperature_max_3d temperature_min_3d humidity_mean_3d humidity_max_3d humidity_min_3d wind_speed_mean_3d wind_speed_max_3d precipitation_sum_3d rain_sum_3d rain_days_3d rain_max_daily_3d wind_gust_max_3d temperature_mean_7d temperature_max_7d temperature_min_7d humidity_mean_7d humidity_max_7d humidity_min_7d wind_speed_mean_7d wind_speed_max_7d precipitation_sum_7d rain_sum_7d rain_days_7d rain_max_daily_7d wind_gust_max_7d
feature_infos=-1:0:1:2:3:4:5 -1:0:1 [1:12] -1:1:0 [-0.99999942202469239:0.99998555065071859] [-0.99997919295908244:0.9999907524084426] [0:61] [23.658332999999999:32.533332999999999] [25.899999999999999:39.200000000000003] [17.899999999999999:29.300000000000001] [48.958333000000003:91.625] [63:100] [23:86] [2.8541669999999999:19.695833] [6.4000000000000004:30.100000000000001] [0:63.100000000000001] [0:63.100000000000001] [14:56.899999999999999] [0:1] [23.766667000000002:32.427778000000004] [27.699999999999999:39.200000000000003] [17.899999999999999:28.100000000000001] [52.569443999999997:90.694444000000004] [73:100] [23:79] [4.125:17.329167000000002] [9.6999999999999993:30.100000000000001] [0:93.900000000000006] [0:93.900000000000006] [0:3] [0:63.100000000000001] [17.300000000000001:56.899999999999999] [24.365476000000001:32.235118999999997] [28.699999999999999:39.200000000000003] [17.899999999999999:27.5] [55.767856999999999:89.523809999999997] [77:100] [23:72] [4.5327380000000002:15.469643] [11.6:30.100000000000001] [0:163.90000000000001] [0:163.90000000000001] [0:7] [0:63.100000000000001] [23:56.899999999999999]
tree_sizes=1690 1719 1729 1733 1731 1720 1736

Tree=0
num_leaves=15
num_cat=2
split_feature=0 0 4 19 37 40 4 44 40 37 40 36 4 44
split_gain=556.666 119.515 157.616 138.215 118.852 74.9488 77.5626 59.6294 28.54 25.4686 19.9448 5.78551 17.5383 5.36983
threshold=0 1 -0.35846811432664222 29.168750000000003 56.500000000000007 0.75000000000000011 0.83849049182116964 34.400000000000013 0.8500000000000002 32.500000000000007 0.15000000000000005 99.500000000000014 0.22700754078277599 49.150000000000006
decision_type=1 1 2 2 2 2 2 2 2 2 2 2 2 2
left_child=1 5 4 -4 -3 6 -1 -7 9 13 -11 -10 -13 -2
right_child=8 2 3 -5 -6 7 -8 -9 11 10 -12 12 -14 -15
leaf_value=-2.576282467836553 -2.6852389999928468 -2.4404364240452421 -2.680876050261308 -2.5716894236341008 -2.6045673398782108 -2.6389062279603892 -2.3408039419323265 -2.5634838492677292 -2.7025036487144765 -2.5268882051089454 -2.6494814738802761 -2.6960278743374997 -2.6333789423852809 -2.6079044900353363
leaf_weight=8.9029611088335496 32.234859187155962 11.911547966301439 154.48172517120838 34.629448726773262 84.670230131596327 37.453836388885975 5.9557739831507197 90.073406528681517 295.51690908148885 4.5435801520943633 8.4731629863381368 75.030472241342068 12.46414555236697 1.5349932946264733
leaf_count=145 525 194 2516 564 1379 610 97 1467 4813 74 138 1222 203 25
internal_value=-2.65394 -2.6141 -2.63464 -2.66055 -2.58234 -2.57727 -2.46807 -2.58534 -2.69364 -2.65761 -2.60065 -2.69905 -2.68697 -2.68049
internal_weight=857.877 428.079 285.693 189.111 96.5818 142.386 14.8587 127.527 429.798 46.7866 13.0167 383.012 87.4946 33.7699
internal_count=13972 6972 4653 3080 1573 2319 242 2077 7000 762 212 6238 1425 550
cat_boundaries=0 1 2
cat_threshold=7 2
is_linear=0
shrinkage=1


Tree=1
num_leaves=15
num_cat=3
split_feature=0 4 0 34 0 20 39 4 4 21 19 38 40 31
split_gain=510.856 96.6172 150.776 89.8871 80.17 68.8962 68.4201 55.5285 46.9145 60.9485 54.8694 41.0539 32.2536 20.7012
threshold=0 -0.39036798905311365 1 25.150000000000002 2 31.650000000000002 25.250000000000004 -0.85227431625818906 -0.88622299073327826 23.850000000000005 29.168750000000003 7.6529765000000012 0.55000000000000016 29.350000000000005
decision_type=1 2 1 2 1 2 2 2 2 2 2 2 2 2
left_child=1 5 6 -4 8 11 -3 -7 9 -2 -10 -1 13 -6
right_child=4 2 3 -5 12 7 -8 -9 10 -11 -12 -13 -14 -15
leaf_value=0.020878034952055629 0.15801578868846958 0.061181744145851008 -0.036195568725384118 0.09948973341154238 0.061427431808858901 0.049268608688052412 0.18302846488575214 0.18184948664333037 -0.020010281864760102 -0.015047865770839977 0.071806114904081231 0.10441012095281013 -0.04423975580686805 -0.018877364073738363
leaf_weight=33.892850041389465 9.641405791044237 89.892410218715668 80.222717195749283 13.383584588766096 10.322403997182844 12.137289404869078 12.727326996624468 28.082244724035263 107.95787741988897 9.4427214041352254 18.134669959545135 25.88925676047802 377.33986515179276 26.595081634819508
leaf_count=524 148 1365 1322 208 161 186 186 427 1753 147 275 396 6384 443
internal_value=0.000223443 0.0521972 0.0332845 -0.0144244 -0.0277771 0.0937792 0.0710567 0.144006 0.00459786 0.0758992 -0.00634413 0.0581751 -0.0389484 0.00460431
internal_weight=855.662 296.228 196.226 93.6063 559.434 100.002 102.62 40.2195 145.177 19.0841 126.093 59.7821 414.257 36.9175
internal_count=13925 4614 3081 1530 9311 1533 1551 613 2323 295 2028 920 6988 604
cat_boundaries=0 1 2 3
cat_threshold=6 2 1
is_linear=0
shrinkage=0.05


Tree=2
num_leaves=15
num_cat=2
split_feature=0 0 2 32 40 39 2 27 40 37 5 44 2 39
split_gain=448.807 74.6356 86.008 120.181 71.5496 62.9633 58.9963 40.4055 32.1046 26.849 11.7944 7.70448 6.47637 5.14203
threshold=0 1 6.5000000000000009 28.763095000000003 89.250000000000014 22.350000000000005 2.5000000000000004 0.45000000000000007 0.65000000000000002 32.500000000000007 0.89309379682046119 26.800000000000004 5.5000000000000009 25.350000000000005
decision_type=1 1 2 2 2 2 2 2 2 2 2 2 2 2
left_child=1 5 3 -3 -4 7 -7 -1 9 13 -11 12 -10 -2
right_child=8 2 4 -5 -6 6 -8 -9 11 10 -12 -13 -14 -15
leaf_value=0.11307404096625384 -0.030643987158387728 -0.039081684853883226 0.066786172309344291 0.05191748371376758 -0.015797305695577156 -0.010059198973202522 0.12592813382220977 0.026734650570390164 0.057835522370712891 -0.023191138172989845 0.092358488754507237 -0.044569962776834032 -0.027179506600818901 0.030225902951652152
leaf_weight=15.175142981112002 23.341408107429746 104.43588145077229 103.02210103347898 54.336624890565872 34.624348569661379 9.2950384393334371 49.752096943557262 91.297454230487347 2.6283103786408892 2.4183927699923506 8.5928698517382127 357.72260920703411 4.8844710737466812 3.225522279739379
leaf_count=218 394 1780 1556 821 531 131 668 1328 45 40 126 6293 86 54
internal_value=-3.34443e-05 0.0332408 0.0167094 -0.00780906 0.0460486 0.0599598 0.10471 0.0399779 -0.0380602 0.00488641 0.0671625 -0.0435194 0.00586274 -0.0224253
internal_weight=864.752 461.939 296.419 158.773 137.646 165.52 59.0471 106.473 402.814 37.5782 11.0113 365.235 7.51278 26.5669
internal_count=14071 7033 4688 2601 2087 2345 799 1546 7038 614 166 6424 131 448
cat_boundaries=0 1 2
cat_threshold=7 2
is_linear=0
shrinkage=0.05


Tree=3
num_leaves=15
num_cat=2
split_feature=0 0 4 19 37 39 2 41 41 37 27 44 2 4
split_gain=406.331 68.3346 100.153 97.8747 73.9656 45.548 45.2534 39.3792 30.9966 21.8631 9.35061 8.85456 6.43972 5.6632
threshold=0 1 -0.34235669412071196 29.168750000000003 56.500000000000007 22.450000000000003 2.5000000000000004 0.65000000000000002 0.65000000000000002 32.500000000000007 1.0000000180025095e-35 26.800000000000004 5.5000000000000009 0.93237596376505805
decision_type=1 1 2 2 2 2 2 2 2 2 2 2 2 2
left_child=1 5 4 -4 -3 7 -7 -1 9 13 -11 12 -10 -2
right_child=8 2 3 -5 -6 6 -8 -9 11 10 -12 -13 -14 -15
leaf_value=0.13810247080084262 -0.032851225255915391 0.14687639346679948 -0.025764806194994324 0.061390584498206703 0.034778836324637429 -0.011886475555923605 0.11064123440802041 0.030257853951562524 0.054553470114364622 0.085998988387532976 -0.0041331811406455149 -0.044181107148911047 -0.026838729387335225 0.019876593362104754
leaf_weight=8.3548342958092672 21.168673373758796 16.616852387785912 147.96714359521866 40.109915722161531 96.957074970006943 8.5679790899157506 52.130776420235634 105.05835194140673 3.1962470561265928 7.933059446513651 4.1144932880997658 342.05988949909806 4.8242471516132355 5.873949483036994
leaf_count=105 365 206 2547 556 1400 122 627 1484 52 107 64 6258 87 100
internal_value=1.96669e-05 0.0307043 0.0149687 -0.00695139 0.0523185 0.055457 0.0934334 0.0393401 -0.0373059 0.0038777 0.0572594 -0.042965 0.00804883 -0.0210978
internal_weight=864.933 475.763 301.651 188.077 113.574 174.112 60.6988 113.413 389.171 39.0902 12.0476 350.08 8.02049 27.0426
internal_count=14080 7047 4709 3103 1606 2338 749 1589 7033 636 171 6397 139 465
cat_boundaries=0 1 2
cat_threshold=7 2
is_linear=0
shrinkage=0.05


Tree=4
num_leaves=15
num_cat=2
split_feature=0 4 0 19 37 37 39 40 37 2 44 4 5 40
split_gain=375.554 61.1435 63.548 57.0732 41.4093 41.1367 47.9952 26.3146 22.8166 8.41389 7.34509 14.8748 6.25668 4.64289
threshold=0 -0.51297808981038739 1 29.168750000000003 30.500000000000004 57.500000000000007 19.550000000000004 0.65000000000000002 32.500000000000007 1.5000000000000002 31.850000000000005 0.17646842360078757 0.36447543099728857 76.15000000000002
decision_type=1 2 1 2 2 2 2 2 2 2 2 2 2 2
left_child=1 5 4 -4 -3 13 -7 8 12 -10 11 -9 -2 -1
right_child=7 2 3 -5 -6 6 -8 10 9 -11 -12 -13 -14 -15
leaf_value=0.13020592609675227 0.016216934537288421 0.10213353318853791 -0.015311917999132252 0.049201034123614394 0.031135656826836916 0.012744011081256758 0.072819733056548305 -0.04569873218747636 0.08802525948148944 0.0065736075813346145 -0.046208392757279101 0.0068461385968474455 -0.038781464070363703 0.035544254769286951
leaf_weight=17.346831366419796 6.2288311421871212 25.019178070127964 161.86778079718351 42.424562834203243 106.32416307926178 64.044954024255276 69.299727186560631 33.84804929047823 6.7299667373299581 5.6695801541209221 281.45667809247971 21.575102142989635 20.043568052351475 2.3814118206500998
leaf_count=201 104 283 2762 558 1389 901 917 642 83 84 5358 396 356 32
internal_value=-0.000422385 0.0282143 0.0167592 -0.00165953 0.0421449 0.0548909 0.0442752 -0.0374191 0.000640368 0.0540522 -0.0428846 -0.0254853 -0.0256256 0.121045
internal_weight=864.26 488.709 335.636 204.292 131.343 153.073 133.345 375.552 38.6719 12.3995 336.88 55.4232 26.2724 19.7282
internal_count=14066 7043 4992 3320 1672 2051 1818 7023 627 167 6396 1038 460 233
cat_boundaries=0 1 2
cat_threshold=7 2
is_linear=0
shrinkage=0.05


Tree=5
num_leaves=15
num_cat=3
split_feature=0 0 4 0 20 4 43 32 40 37 44 4 34 2
split_gain=340.286 44.0371 56.2507 70.0006 39.472 38.7095 53.0012 51.1155 26.2991 18.9792 8.093 6.251 4.46487 4.43184
threshold=0 1 -0.40614700388750385 2 31.750000000000004 -0.88622299073327826 21.550000000000004 28.609821500000006 0.15000000000000005 32.500000000000007 26.800000000000004 0.93237596376505805 23.850000000000005 5.5000000000000009
decision_type=1 1 2 1 2 2 2 2 2 2 2 2 2 2
left_child=1 2 4 -4 -1 6 -3 -7 9 11 13 -2 -12 -10
right_child=8 5 3 -5 -6 7 -8 -9 10 -11 12 -13 -14 -15
leaf_value=0.040922090378115797 -0.030992726537344573 0.14541019359105053 0.044079693290319202 -0.010959805899907705 0.10065564599137283 -0.026165595286103606 -0.0034433164573410683 0.04465783334502673 0.03965585357125375 0.077333868552249579 -0.036565217111478164 0.050271907252429859 -0.049073723977727031 -0.023037967407617443
leaf_weight=73.826405420899391 12.713576175272467 9.505941681563856 128.74067862331867 96.737220473587513 45.849635526537895 97.429340694099665 13.777268290519713 33.395675599575043 3.8527714312076551 6.9466709941625586 171.00810208916664 1.925799075514077 159.30002503469586 5.7419019155204296
leaf_count=957 232 119 1580 1607 541 1587 185 469 58 78 3351 32 3141 104
internal_value=-0.000682631 0.0258574 0.0358179 0.0219843 0.0644513 0.00264894 0.0608152 -0.00788489 -0.0370006 0.0149035 -0.0414162 -0.0177715 -0.0427277 0.00350375
internal_weight=860.751 499.262 345.154 225.478 119.676 154.108 23.2832 130.825 361.489 21.586 339.903 14.6394 330.308 9.59467
internal_count=14041 7045 4685 3187 1498 2360 304 2056 6996 342 6654 264 6492 162
cat_boundaries=0 1 2 3
cat_threshold=7 6 2
is_linear=0
shrinkage=0.05


Tree=6
num_leaves=15
num_cat=2
split_feature=40 34 36 32 44 8 1 4 40 33 1 2 40 11
split_gain=37.9597 41.194 27.9616 37.7945 26.4232 20.1655 34.5046 26.5699 19.3178 17.2258 8.20242 7.91274 5.91728 4.16237
threshold=0.75000000000000011 20.550000000000004 95.500000000000014 29.116071500000004 30.800000000000004 33.350000000000001 0 -0.48314718476766416 2.7500000000000004 31.850000000000005 1 2.5000000000000004 44.550000000000004 91.500000000000014
decision_type=2 2 2 2 2 2 1 2 2 2 1 2 2 2
left_child=1 9 3 12 13 7 -7 -4 -5 10 -1 -6 -2 -3
right_child=2 4 5 8 11 6 -8 -9 -10 -11 -12 -13 -14 -15
leaf_value=-0.012815701913963499 -0.050139699111976389 0.13533409926670628 0.0090275306643111466 0.033761588753779055 0.008951827870141477 0.058990661183520365 -0.0083957372457492858 -0.012924820052776327 -0.021416768720972895 -0.046201481295664697 0.097931026593513604 0.047873078440429026 -0.00061773214662893942 0.025671808064794646
leaf_weight=2.7142895609140423 73.118310928344727 8.2215440236031991 264.93963078781962 30.265549644827843 19.747074756771326 36.779483336955309 37.770841270685196 285.20010205730796 31.242043051868677 19.606212999671698 2.639999758452177 40.932963378727436 6.5938243754208079 1.5487729050219048
leaf_count=38 1266 108 4094 453 318 626 638 4977 483 327 37 587 109 22
internal_value=0.000130287 0.0297003 -0.00358724 -0.0235966 0.0490775 0.000966645 0.0251902 -0.00235568 0.00584016 -0.0247749 0.0486077 0.0355574 -0.0461016 0.121948
internal_weight=861.321 95.4109 765.91 141.22 70.4504 624.69 74.5503 550.14 61.5076 24.9605 5.35429 60.68 79.7121 9.77032
internal_count=14083 1437 12646 2311 1035 10335 1264 9071 936 402 75 905 1375 130
cat_boundaries=0 1 2
cat_threshold=1 1
is_linear=0
shrinkage=0.05


end of trees

feature_importances:
age_group=14
day_of_year_sin=14
precipitation_sum_7d=12
humidity_min_7d=9
month=8
wind_gust_max_7d=7
wind_speed_max_7d=5
temperature_mean_3d=4
temperature_mean_7d=3
temperature_min_7d=3
gender=2
day_of_year_cos=2
temperature_max_3d=2
precipitation_sum_3d=2
humidity_max_7d=2
rain_sum_7d=2
temperature_max_current=1
humidity_max_current=1
temperature_min_3d=1
wind_gust_max_3d=1
temperature_max_7d=1
wind_speed_mean_7d=1
rain_max_daily_7d=1

parameters:
[boosting: gbdt]
[objective: binary]
[metric: binary_logloss]
[tree_learner: serial]
[device_type: cpu]
[data_sample_strategy: bagging]
[data: ]
[valid: ]
[num_iterations: 7]
[learning_rate: 0.05]
[num_leaves: 15]
[num_threads: 8]
[seed: 42]
[deterministic: 0]
[force_col_wise: 0]
[force_row_wise: 0]
[histogram_pool_size: -1]
[max_depth: 4]
[min_data_in_leaf: 20]
[min_sum_hessian_in_leaf: 0.001]
[bagging_fraction: 0.9]
[pos_bagging_fraction: 1]
[neg_bagging_fraction: 1]
[bagging_freq: 1]
[bagging_seed: 400]
[bagging_by_query: 0]
[feature_fraction: 0.9]
[feature_fraction_bynode: 1]
[feature_fraction_seed: 30056]
[extra_trees: 0]
[extra_seed: 12879]
[early_stopping_round: 0]
[early_stopping_min_delta: 0]
[first_metric_only: 0]
[max_delta_step: 0]
[lambda_l1: 0]
[lambda_l2: 1]
[linear_lambda: 0]
[min_gain_to_split: 0]
[drop_rate: 0.1]
[max_drop: 50]
[skip_drop: 0.5]
[xgboost_dart_mode: 0]
[uniform_drop: 0]
[drop_seed: 17869]
[top_rate: 0.2]
[other_rate: 0.1]
[min_data_per_group: 100]
[max_cat_threshold: 32]
[cat_l2: 10]
[cat_smooth: 10]
[max_cat_to_onehot: 4]
[top_k: 20]
[monotone_constraints: ]
[monotone_constraints_method: basic]
[monotone_penalty: 0]
[feature_contri: ]
[forcedsplits_filename: ]
[refit_decay_rate: 0.9]
[cegb_tradeoff: 1]
[cegb_penalty_split: 0]
[cegb_penalty_feature_lazy: ]
[cegb_penalty_feature_coupled: ]
[path_smooth: 0]
[interaction_constraints: ]
[verbosity: -1]
[saved_feature_importance_type: 0]
[use_quantized_grad: 0]
[num_grad_quant_bins: 4]
[quant_train_renew_leaf: 0]
[stochastic_rounding: 1]
[linear_tree: 0]
[max_bin: 255]
[max_bin_by_feature: ]
[min_data_in_bin: 3]
[bin_construct_sample_cnt: 200000]
[data_random_seed: 175]
[is_enable_sparse: 1]
[enable_bundle: 1]
[use_missing: 1]
[zero_as_missing: 0]
[feature_pre_filter: 1]
[pre_partition: 0]
[two_round: 0]
[header: 0]
[label_column: ]
[weight_column: ]
[group_column: ]
[ignore_column: ]
[categorical_feature: 0,1,3]
[forcedbins_filename: ]
[precise_float_parser: 0]
[parser_config_file: ]
[objective_seed: 16083]
[num_class: 1]
[is_unbalance: 0]
[scale_pos_weight: 1]
[sigmoid: 1]
[boost_from_average: 1]
[reg_sqrt: 0]
[alpha: 0.9]
[fair_c: 1]
[poisson_max_delta_step: 0.7]
[tweedie_variance_power: 1.5]
[lambdarank_truncation_level: 30]
[lambdarank_norm: 1]
[label_gain: ]
[lambdarank_position_bias_regularization: 0]
[eval_at: ]
[multi_error_top_k: 1]
[auc_mu_weights: ]
[num_machines: 1]
[local_listen_port: 12400]
[time_out: 120]
[machine_list_filename: ]
[machines: ]
[gpu_platform_id: -1]
[gpu_device_id: -1]
[gpu_device_id_list: ]
[gpu_use_dp: 0]
[num_gpu: 1]

end of parameters

pandas_categorical:[]
