tree
version=v4
num_class=1
num_tree_per_iteration=1
label_index=0
max_feature_idx=44
objective=binary sigmoid:1
feature_names=age_group gender month season day_of_year_sin day_of_year_cos weather_code_current temperature_mean_current temperature_max_current temperature_min_current humidity_mean_current humidity_max_current humidity_min_current wind_speed_mean_current wind_speed_max_current precipitation_sum_current rain_sum_current wind_gust_max_current rain_day_current temperature_mean_3d temperature_max_3d temperature_min_3d humidity_mean_3d humidity_max_3d humidity_min_3d wind_speed_mean_3d wind_speed_max_3d precipitation_sum_3d rain_sum_3d rain_days_3d rain_max_daily_3d wind_gust_max_3d temperature_mean_7d temperature_max_7d temperature_min_7d humidity_mean_7d humidity_max_7d humidity_min_7d wind_speed_mean_7d wind_speed_max_7d precipitation_sum_7d rain_sum_7d rain_days_7d rain_max_daily_7d wind_gust_max_7d
feature_infos=-1:0:1:2:3:4:5 -1:0:1 [1:12] -1:1:0 [-0.99999942202469239:0.99998555065071859] [-0.99997919295908244:0.9999907524084426] [0:61] [23.658332999999999:32.533332999999999] [25.899999999999999:39.200000000000003] [17.899999999999999:29.300000000000001] [48.958333000000003:91.625] [63:100] [23:86] [2.8541669999999999:19.695833] [6.4000000000000004:30.100000000000001] [0:63.100000000000001] [0:63.100000000000001] [14:56.899999999999999] [0:1] [23.766667000000002:32.427778000000004] [27.699999999999999:39.200000000000003] [17.899999999999999:28.100000000000001] [52.569443999999997:90.694444000000004] [73:100] [23:79] [4.125:17.329167000000002] [9.6999999999999993:30.100000000000001] [0:93.900000000000006] [0:93.900000000000006] [0:3] [0:63.100000000000001] [17.300000000000001:56.899999999999999] [24.365476000000001:32.235118999999997] [28.699999999999999:39.200000000000003] [17.899999999999999:27.5] [55.767856999999999:89.523809999999997] [77:100] [23:72] [4.5327380000000002:15.469643] [11.6:30.100000000000001] [0:163.90000000000001] [0:163.90000000000001] [0:7] [0:63.100000000000001] [23:56.899999999999999]
tree_sizes=1677 1712 1718 1736 1731 1730 1638 1707 1717 1524 1716 1508 1739 1730 1718 1505 1713 1531 1625 1647 1730 1651 1734 1619 1728 1440 1746 1637 1682 1517 1760 1747 1426 1745 1723 1512 1424 1733 1706 1759 1729 1713 1616 1509

Tree=0
num_leaves=15
num_cat=2
split_feature=0 0 4 5 44 44 8 40 38 32 4 4 43 43
split_gain=1528.67 256.727 221.692 94.064 65.2317 55.4804 54.2078 30.4186 10.9851 24.3269 8.88479 6.60769 1.01472 6.10831
threshold=0 1 -0.9354548908432756 0.99138911339924218 36.20000000000001 48.050000000000004 30.950000000000003 3.0500000000000003 6.1681545000000009 27.797619000000005 -0.91597725483594616 0.10837544681456417 38.900000000000006 43.800000000000004
decision_type=1 1 2 2 2 2 2 2 2 2 2 2 2 2
left_child=1 2 5 4 -3 -1 -4 -5 9 10 -2 -11 -10 -14
right_child=8 3 6 7 -6 -7 -8 -9 12 11 -12 -13 13 -15
leaf_value=-1.7346503681549579 -2.008173785935687 -2.0007780278119371 -1.9682830922785384 -1.7978932090786715 -1.9628795528273832 -1.9790897643594538 -1.9089407599137855 -1.9444157150902632 -2.0566188024984755 -1.9049721092048078 -2.0535237667628241 -1.9976229497523099 -1.9875875171966373 -2.0549776194049576
leaf_weight=20.435724109411243 13.83341324329376 189.99983492493629 51.875299662351608 8.5934839844703657 281.48899978399277 2.8295617997646323 168.0969306230545 7.3359009623527518 643.25371581315994 2.9343603849411002 53.132882684469223 3.98234623670578 3.9823462367057827 12.471031635999678
leaf_count=195 132 1813 495 82 2686 27 1604 70 6138 28 507 38 38 119
internal_value=-2.00285 -1.95203 -1.91022 -1.97447 -1.97812 -1.76219 -1.92272 -1.85796 -2.05345 -2.03506 -2.04438 -1.95097 -2.05623 -2.03875
internal_weight=1464.25 730.656 243.238 487.418 471.489 23.2653 219.972 15.9294 733.59 73.883 66.9663 6.91671 659.707 16.4534
internal_count=13972 6972 2321 4651 4499 222 2099 152 7000 705 639 66 6295 157
cat_boundaries=0 1 2
cat_threshold=7 4
is_linear=0
shrinkage=1


Tree=1
num_leaves=15
num_cat=2
split_feature=0 0 4 5 44 26 33 44 5 20 38 5 4 43
split_gain=1385.82 195.237 141.705 73.532 60.1544 54.324 35.8715 16.8792 8.71 21.2601 3.04963 5.11797 1.52907 1.19203
threshold=0 1 -0.9354548908432756 0.99349222267034765 36.20000000000001 14.550000000000002 31.050000000000004 30.400000000000002 0.99445195900249039 33.350000000000001 6.0229165000000009 0.97648852793709995 0.022575936829235404 38.900000000000006
decision_type=1 1 2 2 2 2 2 2 2 2 2 2 2 2
left_child=1 2 6 4 -3 -4 -1 -5 10 -10 11 -2 -11 -12
right_child=8 3 5 7 -6 -7 -8 -9 9 12 13 -13 -14 -15
leaf_value=0.04971898263204165 -0.043505538440572963 0.0015530907069094826 0.0095415259406933031 0.17717650686217096 0.037650761813684 0.080712812198211387 0.21475210832513905 0.061182318342014298 -0.052415505171834 0.018358619662512617 -0.053789123627034946 0.01132961619409662 0.073101858805680153 -0.034631250937864448
leaf_weight=4.639184162020686 49.579258732497692 191.16295975446701 31.295989707112312 8.3849320858716947 290.59082266688347 199.00346969813108 23.167689457535744 7.0721674039959899 13.170752488076689 3.0892840325832358 615.24923978745937 4.2463258057832709 3.2701676934957504 15.290471121668814
leaf_count=39 488 1821 283 70 2690 1787 184 63 131 30 6119 41 29 150
internal_value=-0.000584218 0.0461365 0.0814601 0.0264334 0.0233599 0.0711242 0.1899 0.131048 -0.0506483 -0.0173177 -0.0523118 -0.0390518 0.0526168 -0.0533801
internal_weight=1459.21 755.317 258.106 497.211 481.754 230.299 27.8069 15.4571 703.895 19.5302 684.365 53.8256 6.35945 630.54
internal_count=13925 6937 2293 4644 4511 2070 223 133 6988 190 6798 529 59 6269
cat_boundaries=0 1 2
cat_threshold=7 4
is_linear=0
shrinkage=0.05


Tree=2
num_leaves=15
num_cat=2
split_feature=0 0 2 34 20 5 35 40 38 43 24 5 32 5
split_gain=1294.12 155.393 68.9311 87.16 73.0785 59.3964 54.4347 16.7519 9.38415 19.763 5.35015 4.2951 0.918493 5.88612
threshold=0 1 7.5000000000000009 23.550000000000004 33.350000000000001 0.99138911339924218 86.931547500000008 3.0500000000000003 6.1681545000000009 0.95000000000000007 70.500000000000014 0.98174098242282859 27.230357000000001 0.99803555425430601
decision_type=1 1 2 2 2 2 2 2 2 2 2 2 2 2
left_child=1 2 4 -4 -1 6 -3 -7 9 11 -11 -2 -10 -14
right_child=8 5 3 -5 -6 7 -8 -9 12 10 -12 -13 13 -15
leaf_value=0.023132898951885156 -0.016551681782931715 0.014174083972970508 0.067712590660783223 0.16348740367597839 0.087307676087399366 0.14697642093197533 0.055572505740867376 0.047722202741369589 -0.05585858702436676 -0.048076500693393996 0.0011423854107783201 0.049686431278118608 -0.050631325367999226 0.022580164053624757
leaf_weight=85.575606554746628 2.9402164965867978 394.24609155207872 58.221819378435612 42.395672596991062 93.328738272190094 11.394713342189791 98.833042614161968 8.5571229010820371 276.62718338519335 55.247686177492142 6.0714850053191176 7.0003955811262131 331.09008473157883 2.243182197213172
leaf_count=733 30 3638 487 332 784 85 900 74 2869 564 61 62 3430 22
internal_value=0.000107478 0.0432717 0.0734646 0.109279 0.0569101 0.0256245 0.0225677 0.108717 -0.0500023 -0.0327128 -0.043263 0.0303725 -0.0527838 -0.0500726
internal_weight=1473.77 792.553 279.522 100.617 178.904 513.031 493.079 19.9518 681.22 71.2598 61.3192 9.94061 609.96 333.333
internal_count=14071 7033 2336 819 1517 4697 4538 159 7038 717 625 92 6321 3452
cat_boundaries=0 1 2
cat_threshold=7 4
is_linear=0
shrinkage=0.05


Tree=3
num_leaves=15
num_cat=2
split_feature=0 0 4 34 43 20 44 44 38 43 4 35 43 43
split_gain=1164.66 133.014 108.359 43.1751 60.9875 37.7194 35.0946 24.4443 8.54467 13.608 6.57834 3.89846 2.14314 8.01189
threshold=0 1 -0.92923668111203817 24.250000000000004 0.65000000000000002 30.950000000000003 36.20000000000001 48.050000000000004 6.1681545000000009 0.95000000000000007 -0.91597725483594616 70.770833500000023 38.900000000000006 43.800000000000004
decision_type=1 1 2 2 2 2 2 2 2 2 2 2 2 2
left_child=1 2 7 6 -5 -4 -3 -1 9 11 -11 -2 -10 -14
right_child=8 3 5 4 -6 -7 -8 -9 12 10 -12 -13 13 -15
leaf_value=0.16108685046277035 -0.026960298564484033 0.015470480492283022 -0.0016953476562056428 0.085787839570487065 -0.011984627336329452 0.062916128036798788 0.046160720973203374 0.013565517618410154 -0.052761975097478292 -0.0096187584910178217 -0.050500256295661475 0.035971448628518282 0.027108078329954596 -0.050995415347001596
leaf_weight=33.112230554223061 2.6082887426018697 171.76054021716118 24.916960090398788 17.214797079563141 127.24844041466713 235.45453082025051 206.41395808756351 3.270735301077365 569.79235897958279 13.081499770283697 46.692459180951118 7.6282727941870689 3.8716331943869582 10.446648091077803
leaf_count=213 26 1576 211 154 1150 1901 1816 26 6160 133 497 67 39 111
internal_value=-0.00016286 0.039329 0.0662406 0.0229981 0.000175978 0.0567501 0.0322993 0.148543 -0.0494626 -0.0328238 -0.0418588 0.0189641 -0.0522428 -0.0294854
internal_weight=1473.51 819.392 296.754 522.638 144.463 260.371 378.174 36.383 654.121 70.0105 59.774 10.2366 584.111 14.3183
internal_count=14080 7047 2351 4696 1304 2112 3392 239 7033 723 630 93 6310 150
cat_boundaries=0 1 2
cat_threshold=7 4
is_linear=0
shrinkage=0.05


Tree=4
num_leaves=15
num_cat=2
split_feature=0 0 4 34 5 5 5 34 38 32 4 15 43 25
split_gain=1089.81 112.751 77.1008 48.0902 48.8114 38.4522 36.3368 21.7422 9.04593 15.1217 8.1344 5.10379 1.2729 6.27187
threshold=0 1 -0.92923668111203817 24.250000000000004 -0.20180761162458913 0.98332250088165762 0.99138911339924218 23.450000000000003 6.1681545000000009 27.727976000000002 -0.91597725483594616 0.55000000000000016 38.900000000000006 8.8763890000000014
decision_type=1 1 2 2 2 2 2 2 2 2 2 2 2 2
left_child=1 2 7 6 -5 -4 -3 -1 9 10 -2 -11 -10 -14
right_child=8 3 5 4 -6 -7 -8 -9 12 11 -12 -13 13 -15
leaf_value=0.050076122647335436 -0.0045079428762190496 0.028110042689375881 0.048815645305335581 -0.015389133159973846 0.059591623541850505 0.13438074805392172 0.093974923937932331 0.14589904547409246 -0.052250182573011242 0.051606191692828707 -0.050085042174527597 -0.025443683362489467 -0.050744360072932843 0.020201873554312966
leaf_weight=8.8953130245208722 12.673908248543738 367.64779235422611 254.25009847432375 118.69548084586859 25.513668514788151 13.276471622288225 21.465603172779083 32.404507115483284 546.8071459159255 5.915288992226122 45.406222999095917 2.3961232230067253 10.483695678412912 3.6495683491230002
leaf_count=57 130 3252 1980 1078 223 104 157 192 6166 50 502 23 116 36
internal_value=0.000498146 0.037461 0.0617456 0.022435 -0.00180441 0.0535466 0.0319751 0.126932 -0.0489201 -0.0313902 -0.0403841 0.0290463 -0.0518059 -0.0322999
internal_weight=1469.48 842.149 308.826 533.323 144.209 267.527 389.113 41.2998 627.332 66.3915 58.0801 8.31141 560.94 14.1333
internal_count=14066 7043 2333 4710 1301 2084 3409 249 7023 705 632 73 6318 152
cat_boundaries=0 1 2
cat_threshold=7 4
is_linear=0
shrinkage=0.05


Tree=5
num_leaves=15
num_cat=2
split_feature=0 0 4 5 32 35 5 44 38 32 4 4 30 34
split_gain=967.132 99.8244 57.4147 44.5462 60.4488 52.8837 41.2381 18.8508 9.73324 13.2921 6.06407 2.08582 1.25965 1.44289
threshold=0 1 -0.9354548908432756 -0.14250536273956088 29.736309500000004 86.931547500000008 0.98332250088165762 48.050000000000004 6.1681545000000009 27.797619000000005 -0.91597725483594616 0.14250626876356548 35.600000000000001 24.150000000000002
decision_type=1 1 2 2 2 2 2 2 2 2 2 2 2 2
left_child=1 2 7 5 -5 -3 -4 -1 9 10 -2 -11 -10 -14
right_child=8 3 6 4 -6 -7 -8 -9 12 11 -12 -13 13 -15
leaf_value=0.12394073282356273 -0.007662700756334297 -0.0086566182407906093 0.044116886594627869 0.029500751957337597 0.18208834273407828 0.04404336017034062 0.12680608715049163 0.0050317523293221126 -0.052030655383124839 0.040745981395821917 -0.047593995168741104 -0.0069079375430536995 -0.0092603853603384131 -0.046383117379697539
leaf_weight=36.137053295969963 12.538507618010042 191.40128087997437 267.13800515979528 282.01975180208683 5.692261464893817 62.266227379441261 15.370441317558287 3.7568737119436255 523.7867024615407 5.6270654052495939 44.863982453942299 3.1222678199410439 5.5908146202564222 5.2368906140327454
leaf_count=196 129 1728 2011 2403 47 523 110 27 6155 45 515 29 62 61
internal_value=-0.000327217 0.0334035 0.0555845 0.0193504 0.0331399 0.00440148 0.0490472 0.11314 -0.0485485 -0.030454 -0.0391523 0.024776 -0.0516329 -0.0296186
internal_weight=1464.55 863.782 322.402 541.38 287.712 253.668 282.508 39.8939 600.766 66.1518 57.4025 8.74933 534.614 10.8277
internal_count=14041 7045 2344 4701 2450 2251 2121 223 6996 718 644 74 6278 123
cat_boundaries=0 1 2
cat_threshold=7 4
is_linear=0
shrinkage=0.05


Tree=6
num_leaves=14
num_cat=1
split_feature=5 4 34 43 1 39 44 37 4 34 32 5 27
split_gain=66.1729 45.8448 36.6063 32.6715 26.0573 22.7594 21.0226 18.9985 17.4177 14.161 6.42562 4.15366 1.78755
threshold=0.99138911339924218 -0.9354548908432756 21.050000000000004 1.3500000000000003 0 25.950000000000003 29.700000000000003 41.500000000000007 0.17646842360078757 23.450000000000003 26.804464500000005 0.99681593486783593 6.2500000000000009
decision_type=2 2 2 2 1 2 2 2 2 2 2 2 2
left_child=1 5 8 -4 6 9 -2 11 -3 -1 -8 -6 -9
right_child=4 2 3 -5 7 -7 10 12 -10 -11 -12 -13 -14
leaf_value=-0.0018967637808622907 0.06134164502447427 -0.0013441175034154132 0.013573408304142076 -0.0072632215071016613 0.0053060205793650514 -0.051382871967888016 0.036641408077855431 0.13976806031340389 -0.045195452457457451 0.035734502380447529 -0.038620179456982096 0.060715411936586819 0.0581006941615161
leaf_weight=31.651128455996513 13.052087686955931 31.57484508305788 236.551408611238 903.69251544028521 5.3968784883618381 8.7792940363287908 2.7752946466207495 10.539631195366381 79.630004644393921 116.24358081817627 11.967600293457506 9.0952120497822744 2.942847527563571
leaf_count=288 100 316 2258 8895 48 85 25 79 779 998 106 79 27
internal_value=-0.000287354 -0.00241943 -0.00561659 -0.00293241 0.0526397 0.0229919 0.0173467 0.0858971 -0.0328675 0.0277223 -0.0230249 0.0417553 0.127185
internal_weight=1463.89 1408.12 1251.45 1140.24 55.7696 156.674 27.795 27.9746 111.205 147.895 14.7429 14.4921 13.4825
internal_count=14083 13619 12248 11153 464 1371 231 233 1095 1286 131 127 106
cat_boundaries=0 1
cat_threshold=1
is_linear=0
shrinkage=0.05


Tree=7
num_leaves=15
num_cat=3
split_feature=0 0 4 26 5 35 34 1 38 36 4 5 30 34
split_gain=875.055 84.9657 56.9107 42.706 34.591 48.6404 47.0126 17.5932 8.2641 10.7787 6.20271 2.79027 1.91971 1.98618
threshold=0 1 -0.89406062840022227 14.65 -0.14250536273956088 86.931547500000008 21.050000000000004 2 6.1681545000000009 98.500000000000014 -0.91597725483594616 0.97648852793709995 35.600000000000001 24.150000000000002
decision_type=1 1 2 2 2 2 2 1 2 2 2 2 2 2
left_child=1 2 7 -4 5 -3 -6 -1 9 11 -11 -2 -10 -14
right_child=8 4 3 -5 6 -7 -8 -9 12 10 -12 -13 13 -15
leaf_value=0.1302855842804336 -0.025824886608352193 -0.0082857648059302159 -0.0065283559375414859 0.050814884765103929 -0.015213390143745759 0.042055023450027207 0.038660111735635279 0.06716893044497306 -0.05114612405974428 -0.0085349091988931192 -0.049053260921430468 0.026742787066404053 -0.0050459405596784031 -0.046187054755762014
leaf_weight=25.708476901054382 2.5613786652684203 188.30988168716431 37.203490696847439 243.15377340465784 47.950988233089447 63.290270507335663 244.02439700812101 26.357076331973076 504.50886612385511 12.750386789441107 41.629707343876362 8.4127819910645467 6.0424830690026266 5.260282851755619
leaf_count=143 29 1719 287 1756 406 515 2021 147 6196 129 501 65 68 64
internal_value=-0.000610771 0.0308204 0.0508834 0.0432093 0.017785 0.00449387 0.0297908 0.100202 -0.0476695 -0.0308757 -0.0398787 0.0133414 -0.0506558 -0.0263908
internal_weight=1457.16 875.998 332.423 280.357 543.576 251.6 291.975 52.0656 581.166 65.3543 54.3801 10.9742 515.812 11.3028
internal_count=14046 6994 2333 2043 4661 2234 2427 290 7052 724 630 94 6328 132
cat_boundaries=0 1 2 3
cat_threshold=7 4 1
is_linear=0
shrinkage=0.05


Tree=8
num_leaves=15
num_cat=3
split_feature=0 0 4 5 44 5 34 38 43 1 44 4 32 39
split_gain=823.704 65.7188 49.3439 36.9829 28.1368 27.0238 16.3204 9.1015 13.5439 22.2768 6.43404 5.87023 1.38209 4.30472
threshold=0 1 -0.92923668111203817 0.99349222267034765 36.20000000000001 0.97263757644091864 23.450000000000003 6.1681545000000009 0.95000000000000007 2 30.400000000000002 -0.91597725483594616 27.230357000000001 21.350000000000005
decision_type=1 1 2 2 2 2 2 2 2 1 2 2 2 2
left_child=1 2 6 4 -3 -4 -1 8 9 -2 -5 -10 -9 -14
right_child=7 3 5 10 -6 -7 -8 12 11 -11 -12 -13 13 -15
leaf_value=0.032614761959180394 -0.049428444671373278 0.00078303659222348973 0.035561456013391182 0.1078567173639991 0.024420843682751339 0.093013749017493416 0.10897571185716232 -0.054397506166407927 -0.0085134795466870125 0.079735017287981672 0.043238428458071985 -0.049637717333954612 -0.040202937041120601 -0.05394721756909137
leaf_weight=9.8205344676971418 5.5217952430248243 203.79648275673389 277.31383672356606 11.306751400232317 328.62373249232769 21.657072968780994 38.566607490181923 221.69390542805195 11.706368602812288 5.9180899187922478 8.7221585959196073 38.709405161440372 133.59039238840342 139.8358221128583
leaf_count=55 47 1832 1976 67 2717 140 189 2853 119 49 61 485 1697 1784
internal_value=-0.000236982 0.0292347 0.046516 0.0176729 0.0153913 0.0400194 0.0944519 -0.0474891 -0.0294326 0.0184288 0.0831111 -0.0404401 -0.0506382 -0.047403
internal_weight=1456.78 899.807 347.358 552.449 532.42 298.971 48.3871 556.976 61.8557 11.4399 20.0289 50.4158 495.12 273.426
internal_count=14071 7037 2360 4677 4549 2116 244 7034 700 96 128 604 6334 3481
cat_boundaries=0 1 2 3
cat_threshold=7 4 1
is_linear=0
shrinkage=0.05


Tree=9
num_leaves=13
num_cat=2
split_feature=0 2 1 34 44 8 39 5 32 39 34 5
split_gain=753.441 59.5957 69.8308 60.2736 50.5432 49.1879 48.3684 6.42441 13.4034 4.31457 6.48706 0.667654
threshold=0 7.5000000000000009 1 26.400000000000002 48.800000000000004 33.350000000000001 19.850000000000005 0.99445195900249039 27.578273500000005 21.350000000000005 23.950000000000003 0.99932962452255403
decision_type=1 2 1 2 2 2 2 2 2 2 2 2
left_child=1 2 5 -4 6 -1 -3 9 -9 10 -2 -10
right_child=7 4 3 -5 -6 -7 -8 8 11 -11 -12 -13
leaf_value=0.017529414706466587 -0.049190605304152375 0.030643745223123062 -0.0032166376642185097 0.13275787763495547 -0.054506768732788959 0.059494442856211638 0.069443658961616903 -0.049580793465248831 0.050732957201994194 -0.054177990909826529 -0.032467340114638817 0.012499097792192885
leaf_weight=165.62685251235962 202.5015065446496 183.45637530088425 283.50878213346004 7.3902671858668318 11.679015047848223 121.31565465778112 146.13977380096912 9.8662082627415675 3.6007856428623191 220.02108796685934 94.267874419689178 2.6430893242359161
leaf_count=1338 2647 1374 2230 59 93 925 1037 128 27 2947 1235 23
internal_value=0.00016394 0.0274976 0.0179612 0.000680757 0.0443481 0.0354167 0.0480053 -0.0465853 -0.0151845 -0.0484326 -0.0440054 0.038508
internal_weight=1452.02 919.117 577.842 290.899 341.275 286.943 329.596 532.901 16.1101 516.79 296.769 6.24387
internal_count=14063 7056 4552 2289 2504 2263 2411 7007 178 6829 3882 50
cat_boundaries=0 1 2
cat_threshold=7 1
is_linear=0
shrinkage=0.05


Tree=10
num_leaves=15
num_cat=3
split_feature=0 0 5 44 4 26 38 5 1 25 4 40 30 34
split_gain=685.295 55.4867 33.0258 35.2383 32.7546 25.7108 11.5125 13.3033 21.2809 9.5454 7.85374 6.86577 2.33369 2.08029
threshold=0 1 0.99349222267034765 36.20000000000001 -0.92923668111203817 14.550000000000002 6.1681545000000009 0.96849880583763492 2 9.4861110000000028 -0.91597725483594616 7.5500000000000007 35.600000000000001 24.150000000000002
decision_type=1 1 2 2 2 2 2 2 1 2 2 2 2 2
left_child=1 4 3 -3 9 -6 7 10 -9 -1 -2 -4 -8 -14
right_child=6 2 11 -5 5 -7 12 8 -10 -11 -12 -13 13 -15
leaf_value=0.08905346238116929 -0.002429057123460354 -0.0040603054172913119 0.088533841751100351 0.021922936858396164 -0.0032614350857316657 0.040440167968843491 -0.05105823840230124 -0.048165577396588999 0.081337051874608296 0.022790768600403414 -0.048873626453164849 0.015011111597488134 -0.0017616718150116895 -0.044851693703967244
leaf_weight=40.357778519392014 12.209190703928469 209.55967193841934 16.684738963842396 343.62914853543043 38.18921086192131 273.85807867348194 441.47958935797215 5.0362145006656629 5.8077294081449509 7.2124484628438941 36.059889890253544 4.4343333244323722 5.6578902751207334 4.7180492132902145
leaf_count=190 130 1854 96 2732 284 1834 6143 47 47 37 487 31 68 64
internal_value=-0.000854448 0.0245578 0.0142619 0.0120904 0.0400891 0.0350985 -0.0468242 -0.0262897 0.022204 0.079683 -0.0374137 0.074473 -0.0504806 -0.0235755
internal_weight=1444.89 933.925 574.308 553.189 359.618 312.047 510.969 59.113 10.8439 47.5702 48.2691 21.1191 451.856 10.3759
internal_count=14044 7058 4713 4586 2345 2118 6986 711 94 227 617 127 6275 132
cat_boundaries=0 1 2 3
cat_threshold=7 4 1
is_linear=0
shrinkage=0.05


Tree=11
num_leaves=13
num_cat=3
split_feature=0 0 5 4 32 44 4 5 20 1 39 32
split_gain=648.667 49.3563 30.1331 42.4189 39.7031 30.0775 32.6978 5.96431 10.9636 15.4645 4.20153 5.8615
threshold=0 1 -0.14250536273956088 0.79383249484937135 29.736309500000004 50.20000000000001 -0.9354548908432756 0.99445195900249039 33.350000000000001 2 21.350000000000005 27.296726500000002
decision_type=1 1 2 2 2 2 2 2 2 1 2 2
left_child=1 5 3 -3 -4 6 -1 10 -9 -10 11 -2
right_child=7 2 4 -5 -6 -7 -8 8 9 -11 -12 -13
leaf_value=0.081139382088727618 -0.049957805936608778 0.01184475272478022 0.022314155585241364 -0.03929747591035497 0.13867454649980487 -0.053824771999614121 0.035930783952002769 -0.048928642341174285 -0.044395963531570048 0.088778073225988907 -0.053716134202087186 -0.034480722613949445
leaf_weight=45.963411033153534 155.01164600253105 214.18271131068468 303.43602777272463 48.961447946727276 6.5608870089054099 7.5729601085185996 313.03514299541712 9.3465939387679118 3.192353129386901 3.7351156398653984 201.1324951723218 122.5985574349761
leaf_count=208 2211 1804 2374 437 44 52 2074 132 28 27 2944 1699
internal_value=-8.75521e-05 0.0242553 0.0144266 0.00221632 0.0252148 0.0387547 0.0419283 -0.0458197 -0.0157458 0.0295493 -0.0477622 -0.0432711
internal_weight=1434.73 939.713 573.141 263.144 309.997 366.572 358.999 495.017 16.2741 6.92747 478.743 277.61
internal_count=14034 6993 4659 2241 2418 2334 2282 7041 187 55 6854 3910
cat_boundaries=0 1 2 3
cat_threshold=7 4 1
is_linear=0
shrinkage=0.05


Tree=12
num_leaves=15
num_cat=2
split_feature=0 2 1 34 43 44 38 38 36 4 43 25 4 39
split_gain=580.763 40.3186 58.2858 51.0982 47.0959 41.7238 39.4268 8.57731 9.94631 5.18508 2.70614 8.30675 2.20828 1.39732
threshold=0 7.5000000000000009 1 26.550000000000004 3.5500000000000003 48.800000000000004 9.6880950000000023 6.1681545000000009 98.500000000000014 -0.91597725483594616 38.900000000000006 8.8763890000000014 0.10837544681456417 21.350000000000005
decision_type=1 2 1 2 2 2 2 2 2 2 2 2 2 2
left_child=1 2 4 -4 -1 6 -3 8 12 -10 13 -12 -2 -9
right_child=7 5 3 -5 -6 -7 -8 10 9 -11 11 -13 -14 -15
leaf_value=0.052735268277663963 0.038244279713397049 0.032559679205054086 -0.0046815026214228469 0.13905508216048709 0.012888823880676678 -0.054367191525792863 0.08701565564602487 -0.045809705559485048 -0.0073192522608834885 -0.046694343303580355 -0.048125944769980514 0.036500365549070539 -0.0049219045098917932 -0.05349191900000469
leaf_weight=126.32805992662907 4.5902402549982053 308.51682859659195 290.54028084874153 5.3172858953475943 179.73044208437204 11.658070512115954 36.867405071854591 216.33939031511545 11.548541456460951 33.87178498506546 8.0140359550714475 3.4117312207818022 5.8804232254624367 186.24483340233564
leaf_count=892 30 2130 2227 39 1395 94 249 3243 128 497 114 39 59 2853
internal_value=-0.000379772 0.0219002 0.0141938 -0.00163848 0.0294539 0.0354278 0.0386069 -0.0453011 -0.0270734 -0.0370562 -0.0487822 -0.0219527 0.0156861 -0.0494874
internal_weight=1428.86 958.958 601.916 295.858 306.059 357.042 345.384 469.901 55.891 45.4203 414.01 11.4258 10.4707 402.584
internal_count=13989 7026 4553 2266 2287 2473 2379 6963 714 625 6249 153 89 6096
cat_boundaries=0 1 2
cat_threshold=7 1
is_linear=0
shrinkage=0.05


Tree=13
num_leaves=15
num_cat=2
split_feature=0 0 37 5 35 44 40 38 43 24 43 43 26 5
split_gain=549.838 59.2567 27.7921 27.0622 31.6439 26.7314 22.0787 10.0178 10.035 4.89574 2.71573 7.56906 2.01926 1.74118
threshold=0 1 25.500000000000004 0.9863035000474919 85.080357500000005 50.20000000000001 1.7500000000000002 6.1681545000000009 0.95000000000000007 70.500000000000014 38.900000000000006 43.800000000000004 15.450000000000001 -0.97874870457683605
decision_type=1 1 2 2 2 2 2 2 2 2 2 2 2 2
left_child=1 2 -1 4 -3 -4 -5 8 12 -10 13 -12 -2 -9
right_child=7 3 5 6 -6 -7 -8 10 9 -11 11 -13 -14 -15
leaf_value=-0.054873402280264653 -0.011931501199121661 -0.0014141566533102685 0.041117143042197338 0.098472236081672992 0.022803192494299036 -0.052581508759809971 0.014052167721134424 -0.034365502670014411 -0.041592698095154639 0.0076737552688711996 0.032405246223029448 -0.047743131883282885 0.03032032116918772 -0.050334040774130923
leaf_weight=7.175635799765586 3.6119944751262647 337.33044459670782 367.2356072217226 14.51952211558819 223.64719872921705 6.955060511827468 16.242015041410923 27.671286057680845 39.224936656653881 5.441371038556098 3.6088354736566526 7.7016252726316452 7.3366484716534615 362.48508431017399
leaf_count=45 37 2767 2256 80 1736 50 108 434 568 65 40 114 54 5732
internal_value=-0.000198666 0.0210228 0.036379 0.0106427 0.00826407 0.0392401 0.0557445 -0.0448062 -0.0251858 -0.0355543 -0.0485681 -0.0216151 0.0165493 -0.0492922
internal_weight=1430.19 973.105 381.366 591.739 560.978 374.191 30.7615 457.082 55.615 44.6663 401.467 11.3105 10.9486 390.156
internal_count=14086 7042 2351 4691 4503 2306 188 7044 724 633 6320 154 91 6166
cat_boundaries=0 1 2
cat_threshold=7 4
is_linear=0
shrinkage=0.05


Tree=14
num_leaves=15
num_cat=3
split_feature=0 0 4 8 5 32 35 44 38 1 5 34 5 20
split_gain=520.42 37.8481 30.3419 27.4622 24.5884 45.2527 33.7633 12.6193 8.9294 7.42087 12.851 3.74533 2.83161 4.93908
threshold=0 1 -0.9354548908432756 30.950000000000003 -0.13398942717002901 29.736309500000004 85.080357500000005 46.600000000000001 5.9639880000000014 2 0.18281312110578127 23.950000000000003 0.99611390731392835 33.350000000000001
decision_type=1 1 2 2 2 2 2 2 2 1 2 2 2 2
left_child=1 2 7 -4 6 -6 -3 -1 9 11 -11 -2 -10 -14
right_child=8 4 3 -5 5 -7 -8 -9 12 10 -12 -13 13 -15
leaf_value=0.078191328660104364 -0.051514479966793973 -0.018693892570631806 0.0012672829935395525 0.035240053333549487 0.018008039646840678 0.13380940037803435 0.016632561524851458 0.0086232520331473838 -0.048735103035262205 -0.047438402501544102 0.033249238631012999 0.015220483054905608 -0.046800235329239409 0.013779942001320043
leaf_weight=45.085391238331795 15.474248081445696 121.6733116209507 77.07320961356163 260.8204361051321 319.12915600091219 7.6997843980789176 149.76214637607336 7.9026408195495597 387.37817607820034 7.2098201848566559 11.371236950159071 1.9574588462710369 6.8801201805472356 5.2393070086836815
leaf_count=193 206 1086 510 1611 2402 47 1172 42 6351 107 139 31 110 45
internal_value=0.000110016 0.0201461 0.0323621 0.0275175 0.0117245 0.0211361 0.000786678 0.0681678 -0.0447744 -0.0211218 0.00111707 -0.0436014 -0.0479665 -0.0215569
internal_weight=1424.66 989.146 390.882 337.894 598.264 326.829 271.435 52.988 435.51 36.0128 18.5811 17.4317 399.498 12.1194
internal_count=14052 7063 2356 2121 4707 2449 2258 235 6989 483 246 237 6506 155
cat_boundaries=0 1 2 3
cat_threshold=7 4 1
is_linear=0
shrinkage=0.05


Tree=15
num_leaves=13
num_cat=4
split_feature=0 0 37 5 36 0 8 5 20 1 39 34
split_gain=481.594 35.8786 22.3158 24.5217 21.7991 33.1006 31.2793 8.52499 12.5894 16.1542 4.29453 5.21103
threshold=0 1 25.500000000000004 -0.85225707553516283 97.500000000000014 2 34.150000000000013 0.99445195900249039 33.350000000000001 3 21.350000000000005 23.950000000000003
decision_type=1 1 2 2 2 1 2 2 2 1 2 2
left_child=1 2 -1 -4 6 -6 -3 10 -9 -10 11 -2
right_child=7 4 3 -5 5 -7 -8 8 9 -11 -12 -13
leaf_value=-0.054096166477634322 -0.046832576452154627 -0.017626338955695816 0.0061639728385366084 0.038931457552195903 0.032778291834225808 0.0023019685556099029 0.019058146008909115 -0.047628403097739601 -0.043617529141361584 0.092189305502587499 -0.052932097264282323 -0.030208955065413295
leaf_weight=6.6163831502199164 162.1826163046062 127.38177867233753 69.962370753288269 319.92021329700947 182.01968155056238 181.8114272877574 105.15722943842411 8.2101338170468789 2.9748051315546027 4.2282816618680954 168.90167383104563 78.306337784975767
leaf_count=42 2670 1049 460 1850 1408 1408 794 137 27 29 2952 1268
internal_value=-7.82944e-05 0.0189768 0.0307222 0.0330823 0.0107529 0.0185585 -0.00102656 -0.0439678 -0.00792309 0.0376225 -0.0463736 -0.0415672
internal_weight=1417.67 992.869 396.499 389.883 596.37 363.831 232.539 424.804 15.4132 7.20309 409.391 240.489
internal_count=14094 7011 2352 2310 4659 2816 1843 7083 193 56 6890 3938
cat_boundaries=0 1 2 3 4
cat_threshold=7 4 2 1
is_linear=0
shrinkage=0.05


Tree=16
num_leaves=15
num_cat=3
split_feature=0 1 4 34 37 26 33 38 1 36 39 5 30 34
split_gain=434.675 32.2551 48.0014 53.6383 41.9015 33.2242 29.3803 12.4307 11.0305 14.3919 11.005 4.65255 2.84426 2.42069
threshold=0 1 0.15951094710994368 25.950000000000003 46.500000000000007 14.550000000000002 38.100000000000009 6.1681545000000009 2 98.500000000000014 15.65 -0.96687281075841669 35.600000000000001 24.150000000000002
decision_type=1 1 2 2 2 2 2 2 1 2 2 2 2 2
left_child=1 5 4 -4 -3 10 -7 8 11 -10 -1 -2 -9 -14
right_child=7 2 3 -5 -6 6 -8 12 9 -11 -12 -13 13 -15
leaf_value=-0.030380314753289752 0.012059329687407444 0.082145470155468969 -0.014587037446343695 0.068676184906250312 0.016663979385657262 0.033432848600129489 -0.054688670985494486 -0.047992250200414005 0.062671770697043508 -0.018697585060335295 0.01031689058902339 -0.051971111283033326 0.0079321562597186538 -0.041745044765692518
leaf_weight=26.702750623226166 2.8702568188309696 26.449855737388134 220.16132267564535 20.205356001853943 232.32545369118452 435.88301745057106 8.8018540889024717 347.26831578090787 6.2827405631542232 20.418697252869606 40.624206967651844 21.111945487558842 4.6801783889532071 3.6085738353431225
leaf_count=199 48 151 1650 141 1598 2982 63 6216 46 314 288 309 64 62
internal_value=8.68301e-05 0.0176404 0.00874397 -0.00733235 0.0236474 0.0266232 0.0315698 -0.0429202 -0.0202495 0.00201955 -0.00603255 -0.0441318 -0.0472898 -0.015861
internal_weight=1417.39 1011.15 499.142 240.367 258.775 512.012 444.685 406.241 50.6836 26.7014 67.327 23.9822 355.557 8.28875
internal_count=14131 7072 3540 1791 1749 3532 3045 7059 717 360 487 357 6342 126
cat_boundaries=0 1 2 3
cat_threshold=7 1 1
is_linear=0
shrinkage=0.05


Tree=17
num_leaves=13
num_cat=1
split_feature=0 44 4 32 40 5 20 25 26 43 5 15
split_gain=404.087 35.0162 36.8492 53.0384 35.4418 8.82995 11.016 4.46521 3.98994 3.06005 2.09542 0.0486886
threshold=0 50.20000000000001 0.17646842360078757 26.779762000000002 2.8500000000000001 0.99445195900249039 33.350000000000001 5.3361110000000007 15.15 38.900000000000006 -0.94703994556331683 1.0000000180025095e-35
decision_type=1 2 2 2 2 2 2 2 2 2 2 2
left_child=1 2 4 -4 -1 7 -7 8 -2 -9 -3 -8
right_child=5 10 3 -5 -6 6 11 9 -10 -11 -12 -13
leaf_value=0.068639281219648837 -0.039722252963086541 -0.0076492528022750958 -0.043339341271252767 0.012868599459124899 0.022572797901767791 -0.046575025330825956 0.017764585630614178 -0.047895624727453297 0.0058017129237155039 -0.01762427479091714 -0.055418536303420522 0.041316655859744304
leaf_weight=45.255243256688118 10.034613344818355 3.0486061722040203 45.419754564762115 438.74352599680424 466.40393771231174 7.115838408470152 2.8061720579862595 346.88094104453921 8.1372504867613298 10.105157025158404 16.4501908197999 4.4610521420836449
leaf_count=258 164 23 345 3159 3112 129 17 6413 109 154 132 37
internal_value=-0.00067799 0.0159546 0.017428 0.00751723 0.0267732 -0.0432609 -0.00550917 -0.0458398 -0.0200976 -0.0470904 -0.0486874 0.0354711
internal_weight=1404.86 1015.32 995.822 484.163 511.659 389.541 14.3831 375.158 18.1719 356.986 19.4988 7.26722
internal_count=14052 7029 6874 3504 3370 7023 183 6840 273 6567 155 54
cat_boundaries=0 1
cat_threshold=7
is_linear=0
shrinkage=0.05


Tree=18
num_leaves=14
num_cat=2
split_feature=0 44 1 4 26 38 26 39 43 25 5 5 40
split_gain=379.536 29.6651 30.0279 40.9017 31.976 8.78154 6.39758 6.08204 3.29204 7.78204 2.28066 2.23873 1.44048
threshold=0 50.20000000000001 1 0.15951094710994368 14.550000000000002 6.1681545000000009 15.450000000000001 18.650000000000002 38.900000000000006 8.8763890000000014 -0.94703994556331683 -0.97874870457683605 111.2
decision_type=1 2 1 2 2 2 2 2 2 2 2 2 2
left_child=1 2 4 -4 -1 6 12 -8 11 -10 -3 -7 -2
right_child=5 10 3 -5 -6 8 7 -9 9 -11 -12 -13 -14
leaf_value=-0.0063907381603961651 -0.04650368183515638 -0.0038969489090051102 0.021924725018502372 -0.0068572207556581348 0.030265349761809553 -0.030007325680110272 0.0084361122688119856 -0.041469363262450154 -0.045930648370512951 0.039585224335708186 -0.054555279358380109 -0.048778218310728039 -0.0006875121518879982
leaf_weight=68.28283628821373 19.998500932008032 2.7764643281698254 255.75850958377123 237.01130451261997 445.28822299093008 23.096688501536846 19.617419138550762 7.7076329104602328 6.2551398091018182 3.2766416817903519 14.676313169300554 292.57717117667198 1.9011747315525998
leaf_count=489 327 21 1660 1763 2950 439 238 133 109 39 123 5712 31
internal_value=-0.000129528 0.0156472 0.0169372 0.0080954 0.0253887 -0.0424794 -0.0232091 -0.0066079 -0.0466184 -0.0155664 -0.0471442 -0.0475039 -0.04273
internal_weight=1398.22 1023.79 1006.34 492.77 513.571 374.43 49.2247 27.3251 325.206 9.53178 17.4528 315.674 21.8997
internal_count=14034 7006 6862 3423 3439 7028 729 371 6299 148 144 6151 358
cat_boundaries=0 1 2
cat_threshold=7 1
is_linear=0
shrinkage=0.05


Tree=19
num_leaves=14
num_cat=1
split_feature=38 39 43 44 2 34 42 32 4 34 5 5 1
split_gain=28.7797 25.2227 32.1871 28.9754 26.3468 23.4292 17.5927 13.2159 13.4677 13.0079 11.0658 7.4698 2.12593
threshold=6.0229165000000009 20.250000000000004 1.2500000000000002 45.20000000000001 2.5000000000000004 21.050000000000004 2.5000000000000004 27.797619000000005 -0.78326540922535159 24.450000000000003 0.16587474750015926 -0.96234030595689413 0
decision_type=2 2 2 2 2 2 2 2 2 2 2 2 1
left_child=7 2 4 5 -2 -3 -5 8 10 -4 -1 -10 -9
right_child=1 3 9 6 -6 -7 -8 12 11 -11 -12 -13 -14
leaf_value=-0.00051041348936408976 -0.0083350777825664645 -0.023746353374509845 -0.011917619032013204 0.021537569857276631 0.047407006882679362 0.011254016767139189 -0.023230219576813708 0.036775495641237423 0.027696467114347381 -0.031977250898536695 0.051355880368582407 -0.010974996480320291 0.087783268135336656
leaf_weight=14.70798886567354 46.400457706302404 51.660541046410799 347.24079779535532 25.409449677914381 37.64667646214366 524.85013693198562 133.38443603739142 6.018324099481104 16.537338681519032 105.40854161605239 33.036998718976974 42.364737436175346 6.9164146557450294
leaf_count=128 460 551 3570 249 336 5185 1391 41 170 1166 284 435 42
internal_value=-0.000932485 -0.00314326 -0.0113741 0.0028717 0.0168969 0.00808198 -0.0159767 0.0224147 0.0162548 -0.0166491 0.0356956 0.000163508 0.0683925
internal_weight=1391.58 1272 536.696 735.305 84.0471 576.511 158.794 119.582 106.647 452.649 47.745 58.9021 12.9347
internal_count=14008 12908 5532 7376 796 5736 1640 1100 1017 4736 412 605 83
cat_boundaries=0 1
cat_threshold=1
is_linear=0
shrinkage=0.05


Tree=20
num_leaves=15
num_cat=3
split_feature=0 0 4 26 2 34 34 17 38 1 5 5 32 39
split_gain=342.596 27.3509 21.0533 22.9069 18.9061 30.2985 16.3882 11.5023 9.81369 8.17918 11.1108 9.0464 3.17654 6.4801
threshold=0 1 -0.9354548908432756 14.550000000000002 10.500000000000002 21.050000000000004 23.550000000000004 38.000000000000007 6.1437500000000016 2 0.16587474750015926 -0.99465740988130902 27.230357000000001 21.350000000000005
decision_type=1 1 2 2 2 2 2 2 2 1 2 2 2 2
left_child=1 2 7 -4 5 -3 -6 -1 9 11 -11 -2 -10 -14
right_child=8 4 3 -5 6 -7 -8 -9 12 10 -12 -13 13 -15
leaf_value=0.063269373751483102 0.056982782976985516 -0.040205595673687401 -0.013212975889102464 0.025157001410881858 0.020908883799723166 0.0071727171917737882 0.089255367610447445 -0.0046361283167684732 -0.052293850483584918 -0.047183380876940101 0.022285077369836863 -0.051578972864552763 -0.030803671554150727 -0.050944163929279009
leaf_weight=45.584154233336449 1.2958290576934839 35.174689657986164 43.673081889748573 317.77991187572479 79.834668859839439 502.87170477956533 9.0596155077218992 7.0486050546169272 137.3384967148304 7.5419124998152283 16.647582851350307 19.635394997894764 89.018126122653484 85.206857226788998
leaf_count=194 22 296 291 1849 546 3809 62 32 2853 128 210 309 1697 1752
internal_value=-0.000182387 0.014341 0.0243229 0.0204972 0.00744229 0.00400653 0.0287898 0.0542586 -0.0417265 -0.0204526 -0.000387406 -0.0425662 -0.0460671 -0.0408881
internal_weight=1397.71 1041.03 414.086 361.453 626.941 538.046 88.8943 52.6328 356.684 45.1207 24.1895 20.9312 311.563 174.225
internal_count=14050 7079 2366 2140 4713 4105 608 226 6971 669 338 331 6302 3449
cat_boundaries=0 1 2 3
cat_threshold=7 4 1
is_linear=0
shrinkage=0.05


Tree=21
num_leaves=14
num_cat=1
split_feature=0 44 39 43 37 25 33 4 24 5 43 39 5
split_gain=321.223 26.4117 28.0585 34.4154 28.0668 8.68556 16.3973 10.477 6.86033 4.05942 3.67235 4.51403 1.54855
threshold=0 50.20000000000001 20.250000000000004 1.2500000000000002 25.500000000000004 6.8347225000000007 33.150000000000013 0.2603727204637144 70.500000000000014 -0.94703994556331683 38.900000000000006 20.250000000000004 -0.99983123799342488
decision_type=1 2 2 2 2 2 2 2 2 2 2 2 2
left_child=1 2 3 -1 -4 6 8 -8 -2 -3 12 -12 -7
right_child=5 9 4 -5 -6 10 7 -9 -10 -11 11 -13 -14
leaf_value=0.037032409772550311 -0.046276774800595187 0.0077013921032353721 -0.041868883713433627 -6.9797459259293189e-05 0.024196873181752263 -0.0042373693141832527 0.029467089480300301 -0.028745747233613575 0.011929907536585453 -0.054323435797031132 -0.042174570757592615 0.028596344812792097 -0.049012305422708423
leaf_weight=73.137096308171749 67.508609410375357 2.8753922134637859 15.681181497871874 398.22261241078377 548.519879758358 2.1469302512705317 15.459911711513998 13.576876003295181 5.0728579163551322 15.254931725561617 3.9023734778165808 3.2373389005661011 235.58927181363106
leaf_count=464 1341 22 112 2812 3569 43 176 261 70 133 74 38 5024
internal_value=-0.000188367 0.0135839 0.0147756 0.00575327 0.0222898 -0.041194 -0.0295455 0.00219739 -0.0421018 -0.0445982 -0.0475634 -0.0105143 -0.0486274
internal_weight=1400.19 1053.69 1035.56 471.36 564.201 346.494 101.618 29.0368 72.5815 18.1303 244.876 7.13971 237.736
internal_count=14139 7112 6957 3276 3681 7027 1848 437 1411 155 5179 112 5067
cat_boundaries=0 1
cat_threshold=7
is_linear=0
shrinkage=0.05


Tree=22
num_leaves=15
num_cat=2
split_feature=0 0 4 34 39 37 37 32 25 33 4 43 39 4
split_gain=305.816 27.5362 21.451 19.8553 30.7122 22.56 16.6318 10.13 7.87725 12.7835 10.3828 5.31791 5.72677 5.1164
threshold=0 1 -0.9354548908432756 24.250000000000004 20.250000000000004 34.500000000000007 25.500000000000004 26.584821500000004 6.8347225000000007 33.150000000000013 0.2603727204637144 38.900000000000006 20.250000000000004 -0.91597725483594616
decision_type=1 1 2 2 2 2 2 2 2 2 2 2 2 2
left_child=1 2 7 5 -5 -3 -4 -1 9 13 -11 -10 -13 -2
right_child=8 3 6 4 -6 -7 -8 -9 11 10 -12 12 -14 -15
leaf_value=0.034295576756175228 -0.01662967439492509 -0.0082007306730668434 -0.053584597875026924 -0.04357607237541776 0.0051808124538357606 0.017954010370849212 0.021140752507662092 0.080249506582740771 -0.048125101568883583 0.025549323776171813 -0.032186156644889462 -0.041454452524712436 0.038601718864668115 -0.048802715375164687
leaf_weight=32.800901338458061 17.96467861533165 106.1433899924159 6.6744714975357047 43.741843372583389 115.51304540038109 360.69347197562456 361.25264278054237 20.97257761657238 228.47519654035568 15.640449553728105 13.638396069407461 3.6403549760580054 3.3130112588405609 51.724529262632132
leaf_count=137 306 760 44 405 882 2592 2092 92 5087 176 269 72 38 1094
internal_value=0.000314385 0.013637 0.0235026 0.006701 -0.00839938 0.0120025 0.0196436 0.0533563 -0.0405443 -0.0293542 -0.00151926 -0.0468192 -0.00325318 -0.0408616
internal_weight=1382.19 1047.79 421.701 626.092 159.255 466.837 367.927 53.7735 334.397 98.9681 29.2788 235.429 6.95337 69.6892
internal_count=14046 7004 2365 4639 1287 3352 2136 229 7042 1845 445 5197 110 1400
cat_boundaries=0 1 2
cat_threshold=7 4
is_linear=0
shrinkage=0.05


Tree=23
num_leaves=14
num_cat=3
split_feature=0 44 0 4 5 38 1 36 5 19 39 5 5
split_gain=258.811 25.4586 26.0018 23.7357 16.543 13.3066 13.1152 15.1045 9.74662 3.37818 7.55576 2.52486 2.36469
threshold=0 50.20000000000001 1 -0.9354548908432756 0.99349222267034765 6.259821500000001 2 98.500000000000014 -0.99628250747696534 27.512500000000003 21.350000000000005 -0.99938741687870725 -0.94703994556331683
decision_type=1 2 1 2 2 2 1 2 2 2 2 2 2
left_child=1 2 3 -1 -4 6 8 -8 -2 11 -11 -7 -3
right_child=5 12 4 -5 -6 9 7 -9 -10 10 -12 -13 -14
leaf_value=0.054189990156202628 0.063721882190430373 -0.0021829858827469031 0.0038263964069113997 0.017824322571516341 0.043438253141400041 0.0089747398783460251 0.064447160516772864 -0.015904112480969717 -0.051389039024237741 -0.025080432477423472 -0.050081553439354498 -0.051281218494294983 -0.05395286809253641
leaf_weight=50.632193714380264 1.161526627838614 2.6592857092618969 595.40001584589481 364.93818717449903 26.597889140248299 1.4811937622725952 7.2711464539170292 19.076753303408623 21.692584354430437 62.314960442483425 65.945193096995354 142.05164137482643 14.983130946755407
leaf_count=208 19 20 4434 2091 134 33 57 341 391 1311 1546 3329 135
internal_value=-0.000826204 0.0111902 0.012326 0.02185 0.00549902 -0.0393649 -0.0162277 0.00781592 -0.0431126 -0.0449215 -0.0382228 -0.0506016 -0.0466851
internal_weight=1376.21 1055.21 1037.57 415.57 621.998 320.995 49.202 26.3479 22.8541 271.793 128.26 143.533 17.6424
internal_count=14049 7022 6867 2299 4568 7027 808 398 410 6219 2857 3362 155
cat_boundaries=0 1 2 3
cat_threshold=7 4 1
is_linear=0
shrinkage=0.05


Tree=24
num_leaves=15
num_cat=3
split_feature=0 1 2 34 8 0 33 37 38 33 4 4 32 41
split_gain=257.414 22.5815 37.6789 44.7735 31.8145 38.9615 32.5016 27.3566 10.637 12.9998 8.93056 6.92646 3.04732 9.0463
threshold=0 1 7.5000000000000009 26.550000000000004 33.150000000000013 2 38.100000000000009 46.500000000000007 6.7913690000000004 32.750000000000007 0.2603727204637144 -0.91597725483594616 28.763095000000003 32.850000000000009
decision_type=1 1 2 2 2 1 2 2 2 2 2 2 2 2
left_child=1 4 3 -3 5 -1 -6 -4 9 11 -11 -2 -10 -14
right_child=8 2 7 -5 6 -7 -8 -9 12 10 -12 -13 13 -15
leaf_value=0.020649628328682584 -0.0048736219624639955 -0.0092947042946962561 0.077190493516842595 0.11643532984985135 0.042012799009879448 -0.013606028763722021 -0.054350689878244832 0.014969788031871132 -0.049467101388800006 0.024401440567962247 -0.033393829277469256 -0.047797774556611258 -0.042909879436973886 0.013695431670857775
leaf_weight=267.46093464642763 12.294494703412054 311.59831911325455 18.64758662879467 6.2476782500743857 159.64700941741467 111.28377002477646 8.4174388200044614 185.93797709047794 178.35338008403778 17.546170525252823 9.459775969386099 42.564506959170103 41.875269919633865 7.9546283297240725
leaf_count=1663 192 2258 93 38 1000 816 61 1153 4325 202 194 970 1001 142
internal_value=-4.05236e-05 0.0116429 0.00430506 -0.00646589 0.0188454 0.0107607 0.0368935 0.020989 -0.0393494 -0.0246644 0.00368712 -0.0384375 -0.0462042 -0.033782
internal_weight=1379.29 1069.24 522.432 317.846 546.809 378.745 168.064 204.586 310.048 81.8649 27.0059 54.859 228.183 49.8299
internal_count=14108 7082 3542 2296 3540 2479 1061 1246 7026 1558 396 1162 5468 1143
cat_boundaries=0 1 2 3
cat_threshold=7 1 6
is_linear=0
shrinkage=0.05


Tree=25
num_leaves=12
num_cat=1
split_feature=0 37 44 39 39 32 39 5 4 4 5
split_gain=246.315 24.5735 22.6258 22.8492 7.07952 10.8807 8.91519 3.85292 3.76979 3.18148 1.0061
threshold=0 25.500000000000004 50.20000000000001 20.250000000000004 21.350000000000005 27.513393000000004 21.250000000000004 -0.94703994556331683 0.97875492728876534 -0.91597725483594616 0.99349222267034765
decision_type=1 2 2 2 2 2 2 2 2 2 2
left_child=1 8 3 -3 5 9 -7 -4 -1 -2 -6
right_child=4 2 7 -5 10 6 -8 -9 -10 -11 -12
leaf_value=-0.055867680866996318 -0.025541999385019387 0.0047800891711746148 0.0070068126211097386 0.019697394660330367 -0.05164264064738186 -0.022079880904646344 0.067571137178990201 -0.053590367555111977 0.0033276666766798736 -0.048455981977021126 0.00058768952391292744
leaf_weight=14.663123302161695 22.648706618696451 475.50250267237425 2.9087178111076382 558.99957095086575 113.45231652259827 67.164599239826202 1.9370013587176789 14.259550847113131 3.116225153207778 91.463760655373335 0.90694556757807632
leaf_count=111 456 3225 22 3520 2940 1319 44 132 23 2241 15
internal_value=-0.00047079 0.0107886 0.0118915 0.012852 -0.0398627 -0.0346937 -0.0186388 -0.0435032 -0.0458677 -0.0441695 -0.0512269
internal_weight=1367.02 1069.45 1051.67 1034.5 297.573 183.214 69.1016 17.1683 17.7793 114.112 114.359
internal_count=14048 7033 6899 6745 7015 4060 1363 154 134 2697 2955
cat_boundaries=0 1
cat_threshold=7
is_linear=0
shrinkage=0.05


Tree=26
num_leaves=15
num_cat=2
split_feature=0 0 5 32 35 4 8 32 38 32 5 4 43 10
split_gain=227.127 21.9198 17.4212 35.1312 30.7243 17.097 22.5387 11.6916 10.7586 12.0644 9.05404 5.91457 3.29116 4.18136
threshold=0 1 -0.14250536273956088 29.736309500000004 83.351190500000016 -0.9354548908432756 33.250000000000007 26.584821500000004 6.7913690000000004 27.296726500000002 -0.98521978256641018 -0.91597725483594616 38.900000000000006 81.875000000000014
decision_type=1 1 2 2 2 2 2 2 2 2 2 2 2 2
left_child=1 5 4 -4 -3 7 -7 -1 9 11 -11 -2 -10 -14
right_child=8 2 3 -5 -6 6 -8 -9 12 10 -12 -13 13 -15
leaf_value=0.026601150674979385 -0.0062330080546232364 -0.030020699673003987 0.0094479375223416161 0.10124828653220741 0.0060294369350095221 0.0074227866573870899 0.033343129935564472 0.074813347583579104 -0.046899793440528276 0.064840744276827719 -0.010023892034048869 -0.049360109298467188 0.026162235216220815 -0.041656251618198886
leaf_weight=34.260765314102173 10.633001487702129 81.716745428740978 349.13238921761513 9.7603451013565046 206.20178773999214 252.43691455572844 125.20418421924114 20.774937033653259 202.10324551165104 3.6918804794549969 28.005938660353422 34.722409844398499 3.3543362319469443 3.8535913154482841
leaf_count=141 175 711 2403 51 1547 1454 673 90 5309 72 450 865 38 87
internal_value=0.000280801 0.0108391 0.00480927 0.0122189 -0.00427077 0.0195103 0.0160819 0.0458107 -0.0384581 -0.0233469 0.000412034 -0.0396021 -0.0457121 -0.0107534
internal_weight=1365.85 1079.49 646.811 358.893 287.919 432.677 377.641 55.0357 286.364 77.0532 31.6978 45.3554 209.311 7.20793
internal_count=14066 7070 4712 2454 2258 2358 2127 231 6996 1562 522 1040 5434 125
cat_boundaries=0 1 2
cat_threshold=7 4
is_linear=0
shrinkage=0.05


Tree=27
num_leaves=14
num_cat=2
split_feature=0 37 44 1 25 33 4 4 43 25 5 19 5
split_gain=202.865 21.9075 20.2148 19.8065 10.1124 14.2455 8.5513 6.12912 3.91883 3.6543 3.48888 2.43276 2.23372
threshold=0 25.500000000000004 50.20000000000001 1 6.8347225000000007 33.150000000000013 0.2603727204637144 -0.91597725483594616 38.900000000000006 8.8763890000000014 -0.94703994556331683 31.113194500000002 -0.99938741687870725
decision_type=1 2 2 1 2 2 2 2 2 2 2 2 2
left_child=1 11 3 -3 5 7 -7 -2 12 -10 -4 -1 -6
right_child=4 2 10 -5 8 6 -8 -9 9 -11 -12 -13 -14
leaf_value=-0.055094507138850481 -0.0097709536917389324 0.018263007314318843 0.0042466798069386979 0.0044678396952875432 -0.0037586412078463981 0.029595670767754108 -0.025032233797566805 -0.047481430812211782 -0.0393019208838086 0.027144174857290496 -0.053163309664525871 -0.0020451306853736537 -0.047345799781509601
leaf_weight=13.180697746574877 15.130496017634867 534.95072096586227 3.0717052519321468 507.34980367124081 3.1703101210296145 15.279571168124678 11.827351585030554 42.528586879372597 3.0120434723794451 3.2997938767075539 13.355662785470484 2.6428562849760047 182.12658650800586
leaf_count=103 290 3360 23 3365 77 170 265 1103 71 37 127 20 5005
internal_value=-0.000196722 0.00969522 0.0106758 0.0115588 -0.0375489 -0.024062 0.00571772 -0.037921 -0.045309 -0.00560279 -0.0428007 -0.0468824 -0.0466242
internal_weight=1350.93 1074.55 1058.73 1042.3 276.375 84.766 27.1069 57.6591 191.609 6.31184 16.4274 15.8236 185.297
internal_count=14016 6998 6875 6725 7018 1828 435 1393 5190 108 150 123 5082
cat_boundaries=0 1 2
cat_threshold=7 1
is_linear=0
shrinkage=0.05


Tree=28
num_leaves=15
num_cat=6
split_feature=0 0 38 1 1 5 34 0 38 1 5 5 43 40
split_gain=196.762 21.3022 16.2456 18.0286 16.6956 16.192 33.6671 24.549 9.99439 9.37338 11.26 8.58683 3.99571 6.48482
threshold=0 1 5.8788690000000008 2 3 -0.15950993297387567 23.050000000000004 4 6.1681545000000009 5 0.16587474750015926 -0.99628250747696534 35.600000000000001 66.850000000000009
decision_type=1 1 2 1 1 2 2 1 2 1 2 2 2 2
left_child=1 2 4 -4 -1 7 -7 -3 9 11 -11 -2 -10 -14
right_child=8 5 3 -5 -6 6 -8 -9 12 10 -12 -13 13 -15
leaf_value=0.012692862321054816 0.054519850502149449 0.0087855679148683558 0.025527983310411687 0.0044708848527890473 0.092575974792206708 -0.005041136896047245 0.025342805344275399 -0.019729771311102259 -0.045335717006392523 -0.045664858411898823 0.028418976818632719 -0.05077541105925526 0.037096246235751223 -0.034848788963515093
leaf_weight=12.665926620364189 1.3406332992017294 143.3365772664547 212.30626475811005 195.16522185504436 13.387659654021263 180.9207484126091 182.22095766663551 139.73680432885885 211.37045472860336 6.4121623560786274 15.715387854725121 17.75361306220293 3.3720577359199515 10.661887880414723
leaf_count=64 21 1108 1116 1087 69 1275 1174 1108 5984 135 217 352 37 271
internal_value=-0.000463375 0.00910932 0.0176092 0.015478 0.0556455 0.00320774 0.010233 -0.00569595 -0.0380376 -0.0162961 0.0059046 -0.0410372 -0.0436042 -0.0162443
internal_weight=1346.37 1079.74 433.525 407.471 26.0536 646.215 363.142 283.073 266.626 41.2218 22.1276 19.0942 225.404 14.0339
internal_count=14018 7001 2336 2203 133 4665 2449 2216 7017 725 352 373 6292 308
cat_boundaries=0 1 2 3 4 5 6
cat_threshold=7 4 1 1 2 1
is_linear=0
shrinkage=0.05


Tree=29
num_leaves=13
num_cat=3
split_feature=0 44 4 33 0 38 1 5 5 34 38 5
split_gain=185.458 24.8195 23.3524 51.3944 31.3389 10.4855 9.60496 11.0444 8.94022 4.61767 10.4409 3.43741
threshold=0 50.20000000000001 0.22700754078277599 34.550000000000004 1 6.259821500000001 2 0.16587474750015926 -0.99628250747696534 23.950000000000003 7.8770835000000012 0.99803555425430601
decision_type=1 2 2 2 1 2 1 2 2 2 2 2
left_child=1 2 4 -4 -1 6 8 -8 -2 11 -11 -7
right_child=5 -3 3 -5 -6 9 7 -9 -10 10 -12 -13
leaf_value=0.024857247732679028 0.05849244354271288 -0.050829970858783359 -0.015384341817113173 0.016906262166125216 -0.0011343177445838606 -0.051324998728150467 -0.045728780474021749 0.025456722848746269 -0.05051565089209336 -0.0042246143993350076 -0.042824925036526032 -0.0039417550447234618
leaf_weight=400.813621558249 1.2536060661077524 15.686315499246119 218.39630600064993 280.15899747610092 168.96550906449556 111.87862874381244 6.6342705301940468 18.099096637219191 18.038537237793207 23.040617108345032 75.338884420692921 4.1416122019290915
leaf_count=2310 18 149 1595 1787 1157 3378 148 259 388 592 2169 91
internal_value=0.000509859 0.00964578 0.0106707 0.00275861 0.0175767 -0.0366609 -0.0153875 0.0053275 -0.0408988 -0.0426395 -0.0339182 -0.0496817
internal_weight=1342.45 1084.02 1068.33 498.555 569.779 258.425 44.0255 24.7334 19.2921 214.4 98.3795 116.02
internal_count=14041 6998 6849 3382 3467 7043 813 407 406 6230 2761 3469
cat_boundaries=0 1 2 3
cat_threshold=7 6 1
is_linear=0
shrinkage=0.05


Tree=30
num_leaves=15
num_cat=1
split_feature=0 5 34 34 4 31 38 32 4 4 44 32 43 5
split_gain=162.07 26.1767 32.3164 26.0594 14.3387 13.6343 11.3173 9.41875 11.1258 10.4744 6.84499 4.35218 9.82781 1.14361
threshold=0 0.98899263613956456 21.050000000000004 21.250000000000004 0.17646842360078757 34.400000000000013 6.7669645000000012 27.513393000000004 0.22700754078277599 -0.91597725483594616 29.700000000000003 28.780059500000004 6.0500000000000007 -0.99938741687870725
decision_type=1 2 2 2 2 2 2 2 2 2 2 2 2 2
left_child=1 2 4 -4 -1 10 7 9 -9 -2 -3 13 -13 -8
right_child=6 5 3 -5 -6 -7 11 8 -10 -11 -12 12 -14 -15
leaf_value=0.0077171798141269649 0.0098374053154694427 0.069918812842595865 0.07946704974384472 0.0074533338557645525 -0.04011740461629331 -0.035903304218411446 -0.011420846401470154 0.028466291911486016 -0.045176714662467685 -0.045247336744108871 0.029848840210949197 -0.047630979849778411 0.0032967410928052276 -0.049203603770658536
leaf_weight=21.975899040699005 10.830703862011431 22.524829268455505 11.744354650378225 951.32582038640976 51.204479649662971 4.3807521760463706 2.7406330183148375 15.971859931945803 6.3647939860820761 36.150479707866907 24.316545806825161 23.807262435555458 15.126880699768661 138.03133165836334
leaf_count=145 181 100 75 6130 387 24 72 181 156 1009 127 738 377 4313
internal_value=-0.000766424 0.00764796 0.00597132 0.00841304 -0.0258424 0.0422677 -0.0362511 -0.0201111 0.00644517 -0.0326081 0.0501762 -0.0443371 -0.0282572 -0.0485538
internal_weight=1336.5 1087.47 1036.25 963.07 73.1804 51.2221 249.024 69.3178 22.3367 46.9812 46.8414 179.706 38.9341 140.772
internal_count=14015 6988 6737 6205 532 251 7027 1527 337 1190 227 5500 1115 4385
cat_boundaries=0 1
cat_threshold=7
is_linear=0
shrinkage=0.05


Tree=31
num_leaves=15
num_cat=2
split_feature=0 38 39 43 44 0 44 39 38 32 4 4 32 39
split_gain=150.433 19.7324 25.7199 27.2309 23.1429 22.9156 28.4824 12.5732 8.79503 10.1984 6.58937 5.00296 4.52452 10.5171
threshold=0 5.9639880000000014 20.250000000000004 1.2500000000000002 45.20000000000001 1 30.400000000000002 17.950000000000003 6.7913690000000004 27.296726500000002 0.22700754078277599 -0.91597725483594616 28.763095000000003 21.350000000000005
decision_type=1 2 2 2 2 1 2 2 2 2 2 2 2 2
left_child=1 5 3 -3 -4 7 -7 -1 9 11 -11 -2 -10 -14
right_child=8 2 4 -5 -6 6 -8 -9 12 10 -12 -13 13 -15
leaf_value=0.026635706984091213 -0.0061854009284034381 0.024235765762089616 0.016970092157489302 -0.0098457742069337183 -0.0074204717995335319 0.068050114231950953 -0.051671373474782324 0.07468240724106856 -0.047908764346372874 0.016295219462650137 -0.032542116173184789 -0.048423247883689319 0.0019989617623270002 -0.049390615660762999
leaf_weight=29.187334693968296 9.5926367565989477 69.227952837944031 467.78319867700338 353.80486713349819 122.09377413243055 5.9173151329159763 16.940274238586426 27.731852687895298 132.85921659134328 20.397447776049379 9.1992172934114915 28.758151371032 17.349779732525349 22.127481386065483
leaf_count=167 167 421 2858 2429 806 39 120 157 4334 290 224 864 431 728
internal_value=-0.000947722 0.0070166 0.00517855 -0.00422444 0.0119177 0.0308696 -0.0134763 0.0434314 -0.0358493 -0.0216068 0.000548164 -0.038284 -0.0433759 -0.0273141
internal_weight=1332.97 1092.69 1012.91 423.033 589.877 79.7768 22.8576 56.9192 240.284 67.9475 29.5967 38.3508 172.336 39.4773
internal_count=14035 6997 6514 2850 3664 483 159 324 7038 1545 514 1031 5493 1159
cat_boundaries=0 1 2
cat_threshold=7 6
is_linear=0
shrinkage=0.05


Tree=32
num_leaves=12
num_cat=2
split_feature=0 37 34 1 37 39 32 39 37 5 4
split_gain=141.197 20.2059 19.1774 21.8374 12.5432 9.88758 12.1869 13.782 5.16644 4.42598 2.80987
threshold=0 25.500000000000004 25.950000000000003 1 34.500000000000007 21.350000000000005 27.275297500000004 21.250000000000004 69.500000000000014 0.99803555425430601 0.97508442350096225
decision_type=1 2 2 1 2 2 2 2 2 2 2
left_child=1 10 3 -3 -4 6 8 -8 -2 -7 -1
right_child=5 2 4 -5 -6 9 7 -9 -10 -11 -12
leaf_value=-0.054853991965204074 -0.044790709334015633 0.014135203743282206 -0.0032737686398380435 -0.00030399719514170382 0.062113038087676188 -0.050908270392734413 -0.017256268825772088 0.098788077444432826 0.023925038563730655 0.04139359987247529 -0.0046031199920437442
leaf_weight=13.400740399956705 70.229606518521905 544.42602761089802 10.008266024291514 503.56552691757679 25.495938785374165 84.20299013517797 72.692989278584719 1.6647296473383892 2.2522956207394591 0.61616473644971748 3.6888075172901145
leaf_count=108 2227 3357 66 3321 149 2962 1756 43 38 10 27
internal_value=-2.78785e-05 0.00751585 0.00845188 0.00720342 0.0440964 -0.0345822 -0.027875 -0.0133818 -0.0423589 -0.0497632 -0.0448613
internal_weight=1332.24 1100.59 1083.5 1047.99 35.5042 231.659 146.84 74.3577 72.4819 84.8192 17.0895
internal_count=14064 7028 6893 6678 215 7036 4064 1799 2265 2972 135
cat_boundaries=0 1 2
cat_threshold=7 1
is_linear=0
shrinkage=0.05


Tree=33
num_leaves=15
num_cat=1
split_feature=0 22 37 44 25 33 4 44 43 25 2 4 34 14
split_gain=133.563 18.2367 18.8127 18.4001 10.2571 11.9096 8.13906 6.59864 5.47139 4.0916 3.05471 2.93515 2.57632 1.00412
threshold=0 89.020833500000023 25.500000000000004 50.20000000000001 6.8347225000000007 33.150000000000013 -0.91597725483594616 35.45000000000001 38.900000000000006 8.8763890000000014 9.5000000000000018 0.97508442350096225 24.950000000000003 14.65
decision_type=1 2 2 2 2 2 2 2 2 2 2 2 2 2
left_child=1 2 11 -4 5 6 -2 -7 12 -10 -3 -1 -6 -12
right_child=4 10 3 -5 8 7 -8 -9 9 -11 13 -13 -14 -15
leaf_value=-0.054161331544993023 -0.0015299097648042988 -0.042204600391020863 0.010036609279515114 -0.04404097709722981 -0.048256009099351779 -0.0068675637020538726 -0.047329783724408207 0.049944798339520625 -0.037441436390744008 0.034084303450356783 0.0051331580612660457 -0.0020256975810292745 -0.028320534219749657 -0.022320231413281866
leaf_weight=12.616969659924509 13.563850572332738 18.843930058181289 1043.8579203411937 15.000353783369063 120.76856421120465 19.598408088088039 33.66889207996428 5.8278839215636244 2.5889283791184416 3.5213066339492798 5.961745157837866 3.4665918052196494 24.793000239878893 5.7676391154527664
leaf_count=106 291 118 6555 147 4276 322 1090 123 74 39 36 25 820 32
internal_value=2.43244e-05 0.00723929 0.00839785 0.00922969 -0.0342089 -0.0198699 -0.0344818 0.00755143 -0.0431436 0.00277501 -0.0301782 -0.0437006 -0.0450769 -0.00905932
internal_weight=1329.85 1105.52 1074.94 1058.86 224.331 72.659 47.2327 25.4263 151.672 6.11024 30.5733 16.0836 145.562 11.7294
internal_count=14054 7019 6833 6702 7035 1826 1381 445 5209 113 186 131 5096 68
cat_boundaries=0 1
cat_threshold=7
is_linear=0
shrinkage=0.05


Tree=34
num_leaves=15
num_cat=3
split_feature=0 6 0 41 5 5 34 38 26 1 43 25 34 41
split_gain=134.094 17.5849 23.192 47.2981 27.4142 21.192 17.9519 10.1305 7.53017 6.68467 3.59893 3.14504 2.06563 1.69725
threshold=0 2.5000000000000004 1 5.3500000000000005 0.78724360164103002 -0.83375966452616657 21.050000000000004 6.7913690000000004 15.450000000000001 2 38.900000000000006 8.8763890000000014 24.950000000000003 111.2
decision_type=1 2 1 2 2 2 2 2 2 1 2 2 2 2
left_child=1 5 4 -4 -3 -1 -7 8 13 -10 12 -12 -9 -2
right_child=7 2 3 -5 -6 6 -8 10 9 -11 11 -13 -14 -15
leaf_value=-0.049718297197301538 -0.042734839549865268 0.020811305991165686 0.037475258251258005 -0.014098598818605807 -0.0065471376557852306 -0.038973833128040002 0.005081123332011106 -0.048190073626191585 -0.027669334260038387 0.013615491844009212 -0.038438588749145727 0.023234972081317522 -0.029567793364953111 0.0071176746641685015
leaf_weight=22.583753041923046 24.652767954394225 499.64559145271778 56.307037152349949 197.27947927266359 111.56129931658506 25.089328907430172 202.44223606586456 121.94297611899674 16.759604535996914 20.960394840687513 2.8490897193551055 3.5027581825852394 24.008367646485567 1.5471304990351189
leaf_count=167 699 2987 372 1456 659 188 1235 4515 406 417 81 38 807 37
internal_value=-7.45423e-05 0.00699758 0.0104347 -0.0024486 0.015561 -0.00460199 7.40114e-05 -0.0351106 -0.0195708 -0.00496888 -0.0437525 -0.00589404 -0.0453488 -0.0396375
internal_weight=1331.13 1114.91 864.793 253.587 611.207 250.115 227.532 216.223 63.9199 37.72 152.303 6.35185 145.951 26.1999
internal_count=14064 7064 5474 1828 3646 1590 1423 7000 1559 823 5441 119 5322 736
cat_boundaries=0 1 2 3
cat_threshold=7 6 1
is_linear=0
shrinkage=0.05


Tree=35
num_leaves=13
num_cat=3
split_feature=0 5 34 0 4 31 39 32 38 39 1 5
split_gain=109.866 25.2713 26.0585 20.1256 16.2434 13.4167 10.0124 13.2066 8.36146 8.18621 6.63075 3.79262
threshold=0 0.9863035000474919 21.050000000000004 1 -0.21022463061426777 34.400000000000013 21.350000000000005 27.275297500000004 5.6446430000000012 21.250000000000004 2 0.99803555425430601
decision_type=1 2 2 1 2 2 2 2 2 2 1 2
left_child=1 2 4 -4 -1 10 7 8 -2 -9 -3 -8
right_child=6 5 3 -5 -6 -7 11 9 -10 -11 -12 -13
leaf_value=0.016724555868717374 0.007060355445748164 0.025980961719314168 0.010487540071976303 -0.0051525250291286975 -0.03843787257457533 -0.032513590003918562 -0.050636602547951416 -0.0141284648595982 -0.048850193526964625 0.073197361509153874 0.062975491493258415 0.03164686728034382
leaf_weight=16.989543326199055 7.3044994920492163 26.110950484871864 698.36025179922581 284.75029115378857 53.918166942894459 5.4576586633920661 73.96780970133841 68.25133621506393 56.34712235070765 1.8084756731986988 26.240787744522095 0.79756127670407195
leaf_count=114 140 126 4150 2069 411 31 2962 1759 2090 45 125 12
internal_value=-0.000710989 0.00562457 0.00389141 0.0060111 -0.0251721 0.0375775 -0.0330552 -0.0260975 -0.0424241 -0.0108759 0.0453569 -0.0493527
internal_weight=1320.3 1111.83 1054.02 983.111 70.9077 57.8094 208.477 133.711 63.6516 70.0598 52.3517 74.7654
internal_count=14034 7026 6744 6219 525 282 7008 4034 2230 1804 251 2974
cat_boundaries=0 1 2 3
cat_threshold=7 6 1
is_linear=0
shrinkage=0.05


Tree=36
num_leaves=12
num_cat=2
split_feature=0 37 39 43 39 5 1 33 39 34 25
split_gain=110.953 17.1975 16.7698 28.4553 20.0492 9.6168 14.7043 13.7999 5.5069 11.0723 2.43169
threshold=0 25.500000000000004 20.450000000000003 1.2500000000000002 21.650000000000002 0.96407344085605595 1 33.45000000000001 21.350000000000005 23.950000000000003 14.169444500000003
decision_type=1 2 2 2 2 2 1 2 2 2 2
left_child=1 10 3 -3 -4 8 -7 -8 9 -2 -1
right_child=5 2 4 -5 -6 6 7 -9 -10 -11 -12
leaf_value=-0.05386525647366025 -0.043889000645115389 0.027167610798183462 0.028138993248513291 -0.0053320379387324698 0.0069385730543319833 -0.048480027917981242 -0.041183758466598976 0.062345584315696347 -0.05051340739234076 -0.011354638880693027 -0.00010450609946955513
leaf_weight=12.590007416903971 69.350053397938609 79.056111186742783 147.68120647221804 423.3973995372653 450.51671519875526 9.5146769601851702 3.9380705282092103 8.9192818030714971 67.967041190713644 43.050386944785714 2.4931487664580336
leaf_count=109 2459 459 881 2838 2727 247 142 96 2854 1220 18
internal_value=-0.000507755 0.00576556 0.00656165 -0.000174733 0.0122107 -0.0335279 -0.00405171 0.029952 -0.0389901 -0.0316381 -0.045538
internal_weight=1318.47 1115.73 1100.65 502.454 598.198 202.74 22.372 12.8574 180.367 112.4 15.0832
internal_count=14050 7032 6905 3297 3608 7018 485 238 6533 3679 127
cat_boundaries=0 1 2
cat_threshold=7 1
is_linear=0
shrinkage=0.05


Tree=37
num_leaves=15
num_cat=3
split_feature=0 22 4 0 43 38 0 2 30 2 9 39 34 38
split_gain=99.2547 14.9578 17.7161 31.0208 20.0064 10.198 23.106 16.2727 6.77758 5.80855 3.72117 7.25618 1.67592 1.36404
threshold=0 89.020833500000023 -0.69057362043749781 1 1.3500000000000003 6.7913690000000004 2 10.500000000000002 35.600000000000001 9.5000000000000018 25.150000000000002 21.350000000000005 24.950000000000003 11.211011500000001
decision_type=1 2 2 1 2 2 1 2 2 2 2 2 2 2
left_child=1 2 3 -1 -4 6 7 -2 -8 13 12 -12 -7 -3
right_child=5 9 4 -5 -6 10 8 -9 -10 -11 11 -13 -14 -15
leaf_value=0.027886511186130027 0.058004418356795297 -0.050566882203853802 0.014277250379011267 -0.010229978099112393 -0.002484516084748702 -0.048137605568532055 -0.046092223019770229 -0.04243501089970652 0.056602098860581311 -0.00056199061616193219 -0.006634165892816124 -0.048743014263785384 -0.0014622094987760386 -0.010390128853926307
leaf_weight=181.06659399718046 15.351182751357557 15.982928387820722 256.89458335936069 71.304881453514099 574.05518329143524 94.082734428346157 37.887665644288063 4.5485378112643948 0.85806642845272918 11.737682849168779 20.942019501700997 19.710027240216732 2.0278511010110369 3.0982553362846366
leaf_count=962 352 101 1514 480 3854 3936 1010 162 21 68 607 853 76 20
internal_value=-0.000650041 0.00520723 0.00624112 0.0178161 0.00270845 -0.0325122 -0.0163342 0.0230743 -0.0339175 -0.0285527 -0.0416406 -0.0277306 -0.047178 -0.0448856
internal_weight=1309.55 1114.14 1083.32 252.371 830.95 195.408 58.6455 19.8997 38.7457 30.8189 136.763 40.652 96.1106 19.0812
internal_count=14016 6999 6810 1442 5368 7017 1545 514 1031 189 5472 1460 4012 121
cat_boundaries=0 1 2 3
cat_threshold=7 6 32
is_linear=0
shrinkage=0.05


Tree=38
num_leaves=15
num_cat=4
split_feature=0 5 34 0 44 34 38 0 1 4 32 39 32 12
split_gain=91.0328 18.2845 32.8198 23.8413 14.7816 11.6109 11.5974 23.4171 17.7845 9.42311 5.39398 8.19202 3.21095 2.70138
threshold=0 0.9863035000474919 21.050000000000004 1 30.400000000000002 22.150000000000002 6.259821500000001 2 3 -0.17647087149565663 27.230357000000001 21.350000000000005 27.989285500000005 47.500000000000007
decision_type=1 2 2 1 2 2 2 1 1 2 2 2 2 2
left_child=1 2 9 -4 13 -6 7 8 -2 -1 -8 -12 -9 -3
right_child=6 4 3 -5 5 -7 10 12 -10 -11 11 -13 -14 -15
leaf_value=0.0015178470642734526 -0.01306643621528132 0.043117316743651588 0.01109494007707215 -0.0059246664008791175 0.035845769991786347 -0.021541025421531631 -0.050334699401844908 -0.050754804470196424 0.1006369733582341 -0.03980507884131456 -0.017091409536742274 -0.047448645760717063 -0.0002182867796609465 0.081832284532976571
leaf_weight=18.648242242634296 5.2898417990654707 19.058977708220485 709.8917715921998 282.50699295848608 17.608846783638 15.829606607556341 61.286450609564781 20.33157762140036 7.8394240327179432 51.24943957477808 53.475008275359869 39.446184162050486 3.6964505575597277 8.9910726845264417
leaf_count=120 129 79 4164 2057 87 87 2793 514 138 402 1679 1790 27 42
internal_value=-4.96192e-05 0.00546038 0.00395877 0.00630091 0.0317979 0.00884248 -0.0309424 -0.00724156 0.0334609 -0.0289145 -0.0385634 -0.0303464 -0.0309382 0.0579166
internal_weight=1315.15 1123.78 1062.3 992.399 61.4885 33.4385 191.365 37.1573 13.1293 69.8977 154.208 92.9212 24.028 28.0501
internal_count=14108 7038 6743 6221 295 174 7070 808 267 522 6262 3469 541 121
cat_boundaries=0 1 2 3 4
cat_threshold=7 6 32 1
is_linear=0
shrinkage=0.05


Tree=39
num_leaves=15
num_cat=1
split_feature=38 39 37 34 44 4 5 2 5 35 1 5 34 26
split_gain=13.7433 18.4446 20.887 17.5462 16.0238 16.3276 10.0046 12.312 7.05168 6.37367 4.12223 3.7184 3.23255 3.04103
threshold=6.0229165000000009 20.250000000000004 65.500000000000014 24.450000000000003 50.20000000000001 -0.63921128368950708 0.046214085385334856 10.500000000000002 -0.96234030595689413 70.770833500000023 0 -0.94703994556331683 23.750000000000004 17.950000000000003
decision_type=2 2 2 2 2 2 2 2 2 2 1 2 2 2
left_child=6 2 3 -2 5 -3 8 9 10 -8 -1 -6 -9 -4
right_child=1 4 13 -5 11 -7 7 12 -10 -11 -12 -13 -14 -15
leaf_value=-0.0064585524483461061 -0.0013475846055079053 0.019878127971982532 -0.051647641378913013 -0.026144759690386134 0.0067085230735776762 0.00065233062503018886 -0.0090785237113581215 -0.010008248185063726 -0.025628058875740406 0.045092002494165027 0.039842054927995522 -0.052029537778877255 0.028719679423499928 -0.0164909974230328
leaf_weight=9.1994688771665096 363.12944160401821 138.2402983289212 29.77371908724308 87.815707558766007 2.9955130070447948 534.10629539936781 5.7623014263808718 22.547599365934733 19.616906359791756 48.236443242058158 8.5497716069221497 14.726500341668723 5.9883536882698527 9.2264502849429828
leaf_count=92 4001 1322 330 1116 42 5724 51 240 217 362 90 252 56 96
internal_value=-0.000257728 -0.00190119 -0.00931019 -0.00622368 0.00336503 0.00462897 0.0157985 0.0254243 -0.00557165 0.0392514 0.0167798 -0.0422732 -0.00118388 -0.0439507
internal_weight=1299.91 1180.01 489.945 450.945 690.069 672.347 119.901 82.5347 37.3661 53.9987 17.7492 17.722 28.536 39.0002
internal_count=13991 12883 5543 5117 7340 7046 1108 709 399 413 182 294 296 426
cat_boundaries=0 1
cat_threshold=1
is_linear=0
shrinkage=0.05


Tree=40
num_leaves=15
num_cat=3
split_feature=0 44 4 39 34 27 33 38 0 1 19 25 32 5
split_gain=80.3179 14.2958 20.7712 19.7302 24.6273 20.0922 14.5257 13.189 20.9282 17.466 5.87537 8.99347 5.72636 3.85396
threshold=0 45.20000000000001 -0.99054481509840819 20.250000000000004 24.450000000000003 8.1500000000000004 36.95000000000001 6.259821500000001 1 2 27.512500000000003 7.1833330000000002 27.989285500000005 -0.99938741687870725
decision_type=1 2 2 2 2 2 2 2 1 1 2 2 2 2
left_child=1 3 -3 4 -1 -5 -4 8 9 -2 13 -12 -10 -9
right_child=7 2 6 5 -6 -7 -8 10 12 -11 11 -13 -14 -15
leaf_value=0.0044205981747989622 -0.014892229423456744 0.064624028045045911 -0.023912756298371446 0.0037499041283106773 -0.027360659000295873 0.023683784080526977 0.018446212028026508 0.032703676126426072 -0.050553759863125207 0.094209311558477171 0.006150182579003502 -0.036407645915255159 0.015720501720241229 -0.049778104659854903
leaf_weight=414.60538078844547 5.5888392440974712 7.6550265699625006 100.50948186963797 249.70146053284407 70.432758301496506 255.9492926299572 24.487458825111389 0.79982664994895358 19.659063240513209 8.4832429457455856 15.348991315811871 58.590699054300785 3.3875936008989802 72.012451484799385
leaf_count=2626 138 39 698 1491 562 1493 136 30 517 136 466 2377 25 3321
internal_value=-0.000240164 0.0048579 -0.0104593 0.00696631 -0.000241181 0.0138668 -0.0155339 -0.0298901 -0.00472552 0.03172 -0.038203 -0.027609 -0.0286495 -0.0484413
internal_weight=1307.21 1123.34 132.652 990.689 485.038 505.651 124.997 183.871 37.1187 14.0721 146.752 73.9397 23.0467 72.8123
internal_count=14055 7045 873 6172 3188 2984 834 7010 816 274 6194 2843 542 3351
cat_boundaries=0 1 2 3
cat_threshold=7 32 1
is_linear=0
shrinkage=0.05


Tree=41
num_leaves=15
num_cat=3
split_feature=0 5 34 0 44 4 38 0 26 38 30 32 35 27
split_gain=81.1671 14.843 24.2443 20.6613 13.6053 11.1269 10.957 17.3395 12.6315 8.35122 6.49333 5.4728 9.99744 3.18049
threshold=0 0.98486764554468398 21.050000000000004 1 29.700000000000003 -0.22701068973476937 6.7913690000000004 2 15.15 8.4437500000000014 35.600000000000001 28.763095000000003 69.220238000000009 0.65000000000000002
decision_type=1 2 2 1 2 2 2 1 2 2 2 2 2 2
left_child=1 2 5 -4 13 -1 7 8 -2 -6 -9 -8 -13 -3
right_child=6 4 3 -5 9 -7 11 10 -10 -11 -12 12 -14 -15
leaf_value=0.011571404144162904 -0.026191154560565158 0.037400246172750472 0.009851755705048015 -0.0059398000018219474 -0.01194613998309094 -0.03589265243266606 -0.046841104028422224 -0.042678635206258274 0.05265179240642829 0.034160464196931417 0.058055323544936401 -0.048054119265735183 0.0082487647157811605 0.076849665447012064
leaf_weight=15.457033671438692 6.8156252130866077 17.87830184400082 701.28724917024374 285.72326743602753 22.171544060111046 53.228280685842037 91.899852113798261 34.479329349473119 14.498753033578394 16.131381839513779 0.83404167741536994 15.410737728700044 14.691959004849194 9.8592216670513135
leaf_count=102 217 73 4098 2080 120 421 4318 1014 298 81 21 705 448 45
internal_value=-0.000352913 0.00472115 0.00331111 0.00531857 0.0275802 -0.0251985 -0.0306232 -0.0138197 0.0189184 0.00784688 -0.0303958 -0.0407365 -0.0211932 0.0536087
internal_weight=1300.37 1121.74 1055.7 987.011 66.0404 68.6853 178.63 56.6277 21.3144 38.3029 35.3134 122.003 30.1027 27.7375
internal_count=14041 7020 6701 6178 319 523 7021 1550 515 201 1035 5471 1153 118
cat_boundaries=0 1 2 3
cat_threshold=7 6 32
is_linear=0
shrinkage=0.05


Tree=42
num_leaves=14
num_cat=4
split_feature=0 4 0 44 35 1 5 26 39 32 0 38 5
split_gain=72.9772 15.7365 26.8966 53.9688 29.2411 17.2208 27.4312 22.4397 10.9988 14.205 17.9759 6.01339 1.41552
threshold=0 -0.52766804058324157 1 42.300000000000004 85.264881000000017 2 0.97263757644091864 14.950000000000001 21.350000000000005 27.275297500000004 3 5.6446430000000012 0.99803555425430601
decision_type=1 2 1 2 2 1 2 2 2 2 1 2 2
left_child=1 2 4 -4 -1 7 -7 -3 9 11 -11 -2 -10
right_child=8 5 3 -5 -6 6 -8 -9 12 10 -12 -13 -14
leaf_value=-0.010170238200016713 0.00066132331359292367 -0.022586257291033654 -0.027765427883864748 0.065271414324096 0.0311490729334588 -0.012410646098936572 0.029970999644735818 0.011892249515663974 -0.050126576990947837 0.012951953508149414 -0.034925716165198954 -0.047932233550435167 0.011939450521437703
leaf_weight=54.296160936355591 7.3533453717827788 53.462539866566658 79.938302911818027 18.32253547757864 194.488456197083 329.02738777548075 42.214263953268528 355.00988321751356 56.808624554425478 43.054443316534162 20.411833848804235 45.176532909274101 0.58116315677761932
leaf_count=307 149 371 545 125 1010 2303 213 2163 2960 1205 598 2124 10
internal_value=-0.000568617 0.00416943 0.0130467 -0.00902498 0.021275 0.000259986 -0.00752382 0.00733542 -0.0297401 -0.0222639 -0.0061578 -0.0412446 -0.0493043
internal_weight=1300.15 1126.76 347.045 98.2608 248.785 779.714 371.242 408.472 173.386 115.996 63.4663 52.5299 57.3898
internal_count=14083 7037 1987 670 1317 5050 2516 2534 7046 4076 1803 2273 2970
cat_boundaries=0 1 2 3 4
cat_threshold=7 6 1 40
is_linear=0
shrinkage=0.05


Tree=43
num_leaves=13
num_cat=3
split_feature=0 26 5 1 37 5 39 0 32 20 4 5
split_gain=65.1294 13.911 26.2407 18.059 26.9816 21.2859 11.16 12.5053 17.9489 9.8202 9.57268 4.04059
threshold=0 15.15 -0.20180761162458913 1 34.500000000000007 0.6174544326165855 21.350000000000005 2 27.275297500000004 33.150000000000013 0.29342972903661901 0.99803555425430601
decision_type=1 2 2 1 2 2 2 1 2 2 2 2
left_child=1 2 9 5 -5 -3 7 8 -2 -1 -4 -8
right_child=6 3 10 4 -6 -7 11 -9 -10 -11 -12 -13
leaf_value=-0.03975968138540184 -0.032735558675473536 0.019814910366636074 0.0099072182617934886 -0.021829104289080803 0.0068062525195603067 -0.004428349243167623 -0.05002576212844622 -0.040447200566487741 0.015188329297824307 0.0085119080168515725 -0.039482537992200341 0.036706416903562071
leaf_weight=59.496202573180199 33.491770980879664 359.99836190789938 120.89757045358419 108.26258070766926 331.89726906269789 120.42505006492138 53.589434431865811 36.2698839828372 44.136806672438979 12.376901946961878 9.6865647509694082 0.69826897233724494
leaf_count=446 1473 2136 719 728 2107 694 2931 1368 1211 100 81 11
internal_value=-2.60227e-05 0.00440055 -0.00740064 0.00704887 -0.000270472 0.0137414 -0.028038 -0.0205006 -0.00500465 -0.0314443 0.00597134 -0.0482664
internal_weight=1291.23 1123.04 202.457 920.583 440.16 480.423 168.186 113.898 77.6286 71.8731 130.584 54.2877
internal_count=14005 7011 1346 5665 2835 2830 6994 4052 2684 546 800 2942
cat_boundaries=0 1 2 3
cat_threshold=7 1 40
is_linear=0
shrinkage=0.05


end of trees

feature_importances:
day_of_year_cos=77
age_group=76
day_of_year_sin=60
temperature_min_7d=41
wind_speed_mean_7d=37
wind_speed_max_7d=35
wind_gust_max_7d=34
temperature_mean_7d=32
rain_max_daily_7d=31
gender=30
humidity_min_7d=17
wind_speed_mean_3d=14
wind_speed_max_3d=14
temperature_max_7d=11
month=10
humidity_mean_7d=10
temperature_max_3d=8
precipitation_sum_7d=7
temperature_max_current=6
rain_max_daily_3d=6
humidity_max_7d=5
temperature_mean_3d=3
humidity_min_3d=3
precipitation_sum_3d=3
rain_sum_7d=3
precipitation_sum_current=2
humidity_mean_3d=2
wind_gust_max_3d=2
weather_code_current=1
temperature_min_current=1
humidity_mean_current=1
humidity_min_current=1
wind_speed_max_current=1
wind_gust_max_current=1
rain_days_7d=1

parameters:
[boosting: gbdt]
[objective: binary]
[metric: binary_logloss]
[tree_learner: serial]
[device_type: cpu]
[data_sample_strategy: bagging]
[data: ]
[valid: ]
[num_iterations: 44]
[learning_rate: 0.05]
[num_leaves: 15]
[num_threads: 8]
[seed: 42]
[deterministic: 0]
[force_col_wise: 0]
[force_row_wise: 0]
[histogram_pool_size: -1]
[max_depth: 4]
[min_data_in_leaf: 20]
[min_sum_hessian_in_leaf: 0.001]
[bagging_fraction: 0.9]
[pos_bagging_fraction: 1]
[neg_bagging_fraction: 1]
[bagging_freq: 1]
[bagging_seed: 400]
[bagging_by_query: 0]
[feature_fraction: 0.9]
[feature_fraction_bynode: 1]
[feature_fraction_seed: 30056]
[extra_trees: 0]
[extra_seed: 12879]
[early_stopping_round: 0]
[early_stopping_min_delta: 0]
[first_metric_only: 0]
[max_delta_step: 0]
[lambda_l1: 0]
[lambda_l2: 1]
[linear_lambda: 0]
[min_gain_to_split: 0]
[drop_rate: 0.1]
[max_drop: 50]
[skip_drop: 0.5]
[xgboost_dart_mode: 0]
[uniform_drop: 0]
[drop_seed: 17869]
[top_rate: 0.2]
[other_rate: 0.1]
[min_data_per_group: 100]
[max_cat_threshold: 32]
[cat_l2: 10]
[cat_smooth: 10]
[max_cat_to_onehot: 4]
[top_k: 20]
[monotone_constraints: ]
[monotone_constraints_method: basic]
[monotone_penalty: 0]
[feature_contri: ]
[forcedsplits_filename: ]
[refit_decay_rate: 0.9]
[cegb_tradeoff: 1]
[cegb_penalty_split: 0]
[cegb_penalty_feature_lazy: ]
[cegb_penalty_feature_coupled: ]
[path_smooth: 0]
[interaction_constraints: ]
[verbosity: -1]
[saved_feature_importance_type: 0]
[use_quantized_grad: 0]
[num_grad_quant_bins: 4]
[quant_train_renew_leaf: 0]
[stochastic_rounding: 1]
[linear_tree: 0]
[max_bin: 255]
[max_bin_by_feature: ]
[min_data_in_bin: 3]
[bin_construct_sample_cnt: 200000]
[data_random_seed: 175]
[is_enable_sparse: 1]
[enable_bundle: 1]
[use_missing: 1]
[zero_as_missing: 0]
[feature_pre_filter: 1]
[pre_partition: 0]
[two_round: 0]
[header: 0]
[label_column: ]
[weight_column: ]
[group_column: ]
[ignore_column: ]
[categorical_feature: 0,1,3]
[forcedbins_filename: ]
[precise_float_parser: 0]
[parser_config_file: ]
[objective_seed: 16083]
[num_class: 1]
[is_unbalance: 0]
[scale_pos_weight: 1]
[sigmoid: 1]
[boost_from_average: 1]
[reg_sqrt: 0]
[alpha: 0.9]
[fair_c: 1]
[poisson_max_delta_step: 0.7]
[tweedie_variance_power: 1.5]
[lambdarank_truncation_level: 30]
[lambdarank_norm: 1]
[label_gain: ]
[lambdarank_position_bias_regularization: 0]
[eval_at: ]
[multi_error_top_k: 1]
[auc_mu_weights: ]
[num_machines: 1]
[local_listen_port: 12400]
[time_out: 120]
[machine_list_filename: ]
[machines: ]
[gpu_platform_id: -1]
[gpu_device_id: -1]
[gpu_device_id_list: ]
[gpu_use_dp: 0]
[num_gpu: 1]

end of parameters

pandas_categorical:[]
