tree
version=v4
num_class=1
num_tree_per_iteration=1
label_index=0
max_feature_idx=44
objective=binary sigmoid:1
feature_names=age_group gender month season day_of_year_sin day_of_year_cos weather_code_current temperature_mean_current temperature_max_current temperature_min_current humidity_mean_current humidity_max_current humidity_min_current wind_speed_mean_current wind_speed_max_current precipitation_sum_current rain_sum_current wind_gust_max_current rain_day_current temperature_mean_3d temperature_max_3d temperature_min_3d humidity_mean_3d humidity_max_3d humidity_min_3d wind_speed_mean_3d wind_speed_max_3d precipitation_sum_3d rain_sum_3d rain_days_3d rain_max_daily_3d wind_gust_max_3d temperature_mean_7d temperature_max_7d temperature_min_7d humidity_mean_7d humidity_max_7d humidity_min_7d wind_speed_mean_7d wind_speed_max_7d precipitation_sum_7d rain_sum_7d rain_days_7d rain_max_daily_7d wind_gust_max_7d
feature_infos=-1:0:1:2:3:4:5 -1:0:1 [1:12] -1:1:0 [-0.99999942202469239:0.99998555065071859] [-0.99997919295908244:0.9999907524084426] [0:61] [23.658332999999999:32.533332999999999] [25.899999999999999:39.200000000000003] [17.899999999999999:29.300000000000001] [48.958333000000003:91.625] [63:100] [23:86] [2.8541669999999999:19.695833] [6.4000000000000004:30.100000000000001] [0:63.100000000000001] [0:63.100000000000001] [14:56.899999999999999] [0:1] [23.766667000000002:32.427778000000004] [27.699999999999999:39.200000000000003] [17.899999999999999:28.100000000000001] [52.569443999999997:90.694444000000004] [73:100] [23:79] [4.125:17.329167000000002] [9.6999999999999993:30.100000000000001] [0:93.900000000000006] [0:93.900000000000006] [0:3] [0:63.100000000000001] [17.300000000000001:56.899999999999999] [24.365476000000001:32.235118999999997] [28.699999999999999:39.200000000000003] [17.899999999999999:27.5] [55.767856999999999:89.523809999999997] [77:100] [23:72] [4.5327380000000002:15.469643] [11.6:30.100000000000001] [0:163.90000000000001] [0:163.90000000000001] [0:7] [0:63.100000000000001] [23:56.899999999999999]
tree_sizes=1510 1522 1526 1415 1395 1730 1752 1625 1517 1622 1608 1427 1728 1627 1727 1619 1497 1738 1520 1761 1502 1513 1516 1500 1409 1480 1531 1508 1390 1410 1531 1523 1504 1518 1502 1413 1499 1532 1503 1319 1517 1518 1489 1517 1520 1534 1508 1759 1391 1535 1413 1113 1535 1107

Tree=0
num_leaves=13
num_cat=2
split_feature=0 0 34 4 34 24 2 32 33 5 40 4
split_gain=3850.33 332.707 141.186 107.324 94.2352 88.7401 66.8576 13.2716 10.1508 6.20021 6.51076 2.98297
threshold=0 1 20.850000000000005 0.34235194516023087 21.050000000000004 39.500000000000007 9.5000000000000018 27.349702000000004 38.800000000000004 -0.98212955754013376 90.050000000000026 -0.57078386445773377
decision_type=1 1 2 2 2 2 2 2 2 2 2 2
left_child=8 4 5 -4 7 -3 -6 -2 9 10 -1 -11
right_child=1 2 3 -5 6 -7 -8 -9 -10 11 -12 -13
leaf_value=-0.49534257473332571 -0.4949577391260967 -0.47412086062715286 -0.36085018395095608 -0.38741018795140048 -0.42426755060895804 -0.38798547533161687 -0.37826626009209297 -0.41185518117949421 -0.44309598195271505 -0.49789667905000834 -0.45910029727539864 -0.50589401033482706
leaf_weight=54.012179791927338 45.169477790594101 56.402099251747131 869.93068337440491 687.10184469819069 407.00328400731087 61.420930117368698 97.030730068683624 5.0188308656215659 7.8867342174053183 294.67706939578056 19.836331516504288 733.70527416467667
leaf_count=226 189 236 3640 2875 1703 257 406 21 33 1233 83 3070
internal_value=-0.425826 -0.387969 -0.376823 -0.372539 -0.421953 -0.429277 -0.415335 -0.486533 -0.501472 -0.502558 -0.48618 -0.503674
internal_weight=3339.2 2229.08 1674.86 1557.03 554.222 117.823 504.034 50.1883 1110.12 1102.23 73.8485 1028.38
internal_count=13972 9327 7008 6515 2319 493 2109 210 4645 4612 309 4303
cat_boundaries=0 1 2
cat_threshold=48 2
is_linear=0
shrinkage=1


Tree=1
num_leaves=13
num_cat=2
split_feature=0 0 40 33 39 34 2 44 33 5 43 4
split_gain=3476.71 290.062 125.181 182.991 112.096 78.8271 56.8979 9.18613 8.29774 5.46093 6.91285 4.38551
threshold=0 1 65.65000000000002 36.95000000000001 18.950000000000003 21.050000000000004 9.5000000000000018 26.100000000000005 38.800000000000004 -0.98212955754013376 30.750000000000004 -0.98523971305672664
decision_type=1 1 2 2 2 2 2 2 2 2 2 2
left_child=8 5 3 -3 -4 7 -7 -2 9 10 -1 -11
right_child=1 2 4 -5 -6 6 -8 -9 -10 11 -12 -13
leaf_value=-0.065939632811306922 0.0054078082840295846 0.029998027052771045 0.034484586821549312 0.098244582808238931 0.081811164013878765 0.001718656418026959 0.044051191320763031 -0.064044737136135663 -0.021291233379278018 -0.05717556497257497 -0.025215532764357892 -0.075693752435101319
leaf_weight=59.107097521424294 5.1764394640922538 1010.3347980380058 192.40974575281143 108.1413496285677 369.22061865031719 409.78127583861351 97.471541166305542 42.675947636365891 8.57231158018112 49.84640634059906 14.689054265618323 958.12665101885796
leaf_count=251 22 4190 796 449 1527 1714 404 181 36 212 62 4081
internal_value=6.86824e-05 0.0357484 0.0461345 0.0366784 0.0656876 0.00402746 0.00992376 -0.0565748 -0.0727022 -0.073761 -0.058279 -0.0748356
internal_weight=3325.55 2235.21 1680.11 1118.48 561.63 555.105 507.253 47.8524 1090.34 1081.77 73.7962 1007.97
internal_count=13925 9283 6962 4639 2323 2321 2118 203 4642 4606 313 4293
cat_boundaries=0 1 2
cat_threshold=48 2
is_linear=0
shrinkage=0.05


Tree=2
num_leaves=13
num_cat=2
split_feature=0 0 34 33 24 34 2 44 33 5 43 38
split_gain=3202.33 257.914 108.983 84.7744 80.0264 76.8785 52.939 12.5933 6.49002 5.21199 6.79446 2.00391
threshold=0 1 20.850000000000005 36.95000000000001 39.500000000000007 20.950000000000003 9.5000000000000018 25.550000000000001 38.800000000000004 -0.98212955754013376 32.250000000000007 8.0687500000000032
decision_type=1 1 2 2 2 2 2 2 2 2 2 2
left_child=8 5 4 -4 -3 7 -7 -2 9 10 -1 -11
right_child=1 2 3 -5 -6 6 -8 -9 -10 11 -12 -13
leaf_value=-0.063332863883794263 0.012254977036447314 -0.045092631100837652 0.043791512838272428 0.088311981333138001 0.03619407657717328 0.0013732096674435477 0.041802842237962573 -0.072324115937491024 -0.022754908421196807 -0.069056330611257682 -0.021243991501795567 -0.075461495937335865
leaf_weight=59.526272803544998 4.7119981050491324 56.659804403781891 1476.6338482499123 115.56727743148804 62.764617398381233 422.17815980315208 99.20385468006134 34.97521585226059 8.0577138662338239 478.55350188910961 12.965822070837019 521.22127948701382
leaf_count=257 20 238 6068 472 259 1766 408 151 34 2078 55 2265
internal_value=2.62722e-05 0.0336945 0.0433698 0.0470764 -0.00242584 0.00391219 0.00913109 -0.0622278 -0.0704281 -0.071421 -0.0561964 -0.0724677
internal_weight=3353.02 2272.69 1711.63 1592.2 119.424 561.069 521.382 39.6872 1080.32 1072.27 72.4921 999.775
internal_count=14071 9382 7037 6540 497 2345 2174 171 4689 4655 312 4343
cat_boundaries=0 1 2
cat_threshold=48 2
is_linear=0
shrinkage=0.05


Tree=3
num_leaves=12
num_cat=2
split_feature=0 0 4 32 44 34 2 44 33 4 34
split_gain=2927.1 225.389 108.002 178.401 168.263 72.66 41.3435 5.08499 5.03593 6.23795 6.88544
threshold=0 1 0.21022171450811272 29.248512000000002 48.800000000000004 20.950000000000003 9.5000000000000018 26.100000000000005 38.800000000000004 0.56369777965491019 25.150000000000002
decision_type=1 1 2 2 2 2 2 2 2 2 2
left_child=8 5 4 -4 -3 7 -7 -2 9 10 -1
right_child=1 2 3 -5 -6 6 -8 -9 -10 -11 -12
leaf_value=-0.066975509599439251 -0.013464754692536655 0.058989155560139686 0.0167738267641066 0.074526216650808247 -0.028889998300137189 0.0020669552403495134 0.037681327317181039 -0.068548952102215913 -0.027423025028139036 -0.075458134388165343 -0.0328445083505189
leaf_weight=671.86971314251423 5.4144734740257254 830.59712974727154 677.52585771679878 165.91135850548744 57.708212837576866 420.85886019468307 100.09505581855774 33.113504230976105 8.9579594135284406 354.05834910273552 18.049827635288239
leaf_count=2975 23 3386 2780 674 235 1760 409 146 38 1574 80
internal_value=0.000203229 0.031898 0.0408436 0.028209 0.0532541 0.00395551 0.00896891 -0.0613443 -0.0683844 -0.0693637 -0.0661314
internal_weight=3344.16 2291.22 1731.74 843.437 888.305 559.482 520.954 38.528 1052.94 1043.98 689.92
internal_count=14080 9413 7075 3454 3621 2338 2169 169 4667 4629 3055
cat_boundaries=0 1 2
cat_threshold=48 2
is_linear=0
shrinkage=0.05


Tree=4
num_leaves=12
num_cat=3
split_feature=0 0 34 4 34 0 2 44 33 4 34
split_gain=2698.76 199.385 106.806 79.0692 65.5775 64.159 41.5627 11.436 6.9438 5.63363 4.57422
threshold=0 1 21.050000000000004 0.35846314187849704 20.950000000000003 2 9.5000000000000018 25.550000000000001 38.800000000000004 0.52033990680116082 25.150000000000002
decision_type=1 1 2 2 2 1 2 2 2 2 2
left_child=8 4 5 -4 7 -3 -6 -2 9 10 -1
right_child=1 2 3 -5 6 -7 -8 -9 -10 -11 -12
leaf_value=-0.06510795953738148 0.012307820961838793 0.039960976280763102 0.052460490705140798 0.029815145551425122 0.0018691940443466715 -0.023974343811755797 0.037361051431468707 -0.068426226251403738 -0.019881458730016555 -0.073338563819937849 -0.033696249418961356
leaf_weight=638.83462297916412 4.7106283903121939 49.87882199883461 907.06388093531132 679.6378935277462 421.51356618106365 99.461811080574989 101.59303022921085 33.316770493984222 8.66374324262142 365.97397275269032 15.190214544534681
leaf_count=2891 20 206 3673 2767 1762 411 413 150 37 1668 68
internal_value=0.00022569 0.030353 0.03876 0.0427856 0.00409845 -0.00143323 0.00882023 -0.0583662 -0.0666652 -0.0676957 -0.064431
internal_weight=3325.84 2297.18 1736.04 1586.7 561.134 149.341 523.107 38.0274 1028.66 1020 654.025
internal_count=14066 9402 7057 6440 2345 617 2175 170 4664 4627 2959
cat_boundaries=0 1 2 3
cat_threshold=48 2 8
is_linear=0
shrinkage=0.05


Tree=5
num_leaves=15
num_cat=3
split_feature=0 0 34 4 34 34 20 44 5 40 20 4 1 35
split_gain=2430.49 184.865 95.1473 97.2146 55.0315 34.9173 15.1096 9.60164 5.85019 6.91212 4.50636 4.02571 2.68916 1.56303
threshold=0 1 20.250000000000004 0.35846314187849704 20.950000000000003 25.150000000000002 32.150000000000013 25.550000000000001 -0.98212955754013376 90.050000000000026 38.800000000000004 -0.62588817255938378 2 87.324405000000013
decision_type=1 1 2 2 2 2 2 2 2 2 2 2 1 2
left_child=8 4 6 -4 7 -6 -3 -2 9 13 11 -10 -11 -1
right_child=1 2 3 -5 5 -7 -8 -9 10 12 -12 -13 -14 -15
leaf_value=-0.063558763564341744 0.0080949832721941475 0.0020946524088641468 0.049294945843956196 0.025007967241226586 0.0029585434365650403 0.046404958426101352 -0.048680666396198669 -0.065020651342716423 -0.060013275786183568 -0.0027791375386215546 -0.014927112833199641 -0.068959934703251652 -0.039733297030505897 -0.032160993287764061
leaf_weight=41.163700729608536 4.960649460554122 26.350545719265938 946.60070216655731 735.98234742879868 472.96286301314831 50.279782712459564 31.77916032075882 31.881603762507439 245.49005287885666 9.6366307586431503 4.892257332801818 683.00340174138546 9.4225025475025177 8.0427066683769208
leaf_count=189 21 108 3816 2990 1963 210 134 147 1136 43 21 3184 42 37
internal_value=-5.07826e-05 0.0282447 0.0363096 0.0386927 0.00296303 0.00721398 -0.0260177 -0.0552222 -0.064646 -0.049294 -0.0664067 -0.0666616 -0.0221187 -0.0591696
internal_weight=3302.45 2300.8 1740.71 1682.58 560.085 523.243 58.1297 36.8423 1001.65 68.2655 933.386 928.493 19.0591 49.2064
internal_count=14041 9389 7048 6806 2341 2173 242 168 4652 311 4341 4320 85 226
cat_boundaries=0 1 2 3
cat_threshold=48 2 1
is_linear=0
shrinkage=0.05


Tree=6
num_leaves=15
num_cat=1
split_feature=34 34 34 4 38 44 24 38 1 34 4 39 35 8
split_gain=116.597 83.2605 167.576 104.859 60.6408 43.9735 40.7067 27.9734 16.9916 17.2699 3.88761 3.6622 2.53501 2.10215
threshold=20.950000000000003 25.250000000000004 24.550000000000004 0.35846314187849704 6.8250000000000011 40.150000000000006 39.500000000000007 11.480357000000003 0 20.250000000000004 -0.091260668982868137 25.650000000000002 77.306547500000008 34.650000000000013
decision_type=2 2 2 2 2 2 2 2 1 2 2 2 2 2
left_child=6 2 3 -2 -4 7 10 -3 9 -8 -1 -7 -10 -12
right_child=1 5 4 -5 -6 11 8 -9 12 -11 13 -13 -14 -15
leaf_value=-0.017778016512780624 0.012906966740243199 0.0013521040191294283 0.064996168046541389 -0.0089118640067076173 -0.033776068876687389 0.064081906079093837 -0.033351697008589587 0.04609712626324642 -0.043284022693110442 0.020943848962825962 -0.062334390274248308 0.036397793333305319 -0.022187154281605195 -0.031896660660392047
leaf_weight=6.9749713540077201 1554.9895181655884 117.50354513525963 15.295173749327658 851.41679008305073 382.11795449256897 68.477959811687469 20.785205632448196 48.743767559528351 31.224292084574699 43.718593180179596 87.365667551755905 20.330273672938347 33.376985907554626 9.6158021539449674
leaf_count=31 6608 503 65 3656 1637 288 91 208 136 191 393 87 146 43
internal_value=0.00010665 0.00270838 0.000215838 0.0051867 -0.029821 0.030001 -0.0339062 0.0146685 -0.0149688 0.00320601 -0.057058 0.0582202 -0.0328885 -0.0596728
internal_weight=3291.94 3058.87 2803.82 2406.41 397.413 255.056 233.062 166.247 129.105 64.5038 103.956 88.8082 64.6013 96.9815
internal_count=14083 13052 11966 10264 1702 1086 1031 711 564 282 467 375 282 436
cat_boundaries=0 1
cat_threshold=1
is_linear=0
shrinkage=0.05


Tree=7
num_leaves=14
num_cat=3
split_feature=0 0 32 4 34 37 40 44 5 39 1 33 4
split_gain=2257.65 172.594 85.7851 160.581 50.0189 38.0187 36.5221 7.31111 5.93831 13.3616 8.37799 5.58328 3.62666
threshold=0 1 29.330059500000001 0.35846314187849704 20.950000000000003 64.500000000000014 3.0500000000000003 25.550000000000001 -0.98212955754013376 20.850000000000005 2 38.800000000000004 -0.54220184589352438
decision_type=1 1 2 2 2 2 2 2 2 2 1 2 2
left_child=8 4 3 -3 7 -6 -4 -2 9 -1 -11 12 -10
right_child=1 2 6 -5 5 -7 -8 -9 11 10 -12 -13 -14
leaf_value=-0.070187116431513416 0.0034171167990143811 0.043597076106840431 0.094473917416555586 0.010560633742638513 -0.00012932533897889393 0.033945694072910454 0.045541291185636851 -0.06260114353865727 -0.059377567699414914 -0.0018728210572487717 -0.049942814479681789 -0.019496431509239031 -0.067736168844159686
leaf_weight=33.672227099537849 4.7135165035724631 992.98266272246838 77.652054890990257 585.18533465266228 422.77968667447567 100.51155272126198 81.068678513169289 30.87199941277504 271.13685628771782 18.65608149766922 16.780309736728668 7.7414651215076438 636.84429675340652
leaf_count=158 20 3995 311 2384 1754 416 326 148 1279 85 77 33 3060
internal_value=-0.000238924 0.0269246 0.0347238 0.0313616 0.00248365 0.00646792 0.0699226 -0.0540022 -0.063156 -0.0479022 -0.0253815 -0.0649426 -0.0653082
internal_weight=3280.6 2295.77 1736.89 1578.17 558.877 523.291 158.721 35.5855 984.831 69.1086 35.4364 915.723 907.981
internal_count=14046 9354 7016 6379 2338 2170 637 168 4692 320 162 4372 4339
cat_boundaries=0 1 2 3
cat_threshold=48 2 1
is_linear=0
shrinkage=0.05


Tree=8
num_leaves=13
num_cat=3
split_feature=0 0 34 34 34 40 44 44 37 4 1 24
split_gain=2069.48 140.811 81.9981 160.446 48.0866 36.7367 23.3425 6.92831 4.2136 5.05204 5.06495 0.420664
threshold=0 1 25.250000000000004 24.550000000000004 20.950000000000003 93.750000000000014 39.050000000000004 25.550000000000001 23.500000000000004 0.534952257794027 2 25.500000000000004
decision_type=1 1 2 2 2 2 2 2 2 2 1 2
left_child=8 4 3 -3 7 -6 -4 -2 -1 10 -10 -11
right_child=1 2 6 -5 5 -7 -8 -9 9 11 -12 -13
leaf_value=-0.016373061020920503 0.0031832764077291825 0.035581830836558241 0.052286179382957043 -0.011048458213604768 0.0014395518326508782 0.038014513245938727 0.096440134701308522 -0.061158395579099002 -0.054128003654734448 -0.036925340328404437 -0.064361268753102066 -0.068388482241475063
leaf_weight=5.8223683387041083 4.7196990847587577 1404.5936796218157 81.669360592961311 211.87017339468002 440.61085441708565 80.346566736698151 52.382140263915062 30.252958819270134 308.06420496106148 4.8265113830566397 307.8834478110075 331.23044262826443
leaf_count=25 20 5664 328 856 1826 332 210 149 1495 22 1497 1647
internal_value=-0.000211159 0.0254449 0.0324336 0.0294669 0.00323655 0.00714248 0.0701262 -0.0526281 -0.0615763 -0.0624814 -0.0593392 -0.0680475
internal_weight=3264.27 2306.45 1750.52 1616.46 555.93 520.957 134.052 34.9727 957.827 952.005 615.948 336.057
internal_count=14071 9385 7058 6520 2327 2158 538 169 4686 4661 2992 1669
cat_boundaries=0 1 2 3
cat_threshold=48 2 1
is_linear=0
shrinkage=0.05


Tree=9
num_leaves=14
num_cat=3
split_feature=0 0 33 4 34 2 40 44 5 44 1 33 4
split_gain=1927.71 131.643 76.5157 136.639 43.4743 35.5047 33.0564 8.20787 5.21917 7.77105 6.59493 5.3082 4.10195
threshold=0 1 36.95000000000001 0.34235194516023087 20.950000000000003 9.5000000000000018 3.0500000000000003 25.550000000000001 -0.98212955754013376 38.70000000000001 2 38.800000000000004 -0.54220184589352438
decision_type=1 1 2 2 2 2 2 2 2 2 1 2 2
left_child=8 4 3 -3 7 -6 -4 -2 9 -1 -11 12 -10
right_child=1 2 6 -5 5 -7 -8 -9 11 10 -12 -13 -14
leaf_value=-0.060864659732404382 0.0081472881553822461 0.040917680150348558 0.089280692382411958 0.011279750148086694 0.00093009197237881285 0.033222843052153991 0.030028570195139132 -0.059746929267246597 -0.055708428104455976 -0.0016808259479293977 -0.047872205894217118 -0.019982273703206106 -0.064499570910656071
leaf_weight=35.242515310645103 4.9584096968173972 991.45744313299656 79.42675544321537 641.08682857453823 423.20644479990005 105.56517606973648 35.238672390580177 29.249018803238869 261.54162093997002 15.367090404033661 14.698253631591797 8.8211685419082624 594.18490388989449
leaf_count=174 21 3976 319 2598 1761 426 141 148 1296 71 70 38 3024
internal_value=0.000648089 0.025115 0.0319191 0.0292931 0.00379144 0.00742763 0.0714885 -0.0499537 -0.0597287 -0.0450159 -0.0250768 -0.0614769 -0.0618808
internal_weight=3240.04 2310.19 1747.21 1632.54 562.979 528.772 114.665 34.2074 929.856 65.3079 30.0653 864.548 855.727
internal_count=14063 9390 7034 6574 2356 2187 460 169 4673 315 141 4358 4320
cat_boundaries=0 1 2 3
cat_threshold=48 2 1
is_linear=0
shrinkage=0.05


Tree=10
num_leaves=14
num_cat=4
split_feature=0 0 34 38 0 34 4 44 5 39 1 33 4
split_gain=1780.47 128.235 82.4945 67.5221 39.8826 39.6275 32.4753 7.21916 5.30439 11.7772 9.85827 4.32537 3.84503
threshold=0 1 20.350000000000005 14.349107500000001 2 20.950000000000003 0.88621069759564464 25.550000000000001 -0.98212955754013376 20.850000000000005 3 38.800000000000004 -0.99275805973510278
decision_type=1 1 2 2 1 2 2 2 2 2 1 2 2
left_child=8 5 4 -4 -3 7 -7 -2 9 -1 -11 12 -10
right_child=1 2 3 -5 -6 6 -8 -9 11 10 -12 -13 -14
leaf_value=-0.066231543484041311 0.0044139252879189014 0.02616190759599369 0.033554813297805956 -0.064463713207449258 -0.041933869236782294 0.011780226781249181 -0.019636043546233453 -0.058597860588025436 -0.040880527164427215 0.0046984675940731253 -0.048855117934444005 -0.021557909946838642 -0.061988281285176888
leaf_weight=30.468749240040779 5.204101860523223 26.016934335231781 1650.853440836072 16.871233522891998 49.804200574755669 429.32903775572777 100.75111493468285 28.839237630367279 30.157821029424667 16.709926575422287 16.349749460816383 8.3083010315895063 800.12608236074448
leaf_count=155 22 107 6634 68 207 1772 420 150 152 78 80 36 4163
internal_value=1.90097e-05 0.0233084 0.030033 0.0325252 -0.0205845 0.00234776 0.00578328 -0.0491144 -0.0591198 -0.0441455 -0.0224434 -0.0609044 -0.0612717
internal_weight=3209.79 2307.67 1743.55 1667.72 75.8211 564.123 530.08 34.0433 902.121 63.5284 33.0597 838.592 830.284
internal_count=14044 9380 7016 6702 314 2364 2192 172 4664 313 158 4351 4315
cat_boundaries=0 1 2 3 4
cat_threshold=48 2 8 1
is_linear=0
shrinkage=0.05


Tree=11
num_leaves=12
num_cat=2
split_feature=0 0 34 36 42 40 34 39 33 4 9
split_gain=1653.19 128.444 82.222 69.0462 65.5249 35.6931 39.0057 32.7371 4.28126 5.2967 5.29338
threshold=0 1 21.050000000000004 95.500000000000014 2.5000000000000004 93.750000000000014 25.150000000000002 19.250000000000004 38.800000000000004 0.56369777965491019 26.350000000000005
decision_type=1 1 2 2 2 2 2 2 2 2 2
left_child=8 5 3 -3 -4 6 -2 -7 9 10 -1
right_child=1 2 4 -5 -6 7 -8 -9 -10 -11 -12
leaf_value=-0.056376371862522069 -0.0091547764507760067 -0.048937872907960416 0.064663131596512755 0.020431278000643066 0.029024834958657653 -0.013863527227238269 0.037808829423434998 0.053082750756542008 -0.019254375439987786 -0.065174649541042254 -0.0072714779869820839
leaf_weight=579.29008670151234 426.60596151649952 57.680168971419334 141.54521715641022 91.344712376594543 1450.0250471830368 26.605990499258041 48.321477264165878 54.877965569496155 8.0280683636665326 289.68896988034248 5.8619012981653205
leaf_count=3052 1801 241 570 370 5820 109 199 225 35 1582 30
internal_value=-0.000315044 0.0220458 0.0287442 -0.00656533 0.0322329 0.000940394 -0.00430706 0.0313205 -0.0580442 -0.0590405 -0.0558977
internal_weight=3179.88 2297.01 1740.6 149.025 1591.57 556.411 474.927 81.484 882.869 874.841 585.152
internal_count=14034 9335 7001 611 6390 2334 2000 334 4699 4664 3082
cat_boundaries=0 1 2
cat_threshold=48 2
is_linear=0
shrinkage=0.05


Tree=12
num_leaves=15
num_cat=3
split_feature=0 34 33 4 36 0 39 39 5 44 1 4 38 38
split_gain=1523.89 103.116 83.531 112.053 59.8689 32.7046 13.0821 8.60671 4.8579 7.04003 6.58466 3.53984 4.47294 2.79894
threshold=0 21.050000000000004 37.750000000000007 0.35846314187849704 95.500000000000014 1 20.650000000000002 19.250000000000004 -0.98212955754013376 38.70000000000001 2 -0.57078386445773377 5.5770835000000014 6.5514880000000009
decision_type=1 2 2 2 2 1 2 2 2 2 1 2 2 2
left_child=8 4 3 -3 7 -6 -4 -2 9 -1 -11 13 -13 -10
right_child=1 2 6 -5 5 -7 -8 -9 11 10 -12 12 -14 -15
leaf_value=-0.057422891584395057 -0.0091619923761537252 0.032246084963781112 0.032208521847061869 0.0083399390328133469 0.043384544613015774 -0.0094351677929041429 0.084768893779913729 -0.057318510785431223 -0.062425595231159287 0.0017057920861501066 -0.046207861321201665 -0.016381482206437713 -0.061577042167101484 -0.048034518463615318
leaf_weight=33.90627184510231 11.448412120342253 1201.2674359977245 16.599463239312172 829.09860855340958 31.814202919602394 86.044519335031509 63.28491935133934 59.836040243506432 64.858520567417145 14.201649367809296 13.343561708927155 6.3959898352622977 550.67821921408176 162.90083882212639
leaf_count=182 49 4842 67 3363 128 372 259 266 348 67 68 35 3068 875
internal_value=0.000105211 0.0212294 0.0244915 0.0224929 -0.0139855 0.00792406 0.0743804 -0.0498182 -0.0568274 -0.0422932 -0.0223104 -0.0586333 -0.0610884 -0.0523876
internal_weight=3145.68 2299.39 2110.25 2030.37 189.143 117.859 79.8844 71.2845 846.285 61.4515 27.5452 784.834 557.074 227.759
internal_count=13989 9346 8531 8205 815 500 326 315 4643 317 135 4326 3103 1223
cat_boundaries=0 1 2 3
cat_threshold=48 8 1
is_linear=0
shrinkage=0.05


Tree=13
num_leaves=14
num_cat=3
split_feature=0 0 34 40 34 43 36 5 39 33 1 44 38
split_gain=1401.09 121.841 69.989 92.2418 34.9035 27.0742 8.85878 6.14849 11.4263 5.09749 4.95683 4.12797 2.28248
threshold=0 1 25.950000000000003 66.050000000000011 20.950000000000003 24.200000000000006 89.500000000000014 -0.98212955754013376 20.850000000000005 38.800000000000004 2 25.550000000000001 8.0687500000000032
decision_type=1 1 2 2 2 2 2 2 2 2 1 2 2
left_child=7 4 3 -3 11 -6 -4 8 -1 12 -10 -2 -9
right_child=1 2 6 -5 5 -7 -8 9 10 -11 -12 -13 -14
leaf_value=-0.063019929073889674 -0.0052475069106826411 0.016027333846448125 0.045873843336546843 0.040737282679851522 -0.0038703406550677326 0.022427562749160888 0.088658619449350662 -0.054300471732574088 -0.00023605437447107595 -0.014520472244644485 -0.0385734368931464 -0.056893429846094627 -0.061203865363385748
leaf_weight=26.953813031315804 4.7111630141735068 1113.1954935789108 21.4058797955513 572.59229370951653 400.02508208155632 128.48439748585224 46.351936310529709 367.29311360418797 17.552425682544708 7.6094480603933325 15.247327312827109 28.092165306210518 391.83232821524143
leaf_count=150 20 4488 88 2300 1651 525 188 2067 84 34 80 153 2258
internal_value=-0.000140701 0.0198279 0.0263242 0.0244395 -0.000582211 0.00255315 0.0760059 -0.0555937 -0.0393844 -0.0575281 -0.0186716 -0.0498508 -0.0579396
internal_weight=3141.35 2314.86 1753.55 1685.79 561.313 528.509 67.7578 826.488 59.7536 766.735 32.7998 32.8033 759.125
internal_count=14086 9413 7064 6788 2349 2176 276 4673 314 4359 164 173 4325
cat_boundaries=0 1 2 3
cat_threshold=48 2 1
is_linear=0
shrinkage=0.05


Tree=14
num_leaves=15
num_cat=3
split_feature=0 0 6 20 5 34 2 44 5 39 1 4 5 37
split_gain=1260.56 102.456 63.291 66.4375 60.5156 32.0685 32.4667 7.76209 6.07169 11.2536 6.52023 4.57359 4.4961 3.505
threshold=0 1 2.5000000000000004 36.250000000000007 -0.97111920233974802 20.950000000000003 9.5000000000000018 25.550000000000001 -0.98521978256641018 20.850000000000005 2 -0.98523971305672664 -0.022575793296316444 23.500000000000004
decision_type=1 1 2 2 2 2 2 2 2 2 1 2 2 2
left_child=8 5 3 -3 -4 7 -7 -2 9 -1 -11 12 -10 -13
right_child=1 2 4 -5 -6 6 -8 -9 11 10 -12 13 -14 -15
leaf_value=-0.061830654059476846 0.0085917048738973333 -0.001862954471412874 0.06223565895314899 0.053893583151836948 0.026172374059748583 -0.003515408290089771 0.027547055334849982 -0.057633507601430135 -0.016257177846758231 0.0075822987817990937 -0.038678563949698624 -0.016322731307226123 -0.051663440762949091 -0.057270093096840648
leaf_weight=23.6386409252882 4.9463556706905356 336.93544438481331 128.41667702794075 62.48209935426712 1218.6505673974752 423.98701032996178 103.89267882704735 27.761467695236206 16.658237427473068 15.069801732897758 13.859146565198898 6.2302021384239188 22.326617956161499 701.8091831356287
leaf_count=136 21 1360 517 254 4910 1756 417 156 93 72 74 28 125 4133
internal_value=-0.000411991 0.0183584 0.0243343 0.00697202 0.0296539 -0.000369241 0.00263856 -0.0476606 -0.0540796 -0.0368937 -0.015132 -0.055961 -0.0373193 -0.0569333
internal_weight=3106.66 2307.07 1746.48 399.418 1347.07 560.588 527.88 32.7078 799.592 52.5676 28.9289 747.024 38.9849 708.039
internal_count=14052 9391 7041 1614 5427 2350 2173 177 4661 282 146 4379 218 4161
cat_boundaries=0 1 2 3
cat_threshold=48 2 1
is_linear=0
shrinkage=0.05


Tree=15
num_leaves=14
num_cat=3
split_feature=0 34 34 3 26 40 4 5 39 1 33 4 4
split_gain=1204.29 85.5772 137.601 102.446 55.5666 32.8733 44.8537 6.48772 11.7866 6.49599 6.43149 4.55848 1.29322
threshold=0 25.250000000000004 24.550000000000004 1 16.250000000000004 3.0500000000000003 0.63920241694561786 -0.98521978256641018 20.850000000000005 2 38.800000000000004 0.54940630780725741 0.91596454896554913
decision_type=1 2 2 1 2 2 2 2 2 1 2 2 2
left_child=7 2 3 -2 -4 12 -7 8 -1 -10 11 -9 -3
right_child=1 5 4 -5 -6 6 -8 10 9 -11 -12 -13 -14
leaf_value=-0.061009087384395755 0.031243342058929202 0.058447691490959158 -0.064718607170080461 0.0075362197422808091 -0.0067022505894137954 0.086660288869992386 0.015625927827822451 -0.052184320399393892 0.0085577042176352945 -0.037504940650173936 -0.0085130826857043613 -0.06148160938328058 0.08536634874549491
leaf_weight=23.827193379402161 996.8435467928648 16.696984142065048 49.121992588043213 840.24491204321384 235.47612076997757 29.46047405898571 84.482921376824379 461.74605047702789 15.49284353852272 13.573468744754791 7.7147741466760626 261.74805264174938 48.690222695469856
leaf_count=142 4030 70 199 3458 954 119 342 2756 74 74 35 1638 203
internal_value=-0.000115958 0.0181394 0.0153989 0.0204102 -0.0169075 0.051304 0.0345863 -0.0531964 -0.0356281 -0.0134847 -0.0551434 -0.0556281 0.0794765
internal_weight=3085.12 2301.02 2121.69 1837.09 284.598 179.331 113.943 784.102 52.8935 29.0663 731.209 723.494 65.3872
internal_count=14094 9375 8641 7488 1153 734 461 4719 290 148 4429 4394 273
cat_boundaries=0 1 2 3
cat_threshold=48 2 1
is_linear=0
shrinkage=0.05


Tree=16
num_leaves=13
num_cat=4
split_feature=0 34 0 0 42 36 12 5 4 0 34 33
split_gain=1127.96 84.6687 68.0946 61.7931 61.0266 35.8392 33.101 27.4816 5.07147 13.8322 16.2978 5.37986
threshold=0 21.050000000000004 1 2 2.5000000000000004 95.500000000000014 52.500000000000007 0.59003219687534991 0.56369777965491019 3 25.150000000000002 38.800000000000004
decision_type=1 2 1 1 2 2 2 2 2 1 2 2
left_child=8 3 7 6 -4 -5 -2 -3 9 10 -1 -10
right_child=1 2 4 5 -6 -7 -8 -9 11 -11 -12 -13
leaf_value=-0.038816054381126841 0.0058811639117941732 -0.0015076042237686712 0.056767996354145062 -0.064387792892177123 0.022548035151521154 -0.012406949472847643 0.08882465199120923 0.026333531329187965 -0.060862348338266606 -0.060575843672630386 0.033621342066227224 -0.016969885959012877
leaf_weight=244.46187461912632 35.13727955520153 412.87038889527321 142.7777469009161 53.419166937470436 1453.9954473972321 86.483533143997192 17.414728105068207 111.83272562921047 242.80398797988892 253.10121013224125 7.2900855392217627 8.1427149027585966
leaf_count=1495 144 1697 579 246 5868 375 70 457 1578 1543 42 37
internal_value=0.000108947 0.0174523 0.0204085 -0.0141693 0.025482 -0.0304125 0.0290819 0.00438178 -0.052479 -0.0499103 -0.035201 -0.0595111
internal_weight=3069.73 2313.93 2121.48 192.455 1596.77 139.903 52.552 524.703 755.8 504.853 251.752 250.947
internal_count=14131 9436 8601 835 6447 621 214 2154 4695 3080 1537 1615
cat_boundaries=0 1 2 3 4
cat_threshold=48 2 8 32
is_linear=0
shrinkage=0.05


Tree=17
num_leaves=15
num_cat=2
split_feature=0 34 34 36 40 44 40 4 1 39 5 44 33 39
split_gain=1020.75 79.1547 124.233 88.1029 58.1201 38.0227 26.5924 5.70072 13.1513 10.2176 6.25474 7.46837 6.17395 0.142671
threshold=0 25.250000000000004 24.450000000000003 95.500000000000014 65.65000000000002 39.050000000000004 3.0500000000000003 -0.98803845231459231 1 17.650000000000002 -0.98212955754013376 38.70000000000001 38.800000000000004 25.650000000000002
decision_type=1 2 2 2 2 2 2 2 1 2 2 2 2 2
left_child=7 2 3 -2 -4 6 -3 8 9 -1 11 -9 -12 -7
right_child=1 5 4 -5 -6 13 -8 10 -10 -11 12 -13 -14 -15
leaf_value=-0.04628367412100845 -0.0035137647221742396 0.067831658825604116 -0.026034018104425689 0.024397588965949599 0.019469688533283191 0.082022506005374585 0.01394618874206593 -0.052418644340256074 -0.059642918782225218 0.032050000395412719 -0.055053255314419361 -0.014973780216140277 -0.0091959429039469905 0.058396535483531645
leaf_weight=5.648102581501008 353.41610975563526 31.675104171037674 257.08362872898579 1407.9092119336128 95.549343064427376 52.231580346822739 79.000689178705215 29.492900669574738 16.69392891228199 10.145363524556158 636.75983393192291 25.590915113687515 7.8722667396068564 13.520575568079947
leaf_count=34 1469 133 1044 5729 387 220 320 184 101 61 4146 133 36 55
internal_value=-0.000449459 0.0160059 0.0133759 0.0187983 -0.0136842 0.0481674 0.0298374 -0.051392 -0.0300354 0.00294819 -0.0530727 -0.0355996 -0.0545084 0.0781119
internal_weight=3022.59 2290.39 2113.96 1761.33 352.633 176.428 110.676 732.203 32.4874 15.7935 699.716 55.0838 644.632 65.7522
internal_count=14052 9357 8629 7198 1431 728 453 4695 196 95 4499 317 4182 275
cat_boundaries=0 1 2
cat_threshold=48 1
is_linear=0
shrinkage=0.05


Tree=18
num_leaves=13
num_cat=3
split_feature=0 0 40 39 33 37 38 39 0 5 39 4
split_gain=942.367 76.4065 56.8992 96.702 82.7679 32.6649 38.5597 36.141 7.41922 15.8737 23.5901 12.1214
threshold=0 1 65.65000000000002 18.950000000000003 36.850000000000001 64.500000000000014 12.961607000000003 21.250000000000004 2 -0.98212955754013376 20.850000000000005 -0.58482361983252518
decision_type=1 1 2 2 2 2 2 2 1 2 2 2
left_child=8 5 4 -4 -3 6 -2 -7 9 10 -1 -11
right_child=1 2 3 -5 -6 7 -8 -9 -10 11 -12 -13
leaf_value=-0.056619050989516834 -0.0091355962911915441 0.0095731886824010713 0.0055199878101737689 0.04875088306869424 0.053636981929144192 -0.014324047761544402 0.089658870455647258 0.046826423259609812 -0.059637930375064964 -0.028412768073030909 0.034821859583113422 -0.050091260564832922
leaf_weight=11.19758775830269 442.13017283380032 1046.1735320687294 200.7365807145834 364.2128022313118 117.77168004214764 37.781988173723221 9.1069474369287473 64.204947680234909 352.32532148063183 95.629286453127861 15.733471333980559 235.20270437002182
leaf_count=73 1862 4227 813 1483 495 153 37 261 2346 608 83 1593
internal_value=-0.000562607 0.0151188 0.0202963 0.0334271 0.0140739 -0.00114189 -0.00694786 0.0242536 -0.0504142 -0.0398227 -0.00386399 -0.0439294
internal_weight=2992.21 2282.12 1728.89 564.949 1163.95 553.224 451.237 101.987 710.088 357.763 26.9311 330.832
internal_count=14034 9331 7018 2296 4722 2313 1899 414 4703 2357 156 2201
cat_boundaries=0 1 2 3
cat_threshold=48 2 32
is_linear=0
shrinkage=0.05


Tree=19
num_leaves=15
num_cat=1
split_feature=34 34 34 4 41 44 24 38 1 34 4 32 31 15
split_gain=72.0664 54.5049 114.026 57.1179 46.5104 32.9869 29.4433 25.0834 12.3414 19.3962 2.82826 2.58753 1.81147 1.29593
threshold=20.850000000000005 25.250000000000004 24.450000000000003 0.39036257410962039 65.65000000000002 39.050000000000004 38.500000000000007 11.480357000000003 0 20.250000000000004 -0.091260668982868137 27.377381000000003 24.650000000000002 34.150000000000013
decision_type=2 2 2 2 2 2 2 2 1 2 2 2 2 2
left_child=6 2 3 -2 -4 7 10 -3 9 -8 -1 -12 -10 -7
right_child=1 5 4 -5 -6 13 8 -9 12 -11 11 -13 -14 -15
leaf_value=-0.016247092730437649 0.010286445744227136 -0.0037689717898663658 -0.033557996105128253 -0.007218509893663694 0.0023057932264036879 0.050166653161165156 -0.031984381653456948 0.041662576946112209 -0.016263039961689135 0.029392309295086985 -0.055180161310274492 -0.011724312739217122 -0.036198722850405124 0.017496467475545469
leaf_weight=6.7025504708290091 1391.7104564160109 100.79530930519104 318.79651133716106 699.48453930020332 125.85701529681683 83.756930336356163 20.064494535326958 42.402475968003273 22.040012583136559 32.152014896273613 78.861942395567894 4.2238629460334769 30.920419722795486 4.5760750472545615
leaf_count=34 6493 477 1513 3319 588 394 98 208 108 158 420 22 154 22
internal_value=-0.000411088 0.00166324 -0.000461059 0.00443056 -0.0234245 0.0248317 -0.0297128 0.00987945 -0.0115797 0.00565012 -0.0505922 -0.0531367 -0.0283574 0.048689
internal_weight=2962.34 2767.38 2535.85 2091.19 444.654 231.531 194.965 143.198 105.177 52.2165 89.7884 83.0858 52.9604 88.333
internal_count=14008 13014 11913 9812 2101 1101 994 685 518 256 476 442 262 416
cat_boundaries=0 1
cat_threshold=1
is_linear=0
shrinkage=0.05


Tree=20
num_leaves=13
num_cat=4
split_feature=0 34 0 44 0 36 12 38 0 5 39 4
split_gain=890.841 75.5883 65.0065 55.1998 46.8036 32.1573 30.4968 23.2118 7.6718 13.8754 23.8858 14.081
threshold=0 21.050000000000004 1 52.000000000000007 2 95.500000000000014 52.500000000000007 11.772321500000002 3 -0.98212955754013376 20.850000000000005 -0.98523971305672664
decision_type=1 2 1 2 1 2 2 2 1 2 2 2
left_child=8 4 7 -4 6 -6 -2 -3 9 10 -1 -11
right_child=1 2 3 -5 5 -7 -8 -9 -10 11 -12 -13
leaf_value=-0.056250725303699969 0.00060984052342733463 -0.001271561116033282 0.024302154373600365 -0.05145381893346649 -0.061016782860070555 -0.011712609510859664 0.081685159292604698 0.031503538612712628 -0.05895864936175188 -0.00051418638076583729 0.035564577032649675 -0.04552058889187649
leaf_weight=11.700745701789858 33.311267420649529 467.34960442781448 1548.3867923021317 23.521298721432686 52.976533874869347 86.999014019966125 16.807556703686714 60.071429237723351 335.72859425842762 18.47117218375206 15.031963899731634 299.25120088458061
leaf_count=79 137 1918 6300 95 253 380 68 246 2321 114 78 2061
internal_value=0.000204332 0.0151587 0.0179592 0.0229904 -0.014907 -0.0286415 0.0241421 0.00246727 -0.0495737 -0.038885 -0.00520166 -0.0429139
internal_weight=2969.61 2289.42 2099.33 1571.91 190.094 139.976 50.1188 527.421 680.184 344.455 26.7327 317.722
internal_count=14050 9397 8559 6395 838 633 205 2164 4653 2332 157 2175
cat_boundaries=0 1 2 3 4
cat_threshold=48 2 8 32
is_linear=0
shrinkage=0.05


Tree=21
num_leaves=13
num_cat=3
split_feature=0 0 33 4 37 34 39 40 0 5 39 33
split_gain=830.095 64.696 53.5367 92.8399 31.5638 34.1696 33.9746 28.6735 6.29319 12.5833 19.4899 12.0204
threshold=0 1 36.850000000000001 0.34235194516023087 64.500000000000014 25.150000000000002 21.250000000000004 3.0500000000000003 2 -0.98212955754013376 20.850000000000005 38.800000000000004
decision_type=1 1 2 2 2 2 2 2 1 2 2 2
left_child=8 4 3 -3 5 -2 -6 -4 9 10 -1 -11
right_child=1 2 7 -5 6 -7 -8 -9 -10 11 -12 -13
leaf_value=-0.055294887666950537 -0.011161871193036571 0.026353310803939996 0.07008992401223943 0.0019245954125766793 -0.012987013038966072 0.031744340698002887 0.045802167161704682 0.019245277407639573 -0.058289908937973367 -0.043636529376408974 0.029093916945477069 0.039769214891060667
leaf_weight=10.715003952383997 409.4044011682272 971.63368934392929 74.389168903231621 648.36387027800083 38.48425205051899 51.345057591795921 65.263310983777046 45.424846157431602 323.50093692541122 307.03524808585644 15.478365465998648 3.6481618881225577
leaf_count=75 1739 3975 327 2619 156 208 264 186 2324 2170 79 17
internal_value=-8.79272e-05 0.0141071 0.0188823 0.0165835 -0.00068984 -0.00632209 0.024079 0.0511321 -0.0490382 -0.0385915 -0.0061912 -0.0425327
internal_weight=2964.69 2304.31 1739.81 1620 564.497 460.749 103.748 119.814 660.378 336.877 26.1934 310.683
internal_count=14139 9474 7107 6594 2367 1947 420 513 4665 2341 154 2187
cat_boundaries=0 1 2 3
cat_threshold=48 2 32
is_linear=0
shrinkage=0.05


Tree=22
num_leaves=13
num_cat=3
split_feature=0 6 5 33 44 39 39 23 0 4 1 33
split_gain=766.406 69.7721 66.0349 51.4304 51.279 75.2265 44.9839 21.6122 9.29414 16.6316 18.1864 11.7262
threshold=0 2.5000000000000004 -0.8142754349318998 36.95000000000001 48.800000000000004 20.650000000000002 28.000000000000004 98.500000000000014 1 0.56369777965491019 2 38.800000000000004
decision_type=1 2 2 2 2 2 2 2 1 2 1 2
left_child=8 2 7 -4 5 -3 -6 -2 9 10 -1 -11
right_child=1 4 3 -5 6 -7 -8 -9 -10 11 -12 -13
leaf_value=-0.015734893771149183 -0.063854208772489637 0.011098884928645076 -0.0021512829987565536 0.050871813338058083 -0.054656737614754071 0.032518556109393346 0.019419969309828984 0.02077542283397283 -0.057680586639060352 -0.057499528697469438 -0.044573014926525517 0.027167851249047401
leaf_weight=112.81656872481108 50.954345911741257 966.75882768630981 400.332853525877 50.621547535061836 43.186969116330147 712.78540594875813 37.484042033553123 8.3341111391782743 313.88105117529631 103.11379574984312 108.26628663390875 3.7006738781929007
leaf_count=769 208 3967 1655 218 175 2951 154 34 2345 797 756 17
internal_value=-0.000115219 0.0135543 -0.00266191 0.00390017 0.0183308 0.0202032 -0.0204204 -0.0518106 -0.0478866 -0.0369434 -0.0299943 -0.0543414
internal_weight=2912.24 2270.46 510.243 450.954 1760.22 1679.54 80.671 59.2885 641.778 327.897 221.083 106.814
internal_count=14046 9362 2115 1873 7247 6918 329 242 4684 2339 1525 814
cat_boundaries=0 1 2 3
cat_threshold=48 32 1
is_linear=0
shrinkage=0.05


Tree=23
num_leaves=13
num_cat=4
split_feature=0 0 34 1 34 4 32 0 4 32 33 7
split_gain=717.755 62.7002 98.2002 67.3209 53.8475 30.9816 25.2757 8.52851 12.8005 18.9453 14.8957 5.16141
threshold=0 1 20.250000000000004 2 25.150000000000002 0.10837544681456417 26.643750000000001 3 0.56369777965491019 28.713393000000003 38.800000000000004 24.864583500000006
decision_type=1 1 2 1 2 2 2 1 2 2 2 2
left_child=7 3 11 5 -4 -2 -5 8 9 -1 -10 -3
right_child=1 2 4 6 -6 -7 -8 -9 10 -11 -12 -13
leaf_value=-0.032692030983207644 0.061675554561826378 -0.0034630541931401355 0.0072722033769331484 0.037009472969862588 0.038708881743437416 0.028503728562211623 0.002081712669104595 -0.057072759243697091 -0.055978580736957974 0.059104479602417985 0.032317761601615196 -0.065289906532332159
leaf_weight=209.70721714198589 138.94394117593765 3.7636425197124472 1499.4210302382708 66.995817750692368 148.94441068172455 148.14836536347866 217.9801644384861 301.23578695207834 100.64588428288698 4.8895350843667975 4.3920077085494986 45.616009563207626
leaf_count=1478 572 17 6161 276 627 605 892 2342 810 32 20 217
internal_value=-0.000126569 0.0129385 0.00799153 0.0271919 0.0101345 0.0447162 0.0103937 -0.0472822 -0.0364635 -0.030336 -0.0520166 -0.0607398
internal_weight=2890.68 2269.81 1697.75 572.068 1648.37 287.092 284.976 620.87 319.635 214.597 105.038 49.3797
internal_count=14049 9367 7022 2345 6788 1177 1168 4682 2340 1510 830 234
cat_boundaries=0 1 2 3 4
cat_threshold=48 8 1 32
is_linear=0
shrinkage=0.05


Tree=24
num_leaves=12
num_cat=3
split_feature=0 33 4 38 44 1 39 0 4 19 33
split_gain=654.906 62.2068 82.8401 113.536 82.7418 11.082 21.686 9.98781 14.7028 15.9405 10.7001
threshold=0 37.750000000000007 -0.005375728450543499 6.8250000000000011 48.800000000000004 1 20.650000000000002 2 0.56369777965491019 28.145833500000006 38.800000000000004
decision_type=1 2 2 2 2 1 2 1 2 2 2
left_child=7 2 4 -4 -2 -3 -7 8 9 -1 -10
right_child=1 5 3 -5 -6 6 -8 -9 10 -11 -12
leaf_value=-0.032668663665809512 0.024704230717067066 0.078962029819927226 0.03726869367493215 -0.0051278618815720177 -0.032542122175677084 -0.036286808362508374 0.057163238437891541 -0.056540580388789723 -0.055871961856850665 0.019049447962746623 0.024695182922549637
leaf_weight=197.64359247684479 944.56617815792561 33.839660510420799 186.01981091499329 1013.5827013105154 66.788134649395943 7.2507763653993598 26.724676176905632 291.00281182676554 94.283262349665165 15.469517201185225 3.7697494328021994
leaf_count=1422 3901 152 760 4181 271 30 123 2351 790 110 17
internal_value=-0.000520366 0.0117729 0.0103623 0.00147205 0.0208954 0.0586564 0.0367526 -0.0464097 -0.0353282 -0.0288431 -0.0525564
internal_weight=2880.94 2278.77 2210.96 1199.6 1011.35 67.8151 33.9755 602.169 311.166 213.113 98.053
internal_count=14108 9418 9113 4941 4172 305 153 4690 2339 1532 807
cat_boundaries=0 1 2 3
cat_threshold=48 1 32
is_linear=0
shrinkage=0.05


Tree=25
num_leaves=13
num_cat=5
split_feature=0 0 34 34 1 4 44 44 0 4 1 33
split_gain=616.927 64.7552 55.888 42.8602 35.2457 45.823 38.1756 23.476 12.9696 13.9251 15.9051 14.5538
threshold=0 1 20.950000000000003 25.150000000000002 2 -0.24372957273992743 52.000000000000007 25.550000000000001 3 0.534952257794027 4 38.800000000000004
decision_type=1 1 2 2 1 2 2 2 1 2 1 2
left_child=8 4 7 -4 6 -6 -2 -3 9 10 -1 -11
right_child=1 2 3 -5 5 -7 -8 -9 -10 11 -12 -13
leaf_value=-0.013110806055847905 0.031072226415118559 0.030584411286897175 0.0030217890302638786 0.037101584591801622 0.030009310291752151 0.00075639812988225808 -0.072183497640569055 -0.051808625966905733 -0.05598636090321879 -0.054430450113961616 -0.041078531478562802 0.033950447242329949
leaf_weight=103.39226758480072 557.92807471752167 9.432558134198187 955.43809814751148 101.14821134507656 214.13356664776802 354.54657834768295 8.1811491400003415 58.624593988060951 279.43218263238668 93.984330751001835 101.70190992206335 4.25405129790306
leaf_count=741 2307 39 3916 425 887 1456 33 297 2351 817 760 19
internal_value=0.000175845 0.0120415 0.003443 0.00631628 0.0204482 0.0118048 0.0294554 -0.0401116 -0.0452021 -0.033656 -0.0271114 -0.0502997
internal_weight=2842.2 2259.43 1124.64 1056.59 1134.79 568.68 566.109 68.0572 582.765 303.333 205.094 98.2384
internal_count=14048 9360 4677 4341 4683 2343 2340 336 4688 2337 1501 836
cat_boundaries=0 1 2 3 4 5
cat_threshold=48 9 1 32 1
is_linear=0
shrinkage=0.05


Tree=26
num_leaves=13
num_cat=2
split_feature=0 4 34 39 44 34 5 44 0 4 32 33
split_gain=565.974 56.0888 123.18 72.5791 110.489 72.2249 68.9588 36.2503 12.2795 14.819 16.6068 8.84515
threshold=0 -0.005375728450543499 25.150000000000002 18.850000000000005 48.800000000000004 24.450000000000003 0.097680735332368721 39.050000000000004 1 0.56369777965491019 28.713393000000003 38.800000000000004
decision_type=1 2 2 2 2 2 2 2 1 2 2 2
left_child=8 3 5 6 -5 -3 -2 -4 9 10 -1 -11
right_child=1 2 7 4 -6 -7 -8 -9 -10 11 -12 -13
leaf_value=-0.028937337858072284 -0.02066906499909156 0.0040494377869754981 0.024923539034784645 0.040826975092130527 -0.027592816189672062 -0.027819898044895399 0.019683726419659178 0.070927170570603992 -0.055474536576305494 -0.054330182159822951 0.056061076496240869 0.017374295490019797
leaf_weight=199.67214599996805 164.07030069828033 848.92753437161446 127.891994535923 471.23497004806995 66.722443982958794 223.81149461865425 294.34930177032948 64.888907834887505 266.5843992754817 88.073409982025623 5.0192072838544837 4.0750425755977622
leaf_count=1492 677 3514 537 1966 271 914 1217 293 2335 800 32 18
internal_value=-0.000259449 0.0109491 0.00400566 0.0198651 0.0323055 -0.00261936 0.00522774 0.0406942 -0.0446004 -0.0332013 -0.0265907 -0.0510067
internal_weight=2825.32 2261.9 1265.52 996.377 537.957 1072.74 458.42 192.781 563.424 296.84 204.691 92.1485
internal_count=14066 9389 5258 4131 2237 4428 1894 830 4677 2342 1524 818
cat_boundaries=0 1 2
cat_threshold=48 32
is_linear=0
shrinkage=0.05


Tree=27
num_leaves=13
num_cat=3
split_feature=0 34 40 4 0 12 37 26 0 4 19 33
split_gain=534.383 55.5048 60.5751 67.3764 41.9603 20.763 20.3936 14.6123 10.6211 14.7995 18.3345 6.77947
threshold=0 20.950000000000003 0.25000000000000006 0.022575936829235404 1 52.500000000000007 37.500000000000007 24.350000000000005 2 0.56369777965491019 28.0979165 38.800000000000004
decision_type=1 2 2 2 1 2 2 2 1 2 2 2
left_child=8 4 7 -4 5 -2 -6 -3 9 10 -1 -11
right_child=1 2 3 -5 6 -7 -8 -9 -10 11 -12 -13
leaf_value=-0.03091540634357004 -0.00048198494133034275 0.063612505797376762 0.020620077745688817 0.0023302559297500732 -0.058062559556884587 0.071636319293755732 -0.014416444439385466 -0.009520420361679445 -0.054961988124137155 -0.054396105816666679 0.024331715397934141 0.010804983285563133
leaf_weight=186.15388865768909 25.96760068833828 67.77459391951561 955.27026672661304 1064.1771085858345 53.802271500229836 15.196934029459952 54.028260573744774 7.3153081685304633 255.64212648570538 83.702319599688053 15.599243946373461 3.8664026856422415
leaf_count=1421 107 275 3962 4389 273 63 238 30 2337 792 112 17
internal_value=-0.000331188 0.0104981 0.0126441 0.0109879 -0.0188538 0.0219937 -0.0334533 0.0564564 -0.0442333 -0.0330877 -0.0265448 -0.0514278
internal_weight=2788.5 2243.53 2094.54 2019.45 148.995 41.1645 107.831 75.0899 544.964 289.322 201.753 87.5687
internal_count=14016 9337 8656 8351 681 170 511 305 4679 2342 1533 809
cat_boundaries=0 1 2 3
cat_threshold=48 8 32
is_linear=0
shrinkage=0.05


Tree=28
num_leaves=12
num_cat=4
split_feature=0 34 43 0 0 12 0 5 39 36 33
split_gain=492.855 57.6024 51.6205 52.0639 22.674 21.7488 14.747 15.0505 22.2134 9.5331 8.26561
threshold=0 20.350000000000005 56.500000000000007 1 2 52.500000000000007 3 -0.98212955754013376 20.850000000000005 98.500000000000014 38.800000000000004
decision_type=1 2 2 1 1 2 1 2 2 2 2
left_child=6 4 3 -3 5 -2 7 8 -1 -6 -9
right_child=1 2 -4 -5 9 -7 -8 10 -10 -11 -12
leaf_value=-0.052719692229556428 -0.020147483271072339 -0.00095213272784928763 -0.083767287803558577 0.017069517743547206 -0.066344982501430547 0.073749364468715661 -0.05451871942717277 -0.036951373224909649 0.040950793283257542 -0.026434107987483298 0.026523885534957187
leaf_weight=9.3197865635156649 14.006765216588976 540.80797240138054 13.005683019757269 1598.3225711286068 32.298276752233505 9.5887995958328229 246.81856563687325 252.52116721123457 15.385580390691755 31.142059221863747 4.563721925020217
leaf_count=76 58 2234 53 6639 171 40 2348 2155 84 140 20
internal_value=1.52128e-05 0.0103065 0.0119694 0.0125903 -0.0293091 0.0138332 -0.0429003 -0.0310579 0.00493852 -0.0410909 -0.0357262
internal_weight=2767.78 2239.17 2152.14 2139.13 87.0359 23.5956 528.609 281.79 24.7054 63.4403 257.085
internal_count=14018 9335 8926 8873 409 98 4683 2335 160 311 2175
cat_boundaries=0 1 2 3 4
cat_threshold=48 2 8 32
is_linear=0
shrinkage=0.05


Tree=29
num_leaves=12
num_cat=3
split_feature=0 33 4 33 44 0 5 44 4 1 4
split_gain=467.055 53.5998 58.1123 112.24 83.9423 12.7486 15.2542 16.9052 13.1523 0.847159 4.62754
threshold=0 37.95000000000001 0.35846314187849704 33.650000000000013 48.800000000000004 1 -0.98212955754013376 38.70000000000001 -0.57078386445773377 2 0.90892735371523092
decision_type=1 2 2 2 2 1 2 2 2 1 2
left_child=5 2 4 -4 -2 6 7 -1 -8 -3 -11
right_child=1 9 3 -5 -6 -7 8 -9 -10 10 -12
leaf_value=-0.038052870151037921 0.018732224531001238 0.071607046743903016 -0.029605054925190694 0.0096000842174804868 -0.035648356050880861 -0.054093911825163613 -0.018964049899668906 0.04198269122239362 -0.043787843098172102 0.020841632938410487 0.068210567702525482
leaf_weight=11.293881990015509 1186.8234158307314 23.633667096495628 249.34194061160088 673.24283045530319 74.563805788755417 238.53520915657282 80.646021395921707 13.258086681365965 171.81896474212408 9.9487152695655841 13.361356616020201
leaf_count=90 4981 115 1037 2773 303 2365 632 70 1563 46 66
internal_value=-0.000325132 0.00963015 0.00852105 -0.00101626 0.015492 -0.042699 -0.0311958 0.00511801 -0.0359644 0.0619837 0.0496825
internal_weight=2746.47 2230.92 2183.97 922.585 1261.39 515.552 277.017 24.552 252.465 46.9437 23.3101
internal_count=14041 9321 9094 3810 5284 4720 2355 160 2195 227 112
cat_boundaries=0 1 2 3
cat_threshold=48 32 1
is_linear=0
shrinkage=0.05


Tree=30
num_leaves=13
num_cat=2
split_feature=0 6 5 5 19 33 26 23 0 4 33 33
split_gain=439.056 52.0625 56.908 50.3087 45.1971 43.118 35.7824 16.4796 11.2903 13.4963 14.9195 12.4238
threshold=0 2.5000000000000004 -0.83375966452616657 -0.97111920233974802 28.929861500000005 36.95000000000001 17.250000000000004 98.500000000000014 1 0.56369777965491019 33.750000000000007 38.800000000000004
decision_type=1 2 2 2 2 2 2 2 1 2 2 2
left_child=8 2 7 6 -5 -4 -3 -2 9 10 -1 -11
right_child=1 3 5 4 -6 -7 -8 -9 -10 11 -12 -13
leaf_value=-0.030056023955645814 -0.065813733175319092 0.0035489231744867257 -0.0045212958296117368 0.0073714256547166004 0.03320173125375242 0.044281845398245437 0.05495069394608703 0.0076777090017390182 -0.05365330472074345 -0.053934367550428235 0.011412630573762319 0.031659325461711733
leaf_weight=161.9096457362175 43.885733798146248 48.19657139480114 406.39120317995548 1364.1497603803873 192.55547091364861 49.91567251086235 113.96238428354263 8.9541382938623411 228.88038301467896 75.566267251968384 24.487100817263126 3.8588790744543067
leaf_count=1310 181 201 1691 5689 823 225 483 37 2369 794 195 17
internal_value=-0.000343383 0.00916314 -0.00483188 0.0133623 0.0105857 0.000902466 0.0397885 -0.0534487 -0.0424195 -0.0309992 -0.0245764 -0.0494338
internal_weight=2722.71 2228.01 509.147 1718.86 1556.71 456.307 162.159 52.8399 494.702 265.822 186.397 79.4251
internal_count=14015 9330 2134 7196 6512 1916 684 218 4685 2316 1505 811
cat_boundaries=0 1 2
cat_threshold=48 32
is_linear=0
shrinkage=0.05


Tree=31
num_leaves=13
num_cat=3
split_feature=0 0 32 4 40 32 2 0 4 32 33 21
split_gain=386.729 54.6223 42.0661 82.2837 23.1984 22.7185 31.6659 17.0464 14.8086 15.7822 9.79497 6.11913
threshold=0 1 29.248512000000002 0.37446826358596375 3.0500000000000003 26.028571500000002 10.500000000000002 2 0.56369777965491019 28.713393000000003 38.800000000000004 23.350000000000005
decision_type=1 1 2 2 2 2 2 1 2 2 2 2
left_child=7 5 3 -3 -4 11 -7 8 9 -1 -10 -2
right_child=1 2 4 -5 -6 6 -8 -9 10 -11 -12 -13
leaf_value=-0.024116199607426142 -0.063272406136472517 0.019547519400746553 0.059865269347025685 -0.0044535300827512414 0.019851478338551845 -0.0070950166596027821 0.032785985965359969 -0.053212100012088717 -0.052192393029259723 0.059930299387050467 0.021028342941588174 0.0011831626337878052
leaf_weight=182.66013992577791 19.532022744417194 953.72065882384777 67.621721193194389 569.98291006684303 79.957111150026321 478.07041874527931 54.551450312137604 216.53420571982861 72.708935931324959 4.8309847488999358 4.3511734753847113 4.4426774382591239
leaf_count=1510 105 4028 330 2311 337 1992 221 2336 797 31 19 18
internal_value=-0.000353323 0.00847046 0.0129792 0.0105722 0.0384656 -0.00505707 -0.00295659 -0.0404845 -0.0283586 -0.0216442 -0.0478416 -0.0517592
internal_weight=2708.96 2227.88 1671.28 1523.7 147.579 556.597 532.622 481.085 264.551 187.491 77.0601 23.9747
internal_count=14035 9342 7006 6339 667 2336 2213 4693 2357 1541 816 123
cat_boundaries=0 1 2 3
cat_threshold=48 2 32
is_linear=0
shrinkage=0.05


Tree=32
num_leaves=13
num_cat=4
split_feature=0 6 5 5 39 33 0 23 0 4 1 33
split_gain=363.399 48.428 53.5218 52.5826 45.2152 38.3067 34.1596 18.305 17.4955 14.4217 15.9454 9.40125
threshold=0 2.5000000000000004 -0.83375966452616657 -0.97111920233974802 17.250000000000004 36.95000000000001 1 98.500000000000014 2 0.56369777965491019 3 38.800000000000004
decision_type=1 2 2 2 2 2 1 2 1 2 1 2
left_child=8 2 7 4 -3 -4 -5 -2 9 10 -1 -11
right_child=1 3 5 6 -6 -7 -8 -9 -10 11 -12 -13
leaf_value=-0.0066830082293445536 -0.06442784601694844 -0.032054477362451865 -0.0048470538633653519 0.021982765392597955 0.049152528575952745 0.042261041251038411 0.0048757752002581067 0.015041274669609637 -0.052847106827411852 -0.051764818238346458 -0.03602709154494016 0.019943956763979993
leaf_weight=95.195888765156269 45.420660734176636 18.810731276869774 404.01479724049568 387.32756511867046 140.32711252570152 47.300723269581795 1171.3729253411293 8.1889219880104047 209.54452569037676 69.743759356439114 90.170613653957844 4.3807049393653861
leaf_count=768 188 78 1685 1631 600 219 4911 34 2356 797 778 19
internal_value=-0.000400671 0.00808431 -0.00548393 0.0121203 0.0394133 0.00017269 0.00931033 -0.0522357 -0.0398665 -0.0276616 -0.021074 -0.0473178
internal_weight=2691.8 2222.76 504.925 1717.84 159.138 451.316 1558.7 53.6096 469.035 259.491 185.367 74.1245
internal_count=14064 9346 2126 7220 678 1904 6542 222 4718 2362 1546 816
cat_boundaries=0 1 2 3 4
cat_threshold=48 8 32 1
is_linear=0
shrinkage=0.05


Tree=33
num_leaves=13
num_cat=3
split_feature=0 0 34 34 37 34 19 0 36 5 39 4
split_gain=334.677 49.2388 42.1654 55.6525 24.2728 31.933 30.6311 16.7366 15.2667 14.9335 21.468 11.2404
threshold=0 1 25.950000000000003 24.550000000000004 64.500000000000014 23.350000000000005 26.553472500000002 2 89.500000000000014 -0.98212955754013376 20.850000000000005 -0.61237985104942771
decision_type=1 1 2 2 2 2 2 1 2 2 2 2
left_child=7 4 3 -3 6 -6 -2 9 -4 10 -1 -11
right_child=1 2 8 -5 5 -7 -8 -9 -10 11 -12 -13
leaf_value=-0.051005759965605496 -0.041332746609611587 0.014595994013474209 0.013399530627004032 -0.010185438179898282 -0.051022856664790187 0.026951298990927242 -0.0049125204466478447 -0.052400730028190845 0.070323451271786672 -0.015123707055629924 0.044839309703590104 -0.039445432657078679
leaf_weight=8.2964864075183886 66.911618128418922 1334.0442818105221 17.287818044424057 272.11235062777996 14.342573225498198 92.130930855870247 387.76902374625206 197.91783902049065 40.06790591776371 70.144937686622143 14.796272322535513 158.90506780147552
leaf_count=76 314 5600 88 1133 58 373 1614 2327 192 587 81 1611
internal_value=-0.000466731 0.007536 0.0118468 0.0103938 -0.00522522 0.0160707 -0.0103511 -0.0392504 0.0536894 -0.0271692 0.00971743 -0.0320952
internal_weight=2674.73 2224.67 1663.51 1606.16 561.154 106.474 454.681 450.061 57.3557 252.143 23.0928 229.05
internal_count=14054 9372 7013 6733 2359 431 1928 4682 280 2355 157 2198
cat_boundaries=0 1 2 3
cat_threshold=48 2 32
is_linear=0
shrinkage=0.05


Tree=34
num_leaves=13
num_cat=4
split_feature=0 34 41 4 0 32 12 0 43 1 38 4
split_gain=310.278 50.3246 45.2807 56.8591 27.6097 18.339 16.326 16.2737 13.3268 15.9664 10.5465 6.87495
threshold=0 20.350000000000005 0.35000000000000003 0.34235194516023087 1 26.779762000000002 52.500000000000007 2 23.100000000000005 3 5.3982145000000008 -0.091260668982868137
decision_type=1 2 2 2 1 2 2 1 2 1 2 2
left_child=7 4 5 -4 6 -3 -2 8 10 -10 -1 -6
right_child=1 2 3 -5 11 -7 -8 -9 9 -11 -12 -13
leaf_value=0.059910823828730302 -0.010521279883070913 -0.033921539362080221 0.013804591303382772 -0.0031541688925948125 -0.030836443916719511 0.044223214047410642 0.069884320289392662 -0.052043883357987201 0.016093672464441107 -0.03357858990056023 -0.036057259506835915 -0.066361996548599367
leaf_weight=2.04303865879774 15.691918730735781 7.355642542243003 1174.2371958196163 852.44637084007263 27.405097022652626 106.67578861117363 9.3240251094102842 190.50352668017149 32.83271973580122 30.091807849705219 179.18170198053122 33.930506117641926
leaf_count=18 65 34 4959 3559 123 438 40 2336 276 273 1759 184
internal_value=-0.000728246 0.00686395 0.00840919 0.0066735 -0.0303155 0.0389314 0.0151563 -0.0388219 -0.0267062 -0.00781431 -0.0346525 -0.0441549
internal_weight=2661.72 2227.07 2140.71 2026.68 86.3515 114.031 25.0159 434.653 244.149 62.9245 181.225 61.3356
internal_count=14064 9402 8990 8518 412 472 105 4662 2326 549 1777 307
cat_boundaries=0 1 2 3 4
cat_threshold=48 8 32 1
is_linear=0
shrinkage=0.05


Tree=35
num_leaves=12
num_cat=3
split_feature=0 33 4 38 34 0 4 32 1 4 38
split_gain=283.892 45.3859 55.4536 71.1115 59.2394 20.6496 15.4714 15.3756 13.2401 22.4614 10.1632
threshold=0 37.750000000000007 -0.056952163117076689 6.8250000000000011 24.850000000000005 1 0.56369777965491019 28.713393000000003 2 0.91596454896554913 12.827976500000002
decision_type=1 2 2 2 2 1 2 2 1 2 2
left_child=5 2 4 -4 -2 6 7 -1 -3 -10 -8
right_child=1 8 3 -5 -6 -7 10 -9 9 -11 -12
leaf_value=-0.020246860128891681 0.017474618088920753 0.071254290527365302 0.027143406116274332 -0.0064905238425094908 -0.045090219717159756 -0.051662709392949452 -0.052223297951543596 0.059931613794057592 -0.013922516155723895 0.066491063397178182 0.010930995184525829
leaf_weight=169.55108077079058 904.70797471702099 31.087125971913338 184.7682740688324 1019.3194016814232 38.545525684952736 181.57121149450541 60.436436489224434 5.2475827112793914 17.461584642529488 15.735221296548842 6.7587456107139579
leaf_count=1502 3850 158 770 4261 157 2324 765 34 81 83 49
internal_value=-0.000206826 0.00702134 0.00580157 -0.00131113 0.0148729 -0.037166 -0.0245156 -0.0175126 0.0481291 0.0250231 -0.0458039
internal_weight=2635.19 2211.63 2147.34 1204.09 943.254 423.565 241.994 174.799 64.2839 33.1968 67.1952
internal_count=14034 9360 9038 5031 4007 4674 2350 1536 322 164 814
cat_boundaries=0 1 2 3
cat_threshold=48 32 1
is_linear=0
shrinkage=0.05


Tree=36
num_leaves=13
num_cat=4
split_feature=0 0 34 34 41 39 5 0 4 1 36 7
split_gain=270.73 43.1871 38.6935 57.5579 21.7596 23.2554 18.7736 18.064 13.6863 17.7511 13.6596 9.25725
threshold=0 1 25.950000000000003 24.550000000000004 94.90000000000002 19.250000000000004 0.5475998096715059 2 0.56369777965491019 3 89.500000000000014 30.522916500000004
decision_type=1 1 2 2 2 2 2 1 2 1 2 2
left_child=7 4 3 -3 6 -6 -2 8 9 -1 -4 -10
right_child=1 2 10 -5 5 -7 -8 -9 11 -11 -12 -13
leaf_value=-0.0029054845313712038 -0.016387636996619475 0.013499735100314695 0.014444083215422801 -0.011656271754762049 -0.019428737891266264 0.037247025170086788 0.0049681942847982696 -0.051331039247725585 -0.05350305269496497 -0.035150594088367897 0.069624097099876797 -2.8103767084618886e-05
leaf_weight=89.487843103706837 325.21447171270847 1332.6868154853582 17.058345705270767 273.3157704025507 26.408014714717865 53.21014279127121 149.77072016149759 175.29999037832022 53.950577832758427 80.946703545749187 35.670417547225952 9.492311939597128
leaf_count=760 1341 5637 90 1140 108 215 673 2342 714 763 177 90
internal_value=-0.000432984 0.00652363 0.0105531 0.009214 -0.00549884 0.0184408 -0.0096575 -0.0372383 -0.0248439 -0.0183358 0.0523738 -0.0456267
internal_weight=2622.51 2213.33 1658.73 1606 554.603 79.6182 474.985 409.177 233.877 170.435 52.7288 63.4429
internal_count=14050 9381 7044 6777 2337 323 2014 4669 2327 1523 267 804
cat_boundaries=0 1 2 3 4
cat_threshold=48 2 32 1
is_linear=0
shrinkage=0.05


Tree=37
num_leaves=13
num_cat=2
split_feature=0 34 34 34 26 44 4 0 5 39 4 15
split_gain=251.741 49.9778 72.7792 47.9543 44.5722 32.7219 21.6482 19.1001 13.2997 18.4584 10.799 0.473319
threshold=0 25.250000000000004 24.450000000000003 23.350000000000005 16.250000000000004 39.050000000000004 0.65233619298682533 1 -0.98521978256641018 20.850000000000005 -0.57078386445773377 30.750000000000004
decision_type=1 2 2 2 2 2 2 1 2 2 2 2
left_child=7 2 3 -2 -4 6 -3 8 9 -1 -10 -7
right_child=1 5 4 -5 -6 11 -8 -9 10 -11 -12 -13
leaf_value=-0.049504245207582454 -0.00049980420468954425 0.073290223220811843 -0.052477131473913669 0.016326861300255076 -0.0077063081440836819 0.06599052002821873 0.0066734751023177722 -0.05100885918493045 -0.012663222345911352 0.043372578864486505 -0.036931723051844417 0.035008755903224581
leaf_weight=7.1934644207358387 800.60081430524588 13.231441691517828 68.845874145627022 897.61067976057529 274.81706237792969 50.622362703084946 87.146846354007721 168.78089350834489 70.536626160144806 14.541787475347517 138.11961313337088 5.039300099015235
leaf_count=72 3399 54 285 3795 1135 253 389 2352 627 80 1553 22
internal_value=-0.000468214 0.0062154 0.00415102 0.00839851 -0.0168015 0.0334264 0.0160909 -0.0364377 -0.0239252 0.0118088 -0.0288272 0.063853
internal_weight=2597.09 2197.91 2041.87 1698.21 343.663 156.04 100.378 399.172 230.391 21.7353 208.656 55.6617
internal_count=14016 9332 8614 7194 1420 718 443 4684 2332 152 2180 275
cat_boundaries=0 1 2
cat_threshold=48 32
is_linear=0
shrinkage=0.05


Tree=38
num_leaves=13
num_cat=4
split_feature=0 0 34 1 39 4 32 0 4 21 38 9
split_gain=230.613 43.4716 65.2538 62.0561 34.0056 25.3878 21.3881 20.8549 15.3239 15.6538 10.3898 2.31185
threshold=0 1 20.250000000000004 2 20.650000000000002 0.49812943072827087 26.606547500000005 3 0.56369777965491019 23.050000000000004 12.827976500000002 19.200000000000003
decision_type=1 1 2 1 2 2 2 1 2 2 2 2
left_child=7 3 11 5 -4 -2 -5 8 9 -1 -10 -3
right_child=1 2 4 6 -6 -7 -8 -9 10 -11 -12 -13
leaf_value=-0.044986245281205484 0.046938811764513269 -0.01618794216779806 -0.0038693069706541364 0.02713731240575314 0.010648062858429274 0.01551924981070656 -0.0060187035072924305 -0.050685620018027226 -0.052240198893702329 -0.0076114196847354518 0.012190814632135704 -0.060290078345801003
leaf_weight=34.841280803084373 168.44077061116695 4.1474210917949668 811.17053213715553 61.682695746421814 800.63154271245003 105.83851404488087 216.13819740712643 162.79547357186675 53.985002987086773 131.06578950583935 6.679315321147441 41.395484209060669
leaf_count=353 735 20 3392 269 3413 446 914 2370 767 1166 50 213
internal_value=-0.000556129 0.00574636 0.0016507 0.0177687 0.00334405 0.0349151 0.00141363 -0.0354807 -0.0227148 -0.0156828 -0.0450635 -0.056708
internal_weight=2598.81 2209.45 1657.34 552.1 1611.8 274.279 277.821 389.367 226.571 165.907 60.6643 45.5429
internal_count=14108 9402 7038 2364 6805 1181 1183 4706 2336 1519 817 233
cat_boundaries=0 1 2 3 4
cat_threshold=48 8 1 32
is_linear=0
shrinkage=0.05


Tree=39
num_leaves=11
num_cat=0
split_feature=34 43 40 34 44 12 4 25 4 11
split_gain=37.6155 32.8258 35.2729 55.7566 38.0283 3.77589 1.7095 1.5448 0.503489 0.249891
threshold=20.250000000000004 56.500000000000007 94.90000000000002 23.450000000000003 48.050000000000004 51.500000000000007 -0.091260668982868137 6.4020835000000007 -0.42180583328916638 96.500000000000014
decision_type=2 2 2 2 2 2 2 2 2 2
left_child=5 2 4 -4 -2 6 -1 9 -9 -7
right_child=1 -3 3 -5 -6 7 -8 8 -10 -11
leaf_value=-0.009874731418643751 0.00033200823266710028 -0.072969435902267635 -0.040890328657063282 0.023038540998275858 -0.028324109702930728 -0.016949272693212128 -0.049261601786312836 0.0027659225158491218 -0.016357972501487929 -0.040600890413888729
leaf_weight=3.5949881151318541 2008.135943967849 14.058552142232655 37.463861063122749 305.00356428325176 121.85587739944458 3.7170337475836268 35.955798827111721 3.9229272156953838 17.15070017054677 9.0596322380006296
leaf_count=21 10942 78 203 1647 666 21 235 22 103 53
internal_value=-0.000418608 0.000629353 0.00107717 0.0159464 -0.00131992 -0.0354504 -0.0460133 -0.0221425 -0.012834 -0.0354498
internal_weight=2559.92 2486.52 2472.46 342.467 2129.99 73.4011 39.5508 33.8503 21.0736 12.7767
internal_count=13991 13536 13458 1850 11608 455 256 199 125 74
is_linear=0
shrinkage=0.05


Tree=40
num_leaves=13
num_cat=3
split_feature=0 0 34 40 38 4 5 0 4 33 33 39
split_gain=224.124 45.7722 37.3332 40.8545 19.9415 37.6769 27.7215 15.6411 12.8032 15.0743 9.33337 0.499318
threshold=0 1 26.050000000000004 63.650000000000013 11.772321500000002 0.93544191479114935 0.16587474750015926 2 0.56369777965491019 33.750000000000007 39.150000000000013 20.650000000000002
decision_type=1 1 2 2 2 2 2 1 2 2 2 2
left_child=7 4 3 -3 5 -2 -6 8 9 -1 -10 -4
right_child=1 2 11 -5 6 -7 -8 -9 10 -11 -12 -13
leaf_value=-0.023774132542836626 -0.0054656739770378958 0.002807575372623097 0.032035074538963468 0.019558319801269382 0.041899441619556402 -0.049971508417717227 -0.033285617758943155 -0.050276570466583084 -0.050436350764424209 0.020026817723070366 0.026666310906544206 0.065255263761316587
leaf_weight=142.37344876676798 447.267881937325 1053.9064411967993 4.3268423825502387 555.40560431778431 41.702216610312462 52.262416794896126 16.342236176133156 152.56687101349235 54.273599803447723 21.983022570610046 3.6199615299701682 28.210136771202087
leaf_count=1333 1899 4428 20 2421 173 220 68 2323 798 198 16 158
internal_value=-0.000704934 0.00543837 0.00963237 0.00859715 -0.00685879 -0.0102125 0.0205261 -0.0358628 -0.0240639 -0.01783 -0.0452444 0.0619245
internal_weight=2574.24 2199.42 1641.85 1609.31 557.575 499.53 58.0445 374.817 222.25 164.356 57.8936 32.537
internal_count=14055 9387 7027 6849 2360 2119 241 4668 2345 1531 814 178
cat_boundaries=0 1 2 3
cat_threshold=48 2 32
is_linear=0
shrinkage=0.05


Tree=41
num_leaves=13
num_cat=3
split_feature=0 34 7 34 40 0 4 1 33 40 4 25
split_gain=194.318 39.6645 34.6995 63.6815 31.1013 21.0661 13.004 16.1243 12.6846 6.15411 2.09787 0.799059
threshold=0 20.250000000000004 29.343750000000004 24.450000000000003 2.7500000000000004 1 0.51297097409535064 2 38.800000000000004 1.7500000000000002 -0.091260668982868137 6.4020835000000007
decision_type=1 2 2 2 2 1 2 1 2 2 2 2
left_child=5 9 3 -3 -4 6 7 -1 -8 10 -2 -11
right_child=1 2 4 -5 -6 -7 8 -9 -10 11 -12 -13
leaf_value=0.0007590696286164998 -0.023410889934892185 0.0082187001555959691 0.045789106553387034 -0.015516434934751631 0.0071509045904181324 -0.049981831256823567 -0.047907554155881923 -0.031294538301458542 0.036666114512981546 -0.02623110883096208 -0.054208239945855358 -0.0062308153769687572
leaf_weight=82.54997880756855 9.7108588814735395 1578.8029913976789 97.884826123714447 343.20442454516888 110.97322492301464 147.10823817923665 56.763071902096272 73.69250799715519 4.0844155251979819 7.0804325789213207 27.748437508940697 15.477789081633089
leaf_count=730 42 6693 478 1429 468 2336 849 738 18 33 150 77
internal_value=-0.00074707 0.00492664 0.00608465 0.00397456 0.0253912 -0.0340019 -0.0212851 -0.014462 -0.0417295 -0.0348061 -0.0470407 -0.0133554
internal_weight=2555.08 2190.88 2130.87 1922.01 208.858 364.198 217.09 156.242 60.8475 60.0175 37.4593 22.5582
internal_count=14041 9370 9068 8122 946 4671 2335 1468 867 302 192 110
cat_boundaries=0 1 2 3
cat_threshold=48 32 1
is_linear=0
shrinkage=0.05


Tree=42
num_leaves=13
num_cat=6
split_feature=0 0 1 34 40 44 32 0 1 43 1 40
split_gain=183.079 35.2867 58.0911 57.7543 48.6028 26.3202 22.2509 21.2364 15.6454 14.088 14.0757 9.27334
threshold=0 1 2 20.950000000000003 0.35000000000000003 48.050000000000004 26.563393000000001 3 4 22.850000000000005 5 1.0000000180025095e-35
decision_type=1 1 1 2 2 2 2 1 1 2 1 2
left_child=7 2 5 8 -5 -2 -4 9 -3 11 -11 -1
right_child=1 3 6 4 -6 -7 -8 -9 -10 10 -12 -13
leaf_value=0.026274888774626127 0.036608502794449042 -0.015144037933583328 0.02695294233554903 0.042045045716570514 0.0014188407752050811 -0.026120507234190994 -0.0076896290674985006 -0.049695581497728847 -0.054386303115931435 0.021337859013251571 -0.027232644428657755 -0.032026722365022756
leaf_weight=6.422927036881446 250.01040083169937 51.438630364835262 57.990780889987946 76.507328495383263 1469.2839997708797 17.222704872488976 215.34313535690308 142.16938480734825 51.323556296527386 31.940703302621841 26.261552467942238 149.70882291346788
leaf_count=79 1094 256 256 316 6212 74 915 2357 253 284 276 1711
internal_value=-0.000761184 0.00470183 0.0156636 0.00102743 0.00345547 0.0324834 -0.000268371 -0.0334229 -0.0350785 -0.0207301 -0.000667544 -0.0294764
internal_weight=2545.62 2189.12 540.567 1648.55 1545.79 267.233 273.334 356.503 102.762 214.334 58.2023 156.132
internal_count=14083 9376 2339 7037 6528 1168 1171 4707 509 2350 560 1790
cat_boundaries=0 1 2 3 4 5 6
cat_threshold=48 8 1 32 1 1
is_linear=0
shrinkage=0.05


Tree=43
num_leaves=13
num_cat=3
split_feature=0 34 34 5 26 44 1 0 4 32 38 15
split_gain=175.266 38.7702 55.9962 42.8987 42.1212 30.4557 29.529 21.1118 14.5016 15.401 9.5408 0.303461
threshold=0 25.250000000000004 24.450000000000003 -0.71502926860092908 16.250000000000004 39.050000000000004 1 2 0.56369777965491019 28.981547500000005 12.416964000000002 30.750000000000004
decision_type=1 2 2 2 2 2 1 1 2 2 2 2
left_child=7 2 3 -2 -4 6 -3 8 9 -1 -10 -7
right_child=1 5 4 -5 -6 11 -8 -9 10 -11 -12 -13
leaf_value=-0.015691023795211936 0.022473424105912992 0.039996723236139564 -0.050749294442471088 0.0027876477071642051 -0.0065739242560026584 0.061313517879208607 -0.013297732082832742 -0.049391599990525573 -0.05228167600837566 0.086692157398237338 0.0082668230266829418 0.033163587972702496
leaf_weight=153.61396068334579 348.37072722613811 49.805980294942856 66.585691332817078 1333.1111396551132 269.70123626291752 48.189102031290531 52.454054102301598 136.19912916794419 44.607520893216133 2.7801662534475318 7.2957984507083884 4.9665528982877722
leaf_count=1496 1503 228 279 5692 1117 255 232 2354 740 18 69 22
internal_value=-0.00031303 0.00498867 0.00315098 0.0068771 -0.0154453 0.0289938 0.0127954 -0.0328684 -0.0201288 -0.0133318 -0.0437753 0.0593443
internal_weight=2517.68 2173.18 2017.77 1681.48 336.287 155.416 102.26 344.497 208.297 156.394 51.9033 53.1557
internal_count=14005 9328 8591 7195 1396 737 460 4677 2323 1514 809 277
cat_boundaries=0 1 2 3
cat_threshold=48 1 32
is_linear=0
shrinkage=0.05


Tree=44
num_leaves=13
num_cat=3
split_feature=0 6 5 5 39 19 38 0 2 4 1 5
split_gain=165.696 40.2264 46.9156 41.8922 35.204 34.0673 33.3964 20.2688 16.5579 15.8126 28.2442 13.7078
threshold=0 2.5000000000000004 -0.83375966452616657 -0.97111920233974802 17.250000000000004 28.971527500000004 11.149702000000001 1 6.5000000000000009 -0.98523971305672664 2 -0.98212955754013376
decision_type=1 2 2 2 2 2 2 1 2 2 1 2
left_child=7 2 8 4 -3 -5 -4 9 -2 10 -1 -11
right_child=1 3 6 5 -6 -7 -8 -9 -10 11 -12 -13
leaf_value=0.09359255103113498 -0.072424038221741344 -0.03010266066307107 -0.01017384552641052 0.0033678559491682244 0.041944583019849033 0.026750433354708499 0.02154394804763754 -0.049021926398736176 -0.014468330996078539 0.012899059686790627 -0.047956690977526521 -0.028931647373344874
leaf_weight=6.9251831993460637 33.495856314897537 18.599626481533051 328.68076577037573 1351.4864226430655 137.25636754930019 175.13609556853771 109.91997652500868 128.53373009711504 20.107379525899887 21.444556765258312 5.5022307708859444 176.25664888322353
leaf_count=54 143 78 1397 5762 612 790 483 2321 85 157 53 2111
internal_value=-0.000215363 0.00489898 -0.00764022 0.00859874 0.0332095 0.00606609 -0.00219396 -0.0321714 -0.0513471 -0.0199382 0.0320175 -0.0243522
internal_weight=2513.34 2174.68 492.204 1682.48 155.856 1526.62 438.601 338.662 53.6032 210.129 12.4274 197.701
internal_count=14046 9350 2108 7242 690 6552 1880 4696 228 2375 107 2268
cat_boundaries=0 1 2 3
cat_threshold=48 32 1
is_linear=0
shrinkage=0.05


Tree=45
num_leaves=13
num_cat=3
split_feature=0 39 40 33 40 38 4 0 43 43 40 1
split_gain=156.271 32.6079 77.6464 47.4363 44.7619 49.3442 21.4146 18.4524 12.6729 11.0787 7.01979 2.06063
threshold=0 20.650000000000002 66.050000000000011 37.750000000000007 130.55000000000004 6.8250000000000011 0.37446826358596375 1 22.850000000000005 35.100000000000001 0.15000000000000005 2
decision_type=1 2 2 2 2 2 2 1 2 2 2 1
left_child=7 4 3 -3 5 -2 -4 8 10 -10 -1 -6
right_child=1 2 6 -5 11 -7 -8 -9 9 -11 -12 -13
leaf_value=0.013847449035190027 0.012664859583595464 -0.0023087459172004845 0.034731222381061209 0.052036636287079746 -0.047170703339760839 -0.0089710598402656088 -0.00036394445017386509 -0.048753511845509884 0.0089662483175828398 -0.049427053046259099 -0.031520719665002979 -0.086831706989034932
leaf_weight=8.5382651165127736 441.90894478559494 663.58202750980854 301.65784408152103 41.736118957400322 11.668301686644554 649.67188010364771 50.731937646865845 124.57934035733342 47.296623457223177 8.7654305100440961 138.23612536862493 11.202837184071541
leaf_count=115 1887 2802 1343 249 50 2764 208 2350 447 114 1675 48
internal_value=-0.000647454 0.00425866 0.0105623 0.000976179 -0.0016899 -0.000208531 0.029692 -0.0322572 -0.0201387 -0.000869876 -0.0288057 -0.0694213
internal_weight=2499.58 2172.16 1057.71 705.318 1114.45 1091.58 352.39 327.416 202.836 56.0621 146.774 22.8711
internal_count=14052 9351 4602 3051 4749 4651 1551 4701 2351 561 1790 98
cat_boundaries=0 1 2 3
cat_threshold=48 32 1
is_linear=0
shrinkage=0.05


Tree=46
num_leaves=13
num_cat=4
split_feature=0 0 33 44 40 32 5 0 4 1 5 5
split_gain=147.823 32.7745 33.683 60.1325 26.8216 24.1148 26.5749 20.6754 13.6061 22.1075 10.3377 2.23331
threshold=0 1 36.850000000000001 48.800000000000004 3.0500000000000003 26.028571500000002 0.59003219687534991 2 -0.98523971305672664 3 -0.98212955754013376 0.75438814418115718
decision_type=1 1 2 2 2 2 2 1 2 1 2 2
left_child=7 5 3 -3 -4 11 -7 8 9 -1 -10 -2
right_child=1 2 4 -5 -6 6 -8 -9 10 -11 -12 -13
leaf_value=0.077636830839834761 -0.018263253955179359 0.0084492922443376063 0.058616943703604922 -0.043467583354736335 0.0050911934069184442 -0.0099060740073883338 0.016510106787125858 -0.048490176456859171 0.0094434757688392993 -0.047103838716642692 -0.027247279271281562 -0.064010281311311493
leaf_weight=7.7993324249982816 4.288449294865134 1476.9899895638227 56.655605353415012 56.978165000677109 39.743368804454803 404.27960279583931 123.47461377084255 120.50995675846934 21.200162298977375 5.094457671046257 165.65951915457845 17.534288927912712
leaf_count=57 22 6342 320 234 176 1678 539 2374 159 51 2075 100
internal_value=-6.54813e-09 0.00470675 0.00825825 0.00649381 0.0368282 -0.00578442 -0.00370615 -0.03113 -0.0186725 0.0285077 -0.0230564 -0.0562145
internal_weight=2500.21 2179.94 1630.37 1533.97 96.399 549.577 527.754 320.263 199.753 12.8938 186.86 21.8227
internal_count=14127 9411 7072 6576 496 2339 2217 4716 2342 108 2234 122
cat_boundaries=0 1 2 3 4
cat_threshold=48 2 32 1
is_linear=0
shrinkage=0.05


Tree=47
num_leaves=15
num_cat=1
split_feature=6 5 5 39 6 39 34 38 34 4 21 26 37 1
split_gain=33.4536 41.5249 37.7897 43.1869 31.2682 36.9075 24.2732 23.7463 51.6748 17.8694 14.2149 12.7906 8.94722 2.22784
threshold=2.5000000000000004 -0.83375966452616657 -0.97111920233974802 17.250000000000004 27.000000000000004 19.050000000000004 25.150000000000002 11.149702000000001 23.150000000000002 0.93845596220871974 23.950000000000003 16.450000000000003 54.500000000000007 0
decision_type=2 2 2 2 2 2 2 2 2 2 2 2 2 1
left_child=1 10 3 13 6 -6 -4 9 -9 -3 -1 -5 -12 -2
right_child=2 7 4 11 5 -7 -8 8 -10 -11 12 -13 -14 -15
leaf_value=-0.0010406237095164288 -0.020686482791033883 -0.0070830247846093448 0.0012869455059960858 -0.0030181789116967201 -0.033743613783428175 0.001859162437254118 0.02292464758847361 -0.053028582238520729 0.028246530866786759 -0.034423259370469 -0.0031323222045534305 0.038447474515568375 -0.068684409577089323 -0.054529892895769573
leaf_weight=12.305046927183865 11.196095392107964 299.56393948569894 1295.2292859591544 21.215365219861269 133.40057700499892 158.58521913737059 143.04320967942476 23.272898301482201 100.30069561675191 73.926791794598103 5.9996532872319213 142.09053182601929 43.869383312761784 11.454241897910833
leaf_count=67 60 1711 7290 118 740 904 869 128 603 413 32 801 243 63
internal_value=-0.000410523 -0.0111586 0.00273044 0.0240858 0.000422727 -0.0144665 0.00345335 -0.00629214 0.012637 -0.0125721 -0.0493493 0.033075 -0.0610146 -0.0393831
internal_weight=2475.45 559.238 1916.21 185.956 1730.26 291.986 1438.27 497.064 123.574 373.491 62.1741 163.306 49.869 22.6503
internal_count=14042 3197 10845 1042 9803 1644 8159 2855 731 2124 342 919 275 123
cat_boundaries=0 1
cat_threshold=1
is_linear=0
shrinkage=0.05


Tree=48
num_leaves=12
num_cat=5
split_feature=0 0 34 1 5 0 34 0 34 40 38
split_gain=133.774 31.9237 31.502 30.5449 43.256 25.4301 25.3216 21.0358 12.4105 26.7115 4.39594
threshold=0 1 20.350000000000005 2 0.9863035000474919 3 25.150000000000002 4 21.700000000000006 1.0000000180025095e-35 6.5285715000000009
decision_type=1 1 2 1 2 1 2 1 2 2 2
left_child=7 3 10 5 -5 -2 -4 8 -1 -10 -3
right_child=1 2 6 4 -6 -7 -8 -9 9 -11 -12
leaf_value=-0.052452774038758837 0.029546106958300306 -0.013761079892595483 -0.0027010237324762323 0.0050734462021903145 -0.062498142108097759 0.0069565714984958314 0.024585157632791246 -0.04816737618694647 0.1178410160144599 -0.01686664765082347 -0.057616491927802153
leaf_weight=23.239100508391857 263.52804726362228 8.1609373986721021 964.10775457322598 518.06922201067209 23.817431107163429 269.15706931054592 92.239105887711048 114.61978510394692 2.7713780105113974 171.96012204512954 26.622555404901505
leaf_count=311 1173 39 4060 2245 100 1169 422 2355 29 2013 164
internal_value=-0.00027608 0.00418548 -0.00184376 0.0102643 0.00199384 0.0188504 -0.000297424 -0.0302698 -0.0179176 -0.0140717 -0.0479992
internal_weight=2478.29 2165.7 1091.13 1074.57 541.887 532.685 1056.35 312.59 197.971 174.732 34.7835
internal_count=14080 9372 4685 4687 2345 2342 4482 4708 2353 2042 203
cat_boundaries=0 1 2 3 4 5
cat_threshold=48 9 1 8 32
is_linear=0
shrinkage=0.05


Tree=49
num_leaves=13
num_cat=2
split_feature=0 4 34 37 39 4 38 0 4 34 7 21
split_gain=124.835 36.0355 63.1368 57.3654 68.9329 43.5548 36.2274 21.0059 13.0445 14.025 10.1882 9.04845
threshold=0 -0.34235669412071196 25.150000000000002 57.500000000000007 19.450000000000003 0.61237135649459018 6.4553575000000007 1 0.51297097409535064 21.700000000000006 30.522916500000004 21.250000000000004
decision_type=1 2 2 2 2 2 2 1 2 2 2 2
left_child=7 3 6 11 -5 -4 -3 8 9 -1 -10 -2
right_child=1 2 5 4 -6 -7 -8 -9 10 -11 -12 -13
leaf_value=-0.051768115626711388 -0.0042918734712574843 0.019846372986080604 0.075751599385687027 -0.01155723371273272 0.021993888090135819 0.014473102998443019 -0.0073850966137249787 -0.047885011915152001 -0.0496940751048153 -0.0042696003881734345 0.010873200636073246 0.047857844379527475
leaf_weight=16.802427060902119 8.7973695471882802 136.09004881978035 36.412316113710403 279.25419494509697 336.59928447008133 132.1529815196991 1120.6903398036957 110.22361289337277 41.57953168451786 124.27544181793928 7.9135767482221118 113.91329626739025
leaf_count=212 40 595 161 1197 1486 656 4763 2363 761 1251 87 490
internal_value=-0.000177864 0.00406534 -0.000562186 0.0130396 0.00678631 0.0280787 -0.00442291 -0.0297641 -0.0172421 -0.0102512 -0.0399863 0.0441147
internal_weight=2464.7 2163.91 1425.35 738.564 615.853 168.565 1256.78 300.795 190.571 141.078 49.4931 122.711
internal_count=14062 9388 6175 3213 2683 817 5358 4674 2311 1463 848 530
cat_boundaries=0 1 2
cat_threshold=48 32
is_linear=0
shrinkage=0.05


Tree=50
num_leaves=12
num_cat=3
split_feature=0 0 7 34 25 37 33 22 0 34 40
split_gain=116.025 33.1794 37.7187 55.6117 23.7513 19.1253 33.388 33.1674 18.9294 10.9622 18.4319
threshold=0 1 29.325000000000006 24.550000000000004 11.022917000000001 32.500000000000007 37.750000000000007 62.305555500000004 2 21.700000000000006 0.15000000000000005
decision_type=1 1 2 2 2 2 2 2 1 2 2
left_child=8 5 3 -3 -4 6 -2 -7 9 -1 -11
right_child=1 2 4 -5 -6 7 -8 -9 -10 10 -12
leaf_value=-0.051777975398950106 -0.04009559667175442 0.0086423094528771897 0.012642634100960452 -0.018954761715658183 0.052459646421441575 0.081281909262211086 0.063902268485353908 -0.0054025192931651039 -0.047517247619769352 0.084040088324055379 -0.01676365126160145
leaf_weight=21.065527331084013 73.20099899917841 1242.4843109846115 83.761317975819111 212.99767597019672 68.026639044284821 10.308073118329046 7.7127491086721411 458.36936621367931 104.1134193316102 3.6823264360427848 165.43134286254644
leaf_count=308 344 5392 364 890 381 44 37 1925 2332 42 1995
internal_value=-0.000655274 0.00341444 0.00703407 0.00459347 0.0307139 -0.00710139 -0.0295234 -0.00332699 -0.029509 -0.0175913 -0.0140876
internal_weight=2451.15 2156.86 1607.27 1455.48 151.788 549.591 80.9137 468.677 294.293 190.179 169.114
internal_count=14054 9377 7027 6282 745 2350 381 1969 4677 2345 2037
cat_boundaries=0 1 2 3
cat_threshold=48 2 32
is_linear=0
shrinkage=0.05


Tree=51
num_leaves=9
num_cat=2
split_feature=0 0 44 4 43 43 40 4
split_gain=102.416 45.9105 29.7215 28.4724 22.9562 23.8822 18.7105 0.0446311
threshold=0 1 52.750000000000007 -0.10837695015263894 23.100000000000005 36.70000000000001 0.15000000000000005 -0.95244167294248061
decision_type=1 1 2 2 2 2 2 2
left_child=-1 2 3 -2 6 -6 -3 -4
right_child=1 4 7 -5 5 -7 -8 -9
leaf_value=-0.047180072847995989 0.016009712515314026 0.025325085719978453 -0.032020590038493384 0.0023092412151227899 0.013747280495751045 -0.039810818410871807 -0.015455076320297301 -0.053790453680899242
leaf_weight=99.177328065037727 626.9893434047699 28.833060707896948 6.3735121041536358 958.34311464428902 162.97960674390197 22.862770196050406 525.4957985766232 15.896987944841383
leaf_count=2321 2812 217 26 4139 960 151 3381 66
internal_value=-6.17342e-05 0.00213969 0.00687277 0.00773437 -0.00809034 0.00698063 -0.0132921 -0.049204
internal_weight=2446.95 2347.77 1607.6 1585.33 740.171 185.842 554.329 22.2705
internal_count=14073 11752 7043 6951 4709 1111 3598 92
cat_boundaries=0 1 2
cat_threshold=16 13
is_linear=0
shrinkage=0.05


Tree=52
num_leaves=13
num_cat=2
split_feature=0 4 34 8 4 5 5 0 5 9 4 34
split_gain=116.095 28.9422 34.3296 33.8733 79.3447 48.7272 22.9499 14.9151 13.524 10.2111 12.3896 2.10894
threshold=0 -0.95754239937548935 23.750000000000004 33.150000000000013 0.37446826358596375 -0.76696334127844745 -0.056951011027366542 1 -0.074115882986646578 23.350000000000005 0.534952257794027 23.150000000000002
decision_type=1 2 2 2 2 2 2 1 2 2 2 2
left_child=7 2 8 4 -3 -5 -4 9 -2 11 -11 -1
right_child=1 3 6 5 -6 -7 -8 -9 -10 10 -12 -13
leaf_value=-0.047899277726215612 0.0126669129614892 0.0047643764715939929 0.024288785583709647 0.059744436448206456 -0.022876029001933685 0.0075120565401819595 -0.030144553562810223 -0.04698064200669206 0.056671248960987013 -0.0058479195597606094 -0.037957632067754828 0.0088727789098662392
leaf_weight=30.383406925946478 24.805505841970444 984.89933674037457 40.717595100402832 47.334280669689178 351.47438854724169 593.3375229537487 35.138802215456963 96.961686503142118 64.094044461846352 115.74522257968783 39.806753449141979 1.4237686470150936
leaf_count=436 110 4336 179 204 1481 2592 156 2365 289 1180 715 18
internal_value=-0.000354078 0.00368176 0.0237682 0.00201531 -0.00251689 0.0114582 -0.000990397 -0.029749 0.0446703 -0.0187205 -0.014255 -0.045165
internal_weight=2426.12 2141.8 164.756 1977.05 1336.37 640.672 75.8564 284.321 88.8996 187.359 155.552 31.8072
internal_count=14061 9347 734 8613 5817 2796 335 4714 399 2349 1895 454
cat_boundaries=0 1 2
cat_threshold=48 32
is_linear=0
shrinkage=0.05


Tree=53
num_leaves=9
num_cat=2
split_feature=0 0 38 34 4 38 39 8
split_gain=92.7476 38.0259 30.1827 28.358 19.6432 40.2209 26.4919 0.348548
threshold=0 1 14.349107500000001 26.050000000000004 0.84313847884979054 12.416964000000002 21.100000000000005 31.350000000000005
decision_type=1 1 2 2 2 2 2 2
left_child=-1 2 3 -2 6 -6 -3 -4
right_child=1 4 7 -5 5 -7 -8 -9
leaf_value=-0.046654346866246324 0.005822668317187669 -0.01268954187365799 -0.041346398850455643 0.05578189089292232 -0.036695689678018797 0.038385269864602722 0.0088185120837341573 -0.072303740318694701
leaf_weight=92.567659951746464 1555.494834266603 349.36172315850854 7.9129952937364569 27.951137319207191 113.2433762922883 20.293582938611507 241.19447525963187 8.0607758313417417
leaf_count=2362 6783 2228 33 180 819 124 1493 33
internal_value=-0.000356894 0.00170024 0.00599487 0.0067392 -0.00773373 -0.0250851 -0.00390518 -0.0603076
internal_weight=2416.08 2323.51 1599.42 1583.45 724.093 133.537 590.556 15.9738
internal_count=14055 11693 7029 6963 4664 943 3721 66
cat_boundaries=0 1 2
cat_threshold=16 13
is_linear=0
shrinkage=0.05


end of trees

feature_importances:
age_group=123
day_of_year_sin=81
temperature_min_7d=81
temperature_max_7d=44
day_of_year_cos=43
wind_speed_max_7d=35
wind_gust_max_7d=34
gender=33
precipitation_sum_7d=28
wind_speed_mean_7d=24
temperature_mean_7d=16
rain_max_daily_7d=11
humidity_min_7d=10
month=9
humidity_max_7d=9
weather_code_current=7
humidity_min_current=6
wind_speed_max_3d=6
temperature_mean_current=5
temperature_mean_3d=5
humidity_min_3d=5
temperature_min_3d=4
temperature_max_current=3
temperature_min_current=3
precipitation_sum_current=3
temperature_max_3d=3
humidity_max_3d=3
wind_speed_mean_3d=3
rain_sum_7d=3
humidity_mean_7d=2
rain_days_7d=2
season=1
humidity_max_current=1
humidity_mean_3d=1
wind_gust_max_3d=1

parameters:
[boosting: gbdt]
[objective: binary]
[metric: binary_logloss]
[tree_learner: serial]
[device_type: cpu]
[data_sample_strategy: bagging]
[data: ]
[valid: ]
[num_iterations: 54]
[learning_rate: 0.05]
[num_leaves: 15]
[num_threads: 8]
[seed: 42]
[deterministic: 0]
[force_col_wise: 0]
[force_row_wise: 0]
[histogram_pool_size: -1]
[max_depth: 4]
[min_data_in_leaf: 20]
[min_sum_hessian_in_leaf: 0.001]
[bagging_fraction: 0.9]
[pos_bagging_fraction: 1]
[neg_bagging_fraction: 1]
[bagging_freq: 1]
[bagging_seed: 400]
[bagging_by_query: 0]
[feature_fraction: 0.9]
[feature_fraction_bynode: 1]
[feature_fraction_seed: 30056]
[extra_trees: 0]
[extra_seed: 12879]
[early_stopping_round: 0]
[early_stopping_min_delta: 0]
[first_metric_only: 0]
[max_delta_step: 0]
[lambda_l1: 0]
[lambda_l2: 1]
[linear_lambda: 0]
[min_gain_to_split: 0]
[drop_rate: 0.1]
[max_drop: 50]
[skip_drop: 0.5]
[xgboost_dart_mode: 0]
[uniform_drop: 0]
[drop_seed: 17869]
[top_rate: 0.2]
[other_rate: 0.1]
[min_data_per_group: 100]
[max_cat_threshold: 32]
[cat_l2: 10]
[cat_smooth: 10]
[max_cat_to_onehot: 4]
[top_k: 20]
[monotone_constraints: ]
[monotone_constraints_method: basic]
[monotone_penalty: 0]
[feature_contri: ]
[forcedsplits_filename: ]
[refit_decay_rate: 0.9]
[cegb_tradeoff: 1]
[cegb_penalty_split: 0]
[cegb_penalty_feature_lazy: ]
[cegb_penalty_feature_coupled: ]
[path_smooth: 0]
[interaction_constraints: ]
[verbosity: -1]
[saved_feature_importance_type: 0]
[use_quantized_grad: 0]
[num_grad_quant_bins: 4]
[quant_train_renew_leaf: 0]
[stochastic_rounding: 1]
[linear_tree: 0]
[max_bin: 255]
[max_bin_by_feature: ]
[min_data_in_bin: 3]
[bin_construct_sample_cnt: 200000]
[data_random_seed: 175]
[is_enable_sparse: 1]
[enable_bundle: 1]
[use_missing: 1]
[zero_as_missing: 0]
[feature_pre_filter: 1]
[pre_partition: 0]
[two_round: 0]
[header: 0]
[label_column: ]
[weight_column: ]
[group_column: ]
[ignore_column: ]
[categorical_feature: 0,1,3]
[forcedbins_filename: ]
[precise_float_parser: 0]
[parser_config_file: ]
[objective_seed: 16083]
[num_class: 1]
[is_unbalance: 0]
[scale_pos_weight: 1]
[sigmoid: 1]
[boost_from_average: 1]
[reg_sqrt: 0]
[alpha: 0.9]
[fair_c: 1]
[poisson_max_delta_step: 0.7]
[tweedie_variance_power: 1.5]
[lambdarank_truncation_level: 30]
[lambdarank_norm: 1]
[label_gain: ]
[lambdarank_position_bias_regularization: 0]
[eval_at: ]
[multi_error_top_k: 1]
[auc_mu_weights: ]
[num_machines: 1]
[local_listen_port: 12400]
[time_out: 120]
[machine_list_filename: ]
[machines: ]
[gpu_platform_id: -1]
[gpu_device_id: -1]
[gpu_device_id_list: ]
[gpu_use_dp: 0]
[num_gpu: 1]

end of parameters

pandas_categorical:[]
