tree
version=v4
num_class=1
num_tree_per_iteration=1
label_index=0
max_feature_idx=44
objective=binary sigmoid:1
feature_names=age_group gender month season day_of_year_sin day_of_year_cos weather_code_current temperature_mean_current temperature_max_current temperature_min_current humidity_mean_current humidity_max_current humidity_min_current wind_speed_mean_current wind_speed_max_current precipitation_sum_current rain_sum_current wind_gust_max_current rain_day_current temperature_mean_3d temperature_max_3d temperature_min_3d humidity_mean_3d humidity_max_3d humidity_min_3d wind_speed_mean_3d wind_speed_max_3d precipitation_sum_3d rain_sum_3d rain_days_3d rain_max_daily_3d wind_gust_max_3d temperature_mean_7d temperature_max_7d temperature_min_7d humidity_mean_7d humidity_max_7d humidity_min_7d wind_speed_mean_7d wind_speed_max_7d precipitation_sum_7d rain_sum_7d rain_days_7d rain_max_daily_7d wind_gust_max_7d
feature_infos=-1:0:1:2:3:4:5 -1:0:1 [1:12] -1:1:0 [-0.99999942202469239:0.99998555065071859] [-0.99997919295908244:0.9999907524084426] [0:61] [23.658332999999999:32.533332999999999] [25.899999999999999:39.200000000000003] [17.899999999999999:29.300000000000001] [48.958333000000003:91.625] [63:100] [23:86] [2.8541669999999999:19.695833] [6.4000000000000004:30.100000000000001] [0:63.100000000000001] [0:63.100000000000001] [14:56.899999999999999] [0:1] [23.766667000000002:32.427778000000004] [27.699999999999999:39.200000000000003] [17.899999999999999:28.100000000000001] [52.569443999999997:90.694444000000004] [73:100] [23:79] [4.125:17.329167000000002] [9.6999999999999993:30.100000000000001] [0:93.900000000000006] [0:93.900000000000006] [0:3] [0:63.100000000000001] [17.300000000000001:56.899999999999999] [24.365476000000001:32.235118999999997] [28.699999999999999:39.200000000000003] [17.899999999999999:27.5] [55.767856999999999:89.523809999999997] [77:100] [23:72] [4.5327380000000002:15.469643] [11.6:30.100000000000001] [0:163.90000000000001] [0:163.90000000000001] [0:7] [0:63.100000000000001] [23:56.899999999999999]
tree_sizes=1067 1092 797 798 802 802 1113 1080 803 799 804 806 804 1090 806 994 806 791 986 1097 697 701 801 807 893 1118 699 1087 988 995 887 806 889 808 998 1110 1112 910 1635 1103 1125 1121 806 871 1084 1721 809 1122 1121

Tree=0
num_leaves=9
num_cat=2
split_feature=0 5 5 32 5 34 33 1
split_gain=134.567 95.31 199.858 130.531 45.6445 34 38.7275 26.0454
threshold=0 0.48877522411129343 0.16587474750015926 26.500893000000001 -0.17646730165275518 23.750000000000004 30.750000000000004 1
decision_type=1 2 2 2 2 2 2 1
left_child=-1 2 4 -4 -2 6 -3 -7
right_child=1 5 3 -5 -6 7 -8 -9
leaf_value=-3.9611389173257381 -3.8757939940513197 -3.7969933641156199 -3.9409215199389509 -3.6481952298491165 -3.9593425923476238 -3.9473460776395375 -3.9628216917350816 -3.7111980736875068
leaf_weight=88.973068799823523 83.667247474193573 2.8348792642354956 4.8461111746728447 14.385096807032822 19.384444698691368 1.6281401179730883 50.165870223194361 1.7430676557123661
leaf_count=4645 4368 148 253 751 1012 85 2619 91
internal_value=-3.91407 -3.88945 -3.86332 -3.71956 -3.89178 -3.94146 -3.95192 -3.80638
internal_weight=267.628 178.655 122.283 19.2312 103.052 56.372 53.0007 3.37121
internal_count=13972 9327 6384 1004 5380 2943 2767 176
cat_boundaries=0 1 2
cat_threshold=48 1
is_linear=0
shrinkage=1


Tree=1
num_leaves=9
num_cat=2
split_feature=0 5 5 1 19 34 33 44
split_gain=115.107 81.6293 152.466 120.4 35.4834 28.1139 24.5802 19.5437
threshold=0 0.48877522411129343 0.21652257995689159 1 26.659027500000004 23.750000000000004 30.750000000000004 40.850000000000009
decision_type=1 2 2 1 2 2 2 2
left_child=-1 2 4 -4 -2 6 -3 -7
right_child=1 5 3 -5 -6 7 -8 -9
leaf_value=-0.04512097286375661 -0.038817791487146008 0.079487624305902033 0.28362988365177416 0.037315647048961939 0.034081358486155143 0.16963357972571752 -0.04782195225308062 -0.031423255316156841
leaf_weight=85.117855940014124 19.589686000719666 3.2196147367358199 9.9037128388881683 9.7426530029624701 89.478554414585233 1.9496242832392445 47.249805552884936 1.5960290543735027
leaf_count=4642 1012 150 428 421 4522 93 2581 76
internal_value=-0.000417599 0.021807 0.044543 0.169206 0.0207543 -0.0282325 -0.0383139 0.0921275
internal_weight=267.848 182.73 128.715 19.6464 109.068 54.0151 50.4694 3.54565
internal_count=13925 9283 6383 849 5534 2900 2731 169
cat_boundaries=0 1 2
cat_threshold=48 1
is_linear=0
shrinkage=0.05


Tree=2
num_leaves=6
num_cat=1
split_feature=0 2 32 5 32
split_gain=106.615 70.4186 50.712 66.479 28.8665
threshold=0 2.5000000000000004 26.623214000000004 0.14888728888808322 25.797023500000005
decision_type=1 2 2 2 2
left_child=-1 -2 4 -4 -3
right_child=1 2 3 -5 -6
leaf_value=-0.0449092313286144 -0.049239580367237294 0.094074401769266291 0.026323024602475827 0.10864531292866426 -0.037864990808422504
leaf_weight=82.322077687829733 29.294052483513951 3.829014027491211 93.354415580630302 32.76567480713129 29.493067814037204
leaf_count=4689 1656 183 4614 1391 1538
internal_value=-0.000848518 0.019827 0.0339801 0.0483966 -0.0204047
internal_weight=271.058 188.736 159.442 126.12 33.3221
internal_count=14071 9382 7726 6005 1721
cat_boundaries=0 1
cat_threshold=48
is_linear=0
shrinkage=0.05


Tree=3
num_leaves=6
num_cat=1
split_feature=0 2 32 41 32
split_gain=104.474 67.2505 43.8418 41.0789 34.7088
threshold=0 2.5000000000000004 26.500893000000001 0.15000000000000005 25.475297500000003
decision_type=1 2 2 2 2
left_child=-1 -2 4 -4 -3
right_child=1 2 3 -5 -6
leaf_value=-0.044615160829600042 -0.049126029731107461 0.14572510523127649 0.22018799512478349 0.040342942530115902 -0.0398330234665486
leaf_weight=78.460710601881146 28.08269670419395 1.7978053670376564 2.3160411939024916 135.04847533628345 26.011907963082194
leaf_count=4667 1666 71 72 6198 1406
internal_value=0.000478412 0.0201794 0.0334016 0.0449447 -0.0231955
internal_weight=271.718 193.257 165.174 137.365 27.8097
internal_count=14080 9413 7747 6270 1477
cat_boundaries=0 1
cat_threshold=48
is_linear=0
shrinkage=0.05


Tree=4
num_leaves=6
num_cat=1
split_feature=0 2 38 4 36
split_gain=90.966 58.1089 36.6296 72.4124 52.0357
threshold=0 2.5000000000000004 5.9392855000000013 -0.78326540922535159 97.500000000000014
decision_type=1 2 2 2 2
left_child=-1 -2 3 -3 -4
right_child=1 2 4 -5 -6
leaf_value=-0.044337975144338106 -0.049029791105431035 0.20102993455317719 0.057104621594318276 -0.022658574889820544 -0.0017820924968040262
leaf_weight=75.100931853055954 27.183714309707284 7.3215621318668127 60.789100153371692 6.0760660991072637 95.346483394503593
leaf_count=4664 1691 276 2509 299 4627
internal_value=-0.00120992 0.0167894 0.0285533 0.105055 0.0213621
internal_weight=271.818 196.717 169.533 13.3976 156.136
internal_count=14066 9402 7711 575 7136
cat_boundaries=0 1
cat_threshold=48
is_linear=0
shrinkage=0.05


Tree=5
num_leaves=6
num_cat=1
split_feature=0 2 32 4 32
split_gain=83.6247 51.5232 35.9939 49.1821 25.9673
threshold=0 2.5000000000000004 26.623214000000004 -0.84315017450793706 25.797023500000005
decision_type=1 2 2 2 2
left_child=-1 -2 4 -4 -3
right_child=1 2 3 -5 -6
leaf_value=-0.044044588933339845 -0.048887200516966642 0.082139297889276569 0.11912303244753659 0.025947465133598659 -0.038977008209910874
leaf_weight=71.760862201452255 25.645393442362547 4.2556410990655413 15.126247676089404 126.55737625807524 28.24745480529964
leaf_count=4652 1673 180 586 5405 1545
internal_value=-0.0015601 0.0152723 0.0258154 0.0366601 -0.0211408
internal_weight=271.593 199.832 174.187 141.684 32.5031
internal_count=14041 9389 7716 5991 1725
cat_boundaries=0 1
cat_threshold=48
is_linear=0
shrinkage=0.05


Tree=6
num_leaves=9
num_cat=1
split_feature=2 42 1 17 38 4 32 33
split_gain=35.6419 23.1322 35.5874 43.2087 24.1981 34.9411 17.0232 4.2285
threshold=2.5000000000000004 1.5000000000000002 0 29.700000000000003 5.9392855000000013 -0.83377653105606597 27.186012000000002 31.450000000000003
decision_type=2 2 1 2 2 2 2 2
left_child=-1 2 3 -2 5 -3 -6 -4
right_child=1 4 7 -5 6 -7 -8 -9
leaf_value=-0.049410635748880799 -0.019874795616831614 0.10912393400002358 0.058692758688231608 0.2440920025139609 -0.022422560104165001 -0.020723624325593118 0.0065739026780396725 -0.041962233955695656
leaf_weight=36.66880649048835 2.2262384640052897 10.506987449713053 0.37565577588975418 3.226760215125978 86.473945598118007 8.9297858476638776 119.34128484129906 4.4259189534932375
leaf_count=2498 109 379 17 97 4658 473 5663 189
internal_value=-0.00424986 0.00296095 0.0729175 0.149945 -0.000532023 0.0513734 -0.00565857 -0.0253281
internal_weight=272.175 235.507 10.2546 5.453 225.252 19.4368 205.815 4.80157
internal_count=14083 11585 412 206 11173 852 10321 206
cat_boundaries=0 1
cat_threshold=1
is_linear=0
shrinkage=0.05


Tree=7
num_leaves=9
num_cat=3
split_feature=0 5 5 0 5 37 1 33
split_gain=77.436 38.9502 55.0152 48.439 26.9257 24.6677 33.27 6.7922
threshold=0 0.48877522411129343 0.18281312110578127 1 -0.17646730165275518 56.500000000000007 2 30.850000000000005
decision_type=1 2 2 1 2 2 1 2
left_child=-1 2 4 -4 -2 7 -7 -3
right_child=1 5 3 -5 -6 6 -8 -9
leaf_value=-0.043747970833893909 0.02264045668172146 0.052054532434654667 0.11487379496910544 -0.010726898595790039 -0.037836453886890109 -0.04473163035481123 0.099067635311605298 -0.04937926082058175
leaf_weight=68.676870360039175 97.905713602900505 0.94579511322080989 15.795244777575133 16.163428746163849 21.666273608803749 6.9469288280233723 7.3223798302933574 34.488156783394516
leaf_count=4692 4382 34 469 478 1048 338 341 2264
internal_value=-0.00184357 0.0140706 0.027328 0.0845511 0.0114592 -0.0233139 0.0307152 -0.0453174
internal_weight=269.911 201.234 151.531 31.9587 119.572 49.7033 14.2693 35.434
internal_count=14046 9354 6377 947 5430 2977 679 2298
cat_boundaries=0 1 2 3
cat_threshold=48 9 1
is_linear=0
shrinkage=0.05


Tree=8
num_leaves=6
num_cat=1
split_feature=0 2 32 5 32
split_gain=82.1615 45.2696 29.8647 31.9957 21.1372
threshold=0 2.5000000000000004 26.623214000000004 0.14888728888808322 25.797023500000005
decision_type=1 2 2 2 2
left_child=-1 -2 4 -4 -3
right_child=1 2 3 -5 -6
leaf_value=-0.043454361572670408 -0.04849385454366046 0.070511940839149204 0.019877460762517195 0.070368993394186424 -0.034964197268889059
leaf_weight=65.760525832884014 22.118326092138886 4.7513020560145405 105.92116004228592 44.377644270658493 27.195405195467174
leaf_count=4686 1663 183 4593 1399 1547
internal_value=0.00103838 0.0167953 0.0258571 0.0351523 -0.0176131
internal_weight=270.124 204.364 182.246 150.299 31.9467
internal_count=14071 9385 7722 5992 1730
cat_boundaries=0 1
cat_threshold=48
is_linear=0
shrinkage=0.05


Tree=9
num_leaves=6
num_cat=1
split_feature=0 2 32 35 32
split_gain=73.7555 39.5777 29.5144 33.0189 24.9498
threshold=0 2.5000000000000004 26.500893000000001 87.428571500000018 25.797023500000005
decision_type=1 2 2 2 2
left_child=-1 -2 4 -4 -3
right_child=1 2 3 -5 -6
leaf_value=-0.043142611334068409 -0.048344059787313709 0.067493825833725998 0.023481299109834264 0.10282681258352047 -0.048620185635992769
leaf_weight=62.859597682952881 20.930524670518935 4.8930737525224712 146.44853752665222 13.572118058800696 21.565725715830922
leaf_count=4673 1650 177 5747 504 1312
internal_value=5.3738e-05 0.0146563 0.0227293 0.0308078 -0.025471
internal_weight=270.27 207.41 186.479 160.021 26.4588
internal_count=14063 9390 7740 6251 1489
cat_boundaries=0 1
cat_threshold=48
is_linear=0
shrinkage=0.05


Tree=10
num_leaves=6
num_cat=1
split_feature=0 2 32 4 32
split_gain=70.0186 37.7637 23.9894 26.5343 18.1764
threshold=0 2.5000000000000004 26.500893000000001 0.98522604642031408 25.797023500000005
decision_type=1 2 2 2 2
left_child=-1 -2 4 -4 -3
right_child=1 2 3 -5 -6
leaf_value=-0.042832440152196838 -0.048259319864795897 0.054351083414798218 0.034560122485337991 -0.039708786644642086 -0.043764671853880124
leaf_weight=60.167785049416125 20.410832369700074 5.1470836978405741 152.25923228263855 12.227006081491707 20.324269184842706
leaf_count=4664 1685 175 5663 566 1291
internal_value=0.000334093 0.01418 0.0218493 0.0288328 -0.0226339
internal_weight=270.536 210.368 189.958 164.486 25.4714
internal_count=14044 9380 7695 6229 1466
cat_boundaries=0 1
cat_threshold=48
is_linear=0
shrinkage=0.05


Tree=11
num_leaves=6
num_cat=1
split_feature=0 2 17 19 5
split_gain=66.3352 34.1359 27.0363 23.7058 15.8178
threshold=0 2.5000000000000004 32.95000000000001 26.636805500000005 0.14888728888808322
decision_type=1 2 2 2 2
left_child=-1 -2 4 -4 -3
right_child=1 2 3 -5 -6
leaf_value=-0.042581464612371778 -0.048078228583860738 -0.010240131903238515 -0.025317674257520913 0.052501250727176832 0.028171267797748187
leaf_weight=58.156188110820949 19.109251455403864 69.703866618685424 10.715737022459505 70.979906839318573 42.197782807052135
leaf_count=4699 1654 2944 591 2477 1669
internal_value=0.000234495 0.0134485 0.0204285 0.0421113 0.00436592
internal_weight=270.863 212.707 193.597 81.6956 111.902
internal_count=14034 9335 7681 3068 4613
cat_boundaries=0 1
cat_threshold=48
is_linear=0
shrinkage=0.05


Tree=12
num_leaves=6
num_cat=1
split_feature=0 2 4 4 26
split_gain=59.5772 30.6275 20.8381 32.1167 1.17508
threshold=0 2.5000000000000004 0.98522604642031408 0.91248814248966259 26.050000000000004
decision_type=1 2 2 2 2
left_child=-1 -2 3 -3 -4
right_child=1 2 4 -5 -6
leaf_value=-0.042188491885477547 -0.047945152560830408 0.012932591644586969 -0.046962816995639728 0.068819230177105756 0.0095073259948546002
leaf_weight=55.112884758040309 18.29332953505218 155.07895923499018 11.345739042386409 30.003771444782615 0.66641159355640489
leaf_count=4643 1660 6285 543 830 28
internal_value=-0.000464127 0.0117638 0.0181136 0.0223135 -0.0433401
internal_weight=270.501 215.388 197.095 185.083 12.0122
internal_count=13989 9346 7686 7115 571
cat_boundaries=0 1
cat_threshold=48
is_linear=0
shrinkage=0.05


Tree=13
num_leaves=9
num_cat=3
split_feature=0 5 5 0 5 34 34 1
split_gain=53.1774 31.9913 30.2331 47.2173 24.7997 15.8122 17.4837 15.0682
threshold=0 0.48877522411129343 0.18281312110578127 1 -0.19337245081799001 23.550000000000004 18.250000000000004 2
decision_type=1 2 2 1 2 2 2 1
left_child=-1 2 4 -4 -2 6 -3 -7
right_child=1 5 3 -5 -6 7 -8 -9
leaf_value=-0.041920111832360558 0.018137817360215146 0.08090369958507182 0.088080434066448915 -0.01497982810161945 -0.038376216571513411 -0.038044885548744918 -0.045826215971126592 0.098508668226301208
leaf_weight=53.225275374017656 109.82878664974123 2.0221858695149413 20.800832314416766 19.025926659815013 22.565741023048759 2.8316756244748822 38.646122744306922 3.6612514210864902
leaf_count=4673 4365 51 477 480 1112 134 2657 137
internal_value=-0.00180617 0.0095413 0.0199576 0.0575909 0.00828991 -0.0261399 -0.0377343 0.0418258
internal_weight=272.608 219.383 172.221 39.8268 132.395 47.1612 40.6683 6.49293
internal_count=14086 9413 6434 957 5477 2979 2708 271
cat_boundaries=0 1 2 3
cat_threshold=48 9 1
is_linear=0
shrinkage=0.05


Tree=14
num_leaves=6
num_cat=1
split_feature=0 2 19 32 32
split_gain=54.4679 27.2722 19.8692 23.5296 16.7185
threshold=0 2.5000000000000004 26.668750000000006 28.609821500000006 25.475297500000003
decision_type=1 2 2 2 2
left_child=-1 -2 4 -4 -3
right_child=1 2 3 -5 -6
leaf_value=-0.041583105107964806 -0.047688998934247183 0.082414416449774763 0.037222484457001132 -0.0038309469985946354 -0.024020102785657051
leaf_weight=50.956163306720555 16.839494126848876 3.1003339365124694 112.58350426703691 50.133732913061976 37.618834796361625
leaf_count=4661 1663 75 4006 1715 1932
internal_value=5.58001e-05 0.0112053 0.0168378 0.0246276 -0.014135
internal_weight=271.232 220.276 203.436 162.717 40.7192
internal_count=14052 9391 7728 5721 2007
cat_boundaries=0 1
cat_threshold=48
is_linear=0
shrinkage=0.05


Tree=15
num_leaves=8
num_cat=2
split_feature=0 5 32 5 33 1 12
split_gain=53.6517 26.614 27.8951 26.4806 17.4372 14.8248 1.51529
threshold=0 0.70747208174348741 26.463690500000002 0.16587474750015926 30.750000000000004 1 79.500000000000014
decision_type=1 2 2 2 2 1 2
left_child=-1 2 -2 -4 5 -3 -6
right_child=1 4 3 -5 6 -7 -8
leaf_value=-0.041354712646211239 -0.047382460090084587 -0.036483253428179471 0.011612636518368274 0.053709131982785811 -0.048853389503656273 0.11300104313861013 0.015184496692751188
leaf_weight=49.541151542216539 13.789423327893017 2.3572708740830448 125.99623729102314 52.590298661030829 25.270613830536607 2.6457987381145358 0.52757668774574895
leaf_count=4719 922 74 4871 1450 1945 76 37
internal_value=0.000649975 0.011451 0.018887 0.0242393 -0.0305245 0.0482245 -0.047026
internal_weight=272.718 223.177 192.376 178.587 30.8013 5.00307 25.7982
internal_count=14094 9375 7243 6321 2132 150 1982
cat_boundaries=0 1 2
cat_threshold=48 1
is_linear=0
shrinkage=0.05


Tree=16
num_leaves=6
num_cat=1
split_feature=0 2 17 38 19
split_gain=47.8409 23.9057 16.2865 17.6756 15.1071
threshold=0 2.5000000000000004 32.95000000000001 5.7779760000000016 26.636805500000005
decision_type=1 2 2 2 2
left_child=-1 -2 3 -3 -4
right_child=1 2 4 -5 -6
leaf_value=-0.040985821444195498 -0.047485058156139695 0.055077162216600632 -0.02467151931516811 -0.0048104268019567497 0.037346591581766848
leaf_weight=47.312036235816777 15.813273976556955 12.940466181375085 10.442436779849229 105.14171620178968 81.790496008470654
leaf_count=4695 1675 347 607 4293 2514
internal_value=-0.000442687 0.00956644 0.0145132 0.00215997 0.0301357
internal_weight=273.44 226.128 210.315 118.082 92.2329
internal_count=14131 9436 7761 4640 3121
cat_boundaries=0 1
cat_threshold=48
is_linear=0
shrinkage=0.05


Tree=17
num_leaves=6
num_cat=2
split_feature=0 2 5 0 5
split_gain=42.4486 20.8642 16.731 47.2221 19.2278
threshold=0 2.5000000000000004 0.14888728888808322 1 -0.17646730165275518
decision_type=1 2 2 1 2
left_child=-1 -2 4 -4 -3
right_child=1 2 3 -5 -6
leaf_value=-0.040659723675684621 -0.047304319489654752 0.0087740535753227499 0.059169899836815171 -0.014101634100202307 -0.045676060570045834
leaf_weight=45.47637461591512 14.961939656175671 116.92491398751736 40.649545602500439 36.824828266166151 17.79854893963784
leaf_count=4695 1659 4392 1170 1188 948
internal_value=-0.00180406 0.00756911 0.011997 0.0303499 0.00129702
internal_weight=272.636 227.16 212.198 77.4744 134.723
internal_count=14052 9357 7698 2358 5340
cat_boundaries=0 1 2
cat_threshold=48 9
is_linear=0
shrinkage=0.05


Tree=18
num_leaves=8
num_cat=3
split_feature=0 5 1 5 21 37 1
split_gain=43.862 23.7961 30.0163 40.1235 27.6855 13.6448 21.3091
threshold=0 0.48877522411129343 1 0.16587474750015926 26.550000000000004 52.500000000000007 2
decision_type=1 2 1 2 2 2 1
left_child=-1 2 3 -2 -4 -3 -7
right_child=1 5 4 -5 -6 6 -8
leaf_value=-0.040337483727896334 0.016205989769747447 -0.048593601223842618 -0.0092351533254067999 0.088115830854592264 0.12620550785713938 -0.046623529229517929 0.048960966883321813
leaf_weight=43.769744666293263 67.803362091071904 23.049920435063541 84.980997554957867 26.529464376159012 2.946889989078044 9.6600559540092945 11.889084647409618
leaf_count=4703 2691 2095 3073 503 102 435 432
internal_value=3.63163e-06 0.00929228 0.0177064 0.0371415 -0.00332773 -0.0226895 0.00594491
internal_weight=270.63 226.86 182.261 94.3328 87.9279 44.5991 21.5491
internal_count=14034 9331 6369 3194 3175 2962 867
cat_boundaries=0 1 2 3
cat_threshold=48 1 1
is_linear=0
shrinkage=0.05


Tree=19
num_leaves=9
num_cat=0
split_feature=2 17 38 5 32 33 4 7
split_gain=21.6896 16.1413 15.5268 21.4172 15.4652 23.94 12.6895 2.37169
threshold=2.5000000000000004 32.95000000000001 5.9392855000000013 0.18281312110578127 26.700297500000001 35.750000000000007 0.93544191479114935 25.841666500000002
decision_type=2 2 2 2 2 2 2 2
left_child=-1 2 3 -2 7 -6 -4 -3
right_child=1 4 6 -5 5 -7 -8 -9
leaf_value=-0.048096782413548672 -0.037583424090672869 0.021182430322701288 -0.020391562329652044 0.068686468853922919 0.042353184739996663 -0.0091928994659822138 0.024761562127415218 -0.041951099336593127
leaf_weight=20.630658652633429 6.401164976879957 1.093729500658809 104.16894424147904 12.947695774026213 64.788433865644038 33.785086935386062 17.389271264895797 10.314789373427628
leaf_count=2476 312 75 5384 372 2607 1168 873 741
internal_value=-4.94053e-05 0.0040768 -0.00711279 0.0334101 0.0183476 0.0247714 -0.0137829 -0.0346792
internal_weight=271.52 250.889 140.907 19.3489 109.982 98.5735 121.558 11.4085
internal_count=14008 11532 6941 684 4591 3775 6257 816
is_linear=0
shrinkage=0.05


Tree=20
num_leaves=5
num_cat=1
split_feature=0 2 4 4
split_gain=39.8487 18.4349 13.657 16.2869
threshold=0 2.5000000000000004 0.99053107487289871 0.91248814248966259
decision_type=1 2 2 2
left_child=-1 -2 3 -3
right_child=1 2 -4 -5
leaf_value=-0.039842138654151094 -0.046829536367458215 0.0079644704436493859 -0.04577812033597016 0.0433251166007479
leaf_weight=41.301064119674265 13.103187707252799 169.01553519163281 8.7654114523902518 39.547692922875285
leaf_count=4653 1675 6325 462 935
internal_value=-0.000295003 0.0082977 0.0122008 0.0148443
internal_weight=271.733 230.432 217.329 208.563
internal_count=14050 9397 7722 7260
cat_boundaries=0 1
cat_threshold=48
is_linear=0
shrinkage=0.05


Tree=21
num_leaves=5
num_cat=1
split_feature=0 2 4 4
split_gain=36.5194 16.7379 12.6367 17.2961
threshold=0 2.5000000000000004 0.99053107487289871 0.91596454896554913
decision_type=1 2 2 2
left_child=-1 -2 3 -3
right_child=1 2 -4 -5
leaf_value=-0.039516889925633986 -0.046669310715890942 0.0060664203752818632 -0.045653980029069126 0.042012843464333094
leaf_weight=39.810456608422101 12.557567556388674 173.57625698111951 8.6124147893860918 40.600545264780521
leaf_count=4665 1679 6385 475 935
internal_value=-0.000987222 0.0070439 0.0105812 0.0130442
internal_weight=275.157 235.347 222.789 214.177
internal_count=14139 9474 7795 7320
cat_boundaries=0 1
cat_threshold=48
is_linear=0
shrinkage=0.05


Tree=22
num_leaves=6
num_cat=1
split_feature=0 2 32 44 34
split_gain=37.6727 16.8592 13.9952 22.0919 18.8647
threshold=0 2.5000000000000004 28.951785500000003 46.250000000000007 26.400000000000002
decision_type=1 2 2 2 2
left_child=-1 -2 3 -3 -4
right_child=1 2 4 -5 -6
leaf_value=-0.0392045835665491 -0.04648542338008433 0.024363888356743753 -0.028794235186093704 -0.028037223030115323 0.068706436444747512
leaf_weight=38.455284813884646 11.973243301268665 161.34167770761997 33.380276668816805 22.110061913728714 4.8293443061411372
leaf_count=4684 1677 5712 1067 750 156
internal_value=0.0006443 0.00864483 0.0122064 0.0179306 -0.0150331
internal_weight=272.09 233.635 221.661 183.452 38.2096
internal_count=14046 9362 7685 6462 1223
cat_boundaries=0 1
cat_threshold=48
is_linear=0
shrinkage=0.05


Tree=23
num_leaves=6
num_cat=1
split_feature=0 2 5 5 33
split_gain=32.7253 14.4862 13.9747 23.4992 17.5942
threshold=0 2.5000000000000004 -0.85225707553516283 -0.98521978256641018 35.750000000000007
decision_type=1 2 2 2 2
left_child=-1 -2 3 -3 -4
right_child=1 2 4 -5 -6
leaf_value=-0.038854703299741451 -0.046268533930086474 0.034705872844756527 0.025498282503797338 -0.036162861355983324 -0.010995967212925532
leaf_weight=37.00953679997474 11.333051578607408 16.415317876264453 128.5282239113003 34.947811135090888 43.684086298570037
leaf_count=4682 1662 581 4611 1274 1239
internal_value=-0.0011732 0.00628367 0.00942151 -0.0132834 0.016231
internal_weight=271.918 234.908 223.575 51.3631 172.212
internal_count=14049 9367 7705 1855 5850
cat_boundaries=0 1
cat_threshold=48
is_linear=0
shrinkage=0.05


Tree=24
num_leaves=7
num_cat=2
split_feature=0 5 33 32 33 1
split_gain=29.0611 14.0505 20.1264 19.3699 19.2268 12.0505
threshold=0 0.70747208174348741 30.750000000000004 26.463690500000002 35.45000000000001 1
decision_type=1 2 2 2 2 1
left_child=-1 3 5 -2 -5 -3
right_child=1 2 -4 4 -6 -7
leaf_value=-0.038509422144110399 -0.047267830156431295 -0.03426099819447527 -0.048626380996563315 0.022146939711821995 -0.013416689621436752 0.10302594182981517
leaf_weight=35.662484273780137 13.26482214219868 1.9486285615712431 22.392651272937655 147.82640740461648 50.281179736834019 3.1906660636886954
leaf_count=4690 918 69 2015 4807 1534 75
internal_value=-0.00243122 0.00450966 -0.0282762 0.00910551 0.0130986 0.0538701
internal_weight=274.567 238.904 27.5319 211.372 198.108 5.13929
internal_count=14108 9418 2159 7259 6341 144
cat_boundaries=0 1 2
cat_threshold=48 1
is_linear=0
shrinkage=0.05


Tree=25
num_leaves=9
num_cat=1
split_feature=0 17 19 33 4 32 33 8
split_gain=28.3674 13.0134 13.4198 17.0348 11.1466 18.2371 12.2308 3.04395
threshold=0 32.95000000000001 26.659027500000004 35.750000000000007 -0.8041866928211282 26.463690500000002 30.850000000000005 28.850000000000005
decision_type=1 2 2 2 2 2 2 2
left_child=-1 4 7 -4 5 -2 -6 -3
right_child=1 2 3 -5 6 -7 -8 -9
leaf_value=-0.038144093299910163 -0.04485196929045767 0.037075727574212132 0.039142950926728377 -0.0057930513525482723 0.052042046044334267 0.040332348967657125 -0.017985549392727743 -0.038306219618146412
leaf_weight=34.311519186012447 7.4103038385510436 0.71382464654743571 62.939833956770599 31.124062702525407 5.7123666144907466 24.69218244496733 94.660384621936828 10.773871874902396
leaf_count=4688 467 36 1975 950 146 623 4502 661
internal_value=-0.00187062 0.00488724 0.018106 0.0243699 -0.00533561 0.0199081 -0.0135261 -0.0310282
internal_weight=272.338 238.027 105.552 94.0639 132.475 32.1025 100.373 11.4877
internal_count=14048 9360 3622 2925 5738 1090 4648 697
cat_boundaries=0 1
cat_threshold=48
is_linear=0
shrinkage=0.05


Tree=26
num_leaves=5
num_cat=1
split_feature=0 2 4 4
split_gain=29.2168 13.4111 10.9607 14.6226
threshold=0 2.5000000000000004 0.99053107487289871 0.91596454896554913
decision_type=1 2 2 2
left_child=-1 -2 3 -3
right_child=1 2 -4 -5
leaf_value=-0.037763967303325173 -0.045964642456638602 0.0050757398240214267 -0.045183163685595024 0.037424976436297323
leaf_weight=32.981579302344471 10.53917582798749 177.9929426247254 7.9109234334900966 42.597020981833339
leaf_count=4677 1682 6304 465 938
internal_value=-0.000197045 0.00642746 0.00931376 0.0114632
internal_weight=272.022 239.04 228.501 220.59
internal_count=14066 9389 7707 7242
cat_boundaries=0 1
cat_threshold=48
is_linear=0
shrinkage=0.05


Tree=27
num_leaves=9
num_cat=3
split_feature=0 5 5 0 26 33 1 12
split_gain=28.1368 14.4359 14.9492 29.7395 18.2738 13.6782 10.6646 1.59053
threshold=0 0.70747208174348741 0.26659387353423863 1 15.750000000000002 30.750000000000004 2 79.500000000000014
decision_type=1 2 2 1 2 2 1 2
left_child=-1 2 4 -4 -2 6 -3 -7
right_child=1 5 3 -5 -6 7 -8 -9
leaf_value=-0.037403408148584248 -0.032495678668167806 -0.036637181394466471 -0.027823419956110859 0.048177166431397848 0.011288802453052209 -0.048355987772450239 0.083869919826707093 0.017748595354521814
leaf_weight=31.790102836675942 28.032612755894661 2.3870341097936061 12.125290817115456 39.934775011613965 132.1814509537071 20.177278683520857 3.4018657272681594 0.47026779875159164
leaf_count=4679 1032 77 376 1105 4666 1974 72 35
internal_value=6.312e-05 0.00647803 0.0111148 0.0341211 0.0034738 -0.0274402 0.036102 -0.0461001
internal_weight=270.501 238.711 212.274 52.0601 160.214 26.4364 5.7889 20.6475
internal_count=14016 9337 7179 1481 5698 2158 149 2009
cat_boundaries=0 1 2 3
cat_threshold=48 4 1
is_linear=0
shrinkage=0.05


Tree=28
num_leaves=8
num_cat=3
split_feature=0 5 5 0 21 1 24
split_gain=25.125 11.5711 17.9341 39.9467 14.5229 12.5888 16.6512
threshold=0 0.48877522411129343 0.26659387353423863 1 24.050000000000004 2 54.500000000000007
decision_type=1 2 2 1 2 1 2
left_child=-1 2 4 -4 -2 -3 -7
right_child=1 5 3 -5 -6 6 -8
leaf_value=-0.037046993601608291 -0.022165050221036566 -0.048481361380582184 0.066643509588103333 -0.022189450910965088 0.011471496429396244 -0.045360808554347237 0.039630085966783482
leaf_weight=30.672426548786461 42.883030177094042 18.36598962591961 22.757058430463076 17.316440959461033 118.48275815322995 8.5123288840986806 13.65607177838683
leaf_count=4683 1737 1464 354 356 3977 995 452
internal_value=-0.00114767 0.00486131 0.00997504 0.0394747 0.00245111 -0.0190097 0.00644561
internal_weight=272.646 241.974 201.439 40.0735 161.366 40.5344 22.1684
internal_count=14018 9335 6424 710 5714 2911 1447
cat_boundaries=0 1 2 3
cat_threshold=48 9 1
is_linear=0
shrinkage=0.05


Tree=29
num_leaves=8
num_cat=2
split_feature=0 32 5 5 33 38 1
split_gain=22.8133 14.4495 16.667 14.9866 10.112 12.2362 6.14912
threshold=0 26.623214000000004 0.70747208174348741 0.14888728888808322 30.600000000000005 5.1419640000000006 1
decision_type=1 2 2 2 2 2 1
left_child=-1 4 3 -3 6 -6 -2
right_child=1 2 -4 -5 5 -7 -8
leaf_value=-0.03675000975592551 -0.033369548919866258 0.0025025680452741704 -0.046787991129075661 0.031788009898534253 0.073590845084581663 -0.047200772184939038 0.062220291380381931
leaf_weight=29.788261859212071 1.8173991031944743 133.00328635331243 11.792889949865637 64.193380936048925 1.3890189602971101 26.184835132211447 3.7811872530728579
leaf_count=4720 73 4575 1268 1372 28 1920 85
internal_value=-0.002175 0.00357598 0.00861551 0.0121481 -0.0264501 -0.0387534 0.0308356
internal_weight=271.95 242.162 208.99 197.197 33.1724 27.5739 5.59859
internal_count=14041 9321 7215 5947 2106 1948 158
cat_boundaries=0 1 2
cat_threshold=48 1
is_linear=0
shrinkage=0.05


Tree=30
num_leaves=7
num_cat=2
split_feature=0 34 1 32 4 5
split_gain=22.203 12.2221 18.2717 13.1828 19.68 12.0359
threshold=0 26.550000000000004 1 28.981547500000005 0.90892735371523092 0.18281312110578127
decision_type=1 2 1 2 2 2
left_child=-1 3 -3 4 -2 -5
right_child=1 2 -4 5 -6 -7
leaf_value=-0.036305483005626298 0.00039079345182717426 -0.031484234847160487 0.1662099891801361 -0.04525283926248027 0.041192036911370689 0.016199892003424456
leaf_weight=28.517977529671043 169.09066417207941 1.5596212036907664 1.7599170804023743 23.382481524720788 34.8188346484676 11.207044918555765
leaf_count=4685 7304 50 51 908 780 237
internal_value=-0.00154894 0.0040125 0.0875413 0.00265678 0.00752489 -0.0254464
internal_weight=270.337 241.819 3.31954 238.499 203.909 34.5895
internal_count=14015 9330 101 9229 8084 1145
cat_boundaries=0 1 2
cat_threshold=48 1
is_linear=0
shrinkage=0.05


Tree=31
num_leaves=6
num_cat=1
split_feature=0 2 4 4 24
split_gain=22.8193 10.8185 9.98844 11.8314 1.76063
threshold=0 2.5000000000000004 0.98522604642031408 0.91248814248966259 52.500000000000007
decision_type=1 2 2 2 2
left_child=-1 -2 3 -3 -4
right_child=1 2 4 -5 -6
leaf_value=-0.035947323205994398 -0.045290140727654131 0.0041313078633290088 -0.045810435956862808 0.032548086584519402 0.0068447625764904915
leaf_weight=27.553815301973373 9.0516239106655103 177.98188010789454 8.8806348862126452 45.249653030186892 1.6071393257006992
leaf_count=4693 1656 6269 494 834 89
internal_value=-0.00011488 0.00533842 0.00771124 0.0100109 -0.0378481
internal_weight=270.325 242.771 233.719 223.232 10.4878
internal_count=14035 9342 7686 7103 583
cat_boundaries=0 1
cat_threshold=48
is_linear=0
shrinkage=0.05


Tree=32
num_leaves=7
num_cat=2
split_feature=0 21 21 32 1 32
split_gain=19.6273 10.1051 13.8406 13.3356 10.5821 6.62717
threshold=0 27.450000000000003 25.050000000000004 26.623214000000004 1 28.962202500000004
decision_type=1 2 2 2 1 2
left_child=-1 2 3 -2 -3 -4
right_child=1 4 5 -5 -6 -7
leaf_value=-0.035632715986329465 -0.021653740208160157 -0.02497723213569359 -0.0012366156734196926 0.01277723626421319 0.15388279339725028 -0.04270685182869411
leaf_weight=26.74570057541132 32.655628825072199 0.9375903680920592 16.822114719077945 171.67508676601574 1.1951459124684336 21.738391049206257
leaf_count=4718 2132 31 509 5818 32 824
internal_value=-0.00209395 0.00302243 0.0019862 0.0071959 0.0923792 -0.0251039
internal_weight=271.77 245.024 242.891 204.331 2.13274 38.5605
internal_count=14064 9346 9283 7950 63 1333
cat_boundaries=0 1 2
cat_threshold=48 1
is_linear=0
shrinkage=0.05


Tree=33
num_leaves=6
num_cat=1
split_feature=0 2 19 33 44
split_gain=20.0639 10.0771 8.97958 12.9838 10.3621
threshold=0 2.5000000000000004 26.659027500000004 35.750000000000007 34.000000000000007
decision_type=1 2 2 2 2
left_child=-1 -2 4 -4 -3
right_child=1 2 3 -5 -6
leaf_value=-0.035177147829438586 -0.045154230441648312 0.012547244282847951 0.017971192533336521 -0.0121936766912858 -0.037695202515330296
leaf_weight=25.624718710314482 8.8050448326393944 18.212057280354202 151.65853446535766 45.774313848465681 21.427777524106205
leaf_count=4682 1677 674 4511 1243 1267
internal_value=-0.000595769 0.00438343 0.00658935 0.0109513 -0.0148712
internal_weight=271.502 245.878 237.073 197.433 39.6398
internal_count=14054 9372 7695 5754 1941
cat_boundaries=0 1
cat_threshold=48
is_linear=0
shrinkage=0.05


Tree=34
num_leaves=8
num_cat=2
split_feature=0 1 5 38 34 2 33
split_gain=18.9448 11.2951 32.134 31.9608 28.9997 23.4197 7.0335
threshold=0 1 0.48877522411129343 7.8770835000000012 26.400000000000002 7.5000000000000009 38.100000000000009
decision_type=1 1 2 2 2 2 2
left_child=-1 2 3 -2 5 -3 -6
right_child=1 4 -4 -5 6 -7 -8
leaf_value=-0.034749543097257855 0.060630539456792081 -0.028311539805767456 -0.048167840616154173 0.0043654810586104395 0.0019810524954746601 0.016622980486992019 0.16429656748397306
leaf_weight=24.631615079939365 38.67729081120342 72.89519583620131 16.559682480059564 69.834496868774295 0.88904977589845602 46.879154697991908 2.0121386758983135
leaf_count=4662 1184 2993 1459 2019 24 1673 50
internal_value=-0.000609698 0.00414113 0.0148255 0.0247908 -0.00644886 -0.0107323 0.127814
internal_weight=272.379 247.747 125.071 108.512 122.676 119.774 2.90119
internal_count=14064 9402 4662 3203 4740 4666 74
cat_boundaries=0 1 2
cat_threshold=48 1
is_linear=0
shrinkage=0.05


Tree=35
num_leaves=9
num_cat=2
split_feature=0 21 4 0 21 39 8 34
split_gain=17.7985 9.49671 19.3411 16.1623 26.1444 15.1613 12.4382 6.69531
threshold=0 23.950000000000003 -0.54220184589352438 1 22.450000000000003 21.850000000000005 30.250000000000004 23.550000000000004
decision_type=1 2 2 1 2 2 2 2
left_child=-1 3 6 4 -2 -4 -3 -5
right_child=1 2 5 7 -6 -7 -8 -9
leaf_value=-0.034401597152297535 0.073373330942338208 -0.025523715668440597 0.019782394417986144 -0.043519251417718736 -0.0078973348676174733 -0.015554517072744082 0.056796833918278312 0.0025925763740371637
leaf_weight=23.863932028412819 12.285548033658413 4.8327978290617457 59.098012049216777 33.799108140170574 38.169396306853741 60.343657084275037 28.598290264606476 10.033435738179831
leaf_count=4674 588 204 1951 1917 1680 1942 706 372
internal_value=-0.000929343 0.0036666 0.011483 -0.00860926 0.0108286 0.00194876 0.0445009 -0.0270975
internal_weight=271.024 247.16 152.873 94.2875 50.4549 119.442 33.4311 43.8325
internal_count=14034 9360 4803 4557 2268 3893 910 2289
cat_boundaries=0 1 2
cat_threshold=48 9
is_linear=0
shrinkage=0.05


Tree=36
num_leaves=9
num_cat=2
split_feature=0 21 0 9 4 4 34 4
split_gain=16.5462 10.321 19.4728 31.9672 16.6829 17.8549 14.6224 6.31858
threshold=0 23.650000000000002 1 22.550000000000004 -0.54220184589352438 -0.97876850416056749 23.150000000000002 0.91248814248966259
decision_type=1 2 1 2 2 2 2 2
left_child=-1 2 3 -2 5 -3 -6 -4
right_child=1 4 7 -5 6 -7 -8 -9
leaf_value=-0.034011187542204495 0.1248502586130103 -0.034008023447841866 -0.042497665560858433 -0.0081010428369614734 0.067806835000353616 0.045221309011210013 -0.0044182549851756736 -0.0021508570588863046
leaf_weight=23.038656290620565 5.6807080563157824 7.6768662044778457 36.731952913105488 13.647102548275141 6.4344111988320938 44.307268780656159 121.13214100524783 13.212177482433615
leaf_count=4669 220 355 2480 694 152 1141 4095 244
internal_value=-0.00131235 0.00307751 -0.0130729 0.0235899 0.0095168 0.0330999 -0.000276176 -0.0268129
internal_weight=271.861 248.823 69.2719 19.3278 179.551 51.9841 127.567 49.9441
internal_count=14050 9381 3638 914 5743 1496 4247 2724
cat_boundaries=0 1 2
cat_threshold=48 8
is_linear=0
shrinkage=0.05


Tree=37
num_leaves=7
num_cat=1
split_feature=0 4 4 44 34 37
split_gain=15.9318 8.99893 12.8655 36.7282 15.2246 1.40836
threshold=0 0.98522604642031408 0.90892735371523092 34.750000000000007 23.650000000000002 44.500000000000007
decision_type=1 2 2 2 2 2
left_child=-1 2 4 -4 -2 -3
right_child=1 5 3 -5 -6 -7
leaf_value=-0.033670542043723592 -0.019044805681377099 -0.045968992170060535 0.12463925916159153 0.0082221188060864047 0.010122628631005125 0.016543175405873838
leaf_weight=22.350505092181265 69.833767811767757 9.2663812590762937 7.2137881536036721 39.651000663638115 120.44866404635832 0.49544004956260401
leaf_count=4684 4067 547 186 667 3830 35
internal_value=-0.00122757 0.00306762 0.00519999 0.0283715 -0.00062544 -0.0415539
internal_weight=269.26 246.909 237.147 46.8648 190.282 9.76182
internal_count=14016 9332 8750 853 7897 582
cat_boundaries=0 1
cat_threshold=48
is_linear=0
shrinkage=0.05


Tree=38
num_leaves=14
num_cat=2
split_feature=0 37 43 5 5 37 44 38 34 4 4 5 1
split_gain=16.0164 25.7298 22.0884 21.374 26.4776 27.7481 20.7501 19.9144 19.5394 12.6934 12.2219 10.8919 18.1931
threshold=0 66.500000000000014 25.000000000000004 0.13185577213185917 -0.98212955754013376 58.500000000000007 45.900000000000013 5.8008925000000007 26.550000000000004 0.91248814248966259 -0.861146256326485 -0.19337245081799001 1
decision_type=1 2 2 2 2 2 2 2 2 2 2 2 1
left_child=3 11 6 4 5 -1 -3 10 -6 -9 -5 12 -2
right_child=1 2 -4 7 8 -7 -8 9 -10 -11 -12 -13 -14
leaf_value=-0.042407090899840447 0.023011409478429702 0.15367951000942709 -0.03998335755734421 0.11100355651066685 -0.020658455255096395 0.096897278263138653 -0.032052610141772034 -0.001954313418097044 0.096607301915205182 0.041564681098094851 -0.0031484763066143362 -0.05037067846604848 -0.045994035336095578
leaf_weight=4.5772197619080535 18.496647329535335 4.3678484414704126 3.5082883210852742 8.8571666013449413 94.193451913073659 10.114561999216674 1.6715131853707133 40.813575797248632 2.7109527103602877 27.325432147830725 3.0057314464356741 35.052340470952913 17.824206681922078
leaf_count=148 1349 326 332 90 3439 324 143 2495 72 370 105 3572 1343
internal_value=-0.000966997 -0.0182123 0.0530016 0.00695763 -0.00681717 0.0535603 0.105024 0.0268782 -0.0164246 0.0158466 0.0840844 -0.0308559 -0.0111776
internal_weight=272.519 80.9208 9.54765 191.598 111.596 14.6918 6.03936 80.0019 96.9044 68.139 11.8629 71.3732 36.3209
internal_count=14108 7065 801 7043 3983 472 469 3060 3511 2865 195 6264 2692
cat_boundaries=0 1 2
cat_threshold=11 1
is_linear=0
shrinkage=0.05


Tree=39
num_leaves=9
num_cat=0
split_feature=2 17 33 20 5 44 33 34
split_gain=9.67447 8.79633 10.7678 22.0036 8.2792 11.7015 9.19365 5.52748
threshold=2.5000000000000004 32.95000000000001 35.750000000000007 32.750000000000007 -0.42179730054635828 34.750000000000007 38.100000000000009 26.550000000000004
decision_type=2 2 2 2 2 2 2 2
left_child=-1 4 3 -3 6 -6 -2 -4
right_child=1 2 7 -5 5 -7 -8 -9
leaf_value=-0.046028523103137868 -0.026322016314764482 0.0014315061856871095 -0.020058251466176111 0.055121027385816118 0.019464135094937652 -0.018258014098335714 0.07519566948961133 0.045809169892686991
leaf_weight=10.943365161772816 56.84800977120176 57.167432649061084 30.838407411705703 27.687533495947719 43.104347128886729 37.516918045468628 1.3728668466210354 2.5916912583634248
leaf_count=2480 2861 2701 1056 744 1937 2071 50 91
internal_value=-0.00203779 5.52659e-06 0.00997998 0.019388 -0.0085027 0.00190159 -0.0226989 -0.0137696
internal_weight=268.071 257.127 118.285 84.855 138.842 80.6213 58.2209 33.4301
internal_count=13991 11511 4592 3445 6919 4008 2911 1147
is_linear=0
shrinkage=0.05


Tree=40
num_leaves=9
num_cat=1
split_feature=0 39 21 31 14 34 33 37
split_gain=13.9634 10.6713 15.9067 16.6446 14.4479 15.6295 12.492 2.01484
threshold=0 21.850000000000005 23.650000000000002 34.400000000000013 16.650000000000002 24.850000000000005 30.750000000000004 70.500000000000014
decision_type=1 2 2 2 2 2 2 2
left_child=-1 2 6 -4 7 -6 -2 -3
right_child=1 4 3 -5 5 -7 -8 -9
leaf_value=-0.032868263346856601 0.049099217937254844 -0.049163225208439194 0.0047753229860470585 0.044972358331950527 0.011554985524414413 -0.040912624398526054 -0.027331978677324387 0.0050516983048228123
leaf_weight=20.827833064598963 5.3720145584084085 20.250925081083555 64.354851610958576 42.239346559625119 63.431214615004137 17.20418503228575 33.904213736299425 1.6719844350591291
leaf_count=4668 126 953 1983 1313 1951 551 2442 68
internal_value=-0.00171002 0.00225102 0.0109997 0.0209739 -0.00996101 -3.42048e-06 -0.0159186 -0.0449884
internal_weight=269.257 248.429 145.87 106.594 102.558 80.6354 39.2762 21.9229
internal_count=14055 9387 5864 3296 3523 2502 2568 1021
cat_boundaries=0 1
cat_threshold=48
is_linear=0
shrinkage=0.05


Tree=41
num_leaves=9
num_cat=1
split_feature=0 31 38 5 34 39 36 4
split_gain=14.8498 9.95411 15.3218 19.2997 14.8116 31.5478 21.8417 8.64683
threshold=0 34.400000000000013 5.9175595000000003 0.26659387353423863 23.850000000000005 21.850000000000005 93.500000000000014 0.95242846126021108
decision_type=1 2 2 2 2 2 2 2
left_child=-1 2 3 -2 6 -6 -3 -4
right_child=1 4 7 -5 5 -7 -8 -9
leaf_value=-0.032496448782126069 -0.025754162483542661 0.024384847298684165 -0.022338974633087809 0.070176451122893488 0.061686609786040063 0.0017309256865351544 -0.03930070110152846 0.027129265629791829
leaf_weight=20.16881424933672 8.260059227235617 25.188136689830571 75.791980774141848 11.629252398153765 34.522075350396335 57.541782438289374 26.782278515631333 9.1272670025937241
leaf_count=4671 226 612 3727 194 920 1837 1518 336
internal_value=0.000124087 0.00402698 -0.00749389 0.0310106 0.0126818 0.0246344 -0.00855703 -0.0167682
internal_weight=269.012 248.843 104.809 19.8893 144.034 92.0639 51.9704 84.9192
internal_count=14041 9370 4483 420 4887 2757 2130 4063
cat_boundaries=0 1
cat_threshold=48
is_linear=0
shrinkage=0.05


Tree=42
num_leaves=6
num_cat=1
split_feature=0 4 4 37 34
split_gain=13.2411 9.59324 8.87375 24.9894 11.4774
threshold=0 0.98522604642031408 0.92273069556937581 48.500000000000007 23.650000000000002
decision_type=1 2 2 2 2
left_child=-1 2 4 -4 -2
right_child=1 -3 3 -5 -6
leaf_value=-0.032208427297797597 -0.015916273184782666 -0.045729271989192542 0.010102776906128989 0.12227042034568975 0.0090129103410094662
leaf_weight=19.678114832844585 71.150292473845184 8.8645968381315452 39.064443100243807 4.7297032326459876 127.22418857645243
leaf_count=4707 4101 566 652 98 3959
internal_value=-0.00120183 0.00252466 0.00457561 0.0246759 3.66614e-05
internal_weight=270.711 251.033 242.169 43.7941 198.374
internal_count=14083 9376 8810 750 8060
cat_boundaries=0 1
cat_threshold=48
is_linear=0
shrinkage=0.05


Tree=43
num_leaves=7
num_cat=4
split_feature=0 4 1 0 0 26
split_gain=11.4372 8.57785 8.57055 26.9469 26.1115 1.6425
threshold=0 0.98372640911059162 1 2 3 29.850000000000005
decision_type=1 2 1 1 1 2
left_child=-1 2 3 -2 -4 -3
right_child=1 5 4 -5 -6 -7
leaf_value=-0.031767171767985006 0.032399060498285594 -0.046409603814262158 0.015866737804990292 -0.011374278219574322 -0.027867656668107123 0.022286260634008279
leaf_weight=18.951009519863874 61.330369419185445 9.6903646821156109 58.88829230540432 62.748868690803647 57.362656201701611 0.37015756592154581
leaf_count=4677 2183 584 2174 2192 2187 8
internal_value=-0.00262139 0.000928832 0.00293535 0.0120291 -0.00679063 -0.0420957
internal_weight=269.342 250.391 240.33 124.079 116.251 10.0605
internal_count=14005 9328 8736 4375 4361 592
cat_boundaries=0 1 2 3 4
cat_threshold=48 1 5 10
is_linear=0
shrinkage=0.05


Tree=44
num_leaves=9
num_cat=3
split_feature=0 44 31 4 5 1 42 0
split_gain=12.4854 10.4797 19.5579 25.7738 13.821 12.8354 9.92507 9.06234
threshold=0 45.20000000000001 41.20000000000001 -0.42180583328916638 -0.98212955754013376 1 2.5000000000000004 2
decision_type=1 2 2 2 2 1 2 1
left_child=-1 2 7 -4 5 -3 -6 -2
right_child=1 4 3 -5 6 -7 -8 -9
leaf_value=-0.031437932573049179 0.011827810303918494 -0.029733465535493317 0.11829605128824504 0.0071160542645189104 0.014022168644254132 0.14830331046209866 -0.044715062370544491 -0.0088694365509631324
leaf_weight=18.43201551749371 101.15955291339196 1.3327187579125157 7.8097430039197233 13.106580285588278 9.2211238821037096 1.2573804389685392 26.310333126457408 89.882297453004867
leaf_count=4696 3778 36 206 430 167 37 919 3777
internal_value=-0.000606102 0.00291838 0.00739288 0.052132 -0.0207672 0.0739303 -0.029505 0.00224864
internal_weight=268.512 250.08 211.958 20.9163 38.1216 2.5901 35.5315 191.042
internal_count=14046 9350 8191 636 1159 73 1086 7555
cat_boundaries=0 1 2 3
cat_threshold=48 1 9
is_linear=0
shrinkage=0.05


Tree=45
num_leaves=15
num_cat=3
split_feature=0 37 36 4 34 34 1 34 2 9 1 33 17 17
split_gain=12.3836 25.9215 18.986 20.3015 11.5233 17.436 12.1048 8.57531 14.5415 10.4628 8.13371 13.6051 5.75163 3.03247
threshold=0 66.500000000000014 98.500000000000014 -0.42180583328916638 24.450000000000003 26.550000000000004 1 24.050000000000004 6.5000000000000009 22.450000000000003 2 32.650000000000013 32.600000000000001 23.950000000000006
decision_type=1 2 2 2 2 2 1 2 2 2 1 2 2 2
left_child=4 10 3 -3 7 12 -7 9 -9 -1 11 -2 -6 -4
right_child=1 2 13 -5 5 6 -8 8 -10 -11 -12 -13 -14 -15
leaf_value=0.045332158499314018 -0.048395332160150697 0.16385975027976074 0.041467211686826891 -0.030629747104884017 -0.042294428667850686 0.13235712178813303 -0.029526682394861298 0.003377440393355561 0.068665493483473186 0.00023399063364436102 -0.048352650928704888 0.013109198793772203 -0.0069497567479011799 -0.040211008587498077
leaf_weight=13.841272014193235 14.576426069485022 3.6437195532489568 0.62785541638731945 1.4976627354044447 20.715599739924073 2.2481314428150654 1.3141350541263812 17.808737212326378 15.561563227325676 96.458938016090542 31.34036528528668 20.516097913030535 25.511543091852218 3.5485085649415851
leaf_count=602 1325 255 50 146 777 39 36 488 411 3904 3129 1799 755 336
internal_value=-0.00115199 -0.0169047 0.0551495 0.111443 0.00565006 -0.0145919 0.0792555 0.0131079 0.0349352 0.00624969 -0.0301857 -0.0130711 -0.0233488 -0.0222932
internal_weight=269.211 75.7506 9.31775 5.14138 193.46 49.7894 3.56227 143.671 33.3703 110.3 66.4329 35.0925 46.2271 4.17636
internal_count=14052 7040 787 401 7012 1607 75 5405 899 4506 6253 3124 1532 386
cat_boundaries=0 1 2 3
cat_threshold=11 2 1
is_linear=0
shrinkage=0.05


Tree=46
num_leaves=6
num_cat=1
split_feature=0 4 4 32 43
split_gain=11.4657 7.48587 9.70834 17.134 9.84463
threshold=0 -0.98523971305672664 -0.814291907305839 26.500893000000001 36.250000000000007
decision_type=1 2 2 2 2
left_child=-1 -2 3 -3 -4
right_child=1 2 4 -5 -6
leaf_value=-0.030870719665576224 -0.044843096805251503 -0.038885375555943597 0.0022311698826279112 0.041668479459787411 -0.046952794112876693
leaf_weight=17.576570122269914 7.0623955009505144 7.3668776093982151 195.00404504034668 32.764116320759058 9.7310829963535053
leaf_count=4716 418 486 7561 635 311
internal_value=-0.000845485 0.00248536 0.00412832 0.0262953 -0.000323406
internal_weight=269.505 251.929 244.866 40.131 204.735
internal_count=14127 9411 8993 1121 7872
cat_boundaries=0 1
cat_threshold=48
is_linear=0
shrinkage=0.05


Tree=47
num_leaves=9
num_cat=1
split_feature=2 32 32 35 43 4 1 38
split_gain=9.30359 8.27158 12.521 10.1836 13.0216 11.2685 8.18136 1.90536
threshold=2.5000000000000004 26.500893000000001 25.737797500000003 87.428571500000018 19.600000000000005 -0.96689237009891416 0 5.1419640000000006
decision_type=2 2 2 2 2 2 1 2
left_child=-1 2 6 4 -3 -5 -2 -4
right_child=1 3 7 5 -6 -7 -8 -9
leaf_value=-0.045497288124867696 -0.036189458319160768 0.0087906678416879332 0.026452377329129403 -0.039968054353910112 -0.019527664820842783 0.049044036806925713 0.065023982392959798 -0.047984673825325286
leaf_weight=9.6502182206604612 2.3362340002786395 157.16934720124118 0.29732040688395756 3.4690797142684486 53.615782169392332 20.700347855454311 4.4924740593414754 17.995204359991476
leaf_count=2493 116 6020 10 186 2586 556 114 1961
internal_value=0.000311149 0.00217865 -0.0245301 0.00512619 0.00152936 0.0351876 0.0301973 -0.0454664
internal_weight=269.726 260.076 25.1212 234.955 210.785 24.1694 6.82871 18.2925
internal_count=14042 11549 2201 9348 8606 742 230 1971
cat_boundaries=0 1
cat_threshold=1
is_linear=0
shrinkage=0.05


Tree=48
num_leaves=9
num_cat=1
split_feature=0 17 26 4 5 43 5 5
split_gain=9.94255 6.579 10.5133 23.3347 9.81022 10.8421 8.60293 5.52259
threshold=0 30.050000000000001 16.450000000000003 0.54219432480460406 -0.61236746317008228 18.550000000000004 -0.99465740988130902 -0.98212955754013376
decision_type=1 2 2 2 2 2 2 2
left_child=-1 4 3 -3 7 -6 -4 -2
right_child=1 2 6 -5 5 -7 -8 -9
leaf_value=-0.030338043003849929 0.00088373449973380171 0.0097966864829979045 0.061117550763756669 0.15981604382611694 -0.017007270461455341 0.022707311773288691 0.00089274912881198622 -0.046583018321101538
leaf_weight=16.815919654676691 8.5574532672762889 10.166293000802396 5.1963722053915253 2.5486137010157099 35.88876033690758 31.178616146091372 138.61418015649542 20.261099768802524
leaf_count=4708 292 329 133 68 2134 1018 4585 813
internal_value=-0.00200817 0.00114353 0.00749 0.0493272 -0.00906888 0.0015178 0.0034759 -0.0329312
internal_weight=269.227 252.411 156.525 12.7149 95.8859 67.0674 143.811 28.8186
internal_count=14080 9372 5115 397 4257 3152 4718 1105
cat_boundaries=0 1
cat_threshold=48
is_linear=0
shrinkage=0.05


end of trees

feature_importances:
age_group=55
day_of_year_cos=41
day_of_year_sin=35
temperature_mean_7d=28
month=25
gender=21
temperature_max_7d=19
temperature_min_7d=18
wind_gust_max_current=9
wind_speed_mean_7d=9
temperature_min_3d=8
humidity_min_7d=8
wind_gust_max_7d=7
temperature_mean_3d=6
wind_speed_max_3d=4
rain_max_daily_7d=4
wind_gust_max_3d=3
humidity_max_7d=3
wind_speed_max_7d=3
temperature_max_current=2
temperature_min_current=2
humidity_min_current=2
humidity_min_3d=2
humidity_mean_7d=2
rain_days_7d=2
temperature_mean_current=1
wind_speed_max_current=1
temperature_max_3d=1
rain_sum_7d=1

parameters:
[boosting: gbdt]
[objective: binary]
[metric: binary_logloss]
[tree_learner: serial]
[device_type: cpu]
[data_sample_strategy: bagging]
[data: ]
[valid: ]
[num_iterations: 49]
[learning_rate: 0.05]
[num_leaves: 15]
[num_threads: 8]
[seed: 42]
[deterministic: 0]
[force_col_wise: 0]
[force_row_wise: 0]
[histogram_pool_size: -1]
[max_depth: 4]
[min_data_in_leaf: 20]
[min_sum_hessian_in_leaf: 0.001]
[bagging_fraction: 0.9]
[pos_bagging_fraction: 1]
[neg_bagging_fraction: 1]
[bagging_freq: 1]
[bagging_seed: 400]
[bagging_by_query: 0]
[feature_fraction: 0.9]
[feature_fraction_bynode: 1]
[feature_fraction_seed: 30056]
[extra_trees: 0]
[extra_seed: 12879]
[early_stopping_round: 0]
[early_stopping_min_delta: 0]
[first_metric_only: 0]
[max_delta_step: 0]
[lambda_l1: 0]
[lambda_l2: 1]
[linear_lambda: 0]
[min_gain_to_split: 0]
[drop_rate: 0.1]
[max_drop: 50]
[skip_drop: 0.5]
[xgboost_dart_mode: 0]
[uniform_drop: 0]
[drop_seed: 17869]
[top_rate: 0.2]
[other_rate: 0.1]
[min_data_per_group: 100]
[max_cat_threshold: 32]
[cat_l2: 10]
[cat_smooth: 10]
[max_cat_to_onehot: 4]
[top_k: 20]
[monotone_constraints: ]
[monotone_constraints_method: basic]
[monotone_penalty: 0]
[feature_contri: ]
[forcedsplits_filename: ]
[refit_decay_rate: 0.9]
[cegb_tradeoff: 1]
[cegb_penalty_split: 0]
[cegb_penalty_feature_lazy: ]
[cegb_penalty_feature_coupled: ]
[path_smooth: 0]
[interaction_constraints: ]
[verbosity: -1]
[saved_feature_importance_type: 0]
[use_quantized_grad: 0]
[num_grad_quant_bins: 4]
[quant_train_renew_leaf: 0]
[stochastic_rounding: 1]
[linear_tree: 0]
[max_bin: 255]
[max_bin_by_feature: ]
[min_data_in_bin: 3]
[bin_construct_sample_cnt: 200000]
[data_random_seed: 175]
[is_enable_sparse: 1]
[enable_bundle: 1]
[use_missing: 1]
[zero_as_missing: 0]
[feature_pre_filter: 1]
[pre_partition: 0]
[two_round: 0]
[header: 0]
[label_column: ]
[weight_column: ]
[group_column: ]
[ignore_column: ]
[categorical_feature: 0,1,3]
[forcedbins_filename: ]
[precise_float_parser: 0]
[parser_config_file: ]
[objective_seed: 16083]
[num_class: 1]
[is_unbalance: 0]
[scale_pos_weight: 1]
[sigmoid: 1]
[boost_from_average: 1]
[reg_sqrt: 0]
[alpha: 0.9]
[fair_c: 1]
[poisson_max_delta_step: 0.7]
[tweedie_variance_power: 1.5]
[lambdarank_truncation_level: 30]
[lambdarank_norm: 1]
[label_gain: ]
[lambdarank_position_bias_regularization: 0]
[eval_at: ]
[multi_error_top_k: 1]
[auc_mu_weights: ]
[num_machines: 1]
[local_listen_port: 12400]
[time_out: 120]
[machine_list_filename: ]
[machines: ]
[gpu_platform_id: -1]
[gpu_device_id: -1]
[gpu_device_id_list: ]
[gpu_use_dp: 0]
[num_gpu: 1]

end of parameters

pandas_categorical:[]
