tree
version=v4
num_class=1
num_tree_per_iteration=1
label_index=0
max_feature_idx=44
objective=binary sigmoid:1
feature_names=age_group gender month season day_of_year_sin day_of_year_cos weather_code_current temperature_mean_current temperature_max_current temperature_min_current humidity_mean_current humidity_max_current humidity_min_current wind_speed_mean_current wind_speed_max_current precipitation_sum_current rain_sum_current wind_gust_max_current rain_day_current temperature_mean_3d temperature_max_3d temperature_min_3d humidity_mean_3d humidity_max_3d humidity_min_3d wind_speed_mean_3d wind_speed_max_3d precipitation_sum_3d rain_sum_3d rain_days_3d rain_max_daily_3d wind_gust_max_3d temperature_mean_7d temperature_max_7d temperature_min_7d humidity_mean_7d humidity_max_7d humidity_min_7d wind_speed_mean_7d wind_speed_max_7d precipitation_sum_7d rain_sum_7d rain_days_7d rain_max_daily_7d wind_gust_max_7d
feature_infos=-1:0:1:2:3:4:5 -1:0:1 [1:12] -1:1:0 [-0.99999942202469239:0.99998555065071859] [-0.99997919295908244:0.9999907524084426] [0:61] [23.658332999999999:32.533332999999999] [25.899999999999999:39.200000000000003] [17.899999999999999:29.300000000000001] [48.958333000000003:91.625] [63:100] [23:86] [2.8541669999999999:19.695833] [6.4000000000000004:30.100000000000001] [0:63.100000000000001] [0:63.100000000000001] [14:56.899999999999999] [0:1] [23.766667000000002:32.427778000000004] [27.699999999999999:39.200000000000003] [17.899999999999999:28.100000000000001] [52.569443999999997:90.694444000000004] [73:100] [23:79] [4.125:17.329167000000002] [9.6999999999999993:30.100000000000001] [0:93.900000000000006] [0:93.900000000000006] [0:3] [0:63.100000000000001] [17.300000000000001:56.899999999999999] [24.365476000000001:32.235118999999997] [28.699999999999999:39.200000000000003] [17.899999999999999:27.5] [55.767856999999999:89.523809999999997] [77:100] [23:72] [4.5327380000000002:15.469643] [11.6:30.100000000000001] [0:163.90000000000001] [0:163.90000000000001] [0:7] [0:63.100000000000001] [23:56.899999999999999]
tree_sizes=1493 1622 1735 1425 1627 1534 1536 1100 1545 1214 1212 1417 1208 1222 1115 1214 1322 995 1400 1515 1119 1214 998 1220 1623 1094 703 1396 1114 703 1324 805 1089 703 1707 1078 792 1013 703 1530 1105 1731 984 1622 1330 795 702 1017 915 1441 802 700 1098 1436 1005 1409 701 1318 1397 1426 708 794 1524 1646 1728 797 775 1106

Tree=0
num_leaves=13
num_cat=1
split_feature=0 2 5 20 38 4 19 4 43 5 4 4
split_gain=120.136 104.294 221.209 98.2377 27.7413 44.2513 28.109 10.3021 23.9135 29.2113 8.35443 50.501
threshold=0 2.5000000000000004 0.86869874770991873 35.550000000000004 8.1238095000000019 0.19337368024598431 30.368750000000002 -0.94705910369513513 20.600000000000005 -0.091258822863740582 0.45273815774107123 0.65883702558178847
decision_type=1 2 2 2 2 2 2 2 2 2 2 2
left_child=1 2 3 -1 5 -3 -6 8 9 -2 -9 -12
right_child=7 4 -4 -5 6 -7 -8 10 -10 -11 11 -13
leaf_value=-3.9160885484398595 -4.2179054064369881 -4.4045465181322747 -4.4706586447588528 -4.4323660042878759 -4.4567480581723533 -4.2482295412711348 -4.3016964248712686 -4.4787105659753097 -4.4723699298980826 -4.4617855955803174 -4.3533979593201959 -4.4781130941720964
leaf_weight=3.7037143036723119 1.6771536469459536 16.328954257071022 4.658760130405426 1.1297493316233156 20.906186085194353 5.4856900535523883 2.3759676665067664 55.893474664539099 5.998153667896986 1.8402102515101413 9.7018679715692979 33.030609324574471
leaf_count=318 144 1402 400 97 1795 471 204 4799 515 158 833 2836
internal_value=-4.4286 -4.3743 -4.22221 -4.01665 -4.39824 -4.35904 -4.43633 -4.45856 -4.41297 -4.32451 -4.46604 -4.44872
internal_weight=162.73 54.589 9.49222 4.83346 45.0968 21.8146 23.2822 108.141 9.51552 3.51736 98.626 42.7325
internal_count=13972 4687 815 415 3872 1873 1999 9285 817 302 8468 3669
cat_boundaries=0 1
cat_threshold=9
is_linear=0
shrinkage=1


Tree=1
num_leaves=14
num_cat=2
split_feature=0 4 4 40 33 38 4 43 1 17 43 43 4
split_gain=113.231 87.5329 111.192 55.5463 21.4225 26.012 10.9226 21.5063 25.7207 8.8091 7.17046 26.8279 2.88703
threshold=0 0.2603727204637144 0.93237596376505805 1.6500000000000001 31.550000000000004 8.1238095000000019 -0.94705910369513513 20.600000000000005 1 20.000000000000004 35.600000000000001 36.250000000000007 0.45273815774107123
decision_type=1 2 2 2 2 2 2 2 1 2 2 2 2
left_child=1 4 3 -3 5 -1 7 8 -2 -6 12 -12 -8
right_child=6 2 -4 -5 9 -7 10 -9 -10 -11 11 -13 -14
leaf_value=0.13102439489923762 -0.032978900319117897 0.039971510288218479 -0.044518413268262301 0.22386892892475233 0.07527845402265361 -0.038585346885730357 -0.049629035565696131 -0.043028381009617631 0.19031256144336212 -0.036572001635814776 0.19005062037790404 -0.040917284502344983 -0.029625964370567984
leaf_weight=4.5088968370109823 1.86466585844755 6.1730422154069009 7.3075462495908132 15.207781736738978 0.99071220960468309 3.2169903805479407 52.888908097520471 5.7046899143606424 1.907580716535449 20.429064108990133 0.66453478112816711 4.2208479158580303 37.201717326417565
leaf_count=378 146 450 617 1110 83 284 4767 511 149 1747 53 355 3275
internal_value=-0.000383212 0.0504189 0.119417 0.174933 -0.00247997 0.0640721 -0.0306022 0.0162627 0.096155 -0.0282717 -0.0385877 0.0174539 -0.041785
internal_weight=162.287 57.834 28.6884 21.3808 29.1457 7.72589 104.453 9.47694 3.77225 21.4198 94.976 4.88538 90.0906
internal_count=13925 4669 2177 1560 2492 662 9256 806 295 1830 8450 408 8042
cat_boundaries=0 1 2
cat_threshold=9 1
is_linear=0
shrinkage=0.05


Tree=2
num_leaves=15
num_cat=2
split_feature=0 20 37 2 39 35 43 0 32 5 5 31 5 33
split_gain=92.6204 36.4444 47.1643 39.1795 17.7354 29.231 21.1304 7.8872 29.9353 49.1091 17.9082 6.27568 4.01351 19.2161
threshold=0 33.150000000000013 30.500000000000004 2.5000000000000004 15.750000000000002 84.306547500000008 36.250000000000007 1 26.489881000000004 -0.099822328936730778 0.75438814418115718 34.000000000000007 -0.75013812021657655 34.550000000000004
decision_type=1 2 2 2 2 2 2 1 2 2 2 2 2 2
left_child=1 4 11 -4 5 -1 -6 8 9 -2 -10 -3 13 -9
right_child=7 2 3 -5 6 -7 -8 12 10 -11 -12 -13 -14 -15
leaf_value=0.17842805924718583 0.28460911033912534 0.06669395742466043 0.22230605601408904 0.068249901771544871 -0.0089740830654942219 -0.035052781763526684 0.1380426160257929 -0.033475449306887756 -0.047777159183310165 -0.0086373936329953282 0.067055656368938399 -0.042711694891500757 -0.049683983084094496 0.15506364916871773
leaf_weight=2.931404977105557 1.2390675246715543 0.70895732752979057 6.8703245036304024 11.614207967184482 30.208170602098111 2.2364070285111666 1.6521063018590201 19.519735076464716 17.191552016884092 3.7848514178767827 3.2556469142436972 5.3644501166418195 56.681880560703576 0.46155918762087722
leaf_count=229 104 48 398 859 2464 162 113 1794 1586 352 294 428 5202 38
internal_value=-0.00113669 0.0430764 0.0959655 0.13398 0.0177255 0.0953382 0.00261833 -0.0292925 0.000333274 0.0989274 -0.0272192 -0.0223173 -0.0379423 -0.0219373
internal_weight=163.72 61.586 24.5579 18.4845 37.0281 5.16781 31.8603 102.134 25.4711 5.02392 20.4472 6.07341 76.6632 19.9813
internal_count=14071 4701 1733 1257 2968 391 2577 9370 2336 456 1880 476 7034 1832
cat_boundaries=0 1 2
cat_threshold=9 4
is_linear=0
shrinkage=0.05


Tree=3
num_leaves=12
num_cat=1
split_feature=0 2 4 37 4 2 25 43 43 34 10
split_gain=77.6962 47.4438 88.3867 54.5678 37.9263 62.3879 32.8292 11.2122 26.9121 0.934068 3.31324
threshold=0 2.5000000000000004 0.45273815774107123 32.500000000000007 -0.94705910369513513 9.5000000000000018 5.5895835000000007 35.600000000000001 36.250000000000007 24.150000000000002 84.500000000000014
decision_type=1 2 2 2 2 2 2 2 2 2 2
left_child=1 2 -1 -4 5 -3 -6 9 -9 -2 -11
right_child=7 4 3 -5 6 -7 -8 8 -10 10 -12
leaf_value=-0.044058824982253102 -0.049506102747384498 0.23112313293007608 0.032426942175673414 0.2460503704881295 0.11907630732497408 -0.03909822264540519 -0.010677132779011743 0.21192840826373974 -0.037725673771652889 -0.047054422968211045 -0.0061692113035640454
leaf_weight=6.6966844620183137 48.106217548251152 3.7930430937558404 5.0115229832008463 7.9174635764211416 4.3054532501846543 3.403575343079865 59.066207291558385 0.52562545984983389 2.93737858440727 13.553490445017816 8.0268717622384411
leaf_count=548 4624 304 322 380 337 300 4884 36 266 1316 763
internal_value=-0.000126354 0.0294089 0.0993894 0.171519 0.0129391 0.114146 -0.00014884 -0.0356124 0.0391627 -0.0448678 -0.0327938
internal_weight=163.344 90.194 19.6257 12.929 70.5683 7.19662 63.3717 73.1496 3.463 69.6866 21.5804
internal_count=14080 7075 1250 702 5825 604 5221 7005 302 6703 2079
cat_boundaries=0 1
cat_threshold=13
is_linear=0
shrinkage=0.05


Tree=4
num_leaves=14
num_cat=2
split_feature=0 4 5 39 5 33 4 39 4 5 1 4 4
split_gain=79.201 38.5189 64.9447 41.1638 40.667 21.7267 30.1786 14.9814 9.31073 18.3636 22.9401 9.12445 48.5517
threshold=0 0.19337368024598431 -0.82413948779581736 23.450000000000003 0.51849435583340198 31.550000000000004 -0.96689237009891416 15.550000000000002 -0.94705910369513513 -0.091258822863740582 1 0.45273815774107123 0.65233619298682533
decision_type=1 2 2 2 2 2 2 2 2 2 1 2 2
left_child=1 5 3 -3 -4 6 -1 -7 9 10 -2 -10 -13
right_child=8 2 4 -5 -6 7 -8 -9 11 -11 -12 12 -14
leaf_value=0.19215327388187753 -0.033795113815923122 0.27883120626925795 -0.006699028522919025 -0.027289989703545976 0.10342370099500138 0.075728761841144868 0.00230342081427104 -0.042722988856252669 -0.049479245492157528 -0.042651112197514454 0.168493430323993 0.075448336572509475 -0.048816114443950905
leaf_weight=2.0907045202329755 1.9976752866059542 4.4616647167131296 17.187361202202737 1.1652702102437613 15.158061468973754 2.1699693836271789 6.5627487776801008 18.130520319566131 48.062451259233057 5.406396830454467 2.1952770436182618 9.711918259970842 28.769001421518624
leaf_count=147 157 263 1268 85 707 169 511 1574 4841 519 153 799 2873
internal_value=0.000843475 0.0391028 0.0773133 0.220885 0.0464618 0.00113688 0.0633254 -0.0271006 -0.0271483 0.0154572 0.0841672 -0.0350978 -0.0163373
internal_weight=163.069 66.9263 37.9724 5.62693 32.3454 28.9539 8.65345 20.3005 96.1427 9.59935 4.19295 86.5434 38.4809
internal_count=14066 4724 2323 348 1975 2401 658 1743 9342 829 310 8513 3672
cat_boundaries=0 1 2
cat_threshold=9 1
is_linear=0
shrinkage=0.05


Tree=5
num_leaves=13
num_cat=1
split_feature=0 4 4 5 4 39 33 4 43 43 4 4
split_gain=79.6904 41.5837 50.5854 40.16 18.6809 27.7776 23.1125 7.82535 14.8191 18.081 7.02275 32.9001
threshold=0 0.19337368024598431 0.93845596220871974 0.86869874770991873 -0.97113884758256674 15.750000000000002 31.550000000000004 -0.94705910369513513 20.600000000000005 17.750000000000004 0.45273815774107123 0.65883702558178847
decision_type=1 2 2 2 2 2 2 2 2 2 2 2
left_child=1 4 3 -3 6 -6 -1 8 9 -2 -9 -12
right_child=7 2 -4 -5 5 -7 -8 10 -10 -11 11 -13
leaf_value=0.16787055698932704 -0.033780788545252384 0.1193971566960927 -0.044105935949243703 -0.040597974778206453 0.083454874620479763 -0.045792139144146135 -0.033975203392465 -0.049405940278583256 -0.042548999884514126 0.14277555412785803 0.051100194372824453 -0.048682942886775861
leaf_weight=2.2036925964057472 1.9999539470300058 29.766991348005831 6.8009051680564871 3.9992942437529555 4.2215930139645961 20.009677952155471 2.0397931281477213 45.810933111235499 5.3274378282949328 2.3596180379390717 10.79648440517485 26.984024976380169
leaf_count=129 164 1447 594 282 295 1788 169 4842 524 142 832 2833
internal_value=0.000437823 0.0379136 0.0752147 0.0998246 -0.00311394 -0.0208595 0.0828701 -0.028416 0.0102091 0.0705897 -0.036319 -0.0195857
internal_weight=162.32 69.0419 40.5672 33.7663 28.4748 24.2313 4.24349 93.2785 9.68701 4.35957 83.5914 37.7805
internal_count=14041 4704 2323 1729 2381 2083 298 9337 830 306 8507 3665
cat_boundaries=0 1
cat_threshold=9
is_linear=0
shrinkage=0.05


Tree=6
num_leaves=13
num_cat=1
split_feature=4 4 5 19 4 1 32 19 38 34 5 19
split_gain=28.5716 41.3049 27.719 35.9246 25.3965 36.4828 53.9115 17.3085 34.0455 13.8269 34.7367 3.32863
threshold=0.19337368024598431 0.85673801594079257 0.89309379682046119 28.572917000000004 -0.94705910369513513 0 26.489881000000004 30.368750000000002 11.480357000000003 22.250000000000004 0.89691351184655443 28.295139000000002
decision_type=2 2 2 2 2 1 2 2 2 2 2 2
left_child=4 2 3 -2 5 -1 -7 -3 -9 10 -6 -11
right_child=1 7 -4 -5 9 6 -8 8 -10 11 -12 -13
leaf_value=-0.044657975776935949 0.078407357445401407 -0.048404551545079555 -0.044440053637553496 -0.013747854384317096 0.14454309620389058 0.19768954561138255 -0.039786868751368734 0.19156040965008014 -0.039827934466868331 -0.049469010168074021 -0.043994248206961489 0.024425875293669633
leaf_weight=7.4010057700797898 40.289786969311535 22.682752464897934 7.2668830351904026 13.856045301072298 2.5897296182811242 4.6346062384545785 3.6573528703302145 1.4793704971671093 3.7103414880111814 47.705826323479414 6.7243959978222847 1.0081880288198579
leaf_count=621 2457 2251 703 1035 232 316 303 120 355 4916 674 100
internal_value=0.00109075 0.0200121 0.0427125 0.055003 -0.0217864 0.0331534 0.099936 -0.0297518 0.0464232 -0.0369542 0.0173589 -0.0474791
internal_weight=163.006 89.2852 61.4127 54.1458 73.7211 15.693 8.29196 27.8725 5.18971 58.0281 9.31413 48.714
internal_count=14083 6921 4195 3492 7162 1240 619 2726 475 5922 906 5016
cat_boundaries=0 1
cat_threshold=1
is_linear=0
shrinkage=0.05


Tree=7
num_leaves=9
num_cat=2
split_feature=0 5 5 35 39 5 4 1
split_gain=68.6961 28.1123 55.9713 48.6502 27.9687 4.44469 17.359 17.8915
threshold=0 0.89309379682046119 0.53312596302726967 82.619047500000008 23.150000000000002 -0.75013812021657655 0.46800856592688467 1
decision_type=1 2 2 2 2 2 2 1
left_child=1 2 4 -4 -1 6 -2 -8
right_child=5 -3 3 -5 -6 -7 7 -9
leaf_value=0.031270048428429661 -0.04694951009981134 -0.046160305336779117 0.1327723187335999 -0.041312488203866245 -0.044452380262610287 -0.049460780385401949 0.13502729553267337 -0.035449688275263985
leaf_weight=46.505720929242671 13.396927361376585 10.402671443298457 19.866520686075095 4.4693757388740769 15.450348913669584 47.956290532834828 2.2332239346578708 2.3105288287624717
leaf_count=3427 1513 931 756 424 1478 5210 151 156
internal_value=-3.47677e-05 0.0257435 0.0377903 0.100432 0.0119806 -0.0361279 -0.0188331 0.0575813
internal_weight=162.592 96.6946 86.292 24.3359 61.9561 65.897 17.9407 4.54375
internal_count=14046 7016 6085 1180 4905 7030 1820 307
cat_boundaries=0 1 2
cat_threshold=13 1
is_linear=0
shrinkage=0.05


Tree=8
num_leaves=13
num_cat=1
split_feature=0 39 44 34 5 5 38 43 43 5 4 38
split_gain=54.7158 25.2883 41.0639 31.3086 29.0993 13.8002 11.0207 9.3747 20.6883 2.01234 20.4481 0.690918
threshold=0 23.150000000000002 38.70000000000001 22.250000000000004 -0.94703994556331683 0.60383265664488517 11.120238000000002 35.600000000000001 36.250000000000007 -0.75013812021657655 0.58481550752069722 8.2080355000000012
decision_type=1 2 2 2 2 2 2 2 2 2 2 2
left_child=1 2 3 -1 -4 11 -7 9 -9 10 -2 -3
right_child=7 5 4 -5 -6 6 -8 8 -10 -11 -12 -13
leaf_value=0.074351607177471898 -0.043661719994827236 -0.0037693994480684531 -0.037527888641713941 -0.0060319891075737379 0.12444462821164984 -0.016749581042235184 0.10993051322103625 0.16395886618804831 -0.038304245238554135 -0.049357498664993268 0.12995296805225764 -0.047502796065966468
leaf_weight=15.70729066710919 13.791708231903609 1.1472874544560969 2.8355828672647503 43.585161627270281 16.082193242385983 3.3639617674052706 2.0895180348306894 0.86466339603066389 3.1066425405442715 44.383498500101268 0.94057091791182834 15.344363042153416
leaf_count=900 1589 101 226 3164 958 183 49 38 272 5055 59 1477
internal_value=-0.000292706 0.0219257 0.0373073 0.0161426 0.0995014 -0.0225738 0.0413014 -0.0335448 0.0298566 -0.0438099 -0.0250217 -0.0448498
internal_weight=163.242 100.155 78.2102 59.2925 18.9178 21.9451 5.45348 63.0871 3.97131 59.1158 14.7323 16.4917
internal_count=14071 7058 5248 4064 1184 1810 232 7013 310 6703 1648 1578
cat_boundaries=0 1
cat_threshold=13
is_linear=0
shrinkage=0.05


Tree=9
num_leaves=10
num_cat=1
split_feature=0 5 2 39 37 43 43 5 5
split_gain=58.4673 24.5299 34.3222 26.4882 24.3471 4.97351 10.4918 0.799417 6.03678
threshold=0 0.89309379682046119 2.5000000000000004 23.150000000000002 32.500000000000007 35.600000000000001 36.250000000000007 -0.7614016681079937 -0.8142754349318998
decision_type=1 2 2 2 2 2 2 2 2
left_child=1 2 4 -4 -1 7 -7 8 -2
right_child=5 -3 3 -5 -6 6 -8 -9 -10
leaf_value=0.0095559423155619008 -0.042817443208434468 -0.046098729827166937 0.03055725985604113 -0.043903186836032754 0.12253587900903905 0.10459786186753856 -0.037815582451938445 -0.049301411344323337 0.041190603359038597
leaf_weight=7.224056804552677 12.181265705265103 10.243946666829286 55.491613438352942 14.21017349231988 14.139953274279831 0.9319723211228842 2.9554653130471706 42.919862098060548 1.7284258306026448
leaf_count=321 1455 918 3946 1493 356 35 268 5114 157
internal_value=-0.00055766 0.0220275 0.032501 0.0149707 0.0864682 -0.035763 0.0107422 -0.0452591 -0.030316
internal_weight=162.027 101.31 91.0658 69.7018 21.364 60.717 3.88744 56.8296 13.9097
internal_count=14063 7034 6116 5439 677 7029 303 6726 1612
cat_boundaries=0 1
cat_threshold=13
is_linear=0
shrinkage=0.05


Tree=10
num_leaves=10
num_cat=1
split_feature=0 5 5 2 42 43 43 31 44
split_gain=56.8036 24.3142 33.2683 20.4857 20.3689 9.1572 15.6954 1.1765 5.26223
threshold=0 0.89309379682046119 0.75438814418115718 9.5000000000000018 6.5000000000000009 35.600000000000001 36.250000000000007 41.600000000000001 42.650000000000006
decision_type=1 2 2 2 2 2 2 2 2
left_child=1 2 3 -1 -4 7 -7 -2 -9
right_child=5 -3 4 -5 -6 6 -8 8 -10
leaf_value=0.029853392228153315 -0.048307324013789704 -0.045896273606511759 0.12543728398866447 -0.04574438297036288 -0.033532598477959363 0.13006958808275459 -0.037728412241478694 0.038508634301433996 -0.043464737233185877
leaf_weight=70.577207570895553 46.19616331346333 9.8194432314485294 11.958958119153973 9.3394442750141007 1.9511602194979794 1.210725737735628 2.9339356757700443 1.8124898630194346 6.2688216841779649
leaf_count=4746 5713 922 386 801 161 41 277 190 807
internal_value=0.00211831 0.0234971 0.0336448 0.0205625 0.102385 -0.0338282 0.027043 -0.0450012 -0.0228637
internal_weight=162.068 103.646 93.8268 79.9167 13.9101 58.4221 4.14466 54.2775 8.08131
internal_count=14044 7016 6094 5547 547 7028 318 6710 997
cat_boundaries=0 1
cat_threshold=13
is_linear=0
shrinkage=0.05


Tree=11
num_leaves=12
num_cat=2
split_feature=0 20 4 5 36 24 4 4 1 4 43
split_gain=47.9675 20.411 26.4962 19.1373 17.8392 15.8909 5.9214 33.1279 45.104 10.2203 3.9703
threshold=0 33.350000000000001 0.93845596220871974 0.86004965528756494 98.500000000000014 67.500000000000014 0.65883702558178847 0.45273815774107123 1 -0.94705910369513513 36.70000000000001
decision_type=1 2 2 2 2 2 2 2 1 2 2
left_child=1 4 3 -3 10 -6 7 9 -9 -2 -1
right_child=6 2 -4 -5 5 -7 -8 8 -10 -11 -12
leaf_value=-0.037012840262734152 0.0091044941823546274 0.089344082800954058 -0.04200395196492223 -0.037366075455631108 0.053242222514429373 -0.031243154617201552 -0.048336905027522512 0.13234032910275739 -0.04384035545704465 -0.049094681790284117 0.035588273506835764
leaf_weight=16.581229558214549 9.0323320073075575 26.540193251334134 4.9289506403729311 2.7909993370994917 21.083915679715577 6.6989344330504528 22.995731923729181 6.6419439101591689 6.2051618341356516 37.474572161212564 1.3155820434913028
leaf_count=1069 833 891 491 221 1454 481 2835 418 420 4861 60
internal_value=0.00107059 0.0267957 0.0587025 0.0764526 0.00786068 0.0324936 -0.0242312 -0.0182605 0.0502243 -0.0378378 -0.0300751
internal_weight=162.29 79.9398 34.2601 29.3312 45.6797 27.7829 82.3497 59.354 12.8471 46.5069 17.8968
internal_count=14034 4667 1603 1112 3064 1935 9367 6532 838 5694 1129
cat_boundaries=0 1 2
cat_threshold=9 1
is_linear=0
shrinkage=0.05


Tree=12
num_leaves=10
num_cat=2
split_feature=0 5 9 43 0 43 43 5 4
split_gain=43.27 17.9363 26.189 28.3297 20.9168 8.83076 13.3201 0.91542 12.9943
threshold=0 0.90070004940655357 24.350000000000005 23.100000000000005 1 35.600000000000001 36.250000000000007 -0.75013812021657655 0.58481550752069722
decision_type=1 2 2 2 1 2 2 2 2
left_child=1 2 3 -1 -4 7 -7 8 -2
right_child=5 -3 4 -5 -6 6 -8 -9 -10
leaf_value=0.070000181636648867 -0.046391315529376143 -0.045401283356697526 0.032030233172916776 -0.022933999643110575 -0.022436063166602141 0.11439395672001203 -0.037208998186631079 -0.049082543412322516 0.087590246521984702
leaf_weight=39.182844564784318 11.603488502558319 8.8254143674857897 19.177340264432132 9.7798419594764692 31.387282758951187 1.4162637256085862 2.778589750174433 37.25879856897518 1.1714106667786826
leaf_count=1867 1572 877 1170 713 2380 40 267 5042 61
internal_value=-8.86491e-06 0.0178888 0.0256763 0.05135 0.000302213 -0.0327545 0.0261429 -0.0445262 -0.0286389
internal_weight=162.581 108.353 99.5273 48.9627 50.5646 54.2286 4.19485 50.0337 12.7749
internal_count=13989 7007 6130 2580 3550 6982 307 6675 1633
cat_boundaries=0 1 2
cat_threshold=13 8
is_linear=0
shrinkage=0.05


Tree=13
num_leaves=10
num_cat=1
split_feature=0 5 5 37 44 43 43 5 5
split_gain=37.0277 15.3986 21.5696 18.6668 11.8818 8.66329 11.7411 0.982285 5.27273
threshold=0 0.90070004940655357 0.75438814418115718 32.500000000000007 31.500000000000004 35.600000000000001 36.250000000000007 -0.75013812021657655 -0.77788789561442695
decision_type=1 2 2 2 2 2 2 2 2
left_child=1 2 4 -4 -1 7 -7 8 -2
right_child=5 -3 3 -5 -6 6 -8 -9 -10
leaf_value=-0.045080465551089889 -0.038240419322110544 -0.045188163586550159 -0.015188625183724842 0.098455271018438512 0.016808679314881593 0.10408596277744975 -0.036705922125010441 -0.049014598831597173 0.05290892324837574
leaf_weight=7.6418032981455317 11.358341117389498 8.4747301898896676 4.5192268807441023 13.220781800337134 77.55018011527136 1.5734780058264721 2.6464060256257653 35.857667848933488 0.93548291642218728
leaf_count=500 1554 881 161 436 5086 40 265 5089 74
internal_value=-0.00135847 0.0148593 0.0216202 0.0702391 0.0107985 -0.0322343 0.0256746 -0.0442865 -0.0278463
internal_weight=163.778 111.407 102.932 17.74 85.192 52.3714 4.21988 48.1515 12.2938
internal_count=14086 7064 6183 597 5586 7022 305 6717 1628
cat_boundaries=0 1
cat_threshold=13
is_linear=0
shrinkage=0.05


Tree=14
num_leaves=9
num_cat=1
split_feature=0 40 4 4 32 22 13 12
split_gain=35.4959 20.8684 35.73 35.8143 30.9488 2.03723 2.06297 1.86297
threshold=0 1.6500000000000001 0.19337368024598431 0.63920241694561786 26.520535500000005 55.94444450000001 10.443750000000003 50.500000000000007
decision_type=1 2 2 2 2 2 2 2
left_child=-1 5 4 -4 -3 6 -2 -7
right_child=1 2 3 -5 -6 7 -8 -9
leaf_value=-0.038003388442882605 -0.021336075156311918 0.040072989419792468 0.092324213119983872 0.014011616122145673 -0.040525866610732583 -0.036635965746131635 0.065132249232426512 0.016433069039353623
leaf_weight=33.563585121184587 0.72063364461064583 18.78305409103632 25.683758202008903 33.188434726558626 29.001149591989815 19.591594614088539 0.29862144682556391 1.2403505383990694
leaf_count=4679 67 1438 1188 1993 3054 1509 14 110
internal_value=0.000958244 0.0132597 0.0234035 0.0491479 -0.008672 -0.0293073 0.023707 -0.0328682
internal_weight=162.071 128.508 106.656 58.8722 47.7842 21.8512 1.01926 20.8319
internal_count=14052 9373 7673 3181 4492 1700 81 1619
cat_boundaries=0 1
cat_threshold=18
is_linear=0
shrinkage=0.05


Tree=15
num_leaves=10
num_cat=2
split_feature=0 4 8 4 0 43 43 5 4
split_gain=31.1166 15.1994 22.1952 22.2701 20.3888 7.86311 11.0082 1.78058 11.1289
threshold=0 0.93845596220871974 33.250000000000007 -0.94705910369513513 1 35.600000000000001 36.250000000000007 -0.75013812021657655 0.46800856592688467
decision_type=1 2 2 2 1 2 2 2 2
left_child=1 2 3 -1 -4 7 -7 8 -2
right_child=5 -3 4 -5 -6 6 -8 -9 -10
leaf_value=0.068356423129860414 -0.045625678553940952 -0.045393495107893617 0.076458390455942604 -0.0079401903751181099 -0.0034371909931718765 0.097064583706592322 -0.036904776571024873 -0.048891326390799239 0.063302332599371902
leaf_weight=10.301258612889795 9.6972239292226714 8.8558013346046192 13.99304991401732 61.332837447989732 19.205184718593955 1.6915802098810662 2.7019579391926527 33.402063765097409 2.0712817255407563
leaf_count=613 1507 908 453 4195 873 39 280 5102 124
internal_value=-0.00130091 0.0131311 0.019698 0.00382161 0.0528421 -0.0305622 0.0231086 -0.0427894 -0.0229979
internal_weight=163.252 113.688 104.832 71.6341 33.1982 49.5641 4.39354 45.1706 11.7685
internal_count=14094 7042 6134 4808 1326 7052 319 6733 1631
cat_boundaries=0 1 2
cat_threshold=13 8
is_linear=0
shrinkage=0.05


Tree=16
num_leaves=11
num_cat=2
split_feature=0 39 5 42 5 37 5 4 1 38
split_gain=34.4719 17.6216 18.8789 23.1486 12.3981 7.19025 7.12716 16.1677 15.1157 0.638493
threshold=0 23.150000000000002 0.90070004940655357 6.5000000000000009 0.60383265664488517 32.500000000000007 -0.75013812021657655 0.46800856592688467 1 8.2080355000000012
decision_type=1 2 2 2 2 2 2 2 1 2
left_child=1 2 3 -1 9 -6 7 -2 -9 -3
right_child=6 4 -4 -5 5 -7 -8 8 -10 -11
leaf_value=0.063071642828786079 -0.045461363822139389 -0.0048882147105608759 -0.044565844680170469 0.010803873352830912 -0.034415206855838321 0.063782138925661633 -0.048846156698497761 0.11128429739878448 -0.035666345089109736 -0.047362873969627677
leaf_weight=37.495808098465204 9.3653412447310966 1.1982161803171063 7.5002533672377458 48.23924520611763 2.0356848090887061 4.5596996527165174 32.694021665956825 3.3067962424829593 2.3053601142019033 14.557079896796493
leaf_count=1439 1524 101 804 3019 114 117 5223 153 150 1487
internal_value=0.00199718 0.0164608 0.0273905 0.0341266 -0.0213029 0.0329326 -0.0299235 -0.00687428 0.0546552 -0.0446171
internal_weight=163.258 115.586 93.2353 85.7351 22.3507 6.59538 47.6715 14.9775 5.61216 15.7553
internal_count=14131 7081 5262 4458 1819 231 7050 1827 303 1588
cat_boundaries=0 1 2
cat_threshold=13 1
is_linear=0
shrinkage=0.05


Tree=17
num_leaves=8
num_cat=2
split_feature=0 4 4 43 4 1 44
split_gain=30.01 17.4937 25.5487 20.7823 19.2888 30.1211 15.5874
threshold=0 0.19337368024598431 0.93845596220871974 0.75000000000000011 -0.94705910369513513 1 29.700000000000003
decision_type=1 2 2 2 2 1 2
left_child=-1 4 3 -3 5 -2 -6
right_child=1 2 -4 -5 6 -7 -8
leaf_value=-0.036986479042948828 -0.043201697349101634 -0.0144353575218302 -0.045821439202926979 0.050477202090922185 0.032153157093903532 0.10212340492595003 -0.045532185064225142
leaf_weight=30.192926481831819 5.5647603645920736 15.185425837058572 9.8693058928474766 56.853156865574419 7.4382253214716902 7.1511748400516808 29.210673542693257
leaf_count=4697 403 943 1183 2491 640 415 3280
internal_value=0.000674414 0.011479 0.0263977 0.0367836 -0.011028 0.0400131 -0.02933
internal_weight=161.466 131.273 81.9079 72.0386 49.3648 12.7159 36.6489
internal_count=14052 9355 4617 3434 4738 818 3920
cat_boundaries=0 1 2
cat_threshold=18 1
is_linear=0
shrinkage=0.05


Tree=18
num_leaves=12
num_cat=3
split_feature=0 20 38 35 7 4 5 1 1 4 25
split_gain=28.6517 14.3499 15.6662 41.2887 13.7147 7.15031 13.4962 12.9293 9.23959 16.403 1.76776
threshold=0 30.950000000000003 6.3586310000000017 84.452381000000017 30.522916500000004 -0.94705910369513513 -0.091258822863740582 1 2 0.45273815774107123 13.587500000000002
decision_type=1 2 2 2 2 2 2 1 1 2 2
left_child=1 10 3 -3 -4 6 7 -2 9 -7 -1
right_child=5 2 4 -5 -6 8 -8 -9 -10 -11 -12
leaf_value=-0.045124000120618624 -0.030947406931645896 0.15638820640551002 0.012579328742937743 -0.040091305068176653 0.1024951985504957 -0.047232694323354696 -0.040904787653170509 0.1252589305153351 -0.048928239359203055 0.02173073023403255 0.026749210548337073
leaf_weight=7.737607170827685 1.5543943285010755 5.9724521976895613 69.139922681730241 3.7890304028987885 3.5601632818579665 15.157102739904074 4.2596168741583806 2.6806373172439635 30.68885887414217 17.595790068153292 0.29962447052821506
leaf_count=521 149 257 3379 304 182 2439 526 149 4255 1843 30
internal_value=0.000892836 0.0186072 0.026936 0.0834839 0.0183135 -0.0210123 0.0175717 0.0729663 -0.0296318 -0.0106374 -0.0397812
internal_weight=162.435 90.4988 82.4616 9.76148 72.7001 71.9364 8.49465 4.23503 63.4418 32.7529 8.03723
internal_count=14034 4673 4122 561 3561 9361 824 298 8537 4282 551
cat_boundaries=0 1 2 3
cat_threshold=9 1 1
is_linear=0
shrinkage=0.05


Tree=19
num_leaves=13
num_cat=2
split_feature=4 4 32 5 1 41 44 1 43 34 19 27
split_gain=14.3751 21.7276 18.8377 24.2639 37.0761 18.0778 14.7346 7.10775 6.94172 5.74169 3.01272 0.0935222
threshold=0.19337368024598431 0.93845596220871974 26.520535500000005 -0.03976928634766979 0 1.6500000000000001 31.500000000000004 1 11.65 21.550000000000004 28.295139000000002 12.350000000000003
decision_type=2 2 2 2 1 2 2 1 2 2 2 2
left_child=2 5 3 4 -1 7 -7 -2 -5 11 -11 -4
right_child=1 -3 9 8 -6 6 -8 -9 -10 10 -12 -13
leaf_value=-0.04071005206758762 -0.046955469610308706 -0.046672882881459231 0.0094867507285439096 0.019967759299523751 0.14231770776840888 -0.036759124561324699 0.040792548739600705 0.010966184511607959 -0.046223599199196941 -0.047540332803397388 0.022092817224530475 0.055545472289458012
leaf_weight=3.9942577537149209 10.241772688925266 12.508752207271753 0.66650625364854821 5.3538253819569936 5.9630997758358717 6.0075758476741603 62.311084374785423 9.4297470701858401 10.43459395226091 33.536371135152876 1.0737965879961837 0.41430178144946694
leaf_count=353 771 1772 53 540 360 443 3161 750 1111 4533 140 21
internal_value=0.00101476 0.0126213 -0.0178694 0.0144314 0.0718837 0.0214803 0.0335412 -0.0200028 -0.0239258 -0.040928 -0.0448202 0.0453515
internal_weight=161.936 100.499 61.4368 25.7458 9.95736 87.9902 68.3187 19.6715 15.7884 35.691 34.6102 1.08081
internal_count=14008 6897 7111 2364 713 5125 3604 1521 1651 4747 4673 74
cat_boundaries=0 1 2
cat_threshold=1 1
is_linear=0
shrinkage=0.05


Tree=20
num_leaves=9
num_cat=1
split_feature=0 4 5 34 5 4 5 38
split_gain=26.4108 14.1883 31.2993 20.5824 20.399 18.3149 24.5104 11.5679
threshold=0 0.30983042691905766 -0.76696334127844745 24.550000000000004 0.51849435583340198 -0.94705910369513513 -0.022575793296316444 5.3982145000000008
decision_type=1 2 2 2 2 2 2 2
left_child=-1 5 3 -3 -4 6 -2 -7
right_child=1 2 4 -5 -6 7 -8 -9
leaf_value=-0.03633302246796706 0.08871300784674814 0.14046604061505397 -0.024575239023104423 0.027705787751358887 0.031287383434547754 0.073654681107500744 -0.042327246129157815 -0.032719682041049053
leaf_weight=28.273142483085394 8.2561374246142787 7.3204410276375738 27.568042250350118 9.0961982803419215 37.283524866215885 1.8025039960630227 5.0365127371624103 38.113615829963237
leaf_count=4696 383 250 2383 386 1186 92 442 4232
internal_value=5.82517e-05 0.00987408 0.0236323 0.0831654 0.00752791 -0.00936632 0.0395749 -0.0262334
internal_weight=162.75 134.477 81.2682 16.4166 64.8516 53.2088 13.2927 39.9161
internal_count=14050 9354 4205 636 3569 5149 825 4324
cat_boundaries=0 1
cat_threshold=18
is_linear=0
shrinkage=0.05


Tree=21
num_leaves=10
num_cat=2
split_feature=0 5 9 0 43 43 43 5 4
split_gain=25.7424 11.9269 17.7488 18.3348 15.6125 5.25801 6.50246 1.33461 6.78139
threshold=0 0.90070004940655357 24.350000000000005 1 20.450000000000003 35.600000000000001 36.250000000000007 -0.75013812021657655 0.46800856592688467
decision_type=1 2 2 1 2 2 2 2 2
left_child=1 2 4 -4 -1 7 -7 8 -2
right_child=5 -3 3 -5 -6 6 -8 -9 -10
leaf_value=0.048636023869580616 -0.04456864108254692 -0.044679184396027471 0.02480790104373725 -0.024527148081537858 -0.012240676727921944 0.064391762659462684 -0.036208629335595294 -0.048594139029451429 0.040997999329267544
leaf_weight=45.688213074579835 7.8101051370613259 7.6959757776930919 22.531472409144044 32.544382522813976 13.148624767549334 2.0024616606533518 2.510516467038542 28.118317760992795 2.2681051325052977
leaf_count=1707 1494 887 1197 2409 907 38 266 5112 122
internal_value=-0.000814117 0.0111066 0.0161981 -0.00421169 0.0350543 -0.0299281 0.0120122 -0.0426989 -0.0233493
internal_weight=164.318 121.609 113.913 55.0759 58.8368 42.7095 4.51298 38.1965 10.0782
internal_count=14139 7107 6220 3606 2614 7032 304 6728 1616
cat_boundaries=0 1 2
cat_threshold=13 8
is_linear=0
shrinkage=0.05


Tree=22
num_leaves=8
num_cat=2
split_feature=0 4 33 0 36 21 7
split_gain=23.2904 12.6302 17.4127 27.0179 15.3172 0.987973 0.696503
threshold=0 0.92602006027323125 34.45000000000001 1 98.500000000000014 26.350000000000005 30.647917000000003
decision_type=1 2 2 1 2 2 2
left_child=-1 2 4 -4 -2 -3 -7
right_child=1 5 3 -5 -6 6 -8
leaf_value=-0.0354724719892121 -0.023990042041355537 -0.045620904880462949 0.06579423904610969 -0.010621180609591968 0.018416223903333872 0.032622020888261619 -0.018276661707061534
leaf_weight=26.035750763025135 34.922013576608151 9.4321896512992645 19.524207303766161 20.55414872104302 51.297016725409776 0.20774398697540242 0.56325551308691502
leaf_count=4682 2530 1217 812 811 3919 14 61
internal_value=-2.64771e-05 0.00887739 0.0139399 0.0407313 0.00116194 -0.0415148 0.00611404
internal_weight=162.536 136.501 126.297 40.0784 86.219 10.2032 0.771
internal_count=14046 9364 8072 1623 6449 1292 75
cat_boundaries=0 1 2
cat_threshold=18 40
is_linear=0
shrinkage=0.05


Tree=23
num_leaves=10
num_cat=1
split_feature=0 32 9 7 4 43 43 5 4
split_gain=23.2994 11.9757 14.3768 15.4329 14.0663 7.43949 7.78265 1.38931 6.5837
threshold=0 26.188393000000001 24.750000000000004 30.522916500000004 0.85226249403558707 35.600000000000001 36.250000000000007 -0.75013812021657655 0.58481550752069722
decision_type=1 2 2 2 2 2 2 2 2
left_child=1 -1 4 -4 -3 7 -7 8 -2
right_child=5 2 3 -5 -6 6 -8 -9 -10
leaf_value=-0.045036949270220471 -0.039589288785254438 0.035348409278289625 -0.02070044434538354 0.066618445055232053 -0.042786851138860681 0.076530590538075816 -0.035158583582654133 -0.04845093463238067 0.055209224062266443
leaf_weight=7.4502387843094757 8.346165484748779 70.468379242811352 33.393782788421959 4.9445268171839407 5.4292665938846758 2.1026156805455676 2.2803557012230158 26.16697271540761 1.3574687456712116
leaf_count=572 1575 3372 2290 283 513 38 265 5086 55
internal_value=0.000740606 0.011717 0.0167938 -0.00803165 0.0292753 -0.0279787 0.0226849 -0.0422049 -0.0224087
internal_weight=161.94 121.686 114.236 38.3383 75.8976 40.2536 4.38297 35.8706 9.70363
internal_count=14049 7030 6458 2573 3885 7019 303 6716 1630
cat_boundaries=0 1
cat_threshold=13
is_linear=0
shrinkage=0.05


Tree=24
num_leaves=14
num_cat=3
split_feature=0 24 36 0 5 4 5 32 1 4 4 38 16
split_gain=21.2281 9.44814 12.0755 24.2618 9.71384 7.06885 10.0868 10.3009 7.59384 11.6399 3.85269 6.55966 0.00866286
threshold=0 67.500000000000014 98.500000000000014 1 0.90438663683299525 -0.94705910369513513 -0.091258822863740582 26.520535500000005 2 0.45273815774107123 0.52766072109828632 8.0687500000000032 17.750000000000004
decision_type=1 2 2 1 2 2 2 2 1 2 2 2 2
left_child=1 2 3 -1 -4 6 7 -2 9 -7 12 -12 -3
right_child=5 10 4 -5 -6 8 -8 -9 -10 -11 11 -13 -14
leaf_value=0.031433415822552623 0.10189526066505482 -0.044331474866486531 0.051999830496042634 -0.026329648307310861 -0.036895436970592867 -0.046676733406723472 -0.039687660595817742 -0.031446341415701455 -0.048792871506888574 0.014219086855535332 -0.03216409027210599 0.095262077041595283 -0.018033256538392949
leaf_weight=27.207861767150462 3.2130316356197 6.8451388697139901 30.226242152042687 24.134828432463109 2.7015405362471929 12.811802963493394 3.6739259646274132 1.6259977491572497 27.597985749132931 17.384041985496879 1.6278446372598403 0.71056396700441826 2.0649163112975657
leaf_count=1112 138 579 1402 1107 268 2424 525 165 4303 1858 48 20 159
internal_value=-0.00109917 0.0135044 0.0206766 0.00527134 0.043834 -0.0209225 0.0169467 0.059378 -0.0302526 -0.0122864 -0.0265035 0.0234931 -0.0406715
internal_weight=161.826 95.5189 84.2705 51.3427 32.9278 66.3068 8.51296 4.83903 57.7938 30.1958 11.2485 2.33841 8.91006
internal_count=14108 4695 3889 2219 1670 9413 828 303 8585 4282 806 68 738
cat_boundaries=0 1 2 3
cat_threshold=9 8 1
is_linear=0
shrinkage=0.05


Tree=25
num_leaves=9
num_cat=2
split_feature=0 43 22 36 44 22 1 19
split_gain=20.1203 12.3129 20.8006 20.5328 7.02594 4.15079 2.42412 2.32444
threshold=0 1.3500000000000003 69.736111000000008 98.500000000000014 33.300000000000004 55.94444450000001 1 28.0979165
decision_type=1 2 2 2 2 2 1 2
left_child=-1 5 4 -4 -3 6 -2 -7
right_child=1 2 3 -5 -6 7 -8 -9
leaf_value=-0.03453841365803529 -0.016885057550786415 -0.031951479546532685 -0.026295246732127121 0.022979380649345994 0.066044131527691202 -0.01207599077290086 0.086106040376286844 -0.042375857691859177
leaf_weight=23.828720586840063 0.48803303856402891 1.4174980958923722 32.63252562074922 55.992416367167607 20.232417698949575 16.301725649274889 0.46448970632627606 10.749056717148049
leaf_count=4676 39 56 2617 3951 731 962 38 978
internal_value=-0.00035839 0.00766671 0.0157296 0.00474505 0.0585006 -0.0208885 0.0517156 -0.0251976
internal_weight=162.107 138.278 110.275 88.6249 21.6499 28.0033 0.952523 27.0508
internal_count=14048 9372 7355 6568 787 2017 77 1940
cat_boundaries=0 1 2
cat_threshold=18 1
is_linear=0
shrinkage=0.05


Tree=26
num_leaves=5
num_cat=1
split_feature=0 5 4 35
split_gain=19.3865 11.4911 12.8949 14.5503
threshold=0 0.90070004940655357 0.93845596220871974 87.764881000000017
decision_type=1 2 2 2
left_child=-1 2 3 -2
right_child=1 -3 -4 -5
leaf_value=-0.034143707944511242 0.021119448320585099 -0.04510748338250857 -0.044991797544218309 -0.041196263208361283
leaf_weight=23.016292813001201 113.73640548344702 8.4808626382146013 8.3199488110840303 9.2789466141257417
leaf_count=4692 6198 1172 1199 805
internal_value=-5.31401e-05 0.00764332 0.0119423 0.0161247
internal_weight=162.832 139.816 131.335 123.015
internal_count=14066 9374 8202 7003
cat_boundaries=0 1
cat_threshold=18
is_linear=0
shrinkage=0.05


Tree=27
num_leaves=12
num_cat=4
split_feature=0 24 4 1 0 5 4 1 43 25 43
split_gain=18.4255 11.4874 17.9111 30.0664 19.6231 5.89379 9.04564 8.65275 2.62292 2.74432 1.38317
threshold=0 67.500000000000014 -0.96235977360714686 1 2 -0.7614016681079937 0.46800856592688467 3 36.250000000000007 9.6618055000000016 17.900000000000002
decision_type=1 2 2 1 1 2 2 1 2 2 2
left_child=1 2 3 -1 -4 6 -2 -8 10 -10 -3
right_child=5 8 4 -5 -6 -7 7 -9 9 -11 -12
leaf_value=-0.037709349535016472 -0.043452533254277156 0.0023051598302051956 0.030406359388833612 0.15319910800577197 -0.010173564952929062 -0.048329411107597697 0.075677968337559035 -0.034751656672249533 -0.026601901585162038 0.059126808314044536 -0.043060186777786051
leaf_weight=2.7482048603706053 6.4082271573133749 1.8222377207130183 43.89165933104232 4.5805673352442682 58.672343282494694 24.552354563958943 3.7014089534059167 2.1019339575432241 1.066547356545924 0.81733125960454334 11.731554784812031
leaf_count=143 1477 170 1844 140 3666 5267 138 143 49 34 945
internal_value=-0.000761794 0.00868916 0.0150942 0.0856784 0.00927194 -0.0274023 -0.00559438 0.036452 -0.0297632 0.0181973 -0.0372217
internal_weight=162.094 125.33 109.893 7.32877 102.564 36.7639 12.2116 5.80334 15.4377 1.88388 13.5538
internal_count=14016 6991 5793 283 5510 7025 1758 281 1198 83 1115
cat_boundaries=0 1 2 3 4
cat_threshold=13 1 8 1
is_linear=0
shrinkage=0.05


Tree=28
num_leaves=9
num_cat=1
split_feature=0 43 10 36 23 22 44 12
split_gain=16.669 10.5117 11.2191 13.9205 7.24797 4.36888 1.96969 1.54799
threshold=0 0.75000000000000011 69.291666500000005 98.500000000000014 85.500000000000014 55.94444450000001 38.70000000000001 58.500000000000007
decision_type=1 2 2 2 2 2 2 2
left_child=-1 5 4 -4 -3 6 -2 -7
right_child=1 2 3 -5 -6 7 -8 -9
leaf_value=-0.033424866149452795 0.074222088424091726 -0.014569421937661498 -0.019423331107509427 0.019251125200101277 0.053467107620609682 -0.035680440111763481 -0.016441350067975789 0.028827909496561069
leaf_weight=21.571391234640032 0.59825911046937352 4.34139211685397 37.376225537853315 58.169222505064681 20.299882175400853 17.972631262149665 0.4793868085835129 0.26204754784703155
leaf_count=4697 22 248 2834 3957 730 1458 60 12
internal_value=-0.00111223 0.00603615 0.0120038 0.00407766 0.0413795 -0.0268934 0.0453894 -0.0333029
internal_weight=161.07 139.499 120.187 95.5454 24.6413 19.3123 1.07765 18.2347
internal_count=14018 9321 7769 6791 978 1552 82 1470
cat_boundaries=0 1
cat_threshold=18
is_linear=0
shrinkage=0.05


Tree=29
num_leaves=5
num_cat=1
split_feature=0 5 4 35
split_gain=16.6916 10.467 11.4141 10.9971
threshold=0 0.90070004940655357 0.93845596220871974 84.395833500000023
decision_type=1 2 2 2
left_child=-1 2 3 -2
right_child=1 -3 -4 -5
leaf_value=-0.033066987420798118 0.026433233969496844 -0.044855596113744928 -0.044637068450552791 -0.0038036193997596276
leaf_weight=20.916400673799217 74.935822195373476 8.0749536808580142 7.7700795533601186 49.413709426298738
leaf_count=4704 3023 1176 1188 3950
internal_value=-0.000237106 0.00672605 0.0106972 0.0144833
internal_weight=161.111 140.195 132.12 124.35
internal_count=14041 9337 8161 6973
cat_boundaries=0 1
cat_threshold=18
is_linear=0
shrinkage=0.05


Tree=30
num_leaves=11
num_cat=2
split_feature=0 24 4 5 0 5 37 19 33 4
split_gain=16.6214 12.2934 14.5392 22.5109 15.1106 4.56655 10.7745 2.29053 4.8528 2.12613
threshold=0 67.500000000000014 -0.95754239937548935 -0.03976928634766979 1 -0.75013812021657655 53.500000000000007 26.361805500000006 31.950000000000003 0.48314048284850658
decision_type=1 2 2 2 1 2 2 2 2 2
left_child=1 2 3 -1 -4 6 -2 8 -3 -8
right_child=5 7 4 -5 -6 -7 9 -9 -10 -11
leaf_value=0.12272968330656012 0.099158998658584463 -0.031631135551405051 0.026607026808462088 -0.037192423223760589 -0.0087937915610995804 -0.048061216958399003 -0.043353985509613668 -0.046152332636468077 0.055071270842386603 -0.00055540190676747585
leaf_weight=5.8097336133942008 0.99945989064872165 4.2012706282548598 46.289250925183296 2.6869612592272443 57.607390931341797 21.808174101635814 6.291700770147143 9.562636611517517 1.346962579526007 4.8636238155886531
leaf_count=133 41 349 1845 172 3668 5179 1527 786 66 249
internal_value=-0.000741444 0.00791922 0.0142831 0.0735655 0.00877986 -0.0270735 -0.00920703 -0.0324478 -0.00538647 -0.026275
internal_weight=161.467 127.504 112.393 8.49669 103.897 33.963 12.1548 15.1109 5.54823 11.1553
internal_count=14015 7019 5818 305 5513 6996 1817 1201 415 1776
cat_boundaries=0 1 2
cat_threshold=13 8
is_linear=0
shrinkage=0.05


Tree=31
num_leaves=6
num_cat=1
split_feature=0 4 4 32 36
split_gain=16.4289 11.0749 13.9777 18.06 12.8818
threshold=0 0.93237596376505805 0.19337368024598431 26.520535500000005 98.500000000000014
decision_type=1 2 2 2 2
left_child=-1 2 3 -2 -4
right_child=1 -3 4 -5 -6
leaf_value=-0.032112687813958353 0.023427367359752052 -0.044834495337475758 0.011860776303998321 -0.036054758545031755 0.054888222663642586
leaf_weight=19.282987415324897 22.856555022997782 8.0545111086685193 59.646308206953108 26.532579866005108 24.037365496624261
leaf_count=4672 1565 1242 2529 3198 829
internal_value=0.00174315 0.00824198 0.0123797 -0.00860869 0.0247222
internal_weight=160.41 141.127 133.073 49.3891 83.6837
internal_count=14035 9363 8121 4763 3358
cat_boundaries=0 1
cat_threshold=18
is_linear=0
shrinkage=0.05


Tree=32
num_leaves=9
num_cat=3
split_feature=0 4 5 24 1 4 1 44
split_gain=12.619 10.3647 12.9633 14.6619 14.1038 11.0252 15.1545 8.45424
threshold=0 0.24372619187392147 -0.76696334127844745 43.500000000000007 1 -0.96235977360714686 2 29.700000000000003
decision_type=1 2 2 2 1 2 1 2
left_child=-1 5 4 -4 -3 6 -2 -7
right_child=1 2 3 -5 -6 7 -8 -9
leaf_value=-0.031819183772803093 -0.042325381516446103 0.083751602680525603 0.016573860845936261 -0.035304485653384426 0.0041973859047066409 0.017285964285881913 0.06093688496086043 -0.039330600642382384
leaf_weight=18.818834703415632 4.7519326927140337 11.116593926213682 52.258732027141377 17.30617163865827 10.518672744277865 7.7585007320158175 8.6452000737190229 29.895392132457346
leaf_count=4703 346 370 2476 1194 377 629 352 3617
internal_value=-0.00227497 0.00378533 0.0140948 0.00335029 0.046968 -0.0138218 0.0239142 -0.0275195
internal_weight=161.07 142.251 91.2002 69.5649 21.6353 51.051 13.3971 37.6539
internal_count=14064 9361 4417 3670 747 4944 698 4246
cat_boundaries=0 1 2 3
cat_threshold=18 1 1
is_linear=0
shrinkage=0.05


Tree=33
num_leaves=5
num_cat=1
split_feature=0 4 5 35
split_gain=12.1082 8.84721 9.65483 8.97092
threshold=0 0.93237596376505805 0.90070004940655357 87.961309500000013
decision_type=1 2 2 2
left_child=-1 2 3 -2
right_child=1 -3 -4 -5
leaf_value=-0.031379898371263239 0.013593169919689882 -0.044643882327304471 -0.044486427971076638 -0.043888918871294758
leaf_weight=18.14878120017238 122.25305735785514 7.7811166371684513 7.5291942772455505 6.2201475859619668
leaf_count=4686 6353 1258 1159 598
internal_value=-0.00201082 0.00379277 0.00714646 0.0104926
internal_weight=161.932 143.784 136.002 128.473
internal_count=14054 9368 8110 6951
cat_boundaries=0 1
cat_threshold=18
is_linear=0
shrinkage=0.05


Tree=34
num_leaves=15
num_cat=4
split_feature=0 35 4 1 33 35 26 1 38 1 34 21 33 37
split_gain=12.7675 48.172 23.9519 36.1662 26.025 18.3024 18.0839 30.1915 15.439 10.2942 6.62228 6.20095 3.02885 2.54198
threshold=0 83.252976500000017 -0.42180583328916638 1 34.150000000000013 86.023809500000013 17.250000000000004 2 5.5770835000000014 3 22.050000000000004 25.050000000000004 32.850000000000001 60.500000000000007
decision_type=1 2 2 1 2 2 2 1 2 1 2 2 2 2
left_child=1 2 3 -1 -4 8 13 -8 9 -2 -10 -3 -13 -7
right_child=5 11 4 -5 -6 6 7 -9 10 -11 -12 12 -14 -15
leaf_value=0.30795303386304523 0.15703419791612028 -0.049256054570875125 -0.029642077047127291 -0.027115433278343499 0.06533105271759336 0.014982954836259839 0.099392774730795219 -0.020812990307565706 -0.0056425061577977751 -0.024886193002364845 -0.039421080170405784 -0.019562144264777152 0.089814186187923639 -0.040822885493029593
leaf_weight=1.0875102151185265 0.92130891373380908 19.101169123779986 9.3897656570188683 1.0688824253156781 24.428592753130943 2.0043142242357161 10.844450767152011 8.8236030417028815 20.381442613899708 0.90941124712117016 52.785002717515454 0.61878146789967903 0.4233582392334938 9.0472778074908984
leaf_count=34 66 1088 398 34 731 120 964 965 1916 68 6438 39 14 1189
internal_value=-0.00204465 0.0155864 0.0524698 0.185895 0.0388675 -0.0118155 0.0191569 0.0470675 -0.026142 0.0897981 -0.0302146 -0.0422797 0.0470932 -0.0302985
internal_weight=161.835 56.1181 35.9748 2.15639 33.8184 105.717 30.7196 19.6681 74.9972 1.83072 73.1664 20.1433 1.04214 11.0516
internal_count=14064 2338 1197 68 1129 11726 3238 1929 8488 134 8354 1141 53 1309
cat_boundaries=0 1 2 3 4
cat_threshold=8 1 2 1
is_linear=0
shrinkage=0.05


Tree=35
num_leaves=9
num_cat=3
split_feature=0 43 43 36 0 22 19 1
split_gain=12.1542 8.69783 14.0311 9.7012 8.58403 2.93894 2.74357 2.20744
threshold=0 1.3500000000000003 1.8500000000000003 98.500000000000014 1 55.94444450000001 28.0979165 2
decision_type=1 2 2 2 1 2 2 1
left_child=-1 5 4 -4 -3 7 -7 -2
right_child=1 2 3 -5 -6 6 -8 -9
leaf_value=-0.030811022114538372 -0.019484262238956725 -0.017680002628325805 -0.014241139496966393 0.016994143982532656 0.058177006054626293 -0.0094730164568151976 -0.042248000446766826 0.069884305477302788
leaf_weight=17.304877864429727 0.598160015419128 5.081259699771179 39.942312690895051 62.429598493501544 7.8659129275474697 16.269139086361978 10.42044698493555 0.6546475444920361
leaf_count=4675 42 131 3046 4024 133 959 985 39
internal_value=-0.000777247 0.00483935 0.0112459 0.00478724 0.058309 -0.0194036 -0.023333 0.0375065
internal_weight=160.566 143.261 115.319 102.372 12.9472 27.9424 26.6896 1.25281
internal_count=14034 9359 7334 7070 264 2025 1944 81
cat_boundaries=0 1 2 3
cat_threshold=18 33 1
is_linear=0
shrinkage=0.05


Tree=36
num_leaves=6
num_cat=2
split_feature=0 5 9 0 4
split_gain=11.756 8.38217 9.68993 10.1719 9.30156
threshold=0 0.90070004940655357 24.650000000000002 1 0.85226249403558707
decision_type=1 2 2 1 2
left_child=-1 2 4 -4 -2
right_child=1 -3 3 -5 -6
leaf_value=-0.030460356306888921 0.021456648916730544 -0.044194711101623159 0.011851952077645956 -0.027915613944769869 -0.042475655563449149
leaf_weight=16.81864321208559 86.12798754312098 7.1476416555233291 24.601178963435814 21.833669959800318 5.1707908443640909
leaf_count=4679 4011 1164 1782 1799 615
internal_value=-0.000582119 0.00482839 0.00802068 -0.0104275 0.0174148
internal_weight=161.7 144.881 137.734 46.4348 91.2988
internal_count=14050 9371 8207 3581 4626
cat_boundaries=0 1 2
cat_threshold=18 40
is_linear=0
shrinkage=0.05


Tree=37
num_leaves=8
num_cat=1
split_feature=0 6 5 37 19 24 15
split_gain=11.8624 9.7676 9.9516 10.1464 5.58811 3.50423 0.818793
threshold=0 27.000000000000004 0.90070004940655357 27.500000000000004 26.220833000000002 67.500000000000014 35.600000000000001
decision_type=1 2 2 2 2 2 2
left_child=-1 2 3 -2 5 -3 -6
right_child=1 4 -4 -5 6 -7 -8
leaf_value=-0.030117122579002273 -0.044055665584648046 0.061546786540892809 -0.043979464850316917 0.017577094632979261 -0.04715837489647913 -0.027289536998508387 0.00070528129281129321
leaf_weight=16.35417113895528 6.1470436868257812 1.6112894043326371 6.8926456798799327 114.20718013192527 11.770312302280214 1.1622962905094025 0.92931779171340245
leaf_count=4699 548 46 1169 6327 1073 112 42
internal_value=0.000250124 0.00561974 0.0106281 0.0140921 -0.0303012 0.0269527 -0.0438601
internal_weight=159.074 142.72 127.247 120.354 15.4732 2.77359 12.6996
internal_count=14016 9317 8044 6875 1273 158 1115
cat_boundaries=0 1
cat_threshold=18
is_linear=0
shrinkage=0.05


Tree=38
num_leaves=5
num_cat=1
split_feature=0 32 4 4
split_gain=10.9786 8.39178 8.31075 8.7268
threshold=0 26.165476000000002 0.93845596220871974 0.19337368024598431
decision_type=1 2 2 2
left_child=-1 -2 3 -3
right_child=1 2 -4 -5
leaf_value=-0.029930147525368846 -0.04481582180236094 -0.0074622545122868776 -0.043628093621883288 0.019590124830080911
leaf_weight=16.105472243856639 7.0595069283153853 44.253803937230259 6.5054570811334989 87.666576566873118
leaf_count=4728 684 4215 1178 3303
internal_value=-0.000618849 0.00454133 0.00768756 0.0105273
internal_weight=161.591 145.485 138.426 131.92
internal_count=14108 9380 8696 7518
cat_boundaries=0 1
cat_threshold=18
is_linear=0
shrinkage=0.05


Tree=39
num_leaves=13
num_cat=2
split_feature=43 4 32 34 1 4 19 34 1 2 8 4
split_gain=8.10732 10.1773 16.2902 12.8441 11.2347 27.7038 23.5137 4.86678 1.91509 2.89989 5.89103 2.19537
threshold=0.75000000000000011 0.19337368024598431 26.520535500000005 23.450000000000003 0 0.65883702558178847 30.368750000000002 21.550000000000004 1 2.5000000000000004 33.45000000000001 -0.39036798905311365
decision_type=2 2 2 2 1 2 2 2 1 2 2 2
left_child=8 2 3 -2 5 -3 -6 -4 11 10 -10 -1
right_child=1 4 7 -5 6 -7 -8 -9 9 -11 -12 -13
leaf_value=0.035206276539048155 -0.018799040471634137 0.06565047484974626 0.037449021038969535 0.049866164668486576 -0.014726445605800368 -0.011569006001848323 0.12963140118055361 -0.043316334237704396 -0.03816420390956439 -0.040496953945409239 0.046579604592911619 -0.047167849145561061
leaf_weight=0.16717542242258865 12.893278219504284 24.947199366986752 1.2536551414523298 12.55326035292819 38.756957118632272 20.560400301124901 2.0374283061828455 27.008699599187821 2.7617563453968614 3.9721253938041627 3.5615348645951599 10.442211243091149
leaf_count=6 1364 982 74 814 2286 1467 118 4564 266 666 230 1154
internal_value=-0.000512277 0.00388702 -0.013054 0.0156795 0.0144588 0.031264 -0.00458752 -0.0385764 -0.0288091 -0.0117256 0.00940971 -0.0429491
internal_weight=160.916 140.011 53.7089 25.4465 86.302 45.5076 40.7944 28.2624 20.9048 10.2954 6.32329 10.6094
internal_count=13991 11669 6816 2178 4853 2449 2404 4638 2322 1162 496 1160
cat_boundaries=0 1 2
cat_threshold=1 1
is_linear=0
shrinkage=0.05


Tree=40
num_leaves=9
num_cat=2
split_feature=0 36 0 40 44 39 35 22
split_gain=9.4029 7.40787 14.4434 22.4795 10.5954 8.94682 7.65356 3.57396
threshold=0 98.500000000000014 1 14.950000000000001 40.150000000000006 24.800000000000001 84.395833500000023 55.94444450000001
decision_type=1 2 1 2 2 2 2 2
left_child=-1 2 3 -2 6 -6 -3 -4
right_child=1 4 7 -5 5 -7 -8 -9
leaf_value=-0.029264233701928728 0.036928447306398639 0.022997361358115111 0.04178881150835756 -0.03567975791355836 0.057129184453768335 -0.03554219053324164 -0.016055885893213773 -0.039883720418556187
leaf_weight=15.258937005884944 31.247986605158076 22.656671452568844 0.61771925422363239 14.995238722069187 17.505385392578322 2.3404437440913162 25.726464962586761 30.461435165256262
leaf_count=4683 1351 1252 44 1184 628 261 2174 2478
internal_value=-0.00174332 0.00310671 -0.00723975 0.0108338 0.0152161 0.0450196 0.00232719 -0.0282134
internal_weight=160.81 145.551 77.3224 46.2432 68.229 19.8458 48.3831 31.0792
internal_count=14055 9372 5057 2535 4315 889 3426 2522
cat_boundaries=0 1 2
cat_threshold=18 12
is_linear=0
shrinkage=0.05


Tree=41
num_leaves=15
num_cat=3
split_feature=4 5 0 12 36 1 33 33 32 43 32 34 1 14
split_gain=10.001 11.723 13.4192 19.3319 9.72736 8.88234 20.0314 19.1988 7.96046 10.5077 10.474 6.37714 3.70749 2.54618
threshold=0.24372619187392147 -0.78858226040708135 0 50.500000000000007 95.500000000000014 1 33.150000000000013 32.550000000000004 26.520535500000005 20.450000000000003 26.207738000000003 21.550000000000004 2 21.450000000000003
decision_type=2 2 1 2 2 1 2 2 2 2 2 2 1 2
left_child=8 5 3 -3 -4 6 -2 -7 9 10 -1 12 -10 -11
right_child=1 2 4 -5 -6 7 -8 -9 11 13 -12 -13 -14 -15
leaf_value=-0.039936746576720916 0.0011450373596521817 0.035596787323846753 -0.050364030268078765 -0.041922508308029259 0.0015603005110395056 0.07954379981325474 0.11433706798888853 -0.045930693861165717 0.085584937423832455 -0.045511332919841774 0.047225190185072263 -0.040324332855060541 -0.022980814787930653 0.021466676678074906
leaf_weight=3.7435696369502756 7.3808470196090639 35.942332348786294 18.569686733419076 9.3770370590500516 16.622866827296093 3.9455584748648107 7.3575449290219694 6.9503462598659098 0.82779225544072932 8.478281381307168 12.852299912134184 28.381191543070599 0.79294314165599644 1.0619893129914988
leaf_count=576 284 1291 2034 583 1723 183 244 341 60 1023 665 4884 63 87
internal_value=-0.000469343 0.00854237 -0.000958319 0.0156251 -0.0207417 0.0372977 0.0613261 0.00237255 -0.01736 0.00286075 0.0264116 -0.0344994 0.0439679 -0.0367263
internal_weight=162.284 106.146 80.5119 45.3194 35.1926 25.6343 14.7384 10.8959 56.1381 26.1361 16.5959 30.0019 1.62074 9.54027
internal_count=14041 6683 5631 1874 3757 1052 528 524 7358 2351 1241 5007 123 1110
cat_boundaries=0 1 2 3
cat_threshold=12 1 1
is_linear=0
shrinkage=0.05


Tree=42
num_leaves=8
num_cat=3
split_feature=0 43 19 1 4 1 25
split_gain=9.58813 7.72197 10.7344 22.0046 10.9918 4.01551 4.29241
threshold=0 0.75000000000000011 30.520139000000004 1 0.84313847884979054 2 8.4222220000000014
decision_type=1 2 2 1 2 1 2
left_child=-1 5 4 -4 -3 -2 -7
right_child=1 2 3 -5 -6 6 -8
leaf_value=-0.028826854197854409 -0.046712822796930099 0.010020532834382825 -0.035323545198146358 0.1591116557790247 -0.045595603013962815 -0.040315043892629285 0.021615452837910287
leaf_weight=14.714923984836785 9.1108403105754405 114.62550974171609 2.0585870002396396 2.3160314112901688 8.6359736605081689 3.47954550688155 6.4583152941195294
leaf_count=4709 774 6628 76 78 1040 281 497
internal_value=-0.000579522 0.00410418 0.00885327 0.0780668 0.00578837 -0.0245245 -0.00177166
internal_weight=161.4 146.685 127.636 4.37462 123.261 19.0487 9.93786
internal_count=14083 9374 7822 154 7668 1552 778
cat_boundaries=0 1 2 3
cat_threshold=18 1 1
is_linear=0
shrinkage=0.05


Tree=43
num_leaves=14
num_cat=3
split_feature=0 4 5 4 43 5 4 43 0 4 1 43 5
split_gain=9.40301 10.2152 9.73577 10.3674 9.34921 9.26696 16.5143 11.8752 20.1531 10.6581 10.0279 6.87571 4.25398
threshold=0 -0.94705910369513513 0.76556758748011056 0.45273815774107123 20.600000000000005 -0.7444366621422277 0.24372619187392147 10.800000000000002 1 -0.96689237009891416 2 17.750000000000004 -0.7614016681079937
decision_type=1 2 2 2 2 2 2 2 1 2 1 2 2
left_child=5 4 -3 -4 11 6 12 8 -7 -9 -8 -2 -1
right_child=1 2 3 -5 -6 7 10 9 -10 -11 -12 -13 -14
leaf_value=-0.035184091268368495 -0.025609586825062192 -0.04878250762572324 -0.040640469288523377 0.058477173368543446 -0.036618896557542434 0.031976599256306026 0.078957867866093212 0.014824051073220859 -0.019044355835651641 -0.048514647342364436 0.011732642141394837 0.099992183335976551 0.062933232994862739
leaf_weight=8.6941043143160641 1.0086461422033597 26.025389780872501 4.1750328432535735 4.42983259097673 2.5698276166804135 32.320670067798346 12.950287227053195 9.4008252704516071 26.516278924536891 18.861030066385865 9.8790943338535726 3.1453320817090571 0.32684333925135511
leaf_count=1168 123 4999 1152 273 399 953 300 481 1899 1821 298 97 42
internal_value=-0.00090431 -0.0186962 -0.0339925 0.0111616 0.0300806 0.00640986 0.029575 -0.00157317 0.01121 -0.0276595 0.0515802 0.0704427 -0.0257037
internal_weight=160.303 41.3541 34.6303 8.60487 6.72381 118.949 31.8503 87.0988 58.8369 28.2619 22.8294 4.15398 9.02095
internal_count=14005 7043 6424 1425 619 6962 1808 5154 2852 2302 598 220 1210
cat_boundaries=0 1 2 3
cat_threshold=41 8 1
is_linear=0
shrinkage=0.05


Tree=44
num_leaves=11
num_cat=1
split_feature=0 20 33 6 39 5 33 4 7 4
split_gain=7.78976 7.84093 9.88004 9.40343 6.8905 5.7322 9.88851 2.72889 1.64126 1.64515
threshold=0 30.950000000000003 31.550000000000004 27.000000000000004 21.650000000000002 -0.75013812021657655 34.550000000000004 0.48314048284850658 26.806250000000002 -0.97113884758256674
decision_type=1 2 2 2 2 2 2 2 2 2
left_child=1 8 4 -4 -3 6 7 -2 -1 -10
right_child=5 2 3 -5 -6 -7 -8 -9 9 -11
leaf_value=-0.045370259586135948 -0.041967311902957292 0.06736595955689817 0.0068563974106078639 -0.045859843135931722 -0.020796337228847536 -0.047389113106905224 0.1029222429301565 0.0070491045329771594 0.043024295509643609 -0.025531194986638573
leaf_weight=8.1669212570413929 5.0553775115404278 9.2281261952593905 102.08022485068068 8.2184037158731353 2.321185922715812 16.457016360363923 0.94462251011282283 4.881887381663546 0.56901759514585126 1.0098832913208742
leaf_count=722 1548 308 4944 666 242 5220 37 239 11 109
internal_value=-0.00209804 0.00353626 0.00735839 0.00255173 0.0494018 -0.0219045 -0.00105379 -0.0194442 -0.0371972 0.00627832
internal_weight=158.933 131.594 121.848 110.299 11.5493 27.3389 10.8819 9.93726 9.74582 1.5789
internal_count=14046 7002 6160 5610 550 7044 1824 1787 842 120
cat_boundaries=0 1
cat_threshold=13
is_linear=0
shrinkage=0.05


Tree=45
num_leaves=6
num_cat=2
split_feature=0 37 33 0 36
split_gain=8.42599 7.16682 8.08046 19.4738 8.7475
threshold=0 27.500000000000004 34.350000000000001 1 98.500000000000014
decision_type=1 2 2 1 2
left_child=-1 -2 4 -4 -3
right_child=1 2 3 -5 -6
leaf_value=-0.027594635868306957 -0.044225278305079191 -0.023827387156446642 0.041111958286415132 -0.013993860032590667 0.0087603995187379834
leaf_weight=13.326058470294809 6.2644625433022147 30.36879816732835 29.290581226465292 23.064400177914649 58.992509868228808
leaf_count=4666 602 2512 1168 1144 3960
internal_value=-0.000213716 0.00400414 0.0067116 0.022111 -0.00245546
internal_weight=161.307 147.981 141.716 52.355 89.3613
internal_count=14052 9386 8784 2312 6472
cat_boundaries=0 1 2
cat_threshold=18 40
is_linear=0
shrinkage=0.05


Tree=46
num_leaves=5
num_cat=1
split_feature=0 4 32 40
split_gain=8.43176 7.90607 7.99896 6.14389
threshold=0 0.92602006027323125 26.165476000000002 115.65000000000002
decision_type=1 2 2 2
left_child=-1 2 -2 -4
right_child=1 -3 3 -5
leaf_value=-0.027441020268002971 -0.044001220646091958 -0.044078590121024261 0.012028407958585502 -0.041795496138509455
leaf_weight=13.165032618911935 6.2662433439400038 6.9363468524534246 130.29869524983224 4.5616028995718798
leaf_count=4713 693 1293 6999 429
internal_value=8.75596e-05 0.00425818 0.00722695 0.0099136
internal_weight=161.228 148.063 141.127 134.86
internal_count=14127 9414 8121 7428
cat_boundaries=0 1
cat_threshold=18
is_linear=0
shrinkage=0.05


Tree=47
num_leaves=8
num_cat=1
split_feature=5 5 1 39 21 2 4
split_gain=6.07417 8.08511 17.5977 36.0074 12.537 10.1804 10.7655
threshold=0.90070004940655357 0.78724360164103002 0 19.250000000000004 23.450000000000003 9.5000000000000018 -0.94705910369513513
decision_type=2 2 1 2 2 2 2
left_child=1 5 3 -3 -4 6 -1
right_child=-2 2 4 -5 -6 -7 -8
leaf_value=0.039859705796436502 -0.044145770724037289 0.14715435710762129 -0.048920141479476348 -0.018424634721168932 0.064427687384812055 -0.046750931253679441 -0.0057024410905291822
leaf_weight=13.782108584651722 7.1773732446599743 5.6797229531221092 7.9797620980534703 6.0700067228171974 2.4002141188830137 11.979916791315189 104.45422032731585
leaf_count=612 1760 209 347 275 114 1718 9007
internal_value=-0.00216474 8.80725e-05 0.0273443 0.0668789 -0.0193518 -0.00471709 -0.000101781
internal_weight=159.523 152.346 22.1297 11.7497 10.38 130.216 118.236
internal_count=14042 12282 945 484 461 11337 9619
cat_boundaries=0 1
cat_threshold=1
is_linear=0
shrinkage=0.05


Tree=48
num_leaves=7
num_cat=1
split_feature=0 20 4 5 4 24
split_gain=7.54118 7.29119 6.47835 6.40668 2.12645 3.62101
threshold=0 30.950000000000003 0.93845596220871974 0.90070004940655357 -0.99054481509840819 67.500000000000014
decision_type=1 2 2 2 2 2
left_child=-1 4 3 -3 5 -2
right_child=1 2 -4 -5 -6 -7
leaf_value=-0.026904878876376284 0.059215671058106926 0.011487601149472504 -0.042429159691746571 -0.041829073337069533 -0.045276145955604842 -0.032434311751098309
leaf_weight=12.620982931228353 0.78343474259599988 125.87833754601888 5.3947790494421488 4.9284330913797012 8.2622709585120884 1.737102137180045
leaf_count=4691 15 6083 1168 991 1005 127
internal_value=-0.000621565 0.0033908 0.00683827 0.00917667 -0.0341624 0.00478088
internal_weight=159.605 146.984 136.202 130.807 10.7828 2.52054
internal_count=14080 9389 8242 7074 1147 142
cat_boundaries=0 1
cat_threshold=18
is_linear=0
shrinkage=0.05


Tree=49
num_leaves=12
num_cat=1
split_feature=0 40 40 22 37 32 5 4 43 7 14
split_gain=7.62852 9.60285 9.18826 9.40064 8.09561 5.15187 4.88905 5.66788 7.05325 2.13508 0.712776
threshold=0 92.100000000000009 77.750000000000014 84.812500000000014 66.500000000000014 26.340773500000001 -0.75013812021657655 0.46800856592688467 20.350000000000005 26.077083500000004 23.050000000000004
decision_type=1 2 2 2 2 2 2 2 2 2 2
left_child=1 2 3 -1 -4 9 7 -2 -9 -3 -7
right_child=6 5 4 -5 -6 10 -8 8 -10 -11 -12
leaf_value=0.0094848729357470147 -0.040832691303063696 0.056907356791607626 0.057467787993661326 -0.034034246369359915 -0.034704990272975286 -0.04733400360929254 -0.047090737325913713 0.098655176102053405 -0.0070310384410785425 -0.021415923370836452 -0.0022654310675282955
leaf_weight=92.208058864343911 4.3533987165428716 1.290392556227743 13.639730093069373 13.324416586663572 2.151592443464323 11.583010169677435 14.832011857768519 1.3294220613315699 4.5318117660935968 0.73307588417083014 1.0542702716775227
leaf_count=4207 1521 32 518 1080 196 860 5178 50 246 71 103
internal_value=-0.000936672 0.00422799 0.00922537 0.0037223 0.0435902 -0.0323761 -0.0214505 -0.00246807 0.0278252 0.0308337 -0.044016
internal_weight=161.031 135.985 121.324 105.532 15.7913 14.6607 25.0466 10.2146 5.86123 2.02347 12.6373
internal_count=14062 7067 6001 5287 714 1066 6995 1817 296 103 963
cat_boundaries=0 1
cat_threshold=13
is_linear=0
shrinkage=0.05


Tree=50
num_leaves=6
num_cat=1
split_feature=0 37 26 42 2
split_gain=6.01462 5.95257 6.58018 7.58313 5.58518
threshold=0 27.500000000000004 17.650000000000002 6.5000000000000009 9.5000000000000018
decision_type=1 2 2 2 2
left_child=-1 -2 3 -3 -4
right_child=1 2 4 -5 -6
leaf_value=-0.0261163111050925 -0.043808468258632015 0.01090737964844412 0.014953378428302806 -0.02628502877775566 -0.040251015676257211
leaf_weight=11.852201814297585 5.91561535000801 23.763322516111657 83.928151410771534 30.045792640652508 3.8959363066824144
leaf_count=4682 615 1425 4516 2323 493
internal_value=-0.00232429 0.0014128 0.00369451 -0.00996069 0.0120789
internal_weight=159.401 147.549 141.633 53.8091 87.8241
internal_count=14054 9372 8757 3748 5009
cat_boundaries=0 1
cat_threshold=18
is_linear=0
shrinkage=0.05


Tree=51
num_leaves=5
num_cat=1
split_feature=0 37 32 32
split_gain=6.31264 6.12563 5.96917 6.55537
threshold=0 27.500000000000004 26.165476000000002 26.419940500000006
decision_type=1 2 2 2
left_child=-1 -2 -3 -4
right_child=1 2 3 -5
leaf_value=-0.025734875186532002 -0.043651114889467928 -0.042844946414420576 0.036774966491776466 0.0030405645440217798
leaf_weight=11.503527967375701 5.801785886171273 5.2761306186439461 15.364895134232937 122.0779339018045
leaf_count=4674 614 674 727 7384
internal_value=-0.00104883 0.0025717 0.00492033 0.00705017
internal_weight=160.024 148.521 142.719 137.443
internal_count=14073 9399 8785 8111
cat_boundaries=0 1
cat_threshold=18
is_linear=0
shrinkage=0.05


Tree=52
num_leaves=9
num_cat=2
split_feature=0 43 40 0 36 19 8 21
split_gain=6.49006 6.23244 11.2321 12.4306 11.3843 2.88142 6.81348 1.80126
threshold=0 1.3500000000000003 13.250000000000002 1 98.500000000000014 28.0979165 33.45000000000001 22.450000000000003
decision_type=1 2 2 1 2 2 2 2
left_child=-1 5 3 -3 -4 6 -2 -7
right_child=1 2 4 -5 -6 7 -8 -9
leaf_value=-0.025527815381227222 -0.039516686389440205 0.043464338921163491 -0.0287718631290814 -0.013588025079283462 0.010487438143211158 0.030375611610866202 0.020761840892649857 -0.041946898139931715
leaf_weight=11.322491722996345 7.0543186478316846 22.488920038565993 25.482041837531142 12.18225988850463 60.013019283069298 0.23636966198682685 10.248446823563425 9.7995540314586815
leaf_count=4706 634 650 2390 651 3634 8 387 1001
internal_value=-0.000322429 0.00327 0.00840585 0.0319746 -0.00141126 -0.0176506 -0.00462998 -0.0376454
internal_weight=158.827 147.505 120.166 34.6712 85.4951 27.3387 17.3028 10.0359
internal_count=14061 9355 7325 1301 6024 2030 1021 1009
cat_boundaries=0 1 2
cat_threshold=18 12
is_linear=0
shrinkage=0.05


Tree=53
num_leaves=12
num_cat=1
split_feature=39 44 0 4 38 35 42 4 5 9 4
split_gain=6.65565 10.0431 7.75413 11.3571 5.61111 11.125 7.98909 5.49222 2.2201 2.78575 1.47894
threshold=24.250000000000004 38.70000000000001 0 0.30983042691905766 6.2392855000000003 84.306547500000008 4.5000000000000009 -0.94705910369513513 0.60383265664488517 24.550000000000004 0.78857998149907527
decision_type=2 2 1 2 2 2 2 2 2 2 2
left_child=1 4 3 -3 5 -1 -6 -4 -2 10 -10
right_child=8 2 7 -5 6 -7 -8 -9 9 -11 -12
leaf_value=0.050211948900354408 -0.045705916402473422 -0.0068612296925466519 0.028176771461625973 0.050564630797311855 0.0093920620062798166 -0.040771558634105351 -0.024038179565641214 -0.041299447474970885 -0.040083048308328789 0.035311247004959294 0.027235720412520176
leaf_weight=9.122334403335115 9.5777287349337694 12.155755155719815 3.1275658430531612 26.806208217167296 25.905689472449012 4.1408042197581372 53.605994774727151 9.300157124293035 2.9662883993005376 1.7699262758251277 0.28107761684805144
leaf_count=642 2123 918 174 788 1671 667 5222 1530 265 44 11
internal_value=-0.0016547 0.00169044 0.0192148 0.026335 -0.00811801 0.0209395 -0.0131649 -0.0131933 -0.0326864 -0.00436746 -0.0292157
internal_weight=158.76 144.165 51.3897 38.962 92.7748 13.2631 79.5117 12.4277 14.595 5.01729 3.24737
internal_count=14055 11612 3410 1706 8202 1309 6893 1704 2443 320 276
cat_boundaries=0 1
cat_threshold=41
is_linear=0
shrinkage=0.05


Tree=54
num_leaves=8
num_cat=2
split_feature=35 4 1 14 0 32 32
split_gain=5.72454 6.24846 14.3559 11.9467 8.61833 19.3948 14.9986
threshold=87.931547500000008 -0.96689237009891416 0 13.950000000000001 1 27.817261500000004 27.806845500000005
decision_type=2 2 1 2 1 2 2
left_child=1 2 -1 -4 5 -3 -6
right_child=-2 4 3 -5 6 -7 -8
leaf_value=-0.041122180771340007 -0.044396255799973222 -0.014215303970109639 -0.032872415001959178 0.096415756312417569 0.002078412581648714 0.038880807941929857 -0.044916580802179383
leaf_weight=3.7315929486649093 6.7081229228060684 36.543572613387369 1.8022417980246226 6.4048743392340839 43.044447702472098 30.86497384973336 26.947051858645864
leaf_count=312 985 2627 159 154 5191 1512 3087
internal_value=-0.00237799 -0.000207825 0.0330216 0.067538 -0.00331287 0.00899446 -0.0143687
internal_weight=156.047 149.339 11.9387 8.20712 137.4 67.4085 69.9915
internal_count=14027 13042 625 313 12417 4139 8278
cat_boundaries=0 1 2
cat_threshold=1 40
is_linear=0
shrinkage=0.05


Tree=55
num_leaves=12
num_cat=3
split_feature=39 26 34 44 26 37 1 1 2 1 10
split_gain=6.28585 7.43557 9.77357 7.58726 7.24518 5.06167 4.56454 3.4485 1.71083 4.02592 3.13903
threshold=24.250000000000004 17.650000000000002 22.350000000000005 40.150000000000006 17.850000000000005 29.500000000000004 0 1 2.5000000000000004 2 67.437500000000014
decision_type=2 2 2 2 2 2 1 1 2 1 2
left_child=1 2 6 -4 7 -6 -1 -3 9 10 -2
right_child=8 4 3 -5 5 -7 -8 -9 -10 -11 -12
leaf_value=0.046674112030296047 -0.025128264648391147 0.006660903322716176 -0.035598052468671509 0.014346650480661187 -0.041890556521211625 0.0087006905102942188 -0.0075705434228984861 0.072632160901142426 -0.045185310228636227 -0.041820650878534329 0.063265645985094779
leaf_weight=7.4779555640416202 0.95555795100517515 3.176808014395645 32.838900503353216 9.2055884312139806 4.3013622256694353 74.979629149078391 6.7018729107221588 5.4398881619563326 8.6527526419376937 2.9638651756104082 1.5465329212602226
leaf_count=504 100 124 4008 405 498 5407 519 122 2166 139 39
internal_value=-0.00173443 0.00147306 -0.0125959 -0.0245835 0.0105128 0.00546827 0.0222264 0.0515317 -0.0324079 -0.00832099 0.0319718
internal_weight=158.241 144.122 56.2243 42.0445 87.8977 79.281 14.1798 8.6167 14.1187 5.46596 2.50209
internal_count=14031 11587 5436 4413 6151 5905 1023 246 2444 278 139
cat_boundaries=0 1 2 3
cat_threshold=1 1 1
is_linear=0
shrinkage=0.05


Tree=56
num_leaves=5
num_cat=1
split_feature=0 5 4 35
split_gain=6.3099 6.16705 5.93943 5.99583
threshold=0 0.90070004940655357 0.93845596220871974 87.961309500000013
decision_type=1 2 2 2
left_child=-1 2 3 -2
right_child=1 -3 -4 -5
leaf_value=-0.024603618179725971 0.010888391642435932 -0.042707618734714604 -0.041959399168411848 -0.04177156096848237
leaf_weight=10.520972509053534 131.93795558484271 5.6137228363659224 5.0339668684173366 4.6646394674899048
leaf_count=4694 6436 1171 1169 599
internal_value=0.000917848 0.0042668 0.00671411 0.00879969
internal_weight=157.771 147.25 141.637 136.603
internal_count=14069 9375 8204 7035
cat_boundaries=0 1
cat_threshold=18
is_linear=0
shrinkage=0.05


Tree=57
num_leaves=11
num_cat=2
split_feature=43 7 1 19 20 4 14 1 32 32
split_gain=5.22656 7.55893 16.7994 7.87177 8.49798 6.90959 4.08703 3.83913 3.70605 10.1101
threshold=0.75000000000000011 30.522916500000004 0 28.677083500000006 33.250000000000007 0.83376496542330847 10.350000000000003 1 27.513393000000004 27.946131000000005
decision_type=2 2 1 2 2 2 2 1 2 2
left_child=7 3 -3 4 -2 -4 -5 -1 -9 -10
right_child=1 2 5 6 -6 -7 -8 8 9 -11
leaf_value=-0.046980375697884769 -0.0052585700960135623 -0.036665870711350711 -0.017683792267458084 0.033539749416903623 0.023909322996648677 0.15227711306701366 -0.041669930374500667 -0.040178379467394651 0.077255686058081502 -0.031176115713415956
leaf_weight=9.3871701572788879 82.848234470351599 2.2653030389919868 0.50029517151415381 1.30053748958744 34.591147198807448 2.1677154714707285 13.991456441115586 3.3585958039620891 2.8067259949166328 4.0599599616834894
leaf_count=1163 8595 123 23 35 1410 96 1413 386 158 613
internal_value=-0.00207329 0.00143237 0.0566487 -0.00102814 0.00346201 0.124274 -0.0336075 -0.0255561 -0.0034547 0.0173315
internal_weight=157.277 137.665 4.93331 132.731 117.439 2.66801 15.292 19.6125 10.2253 6.86669
internal_count=14015 11695 242 11453 10005 119 1448 2320 1157 771
cat_boundaries=0 1 2
cat_threshold=1 1
is_linear=0
shrinkage=0.05


Tree=58
num_leaves=12
num_cat=4
split_feature=40 35 0 1 23 0 4 44 1 38 33
split_gain=5.07536 7.74284 9.42098 17.4986 7.01116 6.58405 11.5676 6.81828 5.10362 3.93977 8.26032
threshold=1.6500000000000001 66.803571500000018 0 1 95.500000000000014 2 -0.94705910369513513 40.150000000000006 3 8.2803575000000027 35.900000000000006
decision_type=2 2 1 1 2 1 2 2 1 2 2
left_child=8 2 3 -2 -4 7 -7 -3 -1 -10 -11
right_child=1 5 4 -5 -6 6 -8 -9 9 10 -12
leaf_value=-0.047504280102811068 0.0039885311318608322 -0.005784477515467624 -0.04832457852707351 0.10626051496742371 0.06570873765671871 0.025835679445870216 -0.04609964567989086 0.023614478392681371 -0.039430838874227547 0.054728122143025804 -0.038441368353347542
leaf_weight=10.141886737430468 7.8962926361709833 55.114984606392682 7.7804502953076753 8.0909162841271591 0.69908401614520688 6.8225908452877801 20.464708877610974 29.467599783558398 3.2660465793451303 4.9655309166992065 3.060282455291599
leaf_count=1294 172 3690 652 168 35 610 4607 1520 473 295 521
internal_value=-0.00145375 0.00215739 0.0270479 0.0371098 -0.016051 -0.00347775 -0.0205659 0.0041313 -0.0234959 0.000177817 0.0188791
internal_weight=157.77 136.337 24.4667 15.9872 8.47953 111.87 27.2873 84.5826 21.4337 11.2919 8.02581
internal_count=14037 11454 1027 340 687 10427 5217 5210 2583 1289 816
cat_boundaries=0 1 2 3 4
cat_threshold=12 2 41 1
is_linear=0
shrinkage=0.05


Tree=59
num_leaves=12
num_cat=3
split_feature=20 43 0 1 1 41 25 38 39 39 7
split_gain=5.73652 5.63712 5.38662 4.35137 4.27803 3.97496 1.05547 0.231177 0.204371 0.58344 0.429563
threshold=30.950000000000003 0.75000000000000011 0 1 2 0.8500000000000002 13.587500000000002 9.9449405000000031 22.650000000000002 22.850000000000005 26.806250000000002
decision_type=2 2 1 1 1 2 2 2 2 2 2
left_child=6 3 -3 -2 -4 -5 8 -8 10 -10 -1
right_child=1 2 4 5 -6 -7 7 -9 9 -11 -12
leaf_value=-0.044638056663774871 -0.04640579499233146 -0.020285647226200826 0.019534945576917047 0.020749518975056679 0.00072903309517869915 -0.039407093610859444 0.025228487224980681 -0.0085048449235334209 0.017812990680104297 -0.025034982679131242 -0.0063832060054528064
leaf_weight=7.3485009123105502 8.4754207668593153 7.4247949739219621 60.164555584895425 7.144659434328787 59.973462594323792 3.1429675903636962 0.31625021365471262 0.20412447117269039 0.43469730019569464 0.98528247256763279 1.2090296315727753
leaf_count=1209 1149 3344 3324 775 3364 383 12 77 12 234 130
internal_value=0.00027638 0.00292929 0.00673242 -0.0219591 0.00945033 0.000508119 -0.0337402 0.0151056 -0.0374317 -0.00997746 -0.0404667
internal_weight=156.824 146.326 127.563 18.763 120.138 10.2876 10.4979 0.520375 9.97751 1.41998 8.55753
internal_count=14013 12339 10032 2307 6688 1158 1674 89 1585 246 1339
cat_boundaries=0 1 2 3
cat_threshold=18 1 1
is_linear=0
shrinkage=0.05


Tree=60
num_leaves=5
num_cat=1
split_feature=5 4 35 0
split_gain=5.4234 5.41581 5.43309 5.11537
threshold=0.90070004940655357 0.93845596220871974 87.961309500000013 0
decision_type=2 2 2 1
left_child=1 2 3 -1
right_child=-2 -3 -4 -5
leaf_value=-0.020345626864236157 -0.043110916618976786 -0.042599535536519031 -0.042415304314118468 0.0082707379036142375
leaf_weight=7.4544568926794454 6.0258484462974584 5.5725923790596417 5.1097250618040553 133.10006489627995
leaf_count=3200 1763 1797 903 6419
internal_value=-0.000162259 0.00182092 0.00379916 0.00576701
internal_weight=157.263 151.237 145.664 140.555
internal_count=14082 12319 10522 9619
cat_boundaries=0 1
cat_threshold=18
is_linear=0
shrinkage=0.05


Tree=61
num_leaves=6
num_cat=0
split_feature=5 4 6 37 27
split_gain=5.21875 4.99078 4.8318 4.35633 3.06711
threshold=0.89309379682046119 0.93237596376505805 27.000000000000004 27.500000000000004 55.550000000000004
decision_type=2 2 2 2 2
left_child=1 2 3 -1 -4
right_child=-2 -3 4 -5 -6
leaf_value=-0.041129774304370717 -0.043555701869923774 -0.042781681149392091 -0.036162169492091237 0.0062959539120882911 0.013467032344152186
leaf_weight=4.0443869289010754 6.4262854426633558 5.7074653422459951 11.63334332872182 125.58414929325227 3.5437806806294239
leaf_count=430 1822 1853 1483 8110 309
internal_value=-0.00263758 -0.000614607 0.00132941 0.00451275 -0.0244579
internal_weight=156.939 150.513 144.806 129.629 15.1771
internal_count=14007 12185 10332 8540 1792
is_linear=0
shrinkage=0.05


Tree=62
num_leaves=13
num_cat=2
split_feature=43 43 0 38 0 40 5 19 8 38 8 36
split_gain=5.87782 8.73374 11.7473 7.81222 8.67792 6.01462 3.72383 3.29963 4.92649 2.83343 1.61029 1.23643
threshold=1.3500000000000003 2.7500000000000004 0 8.1238095000000019 1 3.0500000000000003 0.53312596302726967 28.0979165 33.45000000000001 8.2803575000000027 29.250000000000004 98.500000000000014
decision_type=2 2 1 2 1 2 2 2 2 2 2 2
left_child=7 2 5 4 -3 -2 -5 8 10 -10 -1 -4
right_child=1 3 11 6 -6 -7 -8 -9 9 -11 -12 -13
leaf_value=0.023469942313618007 0.027056024486037202 0.022480307001779096 -0.048156200765843725 -0.031512450669558358 -0.0087771627749858774 0.096748506250578875 0.0055728577898087267 -0.046174688851139567 -0.033511446116354614 0.023260557221336308 -0.04526441466543716 0.011590862802541662
leaf_weight=0.3439839358907254 6.4518525716848671 28.368296962231398 6.8103033939842144 26.998347671818919 42.876193938311189 7.6858790032565594 8.5709211371140537 9.1077283722115663 1.8818002383923147 8.9581767810741422 6.7296021400252357 0.58845105418004084
leaf_count=12 107 1869 406 4150 3786 153 427 1485 232 344 959 116
internal_value=-0.00244649 0.00206751 0.0303623 -0.00386618 0.00570467 0.0414502 -0.0226682 -0.0231964 -0.00969004 0.0114071 -0.0394289 -0.0194417
internal_weight=155.372 128.35 21.5365 106.814 71.2445 14.1377 35.5693 27.0213 17.9136 10.84 7.07359 7.39875
internal_count=14046 11014 782 10232 5655 260 4577 3032 1547 576 971 522
cat_boundaries=0 1 2
cat_threshold=12 33
is_linear=0
shrinkage=0.05


Tree=63
num_leaves=14
num_cat=1
split_feature=39 44 4 4 2 43 43 1 4 4 40 38 2
split_gain=6.25223 7.68043 7.9086 9.24632 5.59523 5.18684 6.29459 4.72637 4.27732 3.93851 7.68537 1.02361 0.915856
threshold=23.150000000000002 38.70000000000001 0.30983042691905766 -0.94705910369513513 3.5000000000000004 10.65 10.300000000000002 0 0.54219432480460406 0.46800856592688467 1.7500000000000002 8.2080355000000012 7.5000000000000009
decision_type=2 2 2 2 2 2 2 1 2 2 2 2 2
left_child=1 5 3 -3 -4 6 -1 9 -7 -2 -11 12 -9
right_child=7 2 4 -5 -6 8 -8 11 -10 10 -12 -13 -14
leaf_value=-0.00099307580030627584 -0.039379059020759145 0.025461612738738759 0.0028264949773445691 -0.044829167918380625 0.051915464932790326 -0.0080335549279260034 0.058590959948451787 -0.021047469715178815 -0.043433688450656503 -0.038742200579119361 0.051402288270394614 -0.049221439956206758 0.036881603245962284
leaf_weight=45.912865894497372 3.5629477828042591 9.2774897614726815 8.6639052343089151 7.6194701704662284 17.36267994728405 28.038743124576285 3.9025364051340139 0.69303228554781604 11.670814230572431 2.9606490688747709 5.0829401492374018 11.304461475927381 0.15025687287561595
leaf_count=3502 899 344 242 1200 574 3247 115 90 1247 531 346 1672 26
internal_value=-0.00194891 0.00234496 0.0194861 -0.0069689 0.0362836 -0.00599799 0.00473589 -0.0250181 -0.0192492 -0.00162232 0.0176073 -0.045548 0.00368324
internal_weight=156.203 132.449 42.9235 16.897 26.0266 89.525 49.8154 23.7543 39.7096 11.6065 8.04359 12.1478 0.843289
internal_count=14035 10471 2360 1544 816 8111 3617 3564 4494 1776 877 1788 116
cat_boundaries=0 1
cat_threshold=1
is_linear=0
shrinkage=0.05


Tree=64
num_leaves=15
num_cat=3
split_feature=4 32 4 1 44 43 12 43 32 1 34 38 38 1
split_gain=5.37043 9.75386 7.61725 7.5965 15.6316 14.4858 6.97266 6.54319 6.51464 5.31818 5.24767 3.58939 3.43925 2.60485
threshold=0.30983042691905766 26.520535500000005 0.63257020223555627 0 39.400000000000013 1.3500000000000003 43.500000000000007 20.450000000000003 26.207738000000003 1 21.550000000000004 5.1419640000000006 10.791369000000001 2
decision_type=2 2 2 1 2 2 2 2 2 1 2 2 2 1
left_child=1 7 3 5 -5 -2 9 8 -1 -4 13 -12 -8 -3
right_child=2 10 6 4 -6 -7 12 -9 -10 -11 11 -13 -14 -15
leaf_value=-0.037270495730647238 -0.042181244765133227 0.064447803436784135 -0.013589043293946231 -0.04232203195898588 0.041547613372314079 0.052551773042528505 -0.042135816890807039 -0.028468709431166018 0.036263461401405038 0.024095452489693137 0.020431770603555274 -0.044750594399635441 0.0092486067195066673 -0.022654201261209622
leaf_weight=2.8258908353746 4.0926531145814833 1.1425638240762079 17.732237228308804 10.889378304244021 9.4338371474295837 22.37984085874632 14.598304290906528 7.7546691116876891 15.636655358248388 17.797520145832095 1.7364675367716724 24.711787638021633 3.7140009358408852 0.77032679552212346
leaf_count=661 318 78 1208 556 365 600 1656 1122 677 1204 95 5017 356 81
internal_value=-0.00164109 -0.0141288 0.00520366 0.019754 -0.00326788 0.0369037 -0.00757207 0.00776993 0.0236716 0.00543068 -0.0339472 -0.0398826 -0.031775 0.0336361
internal_weight=155.216 54.5784 100.638 46.7957 20.3232 26.4725 53.8421 26.2172 18.4625 35.5298 28.3611 26.4483 18.3123 1.91289
internal_count=13994 7731 6263 1839 921 918 4424 2460 1338 2412 5271 5112 2012 159
cat_boundaries=0 1 2 3
cat_threshold=1 1 1
is_linear=0
shrinkage=0.05


Tree=65
num_leaves=6
num_cat=1
split_feature=40 32 32 0 2
split_gain=4.7798 4.88067 5.44061 6.25223 5.00907
threshold=111.95 26.165476000000002 26.419940500000006 0 9.5000000000000018
decision_type=2 2 2 1 2
left_child=1 -1 4 -4 -3
right_child=-2 2 3 -5 -6
leaf_value=-0.042874125800434842 -0.043150057424819324 0.044992414158178548 0.0090653511225831634 -0.011303424986054472 -0.014452040330221403
leaf_weight=5.2450642939656964 5.570976323564536 11.623578324913977 64.923774088267237 64.042516901739873 4.3681122685084111
leaf_count=999 883 473 3732 7463 479
internal_value=-0.00140882 0.000414487 0.00226382 -0.00123079 0.0288603
internal_weight=155.774 150.203 144.958 128.966 15.9917
internal_count=14029 13146 12147 11195 952
cat_boundaries=0 1
cat_threshold=40
is_linear=0
shrinkage=0.05


Tree=66
num_leaves=6
num_cat=0
split_feature=40 5 19 19 4
split_gain=4.39033 4.6596 4.73224 8.50509 4.96344
threshold=111.95 0.90070004940655357 28.572917000000004 29.897222500000005 0.85226249403558707
decision_type=2 2 2 2 2
left_child=1 2 4 -4 -1
right_child=-2 -3 3 -5 -6
leaf_value=0.008513435889089687 -0.04268928732213903 -0.042179698278738499 -0.036236793940656271 0.0194659425009336 -0.0410766072265496
leaf_weight=112.95421782729682 5.2301788568729526 5.2371129050734444 17.808175397512972 9.9855356165207905 4.2975022929604156
leaf_count=7628 880 1768 2042 806 950
internal_value=-0.0015603 0.000143802 0.00195031 -0.0162433 0.00636387
internal_weight=155.513 150.283 145.045 27.7937 117.252
internal_count=14074 13194 11426 2848 8578
is_linear=0
shrinkage=0.05


Tree=67
num_leaves=9
num_cat=0
split_feature=32 32 4 38 2 5 26 19
split_gain=4.46469 5.62228 8.48778 7.1873 4.72715 5.49499 2.95438 2.17706
threshold=26.165476000000002 26.419940500000006 -0.66528616069191593 6.3586310000000017 9.5000000000000018 -0.32613736746952132 12.050000000000002 26.468750000000004
decision_type=2 2 2 2 2 2 2 2
left_child=-1 4 7 -4 5 -2 -6 -3
right_child=1 2 3 -5 6 -7 -8 -9
leaf_value=-0.042426341920029392 -0.03103688473962686 -0.0022524802905484766 0.035684617614638613 -0.0018841815300619826 0.0331868240193769 0.053651129533316189 -0.038327043409397035 -0.046605953113389276
leaf_weight=4.9687559672165653 1.5889604886760942 3.7231815443374208 13.483380088116972 104.54236106621101 1.3182887767907221 11.458438330912031 3.0948340586619452 11.099004689371212
leaf_count=1036 261 388 969 8618 43 370 455 1905
internal_value=-1.10976e-05 0.00166216 -0.00191674 0.00267146 0.0275209 0.0418623 -0.0147801 -0.0363113
internal_weight=155.277 150.308 132.848 118.026 17.4605 13.0474 4.41312 14.8222
internal_count=14045 13009 11880 9587 1129 631 498 2293
is_linear=0
shrinkage=0.05


end of trees

feature_importances:
day_of_year_sin=101
age_group=73
day_of_year_cos=68
rain_max_daily_7d=52
gender=43
temperature_mean_7d=25
wind_speed_mean_7d=19
temperature_mean_3d=17
wind_speed_max_7d=16
month=14
temperature_max_7d=14
humidity_mean_7d=14
humidity_min_7d=14
wind_gust_max_7d=14
humidity_max_7d=12
precipitation_sum_7d=12
temperature_min_7d=11
temperature_max_3d=8
temperature_mean_current=7
humidity_mean_3d=7
humidity_min_3d=7
temperature_max_current=5
temperature_min_current=5
wind_speed_mean_3d=5
wind_speed_max_3d=5
humidity_min_current=4
wind_speed_max_current=4
temperature_min_3d=4
rain_days_7d=4
weather_code_current=3
humidity_mean_current=3
humidity_max_3d=2
precipitation_sum_3d=2
wind_gust_max_3d=2
rain_sum_7d=2
wind_speed_mean_current=1
precipitation_sum_current=1
rain_sum_current=1
wind_gust_max_current=1

parameters:
[boosting: gbdt]
[objective: binary]
[metric: binary_logloss]
[tree_learner: serial]
[device_type: cpu]
[data_sample_strategy: bagging]
[data: ]
[valid: ]
[num_iterations: 68]
[learning_rate: 0.05]
[num_leaves: 15]
[num_threads: 8]
[seed: 42]
[deterministic: 0]
[force_col_wise: 0]
[force_row_wise: 0]
[histogram_pool_size: -1]
[max_depth: 4]
[min_data_in_leaf: 20]
[min_sum_hessian_in_leaf: 0.001]
[bagging_fraction: 0.9]
[pos_bagging_fraction: 1]
[neg_bagging_fraction: 1]
[bagging_freq: 1]
[bagging_seed: 400]
[bagging_by_query: 0]
[feature_fraction: 0.9]
[feature_fraction_bynode: 1]
[feature_fraction_seed: 30056]
[extra_trees: 0]
[extra_seed: 12879]
[early_stopping_round: 0]
[early_stopping_min_delta: 0]
[first_metric_only: 0]
[max_delta_step: 0]
[lambda_l1: 0]
[lambda_l2: 1]
[linear_lambda: 0]
[min_gain_to_split: 0]
[drop_rate: 0.1]
[max_drop: 50]
[skip_drop: 0.5]
[xgboost_dart_mode: 0]
[uniform_drop: 0]
[drop_seed: 17869]
[top_rate: 0.2]
[other_rate: 0.1]
[min_data_per_group: 100]
[max_cat_threshold: 32]
[cat_l2: 10]
[cat_smooth: 10]
[max_cat_to_onehot: 4]
[top_k: 20]
[monotone_constraints: ]
[monotone_constraints_method: basic]
[monotone_penalty: 0]
[feature_contri: ]
[forcedsplits_filename: ]
[refit_decay_rate: 0.9]
[cegb_tradeoff: 1]
[cegb_penalty_split: 0]
[cegb_penalty_feature_lazy: ]
[cegb_penalty_feature_coupled: ]
[path_smooth: 0]
[interaction_constraints: ]
[verbosity: -1]
[saved_feature_importance_type: 0]
[use_quantized_grad: 0]
[num_grad_quant_bins: 4]
[quant_train_renew_leaf: 0]
[stochastic_rounding: 1]
[linear_tree: 0]
[max_bin: 255]
[max_bin_by_feature: ]
[min_data_in_bin: 3]
[bin_construct_sample_cnt: 200000]
[data_random_seed: 175]
[is_enable_sparse: 1]
[enable_bundle: 1]
[use_missing: 1]
[zero_as_missing: 0]
[feature_pre_filter: 1]
[pre_partition: 0]
[two_round: 0]
[header: 0]
[label_column: ]
[weight_column: ]
[group_column: ]
[ignore_column: ]
[categorical_feature: 0,1,3]
[forcedbins_filename: ]
[precise_float_parser: 0]
[parser_config_file: ]
[objective_seed: 16083]
[num_class: 1]
[is_unbalance: 0]
[scale_pos_weight: 1]
[sigmoid: 1]
[boost_from_average: 1]
[reg_sqrt: 0]
[alpha: 0.9]
[fair_c: 1]
[poisson_max_delta_step: 0.7]
[tweedie_variance_power: 1.5]
[lambdarank_truncation_level: 30]
[lambdarank_norm: 1]
[label_gain: ]
[lambdarank_position_bias_regularization: 0]
[eval_at: ]
[multi_error_top_k: 1]
[auc_mu_weights: ]
[num_machines: 1]
[local_listen_port: 12400]
[time_out: 120]
[machine_list_filename: ]
[machines: ]
[gpu_platform_id: -1]
[gpu_device_id: -1]
[gpu_device_id_list: ]
[gpu_use_dp: 0]
[num_gpu: 1]

end of parameters

pandas_categorical:[]
