tree
version=v4
num_class=1
num_tree_per_iteration=1
label_index=0
max_feature_idx=44
objective=binary sigmoid:1
feature_names=age_group gender month season day_of_year_sin day_of_year_cos weather_code_current temperature_mean_current temperature_max_current temperature_min_current humidity_mean_current humidity_max_current humidity_min_current wind_speed_mean_current wind_speed_max_current precipitation_sum_current rain_sum_current wind_gust_max_current rain_day_current temperature_mean_3d temperature_max_3d temperature_min_3d humidity_mean_3d humidity_max_3d humidity_min_3d wind_speed_mean_3d wind_speed_max_3d precipitation_sum_3d rain_sum_3d rain_days_3d rain_max_daily_3d wind_gust_max_3d temperature_mean_7d temperature_max_7d temperature_min_7d humidity_mean_7d humidity_max_7d humidity_min_7d wind_speed_mean_7d wind_speed_max_7d precipitation_sum_7d rain_sum_7d rain_days_7d rain_max_daily_7d wind_gust_max_7d
feature_infos=-1:0:1:2:3:4:5 -1:0:1 [1:12] -1:1:0 [-0.99999942202469239:0.99998555065071859] [-0.99997919295908244:0.9999907524084426] [0:61] [23.658332999999999:32.533332999999999] [25.899999999999999:39.200000000000003] [17.899999999999999:29.300000000000001] [48.958333000000003:91.625] [63:100] [23:86] [2.8541669999999999:19.695833] [6.4000000000000004:30.100000000000001] [0:63.100000000000001] [0:63.100000000000001] [14:56.899999999999999] [0:1] [23.766667000000002:32.427778000000004] [27.699999999999999:39.200000000000003] [17.899999999999999:28.100000000000001] [52.569443999999997:90.694444000000004] [73:100] [23:79] [4.125:17.329167000000002] [9.6999999999999993:30.100000000000001] [0:93.900000000000006] [0:93.900000000000006] [0:3] [0:63.100000000000001] [17.300000000000001:56.899999999999999] [24.365476000000001:32.235118999999997] [28.699999999999999:39.200000000000003] [17.899999999999999:27.5] [55.767856999999999:89.523809999999997] [77:100] [23:72] [4.5327380000000002:15.469643] [11.6:30.100000000000001] [0:163.90000000000001] [0:163.90000000000001] [0:7] [0:63.100000000000001] [23:56.899999999999999]
tree_sizes=1662 1709 1711 1707 1717 1611 1754 1502 1504 1502 1514 1400 1192 1502 1504 1185 1715 1216 1517 1739 1631 1722 1634 1519 1399 1748 1397 1210 1519 1212 1200 1744 1093 1522 1004 1525 992 1541 1094 1735 1216 1216 1002 1114 992 1294 1331 1641 1083 1319 1186 1334 1316 1323 1332 1210 1730 1121 1022 1016 1528 1712 1219 1293 1016 1007

Tree=0
num_leaves=15
num_cat=4
split_feature=0 1 34 5 4 4 4 0 1 22 4 4 5 42
split_gain=1327.13 468.038 135.469 125.632 125.261 56.4364 37.9321 25.2888 40.6788 74.9464 10.5452 10.1338 7.18516 20.3722
threshold=0 1 20.950000000000003 -0.75581183015052977 0.89404822654372251 0.27694220057652758 -0.48314718476766416 2 3 77.020833500000009 0.39036257410962039 -0.85227431625818906 -0.95242240592625282 6.5000000000000009
decision_type=1 1 2 2 2 2 2 1 1 2 2 2 2 2
left_child=1 2 10 5 -4 -3 -5 8 11 -10 -1 -2 13 -9
right_child=7 3 4 6 -6 -7 -8 12 9 -11 -12 -13 -14 -15
leaf_value=-2.5456410865185712 -2.5005537197722347 -2.3626117728635023 -2.3208331857888052 -2.4629105886022056 -2.4407385877198049 -2.4893737036694308 -2.5211445034891189 -2.4115878570868832 -2.4324190424224366 -2.5305015795080439 -2.4562672694314807 -2.5508802623666162 -2.5485646120582759 -2.5356133087919805
leaf_weight=8.0085574239492399 11.802084624767302 28.381203502416611 123.35988453030586 41.869300216436386 27.88944997638464 12.715341173112391 79.453319706022739 2.59926863759756 30.067215591669083 51.212617211043835 4.2852807268500319 69.477748177945614 438.15239169448614 52.26637476682663
leaf_count=114 168 404 1756 596 397 181 1131 37 428 729 61 989 6237 744
internal_value=-2.49811 -2.41723 -2.35532 -2.47513 -2.34242 -2.40071 -2.50093 -2.53898 -2.51768 -2.49387 -2.51373 -2.5437 -2.54541 -2.5283
internal_weight=981.54 325.962 163.543 162.419 151.249 41.0965 121.323 655.578 162.56 81.2798 12.2938 81.2798 493.018 54.8656
internal_count=13972 4640 2328 2312 2153 585 1727 9332 2314 1157 175 1157 7018 781
cat_boundaries=0 1 2 3 4
cat_threshold=6 1 32 1
is_linear=0
shrinkage=1


Tree=1
num_leaves=15
num_cat=4
split_feature=0 1 34 4 5 33 21 0 1 12 4 5 42 19
split_gain=1143.13 343.019 114.171 96.602 88.7457 72.003 34.4546 21.8681 36.6947 64.2571 9.69726 7.28876 18.6243 5.73717
threshold=0 1 20.950000000000003 0.8697513045430848 -0.75581183015052977 33.95000000000001 24.450000000000003 2 3 56.500000000000007 -0.85227431625818906 -0.95242240592625282 6.5000000000000009 27.104861500000002
decision_type=1 1 2 2 2 2 2 1 1 2 2 2 2 2
left_child=1 2 13 -4 5 -3 -6 8 10 -10 -2 12 -9 -1
right_child=7 4 3 -5 6 -7 -8 11 9 -11 -12 -13 -14 -15
leaf_value=-0.04448340500734288 -0.0042551839466704027 0.052239686499195054 0.14731462863140793 0.04854156915847796 0.012997697390169399 0.23573894096361647 -0.047610331049364317 0.078475282197899648 0.052480786897633518 -0.036182878629249016 -0.053118752319460831 -0.050665708371995258 -0.037389382200424578 0.038888337687633723
leaf_weight=9.9066953808069211 12.122247658669947 39.763833209872246 139.95695313066244 31.580467507243156 89.195840150117874 5.3930632025003424 30.690952494740486 2.7942819520831099 34.609705701470375 46.954284444451332 67.935898691415787 416.36041253805161 50.532583206892014 1.7299058586359013
leaf_count=144 173 518 1719 424 1268 74 443 37 470 686 1012 6190 743 24
internal_value=-0.00111284 0.0703407 0.119276 0.129517 0.0198749 0.0787874 -0.00278342 -0.0410375 -0.0207617 0.00161937 -0.0458637 -0.0473798 -0.0299854 -0.0299927
internal_weight=979.527 348.218 183.174 171.537 165.044 45.1569 119.887 631.309 161.622 81.564 80.0581 469.687 53.3269 11.6366
internal_count=13925 4614 2311 2143 2303 592 1711 9311 2341 1156 1185 6970 780 168
cat_boundaries=0 1 2 3 4
cat_threshold=6 1 32 1
is_linear=0
shrinkage=0.05


Tree=2
num_leaves=15
num_cat=4
split_feature=0 1 5 34 39 43 0 1 22 37 37 5 34 34
split_gain=1015.52 288.206 94.8372 81.8513 71.852 38.6536 28.1772 41.3043 75.8852 24.4681 9.39847 8.98681 10.9396 5.50111
threshold=0 1 -0.76696334127844745 20.950000000000003 17.750000000000004 18.650000000000002 2 3 82.347222000000016 27.500000000000004 66.500000000000014 -0.38243420677835344 23.150000000000002 20.350000000000005
decision_type=1 1 2 2 2 2 1 1 2 2 2 2 2 2
left_child=1 3 5 13 -5 -3 7 10 -9 -4 -2 12 -8 -1
right_child=6 2 9 4 -6 -7 11 8 -10 -11 -12 -13 -14 -15
leaf_value=-0.04720454110342525 -0.051506836061458366 0.022401324518026233 0.064832560138639667 0.054448936476949296 0.12918487826713307 0.11415582041214062 0.054984368109352692 0.050935249389915449 -0.043011981165393946 -0.013399512031349127 0.0033423509591223748 -0.053519237837231129 -0.039971683497537554 0.018409392687618615
leaf_weight=7.0698512941598874 67.729123279452324 20.391793370246887 9.9721312522888166 43.579397469758987 150.11410865187645 27.131357595324516 2.2540347650647155 43.15069005638361 40.898993812501431 112.0776538848877 8.6786711215972883 271.25698372721672 180.55150862783194 4.5791139826178551
leaf_count=106 1046 249 145 483 1696 337 35 573 617 1598 130 4212 2777 67
internal_value=-0.000153998 0.0636343 0.0169237 0.105023 0.112736 0.0760578 -0.0395031 -0.0178528 0.00525184 -0.00653259 -0.0453142 -0.0465507 -0.0385081 -0.0219959
internal_weight=989.435 374.915 169.573 205.342 193.694 47.5232 614.52 160.457 84.0497 122.05 76.4078 454.063 182.806 11.649
internal_count=14071 4681 2329 2352 2179 586 9390 2366 1190 1743 1176 7024 2812 173
cat_boundaries=0 1 2 3 4
cat_threshold=6 1 32 1
is_linear=0
shrinkage=0.05


Tree=3
num_leaves=15
num_cat=4
split_feature=0 1 4 39 38 42 34 0 1 35 20 37 34 39
split_gain=889.316 212.381 65.6682 57.0916 68.1924 44.0427 41.2882 30.1271 40.4799 61.852 28.1967 14.1883 3.52436 14.6801
threshold=0 1 0.54940630780725741 17.750000000000004 6.8250000000000011 1.5000000000000002 23.950000000000003 2 3 81.672619000000012 33.150000000000013 66.500000000000014 25.450000000000003 20.650000000000002
decision_type=1 1 2 2 2 2 2 1 1 2 2 2 2 2
left_child=1 3 6 10 -5 -4 -3 8 11 -10 -1 -2 -9 -14
right_child=7 2 5 4 -6 -7 -8 12 9 -11 -12 -13 13 -15
leaf_value=0.022996080626882895 -0.051974878659131266 0.015966249473092511 0.094435423368208607 0.18231551736676577 0.090546031029624954 -0.041597305461821762 0.078120578656786246 -0.048198487416990524 0.049297034527132161 -0.03669735489222499 0.11857930023343832 0.015319998850087108 0.024036654367405912 -0.051017762614275292
leaf_weight=40.375395283102989 64.524884302169085 75.131065241992474 5.7568281814455977 24.153912097215652 148.40407499670982 51.595357798039913 41.073560066521168 409.81568161025643 41.346146784722805 40.331494256854057 8.773135691881178 8.4462376534938794 8.7100186944007891 20.12809532135725
leaf_count=448 1042 1026 81 238 1558 752 494 6605 527 626 92 126 140 325
internal_value=-0.000160171 0.0570488 0.0169148 0.0908113 0.104368 -0.0265584 0.0384143 -0.0386154 -0.0162401 0.00690372 0.0420823 -0.0440838 -0.0459136 -0.0283031
internal_weight=988.566 395.263 173.557 221.707 172.558 57.3522 116.205 593.303 154.649 81.6776 49.1485 72.9711 438.654 28.8381
internal_count=14080 4689 2353 2336 1796 833 1520 9391 2321 1153 540 1168 7070 465
cat_boundaries=0 1 2 3 4
cat_threshold=6 1 32 1
is_linear=0
shrinkage=0.05


Tree=4
num_leaves=15
num_cat=4
split_feature=0 1 5 34 4 4 21 0 1 22 5 36 4 5
split_gain=850.005 163.065 65.8508 55.9826 56.9662 49.6731 29.1025 23.5309 35.5563 48.3685 7.17338 8.03187 7.06864 6.89586
threshold=0 1 -0.75581183015052977 20.950000000000003 0.90162119223771342 0.2603727204637144 24.450000000000003 2 3 82.347222000000016 -0.38243420677835344 88.500000000000014 -0.85227431625818906 0.88117331841669433
decision_type=1 1 2 2 2 2 2 1 1 2 2 2 2 2
left_child=1 3 5 13 -5 -3 -4 8 12 -10 11 -9 -2 -1
right_child=7 2 6 4 -6 -7 -8 10 9 -11 -12 -13 -14 -15
leaf_value=0.026608119520196174 -0.0083705843867203228 0.094601750948076768 0.010645825877055164 0.097246522855548787 0.026501183419245483 -0.010300316467803753 -0.046721639584677441 0.058064294168251873 0.036619186185357942 -0.039174933661168754 -0.053144760288323281 -0.040115413004753173 -0.052487045757106367 -0.047856286783203139
leaf_weight=3.9833370894193632 11.178783006966112 36.954279214143753 92.360543273389339 194.21833452582359 34.381629958748817 15.800089336931704 27.971200674772263 1.2704356014728535 45.474162563681602 37.47818723320961 250.61614185199142 167.87141151353717 59.550632990896702 7.9108060896396637
leaf_count=52 169 402 1295 1815 379 185 432 20 559 604 4251 2777 1008 118
internal_value=-0.000419288 0.0534314 0.0175649 0.0812778 0.0867681 0.0635761 -0.00296445 -0.0395254 -0.0187368 0.00231638 -0.0464637 -0.039041 -0.0457283 -0.0227887
internal_weight=987.02 413.58 173.086 240.494 228.6 52.7544 120.332 573.44 153.682 82.9523 419.758 169.142 70.7294 11.8941
internal_count=14066 4678 2314 2364 2194 587 1727 9388 2340 1163 7048 2797 1177 170
cat_boundaries=0 1 2 3 4
cat_threshold=6 1 32 1
is_linear=0
shrinkage=0.05


Tree=5
num_leaves=14
num_cat=4
split_feature=0 1 5 34 4 33 37 0 1 4 4 5 38
split_gain=726.046 141.622 52.8119 46.0593 51.0261 36.4747 31.3927 30.381 33.8435 60.2077 13.3128 8.38461 7.59379
threshold=0 1 -0.75581183015052977 20.350000000000005 0.90162119223771342 33.95000000000001 27.500000000000004 2 3 0.7090011537757156 -0.85227431625818906 -0.38243420677835344 8.0687500000000032
decision_type=1 1 2 2 2 2 2 1 1 2 2 2 2
left_child=1 3 5 -1 -5 -3 -4 8 10 -10 -2 12 -9
right_child=7 2 6 4 -6 -7 -8 11 9 -11 -12 -13 -14
leaf_value=-0.047238421411520119 0.0059667866001582399 0.036821688386726371 0.071286195811549088 0.085740166872572396 0.020140763853473378 0.15238778943394748 -0.012735277888486166 -0.024983707571846203 -0.024420416241184066 0.065076851539758951 -0.052268452585129965 -0.052959406910195628 -0.047278050444530116
leaf_weight=7.12885608524084 11.605806633830069 49.725252471864223 11.367585368454455 211.11571075022221 35.301622457802296 7.1751737222075453 109.19513554498553 73.136067572981119 56.499178826808929 26.92178950458765 56.405305795371532 236.78013841435313 90.800429746508598
leaf_count=108 176 528 154 1859 381 73 1582 1244 841 325 1000 4208 1562
internal_value=-0.000174315 0.047795 0.0145232 0.0728119 0.0764618 0.0537748 -0.00429184 -0.0378184 -0.0154672 0.00489106 -0.0423884 -0.0456261 -0.0375438
internal_weight=983.158 431.009 177.463 253.546 246.417 56.9004 120.563 552.149 151.432 83.421 68.0111 400.717 163.936
internal_count=14041 4685 2337 2348 2240 601 1736 9356 2342 1166 1176 7014 2806
cat_boundaries=0 1 2 3 4
cat_threshold=6 1 32 1
is_linear=0
shrinkage=0.05


Tree=6
num_leaves=15
num_cat=1
split_feature=1 34 4 39 39 5 43 4 21 39 38 33 7 4
split_gain=60.5456 34.5874 36.5778 33.2642 22.2867 18.8672 27.7728 40.1585 23.7439 34.7121 12.6815 7.76044 4.68092 0.516833
threshold=0 20.950000000000003 0.85226249403558707 22.050000000000004 25.250000000000004 -0.75581183015052977 18.650000000000002 0.2603727204637144 22.450000000000003 18.550000000000004 8.4187500000000011 36.350000000000001 27.872916500000006 0.39036257410962039
decision_type=1 2 2 2 2 2 2 2 2 2 2 2 2 2
left_child=1 12 3 -3 -4 6 10 -8 9 -7 -2 -10 13 -1
right_child=5 2 4 -5 -6 8 7 -9 11 -11 -12 -13 -14 -15
leaf_value=-0.050718499132300678 0.0016709725081467974 0.010595579095792309 -0.026317351733729833 0.041721416058879607 0.033074531100666098 0.059637685057773442 0.04811677789344216 -0.028027098968958993 -0.030869685665841459 -0.020084982696202271 -0.046270898928502349 -0.0088590799443624742 0.033502120224071036 -0.028924037092231084
leaf_weight=19.652625273913152 24.791800674051046 275.20926895365119 75.320253327488899 124.44138207659125 19.006720624864101 20.185096196830273 48.541095998138189 25.809949845075607 220.57143519073725 37.493861265480518 29.903804957866669 50.106835898011923 1.3279619812965382 9.2221112027764303
leaf_count=343 343 3549 1105 1588 275 316 665 380 3562 578 429 781 20 149
internal_value=-0.00102648 0.0105644 0.013765 0.0203673 -0.0141286 -0.0143036 0.00188781 0.0216633 -0.0206533 0.00835532 -0.0249005 -0.0268428 -0.040546 -0.0449589
internal_weight=981.584 524.18 493.978 399.651 94.327 457.404 129.047 74.351 328.357 57.679 54.6956 270.678 30.2027 28.8747
internal_count=14083 7029 6517 5137 1380 7054 1817 1045 5237 894 772 4343 512 492
cat_boundaries=0 1
cat_threshold=1
is_linear=0
shrinkage=0.05


Tree=7
num_leaves=13
num_cat=4
split_feature=0 1 4 39 5 42 4 0 20 1 33 4
split_gain=637.067 100.011 49.3866 48.3008 45.4302 38.9492 38.3191 28.0996 25.1213 17.2314 34.6359 18.4548
threshold=0 1 0.56369777965491019 17.650000000000002 0.94909129669788206 1.5000000000000002 0.91248814248966259 2 32.550000000000004 3 36.850000000000001 -0.814291907305839
decision_type=1 1 2 2 2 2 2 1 2 1 2 2
left_child=1 3 4 8 -3 -4 -5 9 -1 11 -11 -2
right_child=7 2 5 6 -6 -7 -8 -9 -10 10 -12 -13
leaf_value=-0.003127572703436369 0.002675219643484654 0.042403698594070234 0.082194832098652582 0.081865821849090373 -0.050457614445318891 -0.042053958549930888 0.020158380633257152 -0.050360498767492601 0.069683209198442272 -0.019967750000905463 0.065800386885416132 -0.046512712094601838
leaf_weight=37.239922791719437 23.085826262831688 110.08807856589556 6.3346991539001456 185.60358976945281 14.090051047503946 46.295531995594501 29.977681681513786 257.59725930169225 16.318579241633415 135.30925028026104 11.909398369491099 105.80651434138417
leaf_count=365 381 1326 80 1514 204 723 318 4708 141 2189 165 1932
internal_value=-0.000766103 0.0427864 0.0144147 0.0628865 0.0315481 -0.0258453 0.0734178 -0.0372722 0.0199275 -0.0235998 -0.0126323 -0.0377499
internal_weight=979.656 445.948 176.808 269.14 124.178 52.6302 215.581 533.708 53.5585 276.111 147.219 128.892
internal_count=14046 4671 2333 2338 1530 803 1832 9375 506 4667 2354 2313
cat_boundaries=0 1 2 3 4
cat_threshold=6 1 33 1
is_linear=0
shrinkage=0.05


Tree=8
num_leaves=13
num_cat=4
split_feature=0 1 4 5 0 44 4 42 0 5 5 21
split_gain=566.328 74.1663 50.0258 40.6724 34.5159 70.1167 60.3257 29.1149 29.0889 20.4656 30.7682 20.0704
threshold=0 1 0.54940630780725741 0.94353349168649059 2 35.100000000000001 0.85226249403558707 1.5000000000000002 3 -0.15950993297387567 -0.59867820553660911 22.350000000000005
decision_type=1 1 2 2 1 2 2 2 1 2 2 2
left_child=1 4 3 -3 5 -1 -6 -4 9 10 -2 -11
right_child=8 2 7 -5 6 -7 -8 -9 -10 11 -12 -13
leaf_value=0.02703194909842542 -0.026108896180275277 0.041430085571500845 0.062059408763551566 -0.046910463472925941 0.046422486375886723 0.10314947630120781 -0.0399329023751889 -0.040786475404207739 -0.050276641723056785 -0.0023996028594257209 0.025652039279267753 -0.046745962001300115
leaf_weight=45.467487685382366 85.826981414109468 111.93769344687462 7.1482732594013205 13.888654388487337 118.18087225779891 95.092009887099266 23.553728967905045 46.009112175554037 245.05799854919314 33.220166653394699 41.961161565035582 110.61115470901132
leaf_count=398 1528 1298 85 208 947 772 236 743 4683 559 710 1904
internal_value=-0.00107165 0.0387252 0.0142731 0.0313861 0.0554905 0.0736869 0.0298044 -0.0260659 -0.0366476 -0.0228732 -0.00904521 -0.0365907
internal_weight=977.955 461.278 178.984 125.826 282.294 140.559 141.735 53.1574 516.677 271.619 127.788 143.831
internal_count=14071 4687 2334 1506 2353 1170 1183 828 9384 4701 2238 2463
cat_boundaries=0 1 2 3 4
cat_threshold=6 1 2 33
is_linear=0
shrinkage=0.05


Tree=9
num_leaves=13
num_cat=4
split_feature=0 1 4 5 43 34 0 40 1 4 5 21
split_gain=527.515 74.1852 42.2779 40.1907 32.9693 37.9666 31.0899 27.4593 21.6112 45.416 19.8325 19.7695
threshold=0 1 0.55656748448714433 0.93769647993491489 34.600000000000001 22.450000000000003 2 0.15000000000000005 3 0.70290292807158605 -0.98801846520836334 25.050000000000004
decision_type=1 1 2 2 2 2 1 2 1 2 2 2
left_child=1 4 3 -3 5 -1 8 -4 10 -10 -2 -6
right_child=6 2 7 -5 11 -7 -8 -9 9 -11 -12 -13
leaf_value=0.01508274582051373 0.03905053050086621 0.037388556402355888 0.080709018232585958 -0.047271828290281398 -0.041095185080748185 0.065643670375459012 -0.049808843563130811 -0.037548654365345636 -0.028199679355984733 0.031918843357238408 -0.042636459490047102 0.087120245168096577
leaf_weight=44.976808622479439 7.1779573857784262 119.23930960893631 4.5375085622072211 15.004512231796978 13.383473478257658 232.72556006908417 233.59913605079055 46.073973327875137 96.451146967709064 45.40625224262476 115.18143377825618 2.8216460049152365
leaf_count=420 134 1338 49 232 106 1804 4670 761 1681 662 2184 22
internal_value=0.000114586 0.0371533 0.0130121 0.0276465 0.0535012 0.0575383 -0.0355419 -0.0255881 -0.0214415 -0.00886798 -0.0375668 -0.0150042
internal_weight=976.579 478.763 184.855 134.244 293.907 277.702 497.816 50.6115 264.217 141.857 122.359 16.2051
internal_count=14063 4732 2380 1570 2352 2224 9331 810 4661 2343 2318 128
cat_boundaries=0 1 2 3 4
cat_threshold=6 1 33 1
is_linear=0
shrinkage=0.05


Tree=10
num_leaves=13
num_cat=3
split_feature=0 1 4 2 43 42 0 5 5 5 21 4
split_gain=463.586 53.8784 37.0901 34.8831 38.1645 34.5714 34.0865 32.0873 21.3675 34.5529 25.7044 7.12801
threshold=0 1 0.56369777965491019 11.500000000000002 34.600000000000001 1.5000000000000002 2 0.94909129669788206 -0.17646730165275518 -0.59867820553660911 22.350000000000005 -0.14250824554987662
decision_type=1 1 2 2 2 2 1 2 2 2 2 2
left_child=1 3 7 4 -1 -4 8 -3 9 -2 -10 -5
right_child=6 2 5 11 -6 -7 -8 -9 10 -11 -12 -13
leaf_value=0.055762077296182891 -0.02421095789121272 0.034791845715432479 0.071767537547053201 -0.047926984116249779 -0.021362096266613419 -0.039808745452348249 -0.049527025692091969 -0.049264062538513627 0.0044431667472102122 0.031220308867347876 -0.046176151238484883 0.0259054250843564
leaf_weight=273.9570694565773 82.313567735254765 120.7889901176095 7.2791426032781592 10.314731687307356 16.532675713300705 43.618222687393427 221.70413565635681 11.646393314003943 32.665455181151628 41.454333856701851 104.6846734508872 3.8577988743782035
leaf_count=2083 1534 1324 80 104 133 757 4634 191 562 693 1912 37
internal_value=2.68533e-05 0.0340152 0.0131948 0.0475728 0.0513145 -0.0227761 -0.0343187 0.0270862 -0.0199259 -0.0055436 -0.0341925 -0.0274468
internal_weight=970.817 487.995 183.333 304.662 290.49 50.8974 482.822 132.435 261.118 123.768 137.35 14.1725
internal_count=14044 4709 2352 2357 2216 837 9335 1515 4701 2227 2474 141
cat_boundaries=0 1 2 3
cat_threshold=6 1 33
is_linear=0
shrinkage=0.05


Tree=11
num_leaves=12
num_cat=4
split_feature=0 2 1 4 0 43 1 4 4 30 4
split_gain=432.901 46.1794 41.2782 40.2888 29.9242 24.5071 20.0101 38.3473 17.5377 5.31268 10.2164
threshold=0 11.500000000000002 1 0.56369777965491019 2 34.600000000000001 3 0.70290292807158605 -0.814291907305839 1.2500000000000002 -0.15951315977791497
decision_type=1 2 1 2 1 2 1 2 2 2 2
left_child=1 2 5 -4 6 -1 8 -8 -2 -3 -11
right_child=4 9 3 -5 -6 -7 7 -9 -10 10 -12
leaf_value=0.050017705433162134 0.0033471362486385339 -0.052118504150402561 0.030738038093205203 -0.022847465076978244 -0.049523409707742452 -0.013368196944692108 -0.027322988841383091 0.027996268964241608 -0.045964370435811253 -0.036554370114702008 0.063684242315101697
leaf_weight=284.64876599982381 22.012343164533377 14.684112280607225 125.14679024368525 47.756599560379982 214.31707082316279 15.713331952691076 91.785678818821907 46.351608317345381 95.532761320471764 6.8377171345055103 2.7659552395343763
leaf_count=2086 388 189 1366 799 4685 128 1670 665 1958 72 28
internal_value=-0.000789343 0.03139 0.0354814 0.0158912 -0.0347776 0.0466683 -0.0208846 -0.00869295 -0.0367796 -0.0341708 -0.00440138
internal_weight=967.553 497.553 473.265 172.903 469.999 300.362 255.682 138.137 117.545 24.2878 9.60367
internal_count=14034 4668 4379 2165 9366 2214 4681 2335 2346 289 100
cat_boundaries=0 1 2 3 4
cat_threshold=6 1 33 1
is_linear=0
shrinkage=0.05


Tree=12
num_leaves=10
num_cat=4
split_feature=0 34 4 39 0 0 1 4 40
split_gain=387.201 42.5899 42.7973 44.3519 42.2304 32.0103 19.068 31.8165 18.8952
threshold=0 20.350000000000005 0.90162119223771342 22.050000000000004 1 2 3 0.70290292807158605 72.500000000000014
decision_type=1 2 2 2 1 1 1 2 2
left_child=1 -1 3 -3 -4 6 8 -8 -2
right_child=5 2 4 -5 -6 -7 7 -9 -10
leaf_value=-0.050995261663944684 -0.048765892325119298 0.026722032486319259 0.030686973774748241 0.061018841426043552 -0.039942300707776351 -0.049023120401506581 -0.024475878428460933 0.026444021407463415 -0.0045442967862793599
leaf_weight=14.908503048121927 77.778259940445423 289.28997602313757 31.765417080372572 141.30859807506204 31.334782168269157 203.44534515216947 89.855658490210772 45.362710274755955 35.156931638717651
leaf_count=210 1662 2570 369 1152 389 4649 1678 642 668
internal_value=-0.000276483 0.0293506 0.0324683 0.0380924 -0.00590649 -0.0335421 -0.0193081 -0.00732468 -0.0351603
internal_weight=960.206 508.607 493.699 430.599 63.1002 451.599 248.154 135.218 112.935
internal_count=13989 4690 4480 3722 758 9299 4650 2320 2330
cat_boundaries=0 1 2 3 4
cat_threshold=6 2 33 1
is_linear=0
shrinkage=0.05


Tree=13
num_leaves=13
num_cat=4
split_feature=0 1 0 33 36 0 5 34 37 5 34 21
split_gain=364.43 42.3021 30.7165 51.8574 37.6217 30.0439 26.1966 48.9719 21.4183 17.5298 31.1295 21.4325
threshold=0 1 2 35.600000000000009 94.500000000000014 3 -0.95242240592625282 23.950000000000003 27.500000000000004 -0.15950993297387567 23.150000000000002 22.350000000000005
decision_type=1 1 1 2 2 1 2 2 2 2 2 2
left_child=1 2 3 -1 -4 9 7 -3 -8 10 -2 -11
right_child=5 6 4 -5 -6 -7 8 -9 -10 11 -12 -13
leaf_value=0.044092986174431387 0.13613789683838964 -0.051796770869735366 -0.029234818755692584 0.12008144982304902 0.031579062133951091 -0.049053841862793525 0.061806831296073741 0.085323126908802671 -0.0044491057294862987 0.0027147749912992628 -0.011058232805239269 -0.044882419840874592
leaf_weight=139.85747311636806 2.7082931734621516 8.0796062126755732 30.701017290353775 26.500289939343929 130.35387397557497 197.44361351057887 12.276911389082668 23.718395106494427 149.07968118414283 31.104785516858101 115.43147390708327 96.264873001724482
leaf_count=972 45 67 244 194 929 4722 151 192 1951 561 2174 1884
internal_value=-0.000787928 0.0273267 0.0387755 0.0536379 0.0187223 -0.033673 0.0092279 0.0499651 0.000941652 -0.0197303 -0.00656949 -0.0333282
internal_weight=963.52 520.567 327.413 166.358 161.055 442.953 193.155 31.798 161.357 245.509 118.14 127.37
internal_count=14086 4700 2339 1166 1173 9386 2361 259 2102 4664 2219 2445
cat_boundaries=0 1 2 3 4
cat_threshold=6 1 2 33
is_linear=0
shrinkage=0.05


Tree=14
num_leaves=13
num_cat=4
split_feature=0 1 0 39 4 5 37 43 1 4 5 37
split_gain=333.296 43.3916 27.8575 24.9353 24.2049 25.7533 24.7033 22.9765 17.8498 30.977 20.7975 9.7229
threshold=0 1 2 14.950000000000001 0.52766072109828632 0.94909129669788206 28.500000000000004 34.600000000000001 3 0.70290292807158605 -0.98801846520836334 52.500000000000007
decision_type=1 1 1 2 2 2 2 2 1 2 2 2
left_child=1 3 8 11 5 -3 -6 -5 10 -10 -2 -1
right_child=2 4 -4 7 6 -7 -8 -9 9 -11 -12 -13
leaf_value=0.044267945507897977 0.044832144076986269 0.02423355370018548 -0.048770154421991944 0.042667893387804766 0.037081082651412009 -0.049337807144050387 -0.041080427997378738 -0.019033105132430575 -0.026074619804105571 0.023758859905996924 -0.041354328490335157 -0.040874593556034199
leaf_weight=3.482851397246125 6.7081198804080477 128.71615231782198 186.34825029224157 305.33145377039909 12.581075947731732 12.164312355220316 39.753200333565474 15.326463632285593 86.373281192034483 47.558557912707329 101.53293424472213 13.333250030875204
leaf_count=32 133 1297 4657 2087 157 205 696 119 1676 668 2212 113
internal_value=-0.000987347 0.0252835 -0.0333177 0.0365533 0.00681425 0.0175781 -0.0219476 0.0396688 -0.0198249 -0.00833405 -0.0356515 -0.0217455
internal_weight=959.21 530.689 428.521 337.474 193.215 140.88 52.3343 320.658 242.173 133.932 108.241 16.8161
internal_count=14052 4706 9346 2351 2355 1502 853 2206 4689 2344 2345 145
cat_boundaries=0 1 2 3 4
cat_threshold=6 1 33 1
is_linear=0
shrinkage=0.05


Tree=15
num_leaves=10
num_cat=4
split_feature=0 34 4 0 39 0 1 21 5
split_gain=304.061 34.1415 31.5405 40.121 38.4334 29.2059 16.7533 23.8608 18.8667
threshold=0 20.350000000000005 0.88621069759564464 1 22.050000000000004 2 3 22.350000000000005 -0.98801846520836334
decision_type=1 2 2 1 2 1 1 2 2
left_child=1 -1 4 -4 -3 6 8 -8 -2
right_child=5 2 3 -5 -6 -7 7 -9 -10
leaf_value=-0.050721117673746666 0.040124533585715216 0.02062776404732565 0.027381566818320165 -0.038407144943022588 0.05174759910431688 -0.048577128150478148 0.043446608101709742 -0.016391643390043755 -0.040295192421913824
leaf_weight=13.982588924467562 7.08852645009756 302.83053673431277 38.257012918591499 33.069087043404579 148.50939297676086 180.99163456633687 18.514328077435493 113.66908815875649 97.663620416074991
leaf_count=202 135 2545 406 412 1120 4730 283 2047 2214
internal_value=-0.00116053 0.0235559 0.0260858 -0.00475394 0.0309592 -0.0326613 -0.0188876 -0.00774709 -0.0345253
internal_weight=954.576 536.649 522.666 71.3261 451.34 417.927 236.936 132.183 104.752
internal_count=14094 4685 4483 818 3665 9409 4679 2330 2349
cat_boundaries=0 1 2 3 4
cat_threshold=6 2 33 1
is_linear=0
shrinkage=0.05


Tree=16
num_leaves=15
num_cat=4
split_feature=0 0 1 12 2 4 0 8 37 5 42 4 40 43
split_gain=286.689 35.2891 34.058 43.4192 33.9491 33.9471 40.2419 34.1311 13.0539 11.8149 11.7246 5.72305 7.10902 1.90643
threshold=0 1 2 56.500000000000007 11.500000000000002 0.85226249403558707 3 33.550000000000004 66.500000000000014 -0.38243420677835344 6.5000000000000009 -0.15951315977791497 2.1500000000000008 10.300000000000002
decision_type=1 1 1 2 2 2 1 2 2 2 2 2 2 2
left_child=4 2 8 -4 5 7 -7 -1 -2 10 -3 13 -13 -6
right_child=1 9 3 -5 11 6 -8 -9 -10 -11 -12 12 -14 -15
leaf_value=0.026573701421309544 -0.048975683160978084 0.0069517085598752061 0.049974738828281275 -0.025101656618317064 -0.05291012820793356 0.026821311432942252 -0.035300943171184387 0.068027622103601415 0.021701606618985347 -0.051808089494535449 -0.036971466479325997 -0.042672225559001582 0.04547277860841565 0.0019990536069125187
leaf_weight=387.00374209135771 44.025677096098661 17.536307584494352 38.509612321853638 36.693303007632494 15.539132032543424 44.779494509100914 38.064466785639524 56.725631199777126 7.0536260642111293 161.59882039949298 100.30609556660056 3.3350655846297732 3.8526677414774895 1.6690262444317348
leaf_count=3036 1043 403 467 708 187 459 470 469 129 4218 2439 49 36 18
internal_value=0.000130561 -0.0312979 -0.00729933 0.0134945 0.0234312 0.0265398 -0.00281407 0.0320142 -0.0389864 -0.0414559 -0.0304317 -0.0328429 0.00435742 -0.0477672
internal_weight=956.693 405.723 126.282 75.2029 550.969 526.573 82.844 443.729 51.0793 279.441 117.842 24.3959 7.18773 17.2082
internal_count=14131 9407 2347 1175 4724 4434 929 3505 1172 7060 2842 290 85 205
cat_boundaries=0 1 2 3 4
cat_threshold=6 32 1 2
is_linear=0
shrinkage=0.05


Tree=17
num_leaves=10
num_cat=2
split_feature=0 34 0 43 34 21 5 44 34
split_gain=254.194 32.1471 30.5901 27.4429 44.9508 40.7693 20.6774 28.8877 21.1947
threshold=0 20.350000000000005 1 32.550000000000004 24.550000000000004 25.350000000000005 -0.17646730165275518 38.350000000000009 22.350000000000005
decision_type=1 2 1 2 2 2 2 2 2
left_child=1 -1 6 4 -3 -5 7 -2 -8
right_child=2 3 -4 5 -6 -7 8 -9 -10
leaf_value=-0.05067640162122166 0.024671066055842447 0.03461300837695442 -0.047777345610573722 -0.029276760888042788 -0.0018659581389444992 0.12794849679242906 -0.0030953445886082146 -0.026258742140168295 -0.047220028798454064
leaf_weight=14.115058187395332 52.356766313314438 392.8785659186542 163.75651719421148 40.707918811589479 107.36989861726761 3.5850323364138594 41.803568411618471 57.231939628720284 77.780961133539677
leaf_count=210 1024 3223 4656 354 885 30 813 1179 1678
internal_value=-0.000403067 0.0211192 -0.0307347 0.0234569 0.0267953 -0.0140071 -0.0169264 -0.00192361 -0.0319488
internal_weight=951.586 558.656 392.93 544.541 500.248 44.293 229.173 109.589 119.585
internal_count=14052 4702 9350 4492 4108 384 4694 2203 2491
cat_boundaries=0 1 2
cat_threshold=6 33
is_linear=0
shrinkage=0.05


Tree=18
num_leaves=13
num_cat=3
split_feature=0 1 0 5 33 39 38 5 5 21 4 20
split_gain=235.204 32.0367 31.2269 23.2137 32.2985 19.1625 26.8336 17.1744 26.3793 22.8307 16.4968 13.775
threshold=0 1 2 -0.95242240592625282 33.95000000000001 17.750000000000004 6.8250000000000011 -0.17646730165275518 -0.59867820553660911 22.450000000000003 -0.40614700388750385 33.150000000000013
decision_type=1 1 1 2 2 2 2 2 2 2 2 2
left_child=1 5 7 4 -3 11 -7 8 -2 -9 -5 -1
right_child=2 3 -4 10 -6 6 -8 9 -10 -11 -12 -13
leaf_value=-0.0048941857975403945 -0.020829540785316226 0.021927131576401953 -0.047532291836053397 0.014243786001260618 0.16360647490713578 0.071351964451059166 0.028667644343375077 0.0058847992884449021 0.02993471235777085 -0.043489472466104004 -0.017338583046660739 0.04745390524765717
leaf_weight=57.36054266244173 69.826923809945583 32.233028516173363 157.15082759037614 73.328346095979214 3.6797681599855414 43.338508471846581 242.31218599155545 31.880904797464609 39.074449695646763 84.929323349148035 92.241188637912273 15.040156587958334
leaf_count=449 1514 241 4671 746 22 241 1555 600 680 1911 1309 95
internal_value=-0.000276695 0.0202455 -0.0299896 0.00462456 0.0404831 0.0295623 0.03537 -0.0161344 -0.00250839 -0.0300782 -0.00334967 0.00647869
internal_weight=942.396 559.534 382.862 201.482 35.9128 358.051 285.651 225.712 108.901 116.81 165.57 72.4007
internal_count=14034 4658 9376 2318 263 2340 1796 4705 2194 2511 2055 544
cat_boundaries=0 1 2 3
cat_threshold=6 1 33
is_linear=0
shrinkage=0.05


Tree=19
num_leaves=15
num_cat=0
split_feature=30 43 5 34 2 36 4 32 41 39 19 5 32 4
split_gain=19.1124 31.1502 29.0818 25.6117 21.911 43.1125 32.4417 32.4296 12.0073 16.2127 12.0819 11.5866 11.2018 9.99625
threshold=14.250000000000002 32.550000000000004 -0.38243420677835344 23.150000000000002 2.5000000000000004 95.500000000000014 0.3261394409934788 28.016964000000005 26.450000000000003 25.250000000000004 28.295139000000002 -0.18493013702746816 28.780059500000004 -0.98214942551678475
decision_type=2 2 2 2 2 2 2 2 2 2 2 2 2 2
left_child=4 2 3 -2 5 7 -7 -1 9 -6 -10 -4 13 -3
right_child=1 12 11 -5 8 6 -8 -9 10 -11 -12 -13 -14 -15
leaf_value=-0.037332496179415635 0.12352768795423663 0.017923726865847998 -0.030837159360520335 0.024722518193943291 -0.025989491213242275 -0.0030420766411210268 0.06321611901827813 0.029019061553313932 -0.0082455374332548147 0.0096710151739917635 0.023396472081395683 0.005851400864706033 0.044782003202126316 -0.040047220203315345
leaf_weight=53.781279260292649 5.924166463315486 8.2905763853341323 29.171182904392481 163.04545866325498 180.92094961181283 30.440325088799 45.651319088414311 26.857691403478384 197.63416833989322 38.093767054378986 34.586739921942353 74.244228763505816 4.5219281986355773 44.414938401430845
leaf_count=875 76 119 421 2118 3007 483 664 389 2836 638 496 1145 75 666
internal_value=-0.000556744 0.00912215 0.0161707 0.0288931 -0.00581058 0.0102501 0.037014 -0.0151486 -0.0113994 -0.0197712 -0.0034527 -0.00469384 -0.0241284 -0.0307644
internal_weight=937.579 329.612 272.385 168.97 607.966 156.731 76.0916 80.639 451.236 219.015 232.221 103.415 57.2274 52.7055
internal_count=14008 4620 3760 2194 9388 2411 1147 1264 6977 3645 3332 1566 860 785
is_linear=0
shrinkage=0.05


Tree=20
num_leaves=14
num_cat=2
split_feature=0 0 43 43 32 44 19 5 5 42 36 5 4
split_gain=233.151 44.3668 46.1077 31.0836 30.6508 26.951 18.9952 16.6703 14.7243 28.4119 8.13831 6.36089 8.64221
threshold=0 1 28.350000000000005 18.050000000000004 28.763095000000003 49.150000000000006 26.439583500000001 -0.98521978256641018 -0.98801846520836334 6.5000000000000009 99.500000000000014 -0.38243420677835344 -0.814291907305839
decision_type=1 1 2 2 2 2 2 2 2 2 2 2 2
left_child=1 2 5 6 -5 -1 -3 -4 9 -2 -11 12 -10
right_child=8 3 7 4 -6 -7 -8 -9 11 10 -12 -13 -14
leaf_value=0.041881460456449381 0.14297502790143093 0.030719599862383842 0.052297784969364741 0.015542378863988871 0.10274222455600468 -0.049344477053484714 -0.011888726727856277 -0.02988972237901813 0.011066365903969718 -0.047359149227334502 0.032341385430090429 -0.051524074392289926 -0.038791657612016986
leaf_weight=246.01120880246162 2.0754766613244984 28.769847080111504 6.4397781267762175 146.57540972530842 9.8867648765444738 7.5650129392743102 216.29062295332551 36.571518458425999 9.2769428379833681 9.6969103440642339 3.7529631443321714 141.8860980514437 81.784460335969925
leaf_count=1985 39 385 40 1626 111 53 2576 297 228 245 93 4188 2184
internal_value=0.000590126 0.0154166 0.0298732 0.00422622 0.02167 0.0389768 -0.00678204 -0.0166757 -0.0399766 0.00525479 -0.0244209 -0.0447096 -0.0336473
internal_weight=946.583 698.11 296.588 401.523 156.462 253.576 245.06 43.0113 248.473 15.5254 13.4499 232.948 91.0614
internal_count=14050 7073 2375 4698 1737 2038 2961 337 6977 377 338 6600 2412
cat_boundaries=0 1 2
cat_threshold=38 2
is_linear=0
shrinkage=0.05


Tree=21
num_leaves=15
num_cat=3
split_feature=0 0 43 40 34 0 2 5 5 42 34 39 36 25
split_gain=200.459 38.6235 34.2108 33.7647 32.9448 30.2792 17.2679 16.4317 16.0711 33.6553 7.57962 19.5161 6.9434 3.69415
threshold=0 1 28.350000000000005 72.500000000000014 24.550000000000004 2 2.5000000000000004 -0.98521978256641018 -0.98801846520836334 6.5000000000000009 25.450000000000003 20.650000000000002 99.500000000000014 16.190278000000003
decision_type=1 1 2 2 2 1 2 2 2 2 2 2 2 2
left_child=1 2 4 6 -1 -5 -3 -4 9 -2 13 -12 -11 -10
right_child=8 3 7 5 -6 -7 -8 -9 10 12 11 -13 -14 -15
leaf_value=0.042853358799171182 0.15674541094382421 0.013699838157692119 0.052641578793183041 0.035771449799235085 -0.0014179892041889426 -0.016841229519848632 -0.01483261063245388 -0.027223873405862398 -0.047315961739886475 -0.047095075910010498 0.056391190185258157 -0.048038185151699844 0.024781886327257745 0.032878856413984262
leaf_weight=203.75052209943533 2.1059572659432861 70.498976141214371 6.805921107530593 93.840315617620945 52.795247249305248 32.939536154270172 205.29769717343152 36.795681610703468 207.6028118673712 9.3565245959907752 5.9161070398986366 11.770024122670291 4.2173835188150415 0.79103006981313129
leaf_count=1608 34 824 41 688 415 676 2530 303 6175 248 145 327 103 22
internal_value=-0.00094827 0.0126237 0.0259682 0.0022484 0.0337725 0.0235584 -0.00751602 -0.0138567 -0.0391929 0.00769789 -0.0441906 -0.0119576 -0.024595 -0.046856
internal_weight=944.484 702.724 300.147 402.577 256.546 126.78 275.797 43.6016 241.76 15.6799 226.08 17.6861 13.5739 208.394
internal_count=14139 7085 2367 4718 2023 1364 3354 344 7054 385 6669 472 351 6197
cat_boundaries=0 1 2 3
cat_threshold=38 2 4
is_linear=0
shrinkage=0.05


Tree=22
num_leaves=14
num_cat=2
split_feature=0 0 43 34 40 19 43 5 42 39 36 5 34
split_gain=191.396 34.5857 39.0679 29.263 27.6561 33.6735 20.9008 14.116 20.6851 13.3166 8.43499 5.56192 8.38803
threshold=0 1 25.250000000000004 24.550000000000004 72.500000000000014 27.567361500000001 27.150000000000002 -0.98521978256641018 6.5000000000000009 19.250000000000004 99.500000000000014 -0.38243420677835344 23.150000000000002
decision_type=1 1 2 2 2 2 2 2 2 2 2 2 2
left_child=1 2 3 -1 6 -6 -3 8 -2 -4 -10 12 -9
right_child=7 4 9 -5 5 -7 -8 11 10 -11 -12 -13 -14
leaf_value=0.043680847580289624 0.10791233047485314 -0.0095610631025960253 -0.040081916735447969 0.00053639401694576753 0.012523649581027255 0.096169319899584035 0.05920498119859792 0.053174349761296341 -0.04731779426169018 0.0073554558729998212 0.029099718513077352 -0.051308267778152478 -0.036315606249458919
leaf_weight=188.74305248633027 2.7275768518447885 262.8824898339808 21.731221627444029 49.600193209946156 117.23027609661222 12.474695421755312 10.543059792369602 1.853661186993121 10.066786505281923 41.679572284221649 4.5528580732643613 129.35170337930322 82.152428699657321
leaf_count=1451 40 3214 176 397 1239 130 121 38 280 313 110 4195 2342
internal_value=-0.000919181 0.01209 0.0246778 0.0347421 0.00226242 0.0212427 -0.00670342 -0.03937 0.0021901 -0.00927148 -0.0231804 -0.0445802 -0.0337386
internal_weight=935.59 704.885 301.754 238.343 403.131 129.705 273.426 230.705 17.3472 63.4108 14.6196 213.358 84.0061
internal_count=14046 7041 2337 1848 4704 1369 3335 7005 430 489 390 6575 2380
cat_boundaries=0 1 2
cat_threshold=38 2
is_linear=0
shrinkage=0.05


Tree=23
num_leaves=13
num_cat=3
split_feature=0 0 36 39 43 34 5 5 0 39 44 14
split_gain=166.854 31.3456 28.2815 35.9394 25.9863 21.7745 17.9582 15.2117 25.6429 32.9385 13.7763 0.174868
threshold=0 1 95.500000000000014 22.050000000000004 28.350000000000005 21.050000000000004 -0.98521978256641018 -0.38243420677835344 2 20.550000000000004 49.150000000000006 24.150000000000002
decision_type=1 1 2 2 2 2 2 2 1 2 2 2
left_child=1 4 10 -4 5 -1 -6 8 9 -2 -3 -10
right_child=7 2 3 -5 6 -7 -8 -9 11 -11 -12 -13
leaf_value=-0.02188845654072202 0.055398255610406691 -0.027995114435148422 -0.0025402878763386202 0.034345967506170055 0.058126788816657053 0.033129220225446274 -0.027630463085001611 -0.051208524730831845 -0.049092968203458424 -0.033245889500735419 0.066864871244492599 -0.01839713622999355
leaf_weight=18.722209800034761 19.827439837157726 82.458932602778077 222.0472149271518 92.914542069658637 6.3941523581743231 246.00802022591233 34.78627122938633 123.61690272763371 56.878617716953158 20.153494916856289 3.0800669267773619 2.0573160313069812
leaf_count=206 432 1075 2619 960 37 1796 298 4201 1823 498 37 67
internal_value=-0.00111914 0.0108555 0.00144678 0.00841552 0.0226957 0.0291705 -0.0132524 -0.0378043 -0.0244918 0.00883736 -0.0238462 -0.0414333
internal_weight=928.945 706.411 400.501 314.962 305.911 264.73 41.1804 222.534 98.9169 39.9809 85.539 58.9359
internal_count=14049 7028 4691 3579 2337 2002 335 7021 2820 930 1112 1890
cat_boundaries=0 1 2 3
cat_threshold=38 2 1
is_linear=0
shrinkage=0.05


Tree=24
num_leaves=12
num_cat=4
split_feature=0 0 41 32 44 1 5 0 38 2 4
split_gain=167.526 31.7279 26.9602 27.2933 25.6755 24.4555 15.4372 23.5925 28.5146 13.9959 0.253529
threshold=0 1 72.500000000000014 28.763095000000003 49.150000000000006 2 -0.38243420677835344 3 8.0687500000000032 2.5000000000000004 -0.63921128368950708
decision_type=1 1 2 2 2 1 2 1 2 2 2
left_child=1 4 9 -4 5 -1 7 8 -2 -3 -9
right_child=6 2 3 -5 -6 -7 -8 10 -10 -11 -12
leaf_value=0.037417274086366685 0.051827364709442984 0.012638066438575369 0.016164835961920313 0.13381644518272126 -0.052171466739451826 0.0078320220912866181 -0.051111061079894854 -0.03201988258962387 -0.029824577657331659 -0.013350191722475802 -0.050548300648275347
leaf_weight=197.17274019122124 19.568896632641554 68.928824052214622 127.60623915120959 4.1596972607076159 9.7079582288861257 108.85750461742282 118.84438383206725 9.3033486288040859 21.32597778737545 199.89114754274487 46.271542301401496
leaf_count=1162 419 824 1328 37 67 1146 4239 316 523 2498 1549
internal_value=0.000260989 0.0119452 0.00235961 0.0208589 0.0236178 0.0269533 -0.0373137 -0.0237944 0.00771114 -0.00666433 -0.0408474
internal_weight=931.638 716.324 400.586 131.766 315.738 306.03 215.314 96.4698 40.8949 268.82 55.5749
internal_count=14108 7062 4687 1365 2375 2308 7046 2807 942 3322 1865
cat_boundaries=0 1 2 3 4
cat_threshold=38 2 1 1
is_linear=0
shrinkage=0.05


Tree=25
num_leaves=15
num_cat=2
split_feature=0 0 4 34 36 39 39 5 42 39 31 34 39 4
split_gain=142.108 25.4653 24.9293 26.5567 23.034 28.2269 18.5623 15.7708 21.3017 12.6643 9.23819 6.41781 14.8892 2.57772
threshold=0 1 -0.90893996196865012 24.550000000000004 94.500000000000014 22.050000000000004 19.250000000000004 -0.95242240592625282 6.5000000000000009 25.250000000000004 48.800000000000004 25.450000000000003 20.650000000000002 -0.63921128368950708
decision_type=1 1 2 2 2 2 2 2 2 2 2 2 2 2
left_child=1 2 6 -4 9 -6 -1 8 -2 -3 -10 13 -13 -9
right_child=7 4 3 -5 5 -7 -8 11 10 -11 -12 12 -14 -15
leaf_value=-0.057815575663443669 0.10954623259330021 -0.034704995126379014 0.033867897999550603 -0.0033128497926539417 -0.0034073222936507712 0.02814076781900058 0.012205551604800894 -0.03537512277150183 -0.026053739607430029 0.017032548804134264 0.09465754637459331 0.049269376487509287 -0.047006739300929613 -0.051137101640605954
leaf_weight=15.442000247538088 2.6788657531142261 58.292040146887302 214.37404983863235 61.592766411602497 226.52594437636435 102.08629444614053 21.652940064668655 48.279065882787108 24.168964039534334 14.122909430414436 0.71885598450899024 5.413724970072507 9.8451295886188728 116.098169259727
leaf_count=114 36 771 1590 469 2680 1047 152 1688 714 191 21 134 324 4117
internal_value=-0.00138441 0.00929309 0.0197888 0.0255876 0.000790057 0.00644901 -0.0176956 -0.0367326 -0.00315182 -0.0245202 -0.0190454 -0.0438733 -0.0119193 -0.0467496
internal_weight=921.292 714.089 313.062 275.967 401.027 328.612 37.0949 207.203 27.5667 72.4149 24.8878 179.636 15.2589 164.377
internal_count=14048 7014 2325 2059 4689 3727 266 7034 771 962 735 6263 458 5805
cat_boundaries=0 1 2
cat_threshold=38 2
is_linear=0
shrinkage=0.05


Tree=26
num_leaves=12
num_cat=4
split_feature=0 0 44 14 40 0 2 5 0 38 4
split_gain=139.685 22.7965 23.1311 25.3257 21.4341 28.5531 18.9048 16.9115 25.5709 26.2647 0.308251
threshold=0 1 49.150000000000006 18.850000000000005 72.500000000000014 2 2.5000000000000004 -0.38243420677835344 3 8.0431550000000005 -0.63921128368950708
decision_type=1 1 2 2 2 1 2 2 1 2 2
left_child=1 2 3 -1 6 -6 -3 8 9 -2 -10
right_child=7 4 -4 -5 5 -7 -8 -9 10 -11 -12
leaf_value=0.013941959601179841 0.052378436828481548 0.016519866019448163 -0.051870210037876445 0.045108089102926394 0.030993025882175975 -0.018287780034417552 -0.013432271729905236 -0.05092618509438445 -0.031057892725454662 -0.026467367887679519 -0.050372644695888862
leaf_weight=218.12715332955122 19.905455436557531 70.39631032384932 9.6441076546907407 92.922899827361107 96.74409556761384 34.647637505084276 200.48487367294729 107.37048095278442 8.8631820715963823 20.452513249590993 42.992147186771035
leaf_count=1629 414 818 67 661 665 685 2532 4194 320 530 1551
internal_value=0.000220009 0.0105144 0.0203188 0.0233672 0.00236546 0.0189175 -0.00561621 -0.0356819 -0.0214039 0.0102653 -0.0401291
internal_weight=922.551 722.967 320.694 311.05 402.273 131.392 270.881 199.584 92.2133 40.358 51.8553
internal_count=14066 7057 2357 2290 4700 1350 3350 7009 2815 944 1871
cat_boundaries=0 1 2 3 4
cat_threshold=38 2 4 1
is_linear=0
shrinkage=0.05


Tree=27
num_leaves=10
num_cat=2
split_feature=0 37 43 21 40 5 0 39 14
split_gain=129.505 17.7178 16.3787 25.2338 24.3789 16.0616 25.3524 24.8162 0.228895
threshold=0 25.500000000000004 32.550000000000004 25.250000000000004 94.90000000000002 -0.38243420677835344 1 20.550000000000004 24.150000000000002
decision_type=1 2 2 2 2 2 1 2 2
left_child=1 -1 4 -4 -3 6 7 -2 -8
right_child=5 2 3 -5 -6 -7 8 -9 -10
leaf_value=-0.052146751345246822 0.047353902717100965 0.0098347099712755778 -0.026923583092559072 0.077400118959905312 0.042132732792383998 -0.05082676677275158 -0.049410556757083911 -0.029206550563685499 -0.01738324196405501
leaf_weight=10.366602366790174 21.904229830950499 592.67081346176565 49.450817964971066 5.5752741359174243 64.003407020121813 101.51076491735876 48.381716635078192 18.763463171198964 1.9781030267477024
leaf_count=125 435 5794 521 50 521 4168 1825 504 73
internal_value=-6.49031e-05 0.0097334 0.0108432 -0.0151606 0.0130419 -0.0353479 -0.0215627 0.0098201 -0.0406088
internal_weight=914.605 722.067 711.7 55.0261 656.674 192.538 91.0275 40.6677 50.3598
internal_count=14016 7011 6886 571 6315 7005 2837 939 1898
cat_boundaries=0 1 2
cat_threshold=38 1
is_linear=0
shrinkage=0.05


Tree=28
num_leaves=13
num_cat=3
split_feature=0 0 36 43 43 34 5 0 38 5 39 30
split_gain=120.085 18.7839 23.4763 19.8388 19.8144 17.4567 13.459 16.8739 17.9089 10.0821 8.42472 0.222371
threshold=0 1 94.500000000000014 28.350000000000005 1.9500000000000002 20.350000000000005 -0.39827153806311177 2 8.0687500000000032 -0.98521978256641018 25.250000000000004 4.7500000000000009
decision_type=1 1 2 2 2 2 2 1 2 2 2 2
left_child=1 3 10 5 -4 -1 7 8 -2 -5 -3 -9
right_child=6 2 4 9 -6 -7 -8 11 -10 -11 -12 -13
leaf_value=-0.048513322968690077 0.035577517640495354 -0.033846992508370227 0.038011679845147472 0.036980865701305585 0.0015001433907770416 0.0240093366433973 -0.050752156797422558 -0.026403425431176925 -0.029473979990869648 -0.026112327759768475 0.008108448328057025 -0.049083511430371707
leaf_weight=7.6498239636421195 21.536530297249556 56.696118926629424 41.661059472709894 6.8024630993604651 288.84243398159742 276.64677953720093 97.700735511258245 5.0798637811094514 18.964473482221365 34.21023852750659 14.6680356785655 42.520848048850894
leaf_count=103 416 773 500 37 3199 1924 4196 211 512 285 199 1663
internal_value=-0.00136367 0.00791982 0.000558598 0.0166977 0.00620332 0.0218947 -0.0360392 -0.0233814 0.00414286 -0.0150164 -0.0252307 -0.0391921
internal_weight=912.979 727.177 401.868 325.309 330.503 284.297 185.802 88.1017 40.501 41.0127 71.3642 47.6007
internal_count=14018 7020 4671 2349 3699 2027 6998 2802 928 322 972 1874
cat_boundaries=0 1 2 3
cat_threshold=38 2 1
is_linear=0
shrinkage=0.05


Tree=29
num_leaves=10
num_cat=2
split_feature=0 37 0 23 40 5 42 5 34
split_gain=119.92 17.2222 14.9078 25.0077 17.6388 11.0957 7.91076 12.1557 8.55601
threshold=0 25.500000000000004 1 85.500000000000014 72.500000000000014 -0.38243420677835344 6.5000000000000009 -0.94137724084408114 23.150000000000002
decision_type=1 2 1 2 2 2 2 2 2
left_child=1 -1 3 -3 -4 6 7 -2 -8
right_child=5 2 4 -5 -6 -7 8 -9 -10
leaf_value=-0.051988286713320342 0.083466829327691172 0.071959387493954974 -0.0052470047731165998 0.013741803184313907 0.01688406033790462 -0.050649507091416059 0.057190676521141404 -0.016625934412524926 -0.034964016246063566
leaf_weight=10.765098283067344 2.9907548874616614 18.7384277805686 262.7119749262929 302.90354021266103 135.73090808466077 92.435094529762864 1.7387349531054486 11.740491982549427 70.421596581116319
leaf_count=133 38 130 3242 2164 1358 4187 35 356 2398
internal_value=-0.00114352 0.00796627 0.0090439 0.0168245 0.00225886 -0.0365252 -0.0252502 0.00770906 -0.0319921
internal_weight=910.177 730.85 720.085 321.642 398.443 179.327 86.8916 14.7312 72.1603
internal_count=14041 7027 6894 2294 4600 7014 2827 394 2433
cat_boundaries=0 1 2
cat_threshold=38 2
is_linear=0
shrinkage=0.05


Tree=30
num_leaves=10
num_cat=3
split_feature=0 37 2 0 5 0 38 4 4
split_gain=109.774 15.7655 16.0145 18.7167 14.4493 17.9466 18.0533 13.6293 0.434221
threshold=0 25.500000000000004 11.500000000000002 1 -0.38243420677835344 2 8.0687500000000032 -0.17647087149565663 -0.63921128368950708
decision_type=1 2 2 1 2 1 2 2 2
left_child=1 -1 3 -3 5 6 -2 -4 -7
right_child=4 2 7 -5 -6 8 -8 -9 -10
leaf_value=-0.051179685829110956 0.036544309515029724 0.014749175954267732 -0.046918368592337327 -0.0074733911181610437 -0.050567160332148559 -0.028816547140649285 -0.02871967175796987 0.018940591942168326 -0.049964826396484363
leaf_weight=9.8351733032613975 22.384665902704 574.57784334570169 21.306557305157185 109.60726469010115 88.350669626146555 7.9586601853370658 18.414629807695746 11.43717474862933 36.857047775760293
leaf_count=128 430 4274 292 2131 4197 332 525 142 1564
internal_value=-1.11856e-06 0.00863404 0.009645 0.0112896 -0.0344437 -0.0213899 0.00573357 -0.0240347 -0.0385139
internal_weight=900.73 726.764 716.929 684.185 173.966 85.615 40.7993 32.7437 44.8157
internal_count=14015 6967 6839 6405 7048 2851 955 434 1896
cat_boundaries=0 1 2 3
cat_threshold=38 6 1
is_linear=0
shrinkage=0.05


Tree=31
num_leaves=15
num_cat=2
split_feature=0 39 38 33 39 32 35 37 30 0 42 34 44 27
split_gain=94.9506 15.7099 30.8877 33.7474 28.7631 23.6686 13.1921 12.8794 7.08832 14.9321 22.7786 4.99053 10.1763 1.6612
threshold=0 22.050000000000004 7.4404760000000012 31.950000000000003 22.650000000000002 27.838690500000002 67.279762000000019 25.500000000000004 12.250000000000002 1 6.5000000000000009 25.450000000000003 38.000000000000007 18.050000000000004
decision_type=1 2 2 2 2 2 2 2 2 1 2 2 2 2
left_child=1 2 3 -1 5 -3 -4 -6 11 10 -10 -2 -13 -11
right_child=8 4 6 -5 7 -7 -8 -9 9 13 -12 12 -14 -15
leaf_value=-0.011710347347354485 -0.04829460123504542 0.085495138265245227 0.011407361212543864 0.027173284668841557 -0.050098938259723329 0.013957495384414952 -0.018277911010921254 0.011932099558094095 0.10110982285462891 0.017646196851511163 -0.010030669660333204 0.043631292994894044 -0.045442740951019661 -0.049861924196365474
leaf_weight=83.725918414071202 84.264731312170625 24.367002379149199 47.211052525788546 163.57046235725284 7.7254260722547761 22.096986653283238 169.48020407743752 218.47082453966141 4.4645461160689583 0.47064002230763335 28.669303312897682 4.2348420899361354 7.3903482276946306 37.293096423149109
leaf_count=842 3911 189 500 1497 102 217 1702 1984 78 23 823 127 290 1750
internal_value=-0.000345818 0.00747201 0.00196497 0.0140145 0.017075 0.0524847 -0.0117876 0.00960233 -0.0331812 -0.0226503 0.00577598 -0.0440779 -0.0121089 -0.0386233
internal_weight=903.435 736.648 463.988 247.296 272.66 46.464 216.691 226.196 166.788 70.8976 33.1338 95.8899 11.6252 37.7637
internal_count=14035 7033 4541 2339 2492 406 2202 2086 7002 2674 901 4328 417 1773
cat_boundaries=0 1 2
cat_threshold=38 1
is_linear=0
shrinkage=0.05


Tree=32
num_leaves=9
num_cat=3
split_feature=0 0 1 33 40 36 44 34
split_gain=86.2638 20.3133 21.9692 20.8023 37.3156 20.2182 19.6174 14.1771
threshold=0 1 2 36.850000000000001 3.0500000000000003 95.500000000000014 26.800000000000004 22.050000000000004
decision_type=1 1 1 2 2 2 2 2
left_child=-1 2 7 6 -5 -4 -3 -2
right_child=1 3 5 4 -6 -7 -8 -9
leaf_value=-0.044456661719312875 -0.0076851274296187979 0.075676134377715712 -0.034780367434911495 -0.020152335119265539 0.12719323050906259 0.003799251491292949 -0.017635871522073507 0.020017624928521466
leaf_weight=89.473473688587546 52.864936765283346 4.8479426875710478 40.579973615705967 9.5845796708017605 6.4663079660385838 184.52262911573052 172.41403252258897 340.56332068890333
leaf_count=4674 389 117 557 221 117 1766 4263 1960
internal_value=-0.000736 0.0046213 0.00902578 -0.00919863 0.043186 -0.00327869 -0.0146737 0.0162852
internal_weight=901.317 811.844 618.531 193.313 16.0509 225.103 177.262 393.428
internal_count=14064 9390 4672 4718 338 2323 4380 2349
cat_boundaries=0 1 2 3
cat_threshold=24 6 1
is_linear=0
shrinkage=0.05


Tree=33
num_leaves=13
num_cat=3
split_feature=0 0 43 36 43 4 5 0 4 5 33 6
split_gain=84.0142 15.8489 22.9323 18.201 21.8007 16.9821 14.1944 16.8904 14.87 11.4114 9.49123 0.56632
threshold=0 1 28.350000000000005 94.500000000000014 1.9500000000000002 -0.91597725483594616 -0.38243420677835344 2 -0.82415615971448097 -0.98521978256641018 34.650000000000013 1.5000000000000002
decision_type=1 1 2 2 2 2 2 1 2 2 2 2
left_child=1 2 5 10 -5 -1 7 8 -2 -4 -3 -9
right_child=6 3 9 4 -6 -7 -8 11 -10 -11 -12 -13
leaf_value=-0.017931852041948231 0.089058429089696967 -0.054147455759304741 0.032716733963556628 0.036532636311184863 -0.0010127315487597388 0.023054391292399182 -0.050369767943293446 -0.021221831508272813 -0.0035131214356359953 -0.030367072457544345 -0.012525630971211824 -0.049737540329605937
leaf_weight=27.17870332300663 3.929971504956483 18.087397763505578 7.9587205052375785 43.584041947498918 290.76922840438783 266.35836949199438 78.218677617609501 4.0572217628359786 35.599464552477002 37.161014378070831 51.83853261359036 35.031477835029364
leaf_count=179 70 233 41 504 3204 1833 4191 197 870 306 744 1682
internal_value=-0.00127504 0.00587672 0.013707 -0.000871898 0.00397577 0.0192115 -0.0332418 -0.0199573 0.00614448 -0.0187715 -0.0239034 -0.0379215
internal_weight=899.773 742.936 338.657 404.279 334.353 293.537 156.837 78.6181 39.5294 45.1197 69.9259 39.0887
internal_count=14054 7044 2359 4685 3708 2012 7010 2819 940 347 977 1879
cat_boundaries=0 1 2 3
cat_threshold=38 2 1
is_linear=0
shrinkage=0.05


Tree=34
num_leaves=8
num_cat=2
split_feature=0 0 36 44 39 26 25
split_gain=78.9164 25.2681 21.8155 20.7919 21.0073 20.6563 9.399
threshold=0 1 95.500000000000014 49.150000000000006 25.650000000000002 14.550000000000002 8.5687500000000032
decision_type=1 1 2 2 2 2 2
left_child=-1 3 6 4 -2 -4 -3
right_child=1 2 5 -5 -6 -7 -8
leaf_value=-0.043292331473840352 0.014841204772768622 -0.053587303547803694 -0.023050696362905482 -0.052373859852089755 0.066539115144062591 0.0082593510643333944 -0.015090038629605477
leaf_weight=81.774399909190834 310.43820639327168 19.706953436136246 62.024166852235794 9.8370021469891054 20.113866824656725 320.24680142849684 74.039886754006147
leaf_count=4674 2164 347 963 68 129 4398 1321
internal_value=0.000446601 0.00533957 -0.00213841 0.0155367 0.0181782 0.00313235 -0.0236629
internal_weight=898.181 816.407 476.018 340.389 330.552 382.271 93.7468
internal_count=14064 9390 7029 2361 2293 5361 1668
cat_boundaries=0 1 2
cat_threshold=24 2
is_linear=0
shrinkage=0.05


Tree=35
num_leaves=13
num_cat=2
split_feature=0 5 36 43 32 34 38 5 4 4 33 1
split_gain=69.5556 15.3317 15.1819 13.4487 21.4489 20.7327 23.4511 18.7784 13.0806 9.75827 9.22814 3.35926
threshold=0 -0.38243420677835344 99.500000000000014 32.550000000000004 28.780059500000004 24.550000000000004 6.9395835000000003 -0.44505783185115427 0.091259403071267911 -0.98214942551678475 36.600000000000009 1
decision_type=1 2 2 2 2 2 2 2 2 2 2 1
left_child=3 2 10 5 9 7 -7 -1 -4 -5 -2 -6
right_child=1 -3 8 4 11 6 -8 -9 -10 -11 -12 -13
leaf_value=0.024329327069028673 -0.03658254423966343 -0.05025246105244971 0.049273720339443466 0.01451217642798007 0.019224438167161233 0.057136629870329164 -0.0168604066848476 0.0045562478205845155 -0.042569985268338717 -0.04158130353437392 0.025176008989509988 0.086686577747102755
leaf_weight=175.69141124561429 52.048827316612005 72.707699692808092 12.196802938356997 9.0422074161469919 4.6174312978982917 10.70844444260001 127.12365262769163 376.68839956633747 4.6102576274424782 39.692276824265718 6.1196109298616639 3.2322477102279663
leaf_count=1358 2085 4202 340 83 41 86 1251 3767 171 417 196 37
internal_value=-0.00178343 -0.0318495 -0.0177688 0.00456186 -0.0186064 0.00655138 -0.0107413 0.0108779 0.0231047 -0.0310912 -0.0297695 0.0536597
internal_weight=894.479 147.683 74.9755 746.796 56.5842 690.212 137.832 552.38 16.8071 48.7345 58.1684 7.84968
internal_count=14034 6994 2792 7040 578 6462 1337 5125 511 500 2281 78
cat_boundaries=0 1 2
cat_threshold=38 1
is_linear=0
shrinkage=0.05


Tree=36
num_leaves=8
num_cat=3
split_feature=0 0 1 4 34 4 4
split_gain=66.4951 17.2701 20.2363 37.4088 19.8533 20.2113 18.7022
threshold=0 1 2 0.70290292807158605 20.350000000000005 0.92273069556937581 -0.814291907305839
decision_type=1 1 1 2 2 2 2
left_child=-1 4 6 -4 -2 -6 -3
right_child=1 2 3 -5 5 -7 -8
leaf_value=-0.042732372198488591 -0.050560093050318528 0.018426500933172923 -0.017637434967139737 0.043685926252514884 0.011703079101321996 -0.018017203411310644 -0.041242918604342434
leaf_weight=76.045220197178423 13.511010169982908 15.858405806124209 69.974822718650103 37.292946649715304 552.34991932287812 62.904859829694033 63.597135917283595
leaf_count=4691 204 385 1681 658 3807 663 1961
internal_value=-0.00118909 0.00321644 -0.00977368 0.00388896 0.0071758 0.00864011 -0.0292526
internal_weight=891.534 815.489 186.723 107.268 628.766 615.255 79.4555
internal_count=14050 9359 4685 2339 4674 4470 2346
cat_boundaries=0 1 2 3
cat_threshold=24 6 1
is_linear=0
shrinkage=0.05


Tree=37
num_leaves=13
num_cat=1
split_feature=0 5 43 43 2 24 37 43 36 5 4 4
split_gain=64.3604 19.2806 17.708 29.3725 13.5298 14.2104 14.0022 15.8728 6.50961 5.40105 10.8343 5.21628
threshold=0 -0.95242240592625282 29.550000000000004 30.750000000000004 11.500000000000002 37.500000000000007 25.500000000000004 1.9500000000000002 99.500000000000014 -0.38243420677835344 -0.814291907305839 -0.17647087149565663
decision_type=1 2 2 2 2 2 2 2 2 2 2 2
left_child=4 2 8 -4 6 -6 -1 -8 -2 10 -3 -7
right_child=1 9 3 -5 5 11 7 -9 -10 -11 -12 -13
leaf_value=-0.050912845976111523 -0.039071016580481482 0.026403553159450806 0.15378941433224202 -0.038397793327949563 0.068069357954745474 -0.04928469950025606 0.022292821026824689 0.0037123238402265047 0.030445217692532001 -0.050140811225804882 -0.036861895142018479 -0.0034695038978805846
leaf_weight=9.4175611007958633 10.873789447359743 7.2518765963613978 3.5668169055134049 2.944874607026577 2.7242390252649775 21.045633481815457 143.64153889380395 562.68337074294686 3.85540204681456 67.378149219788611 43.107113050296903 8.8730045892298239
leaf_count=132 453 226 73 127 46 291 1424 5031 117 4197 1808 91
internal_value=-0.000768129 -0.030683 0.0105552 0.0733328 0.00516127 -0.0257784 0.00667835 0.00751712 -0.0200962 -0.0407331 -0.0274147 -0.0362489
internal_weight=887.363 138.978 21.2409 6.51169 748.385 32.6429 715.742 706.325 14.7292 117.737 50.359 29.9186
internal_count=14016 7001 770 200 7015 428 6587 6455 570 6231 2034 382
cat_boundaries=0 1
cat_threshold=38
is_linear=0
shrinkage=0.05


Tree=38
num_leaves=9
num_cat=3
split_feature=0 0 1 33 38 34 9 36
split_gain=64.002 14.4309 24.5042 18.9355 32.6313 17.8486 15.3593 14.7044
threshold=0 1 2 36.850000000000001 11.839285500000001 21.050000000000004 22.550000000000004 95.500000000000014
decision_type=1 1 1 2 2 2 2 2
left_child=-1 2 6 5 -5 -3 -2 -4
right_child=1 3 7 4 -6 -7 -8 -9
leaf_value=-0.042197083813360958 -0.018547988899195244 0.036688401200050978 -0.032697829832779267 0.10438916410956056 -0.030572888726852866 -0.018736786476143717 0.017951049516873919 0.00053898459353114258
leaf_weight=71.115113110281527 30.426213052123785 15.124938438646494 39.17906279489398 8.4573930166661757 7.835501952096819 151.68031358160079 373.93018880486488 193.54780662059784
leaf_count=4734 235 389 555 146 188 3934 2122 1805
internal_value=-8.79176e-05 0.00407441 0.0076203 -0.00799605 0.0414692 -0.0135225 0.0151657 -0.00517232
internal_weight=891.297 820.181 637.083 183.098 16.2929 166.805 404.356 232.727
internal_count=14108 9374 4717 4657 334 4323 2357 2360
cat_boundaries=0 1 2 3
cat_threshold=24 6 1
is_linear=0
shrinkage=0.05


Tree=39
num_leaves=15
num_cat=0
split_feature=30 7 39 4 2 36 39 4 40 34 21 35 40 39
split_gain=13.858 22.6205 29.7918 20.7595 16.6256 18.0885 24.393 15.48 13.5535 13.5168 13.2384 13.0126 4.11665 3.27046
threshold=14.250000000000002 28.127083500000001 17.650000000000002 0.15951094710994368 3.5000000000000004 95.500000000000014 25.100000000000005 0.3261394409934788 26.450000000000003 23.250000000000004 26.800000000000001 85.892857500000005 62.500000000000007 20.450000000000003
decision_type=2 2 2 2 2 2 2 2 2 2 2 2 2 2
left_child=4 2 9 -4 5 6 -1 -7 10 -2 -6 -10 -3 -14
right_child=1 12 3 -5 8 7 -8 -9 11 -11 -12 -13 13 -15
leaf_value=-0.019406058404769316 0.022506470038471976 0.023710495945518842 0.01877662601899768 -0.020059493072918894 -0.031183107663741251 -0.0073059548822603671 0.030262024727887027 0.03662574491164218 0.0038039419761000367 -0.03748464928731856 0.021626098310584606 -0.022037293190979974 0.098653484479157394 0.032732962456840757
leaf_weight=94.412186590023339 10.811453149653969 6.3536738548427847 204.37992075458169 40.4798633037135 107.58213979471475 29.130748357623816 32.396191466599703 61.337115225382149 148.34427382517606 49.786146173253655 12.615958938375114 71.373205408453941 7.0891603641211969 4.2767928317189217
leaf_count=1743 182 100 2736 628 2115 487 587 931 2241 828 195 1081 83 54
internal_value=-0.000413778 0.00780906 0.00452399 0.0123008 -0.00518856 0.00559874 -0.00657968 0.0225545 -0.0120801 -0.0265898 -0.0255076 -0.00465216 0.0611715 0.0785017
internal_weight=880.369 323.177 305.457 244.86 557.192 217.276 126.808 90.4679 339.916 60.5976 120.198 219.717 17.7196 11.366
internal_count=13991 4611 4374 3364 9380 3748 2330 1418 5632 1010 2310 3322 237 137
is_linear=0
shrinkage=0.05


Tree=40
num_leaves=10
num_cat=2
split_feature=0 0 33 38 34 43 44 14 14
split_gain=58.6123 13.5125 20.1165 26.8535 19.1149 17.7142 17.2289 0.00530971 0.959538
threshold=0 1 36.850000000000001 11.839285500000001 20.350000000000005 34.600000000000001 27.900000000000002 24.150000000000002 24.550000000000004
decision_type=1 1 2 2 2 2 2 2 2
left_child=7 4 6 -4 -2 -6 -3 -1 -9
right_child=1 2 3 -5 5 -7 -8 8 -10
leaf_value=-0.048501850158128419 -0.050196279270324995 0.048871233976636543 0.093850802172785366 -0.028655781747521536 0.010232838773242157 -0.02987581575374694 -0.017923630987596112 0.018570593533531639 -0.034553275320050113
leaf_weight=64.585007277317345 13.253942146897314 9.3331594606861454 9.4424230717122573 7.1777264587581149 595.68311562389135 27.908246088773012 156.53906293958426 0.45321313012391273 2.1241820687428117
leaf_count=4494 216 247 155 177 4232 251 4112 31 140
internal_value=-0.00034742 0.00355713 -0.00812945 0.0423203 0.00698718 0.00839285 -0.0138949 -0.0417331 -0.022632
internal_weight=886.5 819.338 182.492 16.6201 636.845 623.591 165.872 67.1624 2.5774
internal_count=14055 9390 4691 332 4699 4483 4359 4665 171
cat_boundaries=0 1 2
cat_threshold=24 6
is_linear=0
shrinkage=0.05


Tree=41
num_leaves=10
num_cat=2
split_feature=0 5 0 39 37 2 42 4 4
split_gain=55.3521 15.7596 14.3403 14.0406 11.423 11.0414 12.7499 12.0053 0.971891
threshold=0 -0.38243420677835344 1 20.550000000000004 25.500000000000004 11.500000000000002 4.5000000000000009 -0.17647087149565663 -0.63921128368950708
decision_type=1 2 1 2 2 2 2 2 2
left_child=4 2 3 -2 -1 6 -6 -7 -4
right_child=1 -3 8 -5 5 7 -8 -9 -10
leaf_value=-0.049875703073488618 0.036076480150153967 -0.049987782239603262 -0.020032624666415907 -0.024661896564918729 0.020456344896049448 -0.046115617913759878 0.0036176876351790991 0.016074419532157325 -0.048954607418345494
leaf_weight=8.3872616142034513 21.34109653532505 60.697786020115018 5.5049197925254729 15.659789241850374 139.22279030457139 19.560363527387384 570.26382088661194 11.808599235489963 24.99504092335701
leaf_count=128 433 4209 322 512 1385 286 5057 141 1568
internal_value=-0.000418077 -0.0293961 -0.0147117 0.00823164 0.00489928 0.00565182 0.00694608 -0.0229313 -0.0338046
internal_weight=877.441 128.199 67.5008 37.0009 749.243 740.856 709.487 31.369 30.5
internal_count=14041 7044 2835 945 6997 6869 6442 427 1890
cat_boundaries=0 1 2
cat_threshold=38 1
is_linear=0
shrinkage=0.05


Tree=42
num_leaves=8
num_cat=2
split_feature=0 0 40 4 44 39 43
split_gain=53.0625 12.5742 21.1403 21.5727 17.9933 19.5702 11.1084
threshold=0 1 72.500000000000014 0.34235194516023087 49.150000000000006 25.650000000000002 27.150000000000002
decision_type=1 1 2 2 2 2 2
left_child=-1 4 6 -4 5 -2 -3
right_child=1 2 3 -5 -6 -7 -8
leaf_value=-0.040991113573490938 0.0096805624152835595 -0.011418934482473582 0.021299339338102071 -0.025478790924907697 -0.052792766827518656 0.05798893501584932 0.035220713574494376
leaf_weight=61.697641549631953 317.20822888240218 298.13540672231466 133.10312293749303 29.307456590235233 9.7787425592541677 21.525039613246918 12.380645390599964
leaf_count=4696 2156 4812 1613 434 66 130 176
internal_value=-2.57657e-05 0.00355243 -0.001778 0.0127538 0.0106188 0.012912 -0.00945226
internal_weight=883.136 821.439 472.927 162.411 348.512 338.733 310.516
internal_count=14083 9387 7035 2047 2352 2286 4988
cat_boundaries=0 1 2
cat_threshold=24 2
is_linear=0
shrinkage=0.05


Tree=43
num_leaves=9
num_cat=2
split_feature=0 0 43 4 30 43 37 5
split_gain=49.7321 12.8915 21.3075 16.2045 14.948 16.2831 10.6969 9.97324
threshold=0 1 28.350000000000005 -0.94705910369513513 12.450000000000001 32.550000000000004 55.500000000000007 -0.98521978256641018
decision_type=1 1 2 2 2 2 2 2
left_child=-1 2 3 -2 6 -6 -3 -4
right_child=1 4 7 -5 5 -7 -8 -9
leaf_value=-0.040593534735589125 -0.027540388537676416 -0.0032353418370517427 0.028058333215529158 0.018597781058139206 0.014196253989241576 -0.024364581465069538 -0.024867313628120058 -0.031795426680840615
leaf_weight=59.016013586893678 19.529245525598526 186.85454622935504 7.7004685699939719 282.64614833891392 170.78262550756335 31.628898242488503 81.565983300097287 37.055753488093615
leaf_count=4671 128 3149 38 1871 2170 452 1217 309
internal_value=-0.000131648 0.00329001 0.0104599 0.0155349 -0.00211129 0.00808057 -0.00987663 -0.0211092
internal_weight=876.78 817.764 346.932 302.175 470.832 202.412 268.421 44.7562
internal_count=14005 9334 2346 1999 6988 2622 4366 347
cat_boundaries=0 1 2
cat_threshold=24 2
is_linear=0
shrinkage=0.05


Tree=44
num_leaves=8
num_cat=2
split_feature=0 37 11 30 0 14 14
split_gain=44.591 10.4533 12.693 13.1492 10.7079 0.116729 1.17959
threshold=0 25.500000000000004 83.500000000000014 14.15 1 24.150000000000002 24.450000000000003
decision_type=1 2 2 2 1 2 2
left_child=5 -2 4 -4 -3 -1 -7
right_child=1 2 3 -5 -6 6 -8
leaf_value=-0.047944349438620248 -0.049681826848415565 0.032822481312842364 -0.0050432668516708547 0.0084373291512707341 -0.0056766224936301863 0.026678403256883473 -0.033293821578855763
leaf_weight=54.266613851301372 8.6350600728765112 47.345632875338197 423.89375276025385 314.00739891733974 28.295896908268332 0.30128988437354509 1.9135006871074436
leaf_count=4489 163 461 5129 3190 444 22 148
internal_value=-0.00111833 0.0020743 0.00270943 0.000696938 0.0220765 -0.040189 -0.0193746
internal_weight=878.659 822.178 813.543 737.901 75.6415 56.4814 2.21479
internal_count=14046 9387 9224 8319 905 4659 170
cat_boundaries=0 1 2
cat_threshold=24 34
is_linear=0
shrinkage=0.05


Tree=45
num_leaves=11
num_cat=3
split_feature=0 26 23 1 43 1 4 34 14 14
split_gain=43.4617 11.3297 18.1347 17.2422 16.1838 14.9678 14.3931 13.6511 0.10169 1.14135
threshold=0 14.65 98.500000000000014 1 0.75000000000000011 2 -0.99630266176052629 25.150000000000002 24.150000000000002 24.450000000000003
decision_type=1 2 2 1 2 1 2 2 2 2
left_child=8 4 6 -4 5 -2 -3 -6 -1 -10
right_child=1 2 3 -5 7 -7 -8 -9 9 -11
leaf_value=-0.04781555148673218 -0.020602975951250276 0.070550670620729852 0.03008884238744753 -0.00017698747507899993 -0.021389579269057896 0.11345227161796592 -0.0011522809518130122 0.057114655704651275 0.025486776159191971 -0.033330250403315616
leaf_weight=52.345107551664114 3.2337986882776013 6.0975833963602772 114.73837448190898 79.279388153925538 100.73912193626165 3.7609866634011269 501.52760685421526 4.9098386298865071 0.32157644629478399 1.9228725656867025
leaf_count=4533 51 58 1017 1022 1262 55 5833 43 23 155
internal_value=-0.000701541 0.0024285 0.00482452 0.0177842 -0.0121934 0.0566514 -0.000153971 -0.0172399 -0.039861 -0.019645
internal_weight=868.876 814.287 701.643 194.018 112.644 6.99479 507.625 105.649 54.5896 2.24445
internal_count=14052 9341 7930 2039 1411 106 5891 1305 4711 178
cat_boundaries=0 1 2 3
cat_threshold=24 1 1
is_linear=0
shrinkage=0.05


Tree=46
num_leaves=11
num_cat=1
split_feature=0 2 25 4 39 24 43 17 14 14
split_gain=40.8727 18.5406 12.7101 17.1646 14.2963 4.3602 2.55802 1.84955 0.133252 1.21327
threshold=0 11.500000000000002 7.7847220000000013 -0.9354548908432756 22.050000000000004 37.500000000000007 10.300000000000002 24.650000000000002 24.150000000000002 24.450000000000003
decision_type=1 2 2 2 2 2 2 2 2 2
left_child=8 2 3 -2 -4 7 -7 -3 -1 -10
right_child=1 5 4 -5 -6 6 -8 -9 9 -11
leaf_value=-0.047684155660754679 -0.01815890108701099 0.036025240461736045 -0.012031085382749093 0.015134067730498704 0.0060374279765301082 -0.044103183983381498 0.0085665843294256017 -0.026227633216635737 0.028032645856628791 -0.033026216954283809
leaf_weight=50.404842422343791 43.552789630368352 2.3837960939854379 194.47698388341814 300.72514168452471 247.89381295535713 27.424910373054448 2.1867399597540489 0.97566579096019257 0.27887372113764231 1.8741581635549662
leaf_count=4562 498 47 2354 3193 2759 481 37 21 20 155
internal_value=-0.000868479 0.00210919 0.00369223 0.010882 -0.00191515 -0.0340361 -0.0400609 0.0160765 -0.0394958 -0.0187351
internal_weight=872.178 819.62 786.649 344.278 442.371 32.9711 29.6117 3.35946 52.5579 2.15303
internal_count=14127 9390 8804 3691 5113 586 518 68 4737 175
cat_boundaries=0 1
cat_threshold=24
is_linear=0
shrinkage=0.05


Tree=47
num_leaves=14
num_cat=0
split_feature=5 2 36 4 35 39 32 40 26 4 34 38 25
split_gain=11.5066 20.0542 32.8696 20.5172 33.3523 25.648 18.209 14.6903 9.70743 8.12956 8.0432 3.31391 0.570191
threshold=0.93158198870884079 2.5000000000000004 95.500000000000014 0.29342972903661901 84.217262000000019 17.650000000000002 27.736012000000006 14.050000000000002 17.650000000000002 -0.17647087149565663 20.700000000000006 6.3586310000000017 7.0763890000000016
decision_type=2 2 2 2 2 2 2 2 2 2 2 2 2
left_child=1 2 6 5 -5 -3 -1 -4 9 -2 -11 -10 -13
right_child=8 3 7 4 -6 -7 -8 -9 11 10 -12 12 -14
leaf_value=-0.044050099578714197 -0.048093651723553926 -0.018684217044188604 0.061347477172520384 -0.0044490035336224257 -0.049320366082562274 0.010415817886727401 0.015059222517102214 -0.02216089630198265 0.0069400207624859302 0.044727197355850859 -0.0084385216251069133 -0.0063298476783610743 -0.050263015342885069
leaf_weight=18.511400486342609 7.8225831799209109 95.699531617574394 41.817096771672368 201.50949394423515 51.204408549703658 348.42176054790616 38.271846680901945 5.4922337895259252 2.7364843999967006 8.6140642045065743 26.508468475192785 1.0819023186340953 23.452947536483407
leaf_count=384 233 1598 565 3705 873 4796 622 80 41 200 455 24 466
internal_value=-0.000998611 0.000713062 0.0210745 -0.00235435 -0.0136993 0.00411744 -0.00463933 0.0513948 -0.0202588 -0.00515258 0.005478 -0.0430233 -0.0486495
internal_weight=871.144 800.928 104.093 696.835 252.714 444.121 56.7832 47.3093 70.2165 42.9451 35.1225 27.2713 24.5348
internal_count=14042 12623 1651 10972 4578 6394 1006 645 1419 888 655 531 490
is_linear=0
shrinkage=0.05


Tree=48
num_leaves=9
num_cat=4
split_feature=0 0 1 1 4 4 4 39
split_gain=40.0282 11.9585 18.4126 17.3257 31.1826 19.9361 13.3784 10.7392
threshold=0 1 2 3 0.70290292807158605 -0.814291907305839 0.56369777965491019 25.250000000000004
decision_type=1 1 1 1 2 2 2 2
left_child=-1 2 7 5 -5 -3 -4 -2
right_child=1 3 6 4 -6 -7 -8 -9
leaf_value=-0.039794652407329406 0.0090679256291298187 0.021525429488325015 0.00097566223192663423 -0.01677548402702727 0.03913950932454225 -0.040538823581152891 -0.027072982309918454 0.035207877806875711
leaf_weight=49.808709084056318 364.33205886557698 15.76818828564137 180.64627443999052 66.809089066460729 38.446581548079848 59.552422233857214 54.571090500801802 43.287685733288527
leaf_count=4700 2102 376 1534 1685 664 1970 810 239
internal_value=-0.000643342 0.00222604 0.00542158 -0.00880794 0.00382464 -0.027434 -0.00561876 0.0119233
internal_weight=873.222 823.413 642.837 180.576 105.256 75.3206 235.217 407.62
internal_count=14080 9380 4685 4695 2349 2346 2344 2341
cat_boundaries=0 1 2 3 4
cat_threshold=24 6 1 1
is_linear=0
shrinkage=0.05


Tree=49
num_leaves=11
num_cat=2
split_feature=0 0 36 35 43 43 34 43 14 14
split_gain=38.0661 12.5975 21.3584 18.1878 16.4736 15.1907 9.62946 8.22159 0.211489 1.09213
threshold=0 1 95.500000000000014 68.744048000000006 25.250000000000004 21.550000000000004 23.050000000000004 0.8500000000000002 24.150000000000002 24.450000000000003
decision_type=1 1 2 2 2 2 2 2 2 2
left_child=8 4 7 -4 5 -2 -6 -3 -1 -10
right_child=1 2 3 -5 6 -7 -8 -9 9 -11
leaf_value=-0.04842124519085185 0.010721238964399311 -0.040636560962715701 0.039397411511933995 -0.0012931209476164539 0.047747143936679018 0.048849091118380317 -0.018450321330412797 -0.010147986716261485 0.025841978051636467 -0.031943033184018046
leaf_weight=46.032574723474681 253.10516773164272 43.130470003932714 28.788492728024721 350.98375982884318 5.066560097038745 28.301425859332085 61.574629262089729 46.109894837252796 0.31534702144563143 1.7118279701098797
leaf_count=4562 1686 845 399 4949 42 160 433 812 22 152
internal_value=-0.00068368 0.00209871 -0.00323523 0.00188678 0.00916538 0.0147152 -0.012786 -0.0251703 -0.0394517 -0.0173868
internal_weight=865.12 817.06 469.013 379.772 348.048 281.407 66.6412 89.2404 48.0597 2.02717
internal_count=14062 9326 7005 5348 2321 1846 475 1657 4736 174
cat_boundaries=0 1 2
cat_threshold=24 2
is_linear=0
shrinkage=0.05


Tree=50
num_leaves=10
num_cat=4
split_feature=0 0 44 34 33 1 1 14 14
split_gain=34.4653 12.3093 17.3666 16.7949 14.6492 13.7546 13.6331 0.190531 1.02573
threshold=0 1 26.800000000000004 20.350000000000005 31.650000000000002 2 3 24.150000000000002 24.450000000000003
decision_type=1 1 2 2 2 1 1 2 2
left_child=7 3 6 -2 -4 -5 -3 -1 -9
right_child=1 2 4 5 -6 -7 -8 8 -10
leaf_value=-0.047126255727428443 -0.049846076524750753 -0.031850129010229412 -0.045115047055221416 0.012470005407984062 -0.0056439688424014126 -0.0029235711554162955 0.12422286318709833 0.024522985998355371 -0.031393459458868442
leaf_weight=43.157805144321173 12.28136990405619 1.5847595334053031 27.066333496943116 406.4197028465569 147.25250802282244 224.89258604682982 3.2115839598700404 0.33830366656184097 1.6355345537886021
leaf_count=4479 211 52 799 2253 3816 2214 58 23 149
internal_value=-4.01905e-05 0.00251406 -0.00874258 0.0057411 -0.011995 0.0069904 0.0760566 -0.0379627 -0.0167862
internal_weight=867.84 822.709 179.115 643.594 174.319 631.312 4.79634 45.1316 1.97384
internal_count=14054 9403 4725 4678 4615 4467 110 4651 172
cat_boundaries=0 1 2 3 4
cat_threshold=24 6 1 1
is_linear=0
shrinkage=0.05


Tree=51
num_leaves=11
num_cat=1
split_feature=0 5 2 36 4 26 7 25 14 4
split_gain=30.3257 11.7864 17.26 21.5581 20.8018 8.95353 7.13365 1.96188 0.253982 1.27902
threshold=0 0.93158198870884079 2.5000000000000004 95.500000000000014 0.27694220057652758 17.650000000000002 27.960416500000004 7.0763890000000016 24.150000000000002 -0.57078386445773377
decision_type=1 2 2 2 2 2 2 2 2 2
left_child=8 2 3 -2 -4 6 -3 -7 -1 -10
right_child=1 5 4 -5 -6 7 -8 -9 9 -11
leaf_value=-0.046985600785511783 0.00010894336863348557 0.0061463037910978362 0.0064133857115274617 0.046745980571959236 -0.012047996918291693 -0.00015650749836507402 -0.04355251601946681 -0.047833368540792079 0.032466407013041348 -0.03128053260618114
leaf_weight=41.696469966322184 52.546748937107623 32.043093528598547 422.41944043897092 45.899870532564819 237.55020763352513 2.396113631315532 8.2544658472761494 21.304034587927163 0.2108978033065797 1.6196120614185916
leaf_count=4528 668 482 4262 432 3079 29 109 319 18 147
internal_value=-0.00147231 0.000926722 0.0026859 0.0221045 -0.000239799 -0.0194987 -0.00484199 -0.0432147 -0.0375731 -0.0150607
internal_weight=865.941 822.414 758.416 98.4466 659.97 63.9977 40.2976 23.7001 43.527 1.83051
internal_count=14073 9380 8441 1100 7341 939 591 348 4693 165
cat_boundaries=0 1
cat_threshold=24
is_linear=0
shrinkage=0.05


Tree=52
num_leaves=11
num_cat=1
split_feature=0 26 34 5 25 34 2 31 14 4
split_gain=31.2266 12.352 14.6196 12.4224 14.8905 12.0124 8.34244 7.89978 0.21776 1.32503
threshold=0 14.65 23.250000000000004 0.91511078773075505 7.7847220000000013 25.350000000000005 11.500000000000002 31.150000000000002 24.150000000000002 -0.57078386445773377
decision_type=1 2 2 2 2 2 2 2 2 2
left_child=8 2 6 4 -3 -4 -2 -5 -1 -10
right_child=1 3 5 7 -6 -7 -8 -9 9 -11
leaf_value=-0.046797328051108519 0.019631746126768119 0.016929233030522503 -0.034155142699264195 -0.0018874902663621022 0.0012741995096539084 0.047211332412446343 -0.028986704476721598 -0.03973728807888334 0.033124775109050909 -0.031778837636549866
leaf_weight=39.782454872969538 36.228002173826098 238.42749731987715 59.440929292701185 34.071383271366358 415.96691168658435 4.0438502803444853 10.612443070858715 22.27566581685096 0.2012717416509987 1.6899887062609182
leaf_count=4522 417 2427 705 461 4757 34 222 343 16 157
internal_value=0.000240019 0.00259777 -0.0128632 0.0050489 0.00699521 -0.0283205 0.00824081 -0.0172826 -0.0371002 -0.0158038
internal_weight=862.74 821.067 110.325 710.741 654.394 63.4848 46.8404 56.347 41.6737 1.89126
internal_count=14061 9366 1378 7988 7184 739 639 804 4695 173
cat_boundaries=0 1
cat_threshold=24
is_linear=0
shrinkage=0.05


Tree=53
num_leaves=11
num_cat=1
split_feature=0 26 43 23 40 4 34 40 14 4
split_gain=28.1261 11.0993 17.5167 12.0593 14.1881 12.1842 10.5471 1.57245 0.313474 1.2111
threshold=0 14.65 0.75000000000000011 98.500000000000014 71.65000000000002 -0.99630266176052629 25.150000000000002 0.55000000000000016 24.150000000000002 -0.57078386445773377
decision_type=1 2 2 2 2 2 2 2 2 2
left_child=8 2 7 5 -5 -3 -4 -2 -1 -10
right_child=1 3 6 4 -6 -7 -8 -9 9 -11
leaf_value=-0.046604665428933482 0.025666929381006856 0.06372745944865886 -0.021824622941710128 0.0012947167417100976 0.028008186366065863 -0.00085317279748561197 0.047026696188412001 0.080124797154245309 0.032059313436224347 -0.030130481346454616
leaf_weight=37.967680021654814 3.933671115897595 6.4111273773014537 99.426774732768536 99.925404201261699 98.102420251816511 502.04658603202552 4.9654018953442565 3.3719209861010313 0.21683665458112944 1.4748961096629489
leaf_count=4519 67 59 1285 1132 922 5831 45 35 18 142
internal_value=-0.000391796 0.00182727 -0.0127271 0.00416893 0.0146027 8.46128e-05 -0.0181346 0.0574229 -0.0365507 -0.0132104
internal_weight=857.843 818.183 111.698 706.486 198.028 508.458 104.392 7.30559 39.6594 1.69173
internal_count=14055 9376 1432 7944 2054 5890 1330 102 4679 160
cat_boundaries=0 1
cat_threshold=24
is_linear=0
shrinkage=0.05


Tree=54
num_leaves=11
num_cat=1
split_feature=0 35 44 38 37 39 43 38 14 4
split_gain=26.4424 11.0558 21.8422 20.1197 19.5612 14.6994 12.5245 6.04438 0.220341 1.18936
threshold=0 87.232143000000022 47.70000000000001 7.4619050000000007 66.500000000000014 25.250000000000004 25.000000000000004 12.262500000000001 24.150000000000002 -0.57078386445773377
decision_type=1 2 2 2 2 2 2 2 2 2
left_child=8 3 6 4 -2 -5 -3 -4 -1 -10
right_child=1 2 7 5 -6 -7 -8 -9 9 -11
leaf_value=-0.04638882179718256 0.012820435186116136 -0.0021293349492096845 0.077578355345707603 -0.0061197159978554237 0.087558781702711419 0.019161226935616879 -0.03370780927740101 0.0064871040078586283 0.029887290065903755 -0.031163179661141533
leaf_weight=36.113406300079077 244.12165468372405 64.914168051443994 7.0104286801069957 366.48968554567546 8.1255921479314548 67.173083481378853 60.078636586666107 5.0851030647754669 0.24943354818969976 1.6080684093758451
leaf_count=4502 2684 614 65 4399 62 783 697 42 19 160
internal_value=-0.000353738 0.00175141 -0.0111398 0.00436584 0.0155642 -0.0021687 -0.0174548 0.0504684 -0.0360537 -0.0153748
internal_weight=860.969 822.998 137.088 685.91 252.247 433.663 124.993 12.0955 37.9709 1.8575
internal_count=14027 9346 1418 7928 2746 5182 1311 107 4681 179
cat_boundaries=0 1
cat_threshold=24
is_linear=0
shrinkage=0.05


Tree=55
num_leaves=10
num_cat=2
split_feature=0 43 19 43 34 4 1 14 14
split_gain=26.9769 10.1479 16.8641 13.7087 10.8131 8.95656 3.47493 0.380824 1.05562
threshold=0 32.550000000000004 28.295139000000002 32.250000000000007 24.550000000000004 -0.98214942551678475 1 24.150000000000002 24.450000000000003
decision_type=1 2 2 2 2 2 1 2 2
left_child=7 3 5 4 -2 -3 -4 -1 -9
right_child=1 2 6 -5 -6 -7 -8 8 -10
leaf_value=-0.047588077763309367 0.0061992748667769586 0.012261892017369455 0.0083828856750222634 0.067799339635724334 -0.0088374425019446898 -0.039787050165191046 0.065859390164270212 0.028599980544210486 -0.029107600320448158
leaf_weight=34.431867501698434 611.6191328028217 9.875317423604427 5.4568559341132623 7.3238183297216883 147.62372807785869 39.591039535589516 4.7621736172586679 0.26960132364183564 1.3595137805677948
leaf_count=4494 6831 109 58 55 1735 527 62 19 141
internal_value=0.000326835 0.00238956 -0.0172698 0.00397189 0.00326783 -0.0293591 0.0386504 -0.0365165 -0.0123118
internal_weight=862.313 826.252 59.6854 766.567 759.243 49.4664 10.219 36.061 1.62912
internal_count=14031 9377 756 8621 8566 636 120 4654 160
cat_boundaries=0 1 2
cat_threshold=24 1
is_linear=0
shrinkage=0.05


Tree=56
num_leaves=15
num_cat=3
split_feature=0 1 37 4 44 39 25 44 1 4 5 5 34 19
split_gain=26.5074 16.253 15.4325 26.2371 21.0752 14.6462 14.4248 14.0866 20.0077 21.7116 14.7314 18.9274 13.225 9.52958
threshold=0 1 27.500000000000004 0.64579916509010216 41.600000000000001 15.450000000000001 6.7736115000000003 27.900000000000002 2 -0.10837695015263894 -0.24372464231556021 -0.59867820553660911 22.450000000000003 26.021527500000001
decision_type=1 1 2 2 2 2 2 2 1 2 2 2 2 2
left_child=1 5 4 -4 -3 13 -7 8 -2 -10 11 -9 -12 -1
right_child=7 2 3 -5 -6 6 -8 10 9 -11 12 -13 -14 -15
leaf_value=0.03929888882800666 -0.041787942836662623 0.08517376938445323 -0.00062697311081295849 -0.046984663512462888 -0.031753126808738312 0.031427382077090886 0.0085186614601907643 -0.019735151611338469 -0.035673051085983003 0.13739015709452612 -0.0056233545488940592 0.024733132975926008 -0.045848840869146361 -0.042717297737545394
leaf_weight=3.5359030105173614 4.2715156306512636 9.3709757197648269 185.24700046144426 35.5495908819139 5.458676900714635 88.522105276584625 301.4416929949075 74.027914320118725 2.1446035513654351 4.7259518769569695 30.690305455587804 34.169205101206899 62.035962706431746 17.764029515907168
leaf_count=32 241 81 1594 607 72 471 1702 2995 103 128 1463 1155 3299 126
internal_value=0.000448643 0.0054884 -0.00488445 -0.00826903 0.0428469 0.0115619 0.013786 -0.0144574 0.0374093 0.0857007 -0.0182206 -0.00559394 -0.0327372 -0.0279504
internal_weight=858.955 646.89 235.626 220.797 14.8297 411.264 389.964 212.065 11.1421 6.87056 200.923 108.197 92.7263 21.2999
internal_count=14069 4685 2354 2201 153 2331 2173 9384 472 231 8912 4150 4762 158
cat_boundaries=0 1 2 3
cat_threshold=6 1 1
is_linear=0
shrinkage=0.05


Tree=57
num_leaves=9
num_cat=1
split_feature=37 43 32 43 33 33 4 1
split_gain=10.4178 10.304 26.2532 13.2293 20.2514 13.0773 8.21108 1.72562
threshold=25.500000000000004 32.550000000000004 28.780059500000004 18.050000000000004 32.250000000000007 36.45000000000001 -0.98803845231459231 0
decision_type=2 2 2 2 2 2 2 1
left_child=-1 3 6 5 -5 -2 -3 -4
right_child=1 2 7 4 -6 -7 -8 -9
leaf_value=-0.050035902759467524 -0.0056766834894175916 0.0080472186567388231 0.02663361419181803 0.00053891219013725003 0.027767499287796107 0.017892603371140473 -0.041705793505174178 0.074519470027317555
leaf_weight=9.1631837245076877 431.44279266474769 9.8490961701609177 5.6784133422188443 178.37425141828135 109.68885474465787 67.138303722254932 43.216638727579266 4.36729292338714
leaf_count=261 7300 156 81 2508 1541 1239 852 77
internal_value=0.000287329 0.000888156 -0.018389 0.00245612 0.0109672 -0.00247341 -0.0324935 0.0523134
internal_weight=858.919 849.756 63.1114 786.644 288.063 498.581 53.0657 10.0457
internal_count=14015 13754 1166 12588 4049 8539 1008 158
cat_boundaries=0 1
cat_threshold=1
is_linear=0
shrinkage=0.05


Tree=58
num_leaves=8
num_cat=1
split_feature=0 37 33 32 13 4 19
split_gain=21.3768 9.70517 10.3147 10.8544 9.59093 0.321459 11.3673
threshold=0 25.500000000000004 36.45000000000001 29.337797500000004 7.5416665000000007 -0.63921128368950708 28.295139000000002
decision_type=1 2 2 2 2 2 2
left_child=5 -2 4 -4 -3 6 -1
right_child=1 2 3 -5 -6 -7 -8
leaf_value=-0.044798190063340418 -0.049743422988739738 0.0054562420954954796 0.045791783582007611 0.0046986897086988659 -0.0059486979917287505 -0.048548070690173882 0.12462695644479659
leaf_weight=8.0064747133292222 8.5030976813286525 342.67996263038367 24.045072784647346 45.584260139614344 396.60809587594122 26.07000624248758 0.14459025301039297
leaf_count=1104 176 3799 278 605 4483 3582 10
internal_value=-0.00137461 0.000486441 0.00108121 0.0193368 -0.000661971 -0.0348294 -0.0285024
internal_weight=851.642 817.42 808.917 69.6293 739.288 34.2211 8.15106
internal_count=14037 9341 9165 883 8282 4696 1114
cat_boundaries=0 1
cat_threshold=24
is_linear=0
shrinkage=0.05


Tree=59
num_leaves=8
num_cat=1
split_feature=0 37 39 44 39 14 14
split_gain=21.4326 8.93501 9.755 23.2129 17.1609 0.355315 1.19132
threshold=0 25.500000000000004 22.050000000000004 38.000000000000007 22.650000000000002 24.150000000000002 24.350000000000005
decision_type=1 2 2 2 2 2 2
left_child=5 -2 3 -3 -4 -1 -7
right_child=1 2 4 -5 -6 6 -8
leaf_value=-0.045631163148105218 -0.04864282988216867 0.0044974719355482763 0.035534977983139052 -0.019907133518991496 0.0041671122601055722 0.033030761525340145 -0.029063125806524072
leaf_weight=30.670290446840227 7.609669901430606 391.68534422852099 52.170749254524708 128.6008583297953 244.32419691327959 0.20205651037394901 1.3569992249831555
leaf_count=4479 174 4551 530 1452 2662 12 153
internal_value=0.000239123 0.00200987 0.00256526 -0.00156131 0.00978744 -0.034096 -0.0112529
internal_weight=856.62 824.391 816.781 520.286 296.495 32.2293 1.55906
internal_count=14013 9369 9195 6003 3192 4644 165
cat_boundaries=0 1
cat_threshold=24
is_linear=0
shrinkage=0.05


Tree=60
num_leaves=13
num_cat=2
split_feature=0 5 39 26 35 44 40 0 21 4 23 39
split_gain=22.698 18.2823 10.417 15.1227 9.86611 22.8909 13.9666 12.2194 12.1411 8.63863 6.48253 6.19377
threshold=0 -0.38243420677835344 20.550000000000004 17.250000000000004 87.232143000000022 47.70000000000001 104.55000000000001 1 23.250000000000004 -0.90163369914317004 97.500000000000014 16.750000000000004
decision_type=1 2 2 2 2 2 2 1 2 2 2 2
left_child=4 2 3 -2 6 8 7 -1 -6 -4 -7 -8
right_child=1 -3 9 -5 5 10 11 -9 -10 -11 -12 -13
leaf_value=0.010909763222202147 -0.02051446853490713 -0.049490799736412301 0.072221320297099059 0.049276196573698222 0.034925934371983235 0.0096740452853975815 -0.020246707166994084 -0.0030624216726589195 -0.021626181899845165 -0.037722556149683617 0.083420585264631641 0.047927923383486476
leaf_weight=289.30012967064977 14.662302274722608 40.273097378667444 1.0259898109361554 14.55869347322732 9.5110639091581088 5.4131788946688157 3.2703721374273327 321.95838036481291 106.85562574118376 21.263702258467674 6.5409720316529274 24.355463000014424
leaf_count=1919 728 4195 45 582 76 35 48 3840 925 1455 43 191
internal_value=-0.000209024 -0.0222875 -0.00472579 0.0147371 0.0027127 -0.00985366 0.00529052 0.00368561 -0.0167458 -0.0297782 0.0533508 0.039432
internal_weight=858.989 91.7838 51.5107 29.221 767.205 128.321 638.884 611.259 116.367 22.2897 11.9542 27.6258
internal_count=14082 7005 2810 1310 7077 1079 5998 5759 1001 1500 78 239
cat_boundaries=0 1 2
cat_threshold=38 2
is_linear=0
shrinkage=0.05


Tree=61
num_leaves=15
num_cat=4
split_feature=0 1 33 38 1 21 1 5 34 2 5 34 4 35
split_gain=22.5038 17.2174 14.9129 20.0517 29.1253 14.2148 22.803 19.2741 13.1249 30.9775 12.989 26.6538 12.7055 12.1159
threshold=0 1 36.850000000000001 11.772321500000002 2 22.350000000000005 3 -0.17646730165275518 22.450000000000003 3.5000000000000004 -0.95242240592625282 23.950000000000003 -0.39036798905311365 63.220238000000002
decision_type=1 1 2 2 1 2 1 2 2 2 2 2 2 2
left_child=1 8 5 4 -4 6 -2 -7 13 -10 11 -3 -12 -1
right_child=2 10 3 -5 -6 7 -8 -9 9 -11 12 -13 -14 -15
leaf_value=-0.045571079249051724 -0.046369668124952065 -0.055425134622337835 -0.040813649719375317 -0.030690787915516354 0.12180712813531069 -0.010791696905971341 0.047942047686747938 -0.046476133982655432 0.044511309675050736 0.007120948005355507 0.0017839073927784005 0.038796154895385987 -0.024001264438979941 0.0033868746107542469
leaf_weight=16.70212772116065 9.004652745090425 8.6585024520754796 3.5473575866781193 8.0740355919115228 7.1537776337936521 99.23483176715672 17.018789825495332 61.016323978081346 67.908063128590584 285.36271064355969 90.448229786008596 33.457142442464828 99.950899599120021 43.742411909624934
leaf_count=124 568 59 142 373 141 4008 554 3550 372 1546 773 196 1302 299
internal_value=-4.93643e-05 0.00455375 -0.0140474 0.026756 0.0690184 -0.0190311 0.0147999 -0.0245827 0.0107331 0.0144137 -0.00624514 0.0185891 -0.0118068 -0.0106628
internal_weight=851.28 646.23 205.05 18.7752 10.7011 186.275 26.0234 160.251 413.715 353.271 232.515 42.1156 190.399 60.4445
internal_count=14007 4671 9336 656 283 8680 1122 7558 2341 1918 2330 255 2075 423
cat_boundaries=0 1 2 3 4
cat_threshold=6 1 1 1
is_linear=0
shrinkage=0.05


Tree=62
num_leaves=10
num_cat=2
split_feature=0 22 0 40 44 26 9 4 19
split_gain=17.5642 8.98904 9.94266 18.2819 16.4556 3.43032 1.57712 0.493116 10.9748
threshold=0 89.020833500000023 1 72.500000000000014 49.150000000000006 22.350000000000005 23.450000000000003 -0.63921128368950708 28.295139000000002
decision_type=1 2 1 2 2 2 2 2 2
left_child=7 2 4 -4 -2 6 -3 8 -1
right_child=1 5 3 -5 -6 -7 -8 -9 -10
leaf_value=-0.043984514172282316 0.010003425169711162 -0.0014520895321646719 -0.010436353513181444 0.010821172541097124 -0.053080725891771277 0.0095414571709556088 -0.043993336149261673 -0.048221422892754343 0.12253250644810504
leaf_weight=6.9141635792329934 334.5221208743751 2.5790190538391533 302.03349815122783 150.86920846346766 9.6835087276995164 4.1665371796116224 15.990329178981481 22.505381321068853 0.15832873247563828
leaf_count=1106 2212 31 4974 1871 66 34 185 3557 10
internal_value=-0.00090881 0.000682147 0.00159141 -0.00327474 0.00785258 -0.0296329 -0.0384611 -0.0330138 -0.0255395
internal_weight=849.422 819.844 797.108 452.903 344.206 22.7359 18.5693 29.5779 7.07249
internal_count=14046 9373 9123 6845 2278 250 216 4673 1116
cat_boundaries=0 1 2
cat_threshold=24 2
is_linear=0
shrinkage=0.05


Tree=63
num_leaves=11
num_cat=4
split_feature=0 43 32 40 0 0 4 1 4 19
split_gain=16.7444 9.36065 17.9096 9.93561 25.9171 16.5119 8.81081 1.17952 0.574467 10.9291
threshold=0 32.550000000000004 28.780059500000004 72.500000000000014 1 2 -0.98803845231459231 3 -0.63921128368950708 28.295139000000002
decision_type=1 2 2 2 1 1 2 1 2 2
left_child=8 3 6 4 -2 -5 -3 -4 9 -1
right_child=1 2 7 5 -6 -7 -8 -9 -10 -11
leaf_value=-0.043640356869706257 0.0077067696094831155 0.012744125262855999 0.018422717890042035 0.024506807223697486 -0.01414973552960048 -0.0025101467627733631 -0.040601106897021011 0.055924195628256929 -0.048123565373412655 0.12318142921912122
leaf_weight=6.5235883658751872 325.05935343634337 9.048312555998562 5.6530911140143854 104.30563399381936 216.57876080973074 114.07591039314866 39.848367353901267 4.7700907718390226 21.628123669885099 0.1539396671578287
leaf_count=1091 3273 100 54 1004 3291 1010 572 55 3576 9
internal_value=-0.000564127 0.000959114 -0.0179904 0.00247243 -0.00116145 0.0114495 -0.030672 0.0389783 -0.0324415 -0.0242511
internal_weight=847.645 819.34 59.3199 760.02 541.638 218.382 48.8967 10.4232 28.3057 6.67753
internal_count=14035 9359 781 8578 6564 2014 672 109 4676 1100
cat_boundaries=0 1 2 3 4
cat_threshold=24 34 5 1
is_linear=0
shrinkage=0.05


Tree=64
num_leaves=8
num_cat=1
split_feature=0 37 33 5 36 4 19
split_gain=15.2745 8.45374 9.22427 9.70959 9.6547 0.601698 10.653
threshold=0 25.500000000000004 36.45000000000001 0.47369649395226454 94.500000000000014 -0.63921128368950708 28.295139000000002
decision_type=1 2 2 2 2 2 2
left_child=5 -2 4 -4 -3 6 -1
right_child=1 2 3 -5 -6 -7 -8
leaf_value=-0.043441897098668539 -0.04889180074242603 -0.017258265305736962 0.0096951348548237753 0.058457278492939184 0.0014372850331277867 -0.047985821751076699 0.1203722952619099
leaf_weight=6.3186884047463563 7.5214612274430683 76.083328708074987 61.033183412626386 11.414447371847926 662.20167569071054 20.470145093742758 0.17271632328629483
leaf_count=1101 171 1045 793 98 7213 3564 9
internal_value=-0.00079607 0.000643217 0.00117036 0.0180691 -0.000510107 -0.0317963 -0.0235971
internal_weight=845.216 818.254 810.733 72.4476 738.285 26.9615 6.4914
internal_count=13994 9320 9149 891 8258 4674 1110
cat_boundaries=0 1
cat_threshold=24
is_linear=0
shrinkage=0.05


Tree=65
num_leaves=8
num_cat=1
split_feature=0 37 26 35 5 4 5
split_gain=15.5491 8.16665 8.37071 15.2688 11.4591 0.657609 8.0019
threshold=0 25.500000000000004 14.65 81.586309500000013 0.92191100909954782 -0.63921128368950708 -0.73865259438682551
decision_type=1 2 2 2 2 2 2
left_child=5 -2 3 -3 -4 6 -1
right_child=1 2 4 -5 -6 -7 -8
leaf_value=0.088170046275779304 -0.048209530863170501 0.021989253275256224 0.0062667510881161308 -0.020765570933227812 -0.018143813979350148 -0.047878758732277073 -0.042883748914300746
leaf_weight=0.44463419076055277 7.0320476070046416 26.825159471482038 651.7984802769497 83.61556266900152 50.938256555236876 19.644643714884296 5.7808605781756368
leaf_count=42 170 395 7055 1007 726 3575 1059
internal_value=0.000548065 0.00194429 0.00246056 -0.0102766 0.00447407 -0.0312409 -0.0226165
internal_weight=846.08 820.21 813.177 110.441 702.737 25.8701 6.22549
internal_count=14029 9353 9183 1402 7781 4676 1101
cat_boundaries=0 1
cat_threshold=24
is_linear=0
shrinkage=0.05


end of trees

feature_importances:
age_group=121
day_of_year_sin=87
day_of_year_cos=70
gender=47
temperature_min_7d=46
rain_max_daily_7d=40
wind_speed_max_7d=39
wind_speed_max_current=23
humidity_min_7d=23
humidity_max_7d=20
temperature_max_7d=18
precipitation_sum_7d=18
wind_gust_max_7d=18
month=16
wind_speed_mean_7d=16
temperature_min_3d=14
rain_days_7d=14
temperature_mean_3d=10
temperature_mean_7d=10
wind_speed_max_3d=9
humidity_mean_7d=9
wind_speed_mean_3d=7
rain_max_daily_3d=7
humidity_mean_3d=4
humidity_max_3d=4
temperature_mean_current=3
temperature_max_3d=3
temperature_min_current=2
humidity_min_current=2
humidity_min_3d=2
wind_gust_max_3d=2
rain_sum_7d=2
weather_code_current=1
temperature_max_current=1
humidity_max_current=1
wind_speed_mean_current=1
wind_gust_max_current=1
precipitation_sum_3d=1

parameters:
[boosting: gbdt]
[objective: binary]
[metric: binary_logloss]
[tree_learner: serial]
[device_type: cpu]
[data_sample_strategy: bagging]
[data: ]
[valid: ]
[num_iterations: 66]
[learning_rate: 0.05]
[num_leaves: 15]
[num_threads: 8]
[seed: 42]
[deterministic: 0]
[force_col_wise: 0]
[force_row_wise: 0]
[histogram_pool_size: -1]
[max_depth: 4]
[min_data_in_leaf: 20]
[min_sum_hessian_in_leaf: 0.001]
[bagging_fraction: 0.9]
[pos_bagging_fraction: 1]
[neg_bagging_fraction: 1]
[bagging_freq: 1]
[bagging_seed: 400]
[bagging_by_query: 0]
[feature_fraction: 0.9]
[feature_fraction_bynode: 1]
[feature_fraction_seed: 30056]
[extra_trees: 0]
[extra_seed: 12879]
[early_stopping_round: 0]
[early_stopping_min_delta: 0]
[first_metric_only: 0]
[max_delta_step: 0]
[lambda_l1: 0]
[lambda_l2: 1]
[linear_lambda: 0]
[min_gain_to_split: 0]
[drop_rate: 0.1]
[max_drop: 50]
[skip_drop: 0.5]
[xgboost_dart_mode: 0]
[uniform_drop: 0]
[drop_seed: 17869]
[top_rate: 0.2]
[other_rate: 0.1]
[min_data_per_group: 100]
[max_cat_threshold: 32]
[cat_l2: 10]
[cat_smooth: 10]
[max_cat_to_onehot: 4]
[top_k: 20]
[monotone_constraints: ]
[monotone_constraints_method: basic]
[monotone_penalty: 0]
[feature_contri: ]
[forcedsplits_filename: ]
[refit_decay_rate: 0.9]
[cegb_tradeoff: 1]
[cegb_penalty_split: 0]
[cegb_penalty_feature_lazy: ]
[cegb_penalty_feature_coupled: ]
[path_smooth: 0]
[interaction_constraints: ]
[verbosity: -1]
[saved_feature_importance_type: 0]
[use_quantized_grad: 0]
[num_grad_quant_bins: 4]
[quant_train_renew_leaf: 0]
[stochastic_rounding: 1]
[linear_tree: 0]
[max_bin: 255]
[max_bin_by_feature: ]
[min_data_in_bin: 3]
[bin_construct_sample_cnt: 200000]
[data_random_seed: 175]
[is_enable_sparse: 1]
[enable_bundle: 1]
[use_missing: 1]
[zero_as_missing: 0]
[feature_pre_filter: 1]
[pre_partition: 0]
[two_round: 0]
[header: 0]
[label_column: ]
[weight_column: ]
[group_column: ]
[ignore_column: ]
[categorical_feature: 0,1,3]
[forcedbins_filename: ]
[precise_float_parser: 0]
[parser_config_file: ]
[objective_seed: 16083]
[num_class: 1]
[is_unbalance: 0]
[scale_pos_weight: 1]
[sigmoid: 1]
[boost_from_average: 1]
[reg_sqrt: 0]
[alpha: 0.9]
[fair_c: 1]
[poisson_max_delta_step: 0.7]
[tweedie_variance_power: 1.5]
[lambdarank_truncation_level: 30]
[lambdarank_norm: 1]
[label_gain: ]
[lambdarank_position_bias_regularization: 0]
[eval_at: ]
[multi_error_top_k: 1]
[auc_mu_weights: ]
[num_machines: 1]
[local_listen_port: 12400]
[time_out: 120]
[machine_list_filename: ]
[machines: ]
[gpu_platform_id: -1]
[gpu_device_id: -1]
[gpu_device_id_list: ]
[gpu_use_dp: 0]
[num_gpu: 1]

end of parameters

pandas_categorical:[]
