tree
version=v4
num_class=1
num_tree_per_iteration=1
label_index=0
max_feature_idx=44
objective=binary sigmoid:1
feature_names=age_group gender month season day_of_year_sin day_of_year_cos weather_code_current temperature_mean_current temperature_max_current temperature_min_current humidity_mean_current humidity_max_current humidity_min_current wind_speed_mean_current wind_speed_max_current precipitation_sum_current rain_sum_current wind_gust_max_current rain_day_current temperature_mean_3d temperature_max_3d temperature_min_3d humidity_mean_3d humidity_max_3d humidity_min_3d wind_speed_mean_3d wind_speed_max_3d precipitation_sum_3d rain_sum_3d rain_days_3d rain_max_daily_3d wind_gust_max_3d temperature_mean_7d temperature_max_7d temperature_min_7d humidity_mean_7d humidity_max_7d humidity_min_7d wind_speed_mean_7d wind_speed_max_7d precipitation_sum_7d rain_sum_7d rain_days_7d rain_max_daily_7d wind_gust_max_7d
feature_infos=-1:0:1:2:3:4:5 -1:0:1 [1:12] -1:1:0 [-0.99999942202469239:0.99998555065071859] [-0.99997919295908244:0.9999907524084426] [0:61] [23.658332999999999:32.533332999999999] [25.899999999999999:39.200000000000003] [17.899999999999999:29.300000000000001] [48.958333000000003:91.625] [63:100] [23:86] [2.8541669999999999:19.695833] [6.4000000000000004:30.100000000000001] [0:63.100000000000001] [0:63.100000000000001] [14:56.899999999999999] [0:1] [23.766667000000002:32.427778000000004] [27.699999999999999:39.200000000000003] [17.899999999999999:28.100000000000001] [52.569443999999997:90.694444000000004] [73:100] [23:79] [4.125:17.329167000000002] [9.6999999999999993:30.100000000000001] [0:93.900000000000006] [0:93.900000000000006] [0:3] [0:63.100000000000001] [17.300000000000001:56.899999999999999] [24.365476000000001:32.235118999999997] [28.699999999999999:39.200000000000003] [17.899999999999999:27.5] [55.767856999999999:89.523809999999997] [77:100] [23:72] [4.5327380000000002:15.469643] [11.6:30.100000000000001] [0:163.90000000000001] [0:163.90000000000001] [0:7] [0:63.100000000000001] [23:56.899999999999999]
tree_sizes=1578 1729 1625 1724 1736 1740 1764 1641 1619 1736 1705 1756 1604 1717 1734 1714 1692 1717 1706 1755 1712 1715 1691 1738 1724 1726 1719 1709 1696 1717 1756 1751 1762 1633 1594 1515 1625 1743 1759 1750 1702 1740 1759 1724 1495 1433 1519

Tree=0
num_leaves=14
num_cat=2
split_feature=0 1 44 4 4 34 4 5 44 26 33 10 12
split_gain=2633.97 140.539 90.0703 81.5539 78.8512 48.5351 46.4596 6.82792 5.30997 2.82581 2.6731 2.0108 0.263457
threshold=0 1 34.400000000000013 0.17646842360078757 -0.96689237009891416 20.250000000000004 0.81428061195174062 0.99138911339924218 25.000000000000004 29.150000000000002 31.250000000000004 79.145833500000023 52.500000000000007
decision_type=1 1 2 2 2 2 2 2 2 2 2 2 2
left_child=1 2 3 -1 -4 7 -7 -3 11 10 -10 12 -2
right_child=8 5 4 -5 -6 6 -8 -9 9 -11 -12 -13 -14
leaf_value=-1.4251304117680852 -1.5122601094211021 -1.5557841648362862 -1.4903997428941653 -1.4994034596656174 -1.403737522656705 -1.4494815634582583 -1.4855694896015732 -1.483564310214073 -1.5460506223728006 -1.5122184720584835 -1.5566121037687422 -1.5460961005154357 -1.495712562078314
leaf_weight=85.530197605490685 3.4331492930650693 13.881864532828333 28.659333229064941 64.483499765396118 339.4339779317379 388.09513747692108 116.87634332478046 3.7316840142011634 97.322319090366364 4.4780208170413962 931.57759730517864 3.4331492930650702 4.6272881776094437
leaf_count=573 23 93 192 432 2274 2600 783 25 652 30 6241 23 31
internal_value=-1.49878 -1.44278 -1.42377 -1.45685 -1.41044 -1.46065 -1.45779 -1.54049 -1.55457 -1.55549 -1.55566 -1.51898 -1.50348
internal_weight=2085.56 1040.69 518.107 150.014 368.093 522.585 504.971 17.6135 1044.87 1033.38 1028.9 11.4936 8.06044
internal_count=13972 6972 3471 1005 2466 3501 3383 118 7000 6923 6893 77 54
cat_boundaries=0 1 2
cat_threshold=7 1
is_linear=0
shrinkage=1


Tree=1
num_leaves=15
num_cat=2
split_feature=0 1 39 2 38 34 5 5 44 39 33 5 21 31
split_gain=2380.5 110.106 85.2724 82.3226 48.5171 40.6784 37.0067 6.10238 4.0031 3.05907 2.952 1.8224 1.59114 0.0461623
threshold=0 1 20.000000000000004 10.500000000000002 14.070238000000002 20.250000000000004 0.92519182738459493 0.99138911339924218 25.000000000000004 29.150000000000002 31.250000000000004 0.19969739736768835 22.150000000000002 22.650000000000002
decision_type=1 1 2 2 2 2 2 2 2 2 2 2 2 2
left_child=1 2 3 -1 -4 7 -7 -3 12 10 -10 -11 13 -2
right_child=8 5 4 -5 -6 6 -8 -9 9 11 -12 -13 -14 -15
leaf_value=0.029364097010452252 -0.0082021235991867926 -0.056071989012663283 0.088499109859953629 0.10003459471756987 -0.041499652435239634 0.03381233133731737 0.081406633891030644 0.012126736057617757 -0.04612884683176454 -0.048666042536157167 -0.057281289470039215 -0.0075154869426339657 -0.041741991069194163 -0.00014808144882084171
leaf_weight=187.28951182961464 2.9863554537296277 12.518301084637644 295.69734758138657 52.422057390213013 6.8080397844314566 469.54822723567486 44.491676554083824 3.9183422625064841 92.673206329345703 4.0559604465961439 891.48384948074818 6.7114251852035522 4.8165847510099411 3.2807614505290985
leaf_count=1215 20 87 1876 334 43 3067 289 26 640 28 6199 46 33 22
internal_value=-0.000145247 0.0514183 0.0677564 0.0451703 0.0854463 0.0355901 0.0380818 -0.040051 -0.0550869 -0.0559758 -0.056279 -0.0258349 -0.0228511 -0.00458648
internal_weight=2078.7 1072.69 542.217 239.712 302.505 530.477 514.04 16.4366 1006.01 994.924 984.157 10.7674 11.0837 6.26712
internal_count=13925 6937 3468 1549 1919 3469 3356 113 6988 6913 6839 74 75 42
cat_boundaries=0 1 2
cat_threshold=7 1
is_linear=0
shrinkage=0.05


Tree=2
num_leaves=14
num_cat=2
split_feature=0 1 39 2 40 34 5 44 39 5 33 5 21
split_gain=2106.88 115.975 80.7565 69.8722 47.9486 37.6763 37.2702 5.67062 5.27104 4.27668 3.33085 2.65219 2.38675
threshold=0 1 20.000000000000004 10.500000000000002 69.000000000000014 20.250000000000004 0.91159213926341531 25.000000000000004 29.150000000000002 0.99138911339924218 31.250000000000004 0.18281312110578127 22.150000000000002
decision_type=1 1 2 2 2 2 2 2 2 2 2 2 2
left_child=1 2 3 -1 -4 9 -7 12 10 -3 -9 -10 -2
right_child=7 5 4 -5 -6 6 -8 8 11 -11 -12 -13 -14
leaf_value=0.026123619819309614 0.0052569903514211236 -0.055616242146076689 0.065057786035472728 0.089108378248290085 0.10742470591937521 0.027646374924596158 0.071851579413186692 -0.044824588665561528 -0.047576337695092619 0.0034597938083989425 -0.056348481411947607 0.00017634077696919396 -0.039898847598477588
leaf_weight=195.14615432918072 5.9482673257589322 12.757184624671938 222.61320625245571 56.467150136828423 101.35228043794632 477.51743975281715 52.611771702766418 94.128496646881104 3.785223260521887 3.79645712673664 861.18585339188576 7.3920909911394119 4.3993337154388428
leaf_count=1243 40 92 1339 339 614 3055 326 670 27 25 6219 51 31
internal_value=-0.000538742 0.0459917 0.0620692 0.0405555 0.078602 0.0298217 0.0321605 -0.0539076 -0.0548564 -0.0426423 -0.0552611 -0.0185742 -0.0157655
internal_weight=2099.1 1122.26 575.579 251.613 323.965 546.683 530.129 976.839 966.492 16.5536 955.314 11.1773 10.3476
internal_count=14071 7033 3535 1582 1953 3498 3381 7038 6967 117 6889 78 71
cat_boundaries=0 1 2
cat_threshold=7 1
is_linear=0
shrinkage=0.05


Tree=3
num_leaves=15
num_cat=3
split_feature=0 1 39 41 35 0 44 39 33 2 44 39 4 43
split_gain=1948.86 79.9637 68.3851 49.1445 45.9495 41.3759 55.4711 25.4889 3.97998 7.49388 4.68225 3.43299 2.50127 1.91541
threshold=0 1 20.650000000000002 69.000000000000014 87.306547500000008 2 46.600000000000001 26.250000000000004 31.250000000000004 10.500000000000002 38.70000000000001 29.150000000000002 0.29342972903661901 1.1500000000000001
decision_type=1 1 2 2 2 1 2 2 2 2 2 2 2 2
left_child=1 2 4 -4 -1 6 -3 -7 9 12 -11 -10 -2 -13
right_child=8 5 3 -5 -6 7 -8 -9 11 10 -12 13 -14 -15
leaf_value=0.046398138172565669 -0.054706061472980343 0.046153833008798578 0.058671460201793285 0.10296606469653227 -0.01328931580037792 0.0042202230517064216 -0.021063622528761417 0.077965489024451606 -0.055468798711698089 -0.033314827745445634 0.009066918643449445 -0.0037930970027775495 -0.0038921807990500491 -0.046862423605217057
leaf_weight=259.78777734935284 60.673736780881882 341.27159284055233 200.46726517379284 95.720476508140564 36.350204110145569 176.25520281493664 33.146972864866257 11.564114823937414 837.13361413776875 21.980113714933399 8.5897649824619275 6.2226041555404645 2.6866945624351493 3.6625094413757324
leaf_count=1584 445 2145 1162 546 221 1108 208 73 6277 160 63 43 18 27
internal_value=-0.000293124 0.0430594 0.0562642 0.0732847 0.0390516 0.0298373 0.0391208 0.00868942 -0.0533674 -0.042841 -0.0214961 -0.0551122 -0.0526453 -0.0225898
internal_weight=2095.51 1154.56 592.326 296.188 296.138 562.238 374.419 187.819 940.949 93.9303 30.5699 847.019 63.3604 9.88511
internal_count=14080 7047 3513 1708 1805 3534 2353 1181 7033 686 223 6347 463 70
cat_boundaries=0 1 2 3
cat_threshold=7 1 6
is_linear=0
shrinkage=0.05


Tree=4
num_leaves=15
num_cat=2
split_feature=0 1 32 34 34 33 44 5 33 5 44 39 19 43
split_gain=1782.08 68.3615 59.9833 61.4399 32.9463 31.3685 31.0279 6.00042 4.06003 6.99374 4.74066 4.34626 3.08548 1.88358
threshold=0 1 29.217262000000002 24.550000000000004 20.250000000000004 39.150000000000013 46.600000000000001 0.99138911339924218 31.250000000000004 0.69521084835931835 32.95000000000001 29.150000000000002 26.854861000000003 1.1500000000000001
decision_type=1 1 2 2 2 2 2 2 2 2 2 2 2 2
left_child=1 2 3 -1 7 -4 -6 -3 9 12 -11 -10 -2 -13
right_child=8 4 5 -5 6 -7 -8 -9 11 10 -12 13 -14 -15
leaf_value=0.052758569516055093 -0.058016819019825056 -0.055425989059616522 0.10676055756727826 0.0031727265234321247 0.033385829904073655 -0.038750897554625741 -0.0081616465569961539 0.012210847088753245 -0.055101459767077803 -0.041723031280181441 -0.0064055880152490315 -0.0036243605414938867 -0.017629534922757595 -0.045810291607993797
leaf_weight=480.98134472966194 48.481625810265541 12.829127699136736 58.776394665241241 71.925641059875488 502.22824332118034 3.4618168175220481 48.958328545093536 3.8828105181455603 802.24341595172882 18.999569430947304 18.917854219675064 7.0808916091918928 6.4363922029733649 3.4165851473808289
leaf_count=2764 369 94 332 420 3081 20 307 25 6250 140 140 49 49 26
internal_value=-0.000430907 0.0398268 0.051723 0.0463255 0.0275727 0.0981821 0.0296873 -0.0399092 -0.0528656 -0.042243 -0.0247197 -0.0546753 -0.0536834 -0.0201447
internal_weight=2088.62 1183.04 615.145 552.907 567.899 62.2382 551.187 16.7119 905.576 92.8354 37.9174 812.741 54.918 10.4975
internal_count=14066 7043 3536 3184 3507 352 3388 119 7023 698 280 6325 418 75
cat_boundaries=0 1 2
cat_threshold=7 1
is_linear=0
shrinkage=0.05


Tree=5
num_leaves=15
num_cat=2
split_feature=0 1 4 44 38 4 32 34 33 4 4 39 44 43
split_gain=1652.63 69.7834 60.2466 50.3591 30.3198 46.9614 28.2592 22.5101 4.80859 7.75259 7.43884 3.38095 1.83556 1.60016
threshold=0 1 -0.97876850416056749 34.750000000000007 6.5285715000000009 -0.42180583328916638 26.401488000000004 20.350000000000005 31.250000000000004 -0.71504373327588355 -0.37447345805034538 29.150000000000002 25.000000000000004 1.1500000000000001
decision_type=1 1 2 2 2 2 2 2 2 2 2 2 2 2
left_child=1 2 6 -4 5 -3 -1 -6 9 -2 -11 12 -10 -13
right_child=8 4 3 -5 7 -7 -8 -9 11 10 -12 13 -14 -15
leaf_value=0.042994105740649317 -0.057244557886212112 0.017000722548597417 0.031643765656297403 0.063138510621305724 -0.032360374778598419 0.086497145952447285 -0.049991881727483423 0.022436514747182178 -0.021247703863273355 -0.0099748372960858766 -0.049196400223438123 -0.0048395272011173005 -0.054691077406639144 -0.045184884242125578
leaf_weight=12.084362953901289 38.928085431456566 50.829950332641602 189.19614431262016 407.50305381417274 18.676904663443565 46.69258813560009 20.956081748008728 463.91363199055195 5.8119269311428061 29.53811676800251 20.277148872613907 6.3601106256246549 764.51508119702339 3.3135534524917603
leaf_count=68 308 306 1107 2223 130 278 122 2811 44 222 157 44 6195 26
internal_value=9.48662e-05 0.0377412 0.0495858 0.0532221 0.0254696 0.050815 -0.0157188 0.0202533 -0.0521506 -0.0405271 -0.0265938 -0.0540872 -0.0544666 -0.0215977
internal_weight=2078.6 1209.85 629.74 596.699 580.113 97.5225 33.0404 482.591 868.744 88.7434 49.8153 780.001 770.327 9.67366
internal_count=14041 7045 3520 3330 3525 584 190 2941 6996 687 379 6309 6239 70
cat_boundaries=0 1 2
cat_threshold=7 1
is_linear=0
shrinkage=0.05


Tree=6
num_leaves=15
num_cat=1
split_feature=4 1 44 40 4 34 4 43 4 26 5 32 39 6
split_gain=42.7955 39.2439 38.5321 45.8223 44.0106 23.2875 24.9538 12.9536 13.9002 10.5476 3.364 1.29555 1.08249 0.777961
threshold=-0.97876850416056749 0 34.750000000000007 76.450000000000017 0.17646842360078757 20.250000000000004 0.82414472752956958 26.650000000000002 -0.99630266176052629 17.650000000000002 0.99138911339924218 26.378273500000002 17.050000000000004 27.000000000000004
decision_type=2 1 2 2 2 2 2 2 2 2 2 2 2 2
left_child=7 2 4 -4 -2 10 -7 8 11 -10 -3 -1 -9 -14
right_child=1 5 3 -5 -6 6 -8 12 9 -11 -12 -13 13 -15
leaf_value=-0.020071317637333247 0.0099683045951975153 -0.056410504280422671 0.0077370576731526398 0.037439164101335791 -0.027285690292349292 0.00045078368047335622 -0.018939608759019077 -0.055674249379723609 -0.01597791721055852 0.039905047810800072 -0.014182779458565746 -0.055939378401959595 -0.029647309312137743 -0.046568108610034513
leaf_weight=5.2138250097632435 189.24308823794127 23.792707800865177 509.01443345844746 173.68172554671764 134.98279417306185 708.45846130698919 215.64745502918959 19.986882083117962 17.925161249935627 14.333876669406889 6.8371042907237998 10.924321465194224 25.827418155968189 19.689822606742382
leaf_count=35 1270 188 3310 1113 943 4904 1518 141 124 97 50 77 177 136
internal_value=-1.4775e-05 0.00172156 0.00860381 0.0153371 -0.00557761 -0.00553827 -0.0040897 -0.0296735 -0.00976259 0.00930617 -0.047731 -0.0461986 -0.0440165 -0.0378106
internal_weight=2075.56 1961.66 1006.92 682.696 324.226 954.736 924.106 113.901 48.3972 32.259 30.6298 16.1381 65.5041 45.5172
internal_count=14083 13296 6636 4423 2213 6660 6422 787 333 221 238 112 454 313
cat_boundaries=0 1
cat_threshold=1
is_linear=0
shrinkage=0.05


Tree=7
num_leaves=14
num_cat=1
split_feature=0 32 34 40 36 32 7 37 39 33 5 44 14
split_gain=1508.99 51.0577 89.0535 94.7483 92.8065 40.0893 27.1666 12.4069 5.74472 3.98589 3.34565 2.20242 0.161007
threshold=0 29.217262000000002 24.550000000000004 70.550000000000011 94.500000000000014 30.676786000000003 29.852083500000003 32.500000000000007 29.150000000000002 29.850000000000005 0.18281312110578127 25.000000000000004 22.450000000000003
decision_type=1 2 2 2 2 2 2 2 2 2 2 2 2
left_child=1 2 4 -4 -1 6 -3 -7 9 -2 -10 -11 -12
right_child=8 5 3 -5 -6 7 -8 -9 10 11 12 -13 -14
leaf_value=-8.2358007523201585e-05 -0.0060287247975858646 0.059913044490158524 -0.030222795907678835 0.057988525487685121 0.043649922338754185 -0.0058741124162678291 0.12055762453025974 0.048533251033933883 -0.045589793230172898 -0.024833598472187073 0.00090505641564529141 -0.053270689429982615 0.016144202463480414
leaf_weight=142.56691593676805 4.8203899636864653 49.75589182972908 104.29355905950069 41.826936706900597 812.68663669377565 18.655786782503128 33.17311929166317 22.348968237638474 3.5641742870211583 9.4057406112551671 3.2537924200296402 818.9974794909358 3.0441812872886658
leaf_count=814 37 280 612 239 4633 106 185 125 29 71 23 6871 21
internal_value=-0.000545581 0.0347691 0.0315743 -0.00474981 0.0371298 0.0654628 0.0853194 0.0242292 -0.0516509 -0.0527141 -0.0127912 -0.0529781 0.00947386
internal_weight=2068.39 1225.31 1101.37 146.12 955.254 123.934 82.929 41.0048 843.086 833.224 9.86215 828.403 6.29797
internal_count=14046 6994 6298 851 5447 696 465 231 7052 6979 73 6942 44
cat_boundaries=0 1
cat_threshold=7
is_linear=0
shrinkage=0.05


Tree=8
num_leaves=14
num_cat=3
split_feature=0 1 4 4 0 44 5 32 44 39 21 5 5
split_gain=1363.24 52.5776 45.3731 39.0214 33.988 38.6734 35.6712 29.4837 6.04178 4.06521 2.60104 1.86505 1.66593
threshold=0 1 -0.97876850416056749 0.17646842360078757 2 46.600000000000001 0.19969739736768835 26.419940500000006 25.000000000000004 29.150000000000002 22.150000000000002 0.65720762023595369 0.18281312110578127
decision_type=1 1 2 2 1 2 2 2 2 2 2 2 2
left_child=1 2 7 -4 5 -3 -6 -1 10 11 -2 -10 -11
right_child=8 4 3 -5 6 -7 -8 -9 9 12 -12 -13 -14
leaf_value=0.043798461133765121 0.011833836468413936 0.034989609181277477 0.058125405783090195 0.032902096430825215 -0.013828717574235297 -0.021593798159823999 0.028941550164916698 -0.051165044957761863 -0.053880543419838292 -0.043430827506715668 -0.036678202139284598 -0.046830172193319704 -0.0024362265475147762
leaf_weight=12.331036493182181 5.4284555017948133 366.01094645261765 299.35759727656841 325.83796042203903 117.7713935226202 32.246558308601379 81.712051704525948 20.290051534771919 593.39135356247425 2.9768927171826345 3.9717654064297676 196.9862008690834 6.9198450893163681
leaf_count=67 40 2133 1571 1754 701 201 488 122 5186 25 32 1703 48
internal_value=-0.000490995 0.0320409 0.0420552 0.0450531 0.0215035 0.0296235 0.00356968 -0.0150331 -0.0506853 -0.0517799 -0.0102192 -0.0521848 -0.0176213
internal_weight=2065.23 1255.56 657.817 625.196 597.741 398.258 199.483 32.6211 809.675 800.274 9.40022 790.378 9.89674
internal_count=14071 7037 3514 3325 3523 2334 1189 189 7034 6962 72 6889 73
cat_boundaries=0 1 2 3
cat_threshold=7 1 6
is_linear=0
shrinkage=0.05


Tree=9
num_leaves=15
num_cat=1
split_feature=0 19 34 40 36 19 40 44 44 33 2 39 21 4
split_gain=1271.51 57.5467 71.5664 77.0967 70.8225 23.8667 28.6401 5.55567 5.52985 3.01816 6.54456 3.10223 2.04415 0.0419412
threshold=0 29.197916500000002 24.550000000000004 65.65000000000002 94.500000000000014 30.675694500000002 2.5500000000000003 37.600000000000001 25.000000000000004 31.250000000000004 10.500000000000002 29.150000000000002 22.150000000000002 0.3261394409934788
decision_type=1 2 2 2 2 2 2 2 2 2 2 2 2 2
left_child=1 2 4 -4 -1 6 -3 -7 12 10 -10 -11 13 -2
right_child=8 5 3 -5 -6 7 -8 -9 9 11 -12 -13 -14 -15
leaf_value=-0.0017845585789328135 0.0019845059664833956 0.10044528001623002 -0.029805708736761152 0.049250229081525661 0.037079656136485444 0.061591147188179755 0.048318398116758365 0.014733193945654685 -0.05057464194483291 -0.052695825104051609 -0.01857139828282332 -0.021000204784751838 -0.035951789981352851 0.01061814992803853
leaf_weight=135.89404858648777 3.1942321360111219 48.314007073640823 101.05985596776009 43.204987704753876 848.10420790314674 7.2936344295740119 64.879539385437965 31.351228043437004 50.428911961615086 681.1730835288763 25.597088195383549 9.5995311141014081 3.8658710792660713 2.6978705674409866
leaf_count=763 23 259 591 235 4643 39 353 173 444 6207 209 72 32 20
internal_value=5.18949e-05 0.0305935 0.0268984 -0.00595368 0.031716 0.0596971 0.0712523 0.0249074 -0.0500187 -0.05114 -0.0401805 -0.0522864 -0.0118376 0.00690472
internal_weight=2056.66 1280.1 1128.26 144.265 983.998 151.838 113.194 38.6449 776.557 766.799 76.026 690.773 9.75797 5.8921
internal_count=14063 7056 6232 826 5406 824 612 212 7007 6932 653 6279 75 43
cat_boundaries=0 1
cat_threshold=7
is_linear=0
shrinkage=0.05


Tree=10
num_leaves=15
num_cat=4
split_feature=0 1 39 34 40 0 44 5 44 39 33 1 5 39
split_gain=1141.28 47.7081 54.5957 94.3705 40.8246 29.611 39.0642 32.6417 5.22287 4.61585 3.46877 2.89355 2.00077 0.206479
threshold=0 1 18.750000000000004 23.250000000000004 69.000000000000014 2 46.600000000000001 0.18281312110578127 25.000000000000004 29.150000000000002 31.250000000000004 3 0.18281312110578127 14.300000000000002
decision_type=1 1 2 2 2 1 2 2 2 2 2 1 2 2
left_child=1 2 3 -1 -4 6 -3 -7 11 10 -10 13 -11 -2
right_child=8 5 4 -5 -6 7 -8 -9 9 12 -12 -13 -14 -15
leaf_value=0.050038033577315247 -0.01502598547596052 0.030436779624247554 0.036187685628150987 -0.016083531356844358 0.067888022096246392 -0.015790499591463496 -0.025022279060699839 0.024661944947032138 -0.039195258704174396 -0.043738695926638281 -0.052204120124015908 0.01553749796010391 -0.00051850839043227667 -0.043811796573620228
leaf_weight=104.07298351824284 2.6308492943644506 380.76225598156452 315.43471428751945 110.18523918092251 153.30780978500843 115.77063980698586 33.890787601470947 86.043324023485184 73.116129785776138 3.1767618507146818 651.90555629134178 4.4861802980303764 7.5289044231176376 2.8011536747217178
leaf_count=544 21 2141 1614 614 753 683 211 498 647 28 6181 35 53 21
internal_value=-0.00042367 0.027811 0.0371287 0.0161174 0.0466781 0.0178947 0.0252472 0.0014228 -0.0493128 -0.0504616 -0.050948 -0.0124426 -0.0159844 -0.0343738
internal_weight=2045.11 1299.47 683.001 214.258 468.743 616.467 414.653 201.814 745.646 735.727 725.022 9.91818 10.7057 5.432
internal_count=14044 7058 3525 1158 2367 3533 2352 1181 6986 6909 6828 77 81 42
cat_boundaries=0 1 2 3 4
cat_threshold=7 1 6 1
is_linear=0
shrinkage=0.05


Tree=11
num_leaves=15
num_cat=1
split_feature=0 19 36 34 44 19 32 36 33 4 4 39 40 34
split_gain=1091.03 45.3786 67.9666 65.9202 37.273 28.9628 29.5291 5.71481 5.09651 7.58506 5.18761 2.81307 1.76296 1.07048
threshold=0 29.197916500000002 96.500000000000014 24.550000000000004 46.600000000000001 30.604166500000002 29.851785500000002 89.500000000000014 31.250000000000004 -0.71504373327588355 -0.35846811432664222 29.150000000000002 0.8500000000000002 24.150000000000002
decision_type=1 2 2 2 2 2 2 2 2 2 2 2 2 2
left_child=1 2 4 -4 -1 6 -3 -7 9 -2 -11 13 -13 -10
right_child=8 5 3 -5 -6 7 -8 -9 11 10 -12 12 -14 -15
leaf_value=0.009152082243889267 -0.055006941020108516 0.049436250746055677 0.035266504738217873 -0.0082913431760367751 -0.044594983237410582 -0.0077381978467508904 0.10851356258295736 0.029976999560080306 -0.053660024343505058 -0.0081078201597420806 -0.043097276434983837 -0.0036583578140972871 -0.045195934581147734 -0.047530524436248014
leaf_weight=233.42802155017853 31.35208011418581 82.018166169524193 783.10219626128674 97.29989629983902 36.405221998691559 14.631725579500197 29.653032124042511 28.786592349410057 425.38358718901873 27.200916856527328 17.002188332378864 6.2403454631566984 3.5679680109024048 212.46948370337486
leaf_count=1284 299 428 4141 551 210 80 148 151 4188 229 153 44 31 2097
internal_value=-0.000259093 0.0269821 0.0237266 0.0304487 0.00176278 0.0525489 0.0659474 0.0173791 -0.0490905 -0.036367 -0.0222218 -0.0512733 -0.0215521 -0.0516959
internal_weight=2028.54 1305.32 1150.24 880.402 269.833 155.09 111.671 43.4183 723.217 75.5552 44.2031 647.661 9.80831 637.853
internal_count=14034 6993 6186 4692 1494 807 576 231 7041 681 382 6360 75 6285
cat_boundaries=0 1
cat_threshold=7
is_linear=0
shrinkage=0.05


Tree=12
num_leaves=14
num_cat=3
split_feature=0 4 44 38 33 4 1 39 1 39 44 35 16
split_gain=992.372 44.6683 38.8728 45.6247 5.25207 7.74933 11.3343 5.6145 6.54293 2.3661 1.94887 1.21309 0.171448
threshold=0 -0.99630266176052629 52.000000000000007 11.053273500000001 31.250000000000004 -0.71504373327588355 1 29.150000000000002 2 21.450000000000003 25.000000000000004 85.729166500000005 10.950000000000001
decision_type=1 2 2 2 2 2 1 2 1 2 2 2 2
left_child=1 9 3 -3 5 -2 -7 10 -9 -1 -6 -4 -11
right_child=4 2 11 -5 7 6 -8 8 -10 12 -12 -13 -14
leaf_value=-0.056887049808817883 -0.054571137479894699 0.02355525755121133 -0.057718468358673364 0.049254328413932791 -0.016614711716804269 0.0048880315084975871 -0.045923748907529476 -0.048885283589243031 0.026501989146343854 -0.031070463276063266 -0.051479963633240679 -0.025227596620631849 -0.017566621198961654
leaf_weight=8.5040781646966952 29.689182087779045 1074.6105617135763 9.8641586601734179 206.39290399849415 5.22536727041006 21.484125658869743 21.071874886751175 4.6673436984419805 4.9335725381970406 7.9128154069185284 601.39404225349426 7.4758078008890143 12.507572293281553
leaf_count=51 295 5688 60 1078 44 187 186 36 38 43 6177 39 67
internal_value=-7.80418e-05 0.0251486 0.0267138 0.027731 -0.0483411 -0.0352032 -0.0207485 -0.050605 -0.0113007 -0.035251 -0.0512075 -0.04585 -0.0240055
internal_weight=2015.73 1327.27 1298.34 1281 688.466 72.2452 42.556 616.22 9.60092 28.9245 606.619 17.34 20.4204
internal_count=13989 7026 6865 6766 6963 668 373 6295 74 161 6221 99 110
cat_boundaries=0 1 2 3
cat_threshold=7 1 1
is_linear=0
shrinkage=0.05


Tree=13
num_leaves=15
num_cat=3
split_feature=0 1 32 34 34 5 19 44 39 33 5 25 1 5
split_gain=951.6 38.2038 36.1772 41.6229 26.0685 30.1406 22.0564 5.14074 3.82466 3.37349 3.27747 1.78105 2.42715 1.66355
threshold=0 1 29.217262000000002 24.550000000000004 20.250000000000004 0.91852788691372023 30.604166500000002 25.000000000000004 29.150000000000002 29.850000000000005 0.99138911339924218 6.0458335000000014 2 0.18281312110578127
decision_type=1 1 2 2 2 2 2 2 2 2 2 2 1 2
left_child=1 2 3 -1 10 -6 -4 11 9 -9 -3 -2 -13 -10
right_child=7 4 6 -5 5 -7 -8 8 13 -11 -12 12 -14 -15
leaf_value=0.033445237857598391 -0.040855786014460271 -0.055838347643486698 0.083481935699936061 -0.0055406227098943467 0.013743490110313514 0.050803921941930043 0.023451141225411171 -0.00075136660666075001 -0.04202892732870224 -0.049970379376999337 -0.0045465578169795575 -0.023977573105025112 0.027144161507538928 -0.00070293292185234953
leaf_weight=555.40368601679802 2.4684712812304479 12.657198265194895 51.465698406100273 77.77157399058342 561.49823823571205 60.06144018471241 23.018020421266556 3.5311246141791335 2.8446130156517011 647.36426001042128 4.2782779783010474 3.5529330223798752 3.7459365129470825 6.7377115935087204
leaf_count=2744 22 90 236 424 3104 308 111 31 27 6859 25 28 29 48
internal_value=0.000233254 0.024435 0.0326191 0.0286555 0.0157097 0.0174005 0.0654868 -0.0479879 -0.0492374 -0.0497049 -0.0438568 -0.0113353 0.00236854 -0.0157833
internal_weight=2016.4 1346.15 707.659 633.175 638.495 621.56 74.4837 670.245 660.478 650.895 16.9355 9.76734 7.29887 9.58232
internal_count=14086 7042 3515 3168 3527 3412 347 7044 6965 6890 115 79 57 75
cat_boundaries=0 1 2 3
cat_threshold=7 1 1
is_linear=0
shrinkage=0.05


Tree=14
num_leaves=15
num_cat=2
split_feature=0 4 40 39 32 38 39 44 39 43 5 30 1 4
split_gain=835.026 41.8992 40.6628 100.255 37.7378 10.8782 10.0373 5.6396 3.65715 3.02243 2.90838 2.29088 2.07968 1.47019
threshold=0 -0.99054481509840819 76.15000000000002 19.350000000000005 29.217262000000002 7.5002975000000012 22.350000000000005 25.000000000000004 29.150000000000002 28.950000000000006 0.65720762023595369 0.95000000000000007 1 0.98372640911059162
decision_type=1 2 2 2 2 2 2 2 2 2 2 2 1 2
left_child=1 5 4 -4 -3 9 -7 11 10 -1 -9 12 -2 -10
right_child=7 2 3 -5 -6 6 -8 8 13 -11 -12 -13 -14 -15
leaf_value=-0.060202062562575015 -0.018728908316187544 0.014522908481631767 -0.00046021205343669955 0.058510298595044079 0.042229506712030719 0.041367859005359026 -0.021966182840240631 -0.050943323929179621 -0.0015256270310329929 -0.01644186297344739 -0.041912373665126304 -0.040628726875469687 0.031148171187589342 -0.041042145677674197
leaf_weight=15.458915099501612 2.9787635579705221 848.84513406455517 107.73089300096035 216.65888817608356 143.29060918092728 8.2482826858758944 18.338659167289734 463.93447349965572 6.8528797626495344 6.4482155442237845 157.51893108338118 2.4389304295182228 3.5278394296765327 2.6515495926141739
leaf_count=91 24 4448 568 1074 705 42 99 5142 49 36 1699 22 27 26
internal_value=-0.000298621 0.0217768 0.0236206 0.0389848 0.018563 -0.023347 -0.00153025 -0.0469567 -0.0482486 -0.0486016 -0.0487253 -0.00736042 0.008861 -0.0154076
internal_weight=2004.92 1365.02 1316.53 324.39 992.136 48.4941 26.5869 639.903 630.958 21.9071 621.453 8.94553 6.5066 9.50443
internal_count=14052 7063 6795 1642 5153 268 141 6989 6916 127 6841 73 51 75
cat_boundaries=0 1 2
cat_threshold=7 1
is_linear=0
shrinkage=0.05


Tree=15
num_leaves=15
num_cat=4
split_feature=0 4 36 5 32 33 5 1 39 1 19 1 14 4
split_gain=790.702 39.4489 32.8568 55.0288 52.8946 6.49569 9.11685 11.7219 5.81805 6.13162 4.04015 2.66186 2.55541 0.687319
threshold=0 -0.99630266176052629 98.500000000000014 -0.97507822412530132 28.962202500000004 31.250000000000004 0.69521084835931835 1 29.150000000000002 2 26.854861000000003 3 13.250000000000002 -0.99763297024448894
decision_type=1 2 2 2 2 2 2 1 2 1 2 1 2 2
left_child=1 12 4 -4 -3 6 10 -8 11 -10 -2 -7 -1 -14
right_child=5 2 3 -5 -6 8 7 -9 9 -11 -12 -13 13 -15
leaf_value=-0.056631218208523598 -0.053881664281080467 0.0079464395895905999 0.076540156766816636 0.026326687973296337 0.039387840411756206 -0.05314808455846385 0.020069396603175582 -0.040651535135098976 -0.047151614480186198 0.028256584780841299 -0.0041544221353936941 -0.045031704405971394 -0.027596873023492854 -0.0035328210176907623
leaf_weight=9.0210078805685061 31.579426139593124 550.73826336860657 60.009121134877205 552.43557547032833 176.00596971809864 276.09460105001926 15.230854704976082 14.677640669047832 4.0514398068189603 4.8216491788625717 4.8705510646104804 272.73903459310532 16.200945124030117 3.9742937684059134
leaf_count=56 350 2873 296 2808 868 3174 137 138 33 38 49 3164 89 21
internal_value=0.00015911 0.0214126 0.0228296 0.0313635 0.0156047 -0.0460096 -0.0310488 -0.0100806 -0.0485544 -0.00746308 -0.0475253 -0.0492039 -0.035096 -0.0232472
internal_weight=1992.45 1368.39 1339.19 612.445 726.744 624.065 66.3585 29.9085 557.707 8.87309 36.45 548.834 29.1962 20.1752
internal_count=14094 7011 6845 3104 3741 7083 674 275 6409 71 399 6338 166 110
cat_boundaries=0 1 2 3 4
cat_threshold=7 1 1 1
is_linear=0
shrinkage=0.05


Tree=16
num_leaves=15
num_cat=5
split_feature=0 4 40 39 2 32 22 1 33 4 1 39 1 1
split_gain=733.69 31.3056 50.3923 92.554 43.4913 31.0583 28.2717 6.18492 6.14876 8.49502 12.8953 4.97097 7.00027 1.96103
threshold=0 -0.97113884758256674 69.600000000000009 18.950000000000003 9.5000000000000018 26.455654500000005 88.229166500000005 1 31.250000000000004 -0.71504373327588355 2 29.150000000000002 3 4
decision_type=1 2 2 2 2 2 2 1 2 2 1 2 1 1
left_child=1 5 4 -4 -3 6 -1 -7 9 -2 -11 13 -13 -10
right_child=8 2 3 -5 -6 7 -8 -9 11 10 -12 12 -14 -15
leaf_value=0.054953974684039057 -0.053206708412853868 0.010239399955385269 0.0010672847607921345 0.05481161131130128 0.03681999048223674 -0.053905089839927957 -0.033172312783022663 -0.016771560992398214 -0.052748503191360367 0.01028641245627239 -0.044399975274785258 -0.048679589029079165 0.02870041012902232 -0.045276918884769111
leaf_weight=24.528160631656647 26.486761569976807 747.50885996222496 117.91533769667149 249.10060016810894 193.27386002242565 23.707759752869606 13.316516384482382 22.920858532190323 261.11535678058863 21.325700521469116 20.189056247472763 5.0006595477461797 4.7785545960068703 260.65014278888702
leaf_count=124 310 3856 609 1194 954 132 75 128 3134 196 202 42 37 3138
internal_value=-6.27833e-05 0.0198448 0.0218924 0.0375944 0.0157334 -0.00941934 0.023889 -0.036387 -0.045816 -0.0315011 -0.0167269 -0.0484451 -0.0117135 -0.0491098
internal_weight=1991.82 1392.27 1307.8 367.016 940.783 84.4733 37.8447 46.6286 599.546 68.0015 41.5148 531.545 9.77921 521.765
internal_count=14131 7072 6613 1803 4810 459 199 260 7059 708 398 6351 79 6272
cat_boundaries=0 1 2 3 4 5
cat_threshold=7 1 1 1 1
is_linear=0
shrinkage=0.05


Tree=17
num_leaves=15
num_cat=3
split_feature=0 6 33 37 4 4 6 35 33 1 2 39 1 4
split_gain=659.373 31.5907 47.2621 37.2383 36.7627 36.2224 22.5191 11.0527 5.32667 8.1905 14.2301 5.31573 6.95385 3.91117
threshold=0 2.5000000000000004 36.45000000000001 25.500000000000004 -0.99054481509840819 0.79383249484937135 1.5000000000000002 87.130952500000021 31.250000000000004 1 10.500000000000002 29.150000000000002 2 0.22700754078277599
decision_type=1 2 2 2 2 2 2 2 2 1 2 2 1 2
left_child=1 2 6 -4 7 -6 -1 -3 9 10 -2 -10 -13 -11
right_child=8 4 3 -5 5 -7 -8 -9 11 13 -12 12 -14 -15
leaf_value=0.00020874734651219921 -0.038833689143608609 0.046072517422142745 -0.043972562492079446 0.054567693297324173 0.028397726408977038 0.0042317329201314148 -0.040857384463818112 -0.030641537944869335 -0.048517759137262244 -0.05378643395114422 0.026695553147838426 -0.04770464860828269 0.031193040199348921 0.01377155325810487
leaf_weight=202.93396316468716 20.149067021906376 4.4087898135185233 10.576392844319342 60.644585192203522 848.0838493257761 190.18232783675194 38.953268960118294 39.887896463274956 500.3526106774807 29.591116994619373 12.730620950460432 4.6127008795738202 4.6067507490515709 1.9142403602600087
leaf_count=1040 226 23 57 289 4223 959 209 229 6260 332 112 40 35 18
internal_value=-0.000657157 0.0179021 0.0040271 0.0395281 0.0220729 0.0239795 -0.00654549 -0.0221577 -0.0452638 -0.0315057 -0.0134225 -0.0478235 -0.00908662 -0.0493843
internal_weight=1969.63 1395.67 313.108 71.221 1082.56 1038.27 241.887 44.2967 573.957 64.385 32.8797 509.572 9.21945 31.5054
internal_count=14052 7029 1595 346 5434 5182 1249 252 7023 688 338 6335 75 350
cat_boundaries=0 1 2 3
cat_threshold=7 1 1
is_linear=0
shrinkage=0.05


Tree=18
num_leaves=15
num_cat=5
split_feature=0 1 39 35 0 4 5 4 33 4 1 1 24 37
split_gain=614.39 33.6426 32.7938 30.2682 27.2628 35.2917 34.472 24.4219 6.89616 8.85005 12.1673 4.69102 7.06904 1.06618
threshold=0 1 20.650000000000002 87.348214000000013 2 0.78325454425165997 0.18281312110578127 -0.95244167294248061 31.250000000000004 -0.71504373327588355 3 4 30.500000000000004 67.500000000000014
decision_type=1 1 2 2 1 2 2 2 2 2 1 1 2 2
left_child=1 2 3 -1 5 -3 -6 -4 9 -2 -11 13 -13 -10
right_child=8 4 7 -5 6 -7 -8 -9 11 10 -12 12 -14 -15
leaf_value=0.018973453811099383 -0.052461032841385105 0.024186347194399844 -0.00549021153127473 -0.026735774965013538 -0.022946212227546697 -0.008851014039672785 0.017054507568521379 0.038967760523583313 -0.053341894081514511 0.012763256323321827 -0.042422625568540227 -0.012718279176636097 -0.044462275817760862 -0.029938528285120693
leaf_weight=320.09630878269672 23.222539678215981 340.31560076773167 33.681674838066101 39.938264593482018 123.42653577029705 105.3425817489624 94.032437846064568 343.31483162939548 235.88158282637596 20.501208186149597 17.852938659489155 20.063967414200306 226.11087761074305 9.3242713138461095
leaf_count=1573 295 1761 161 210 677 557 500 1567 3060 187 191 240 2934 121
internal_value=-0.000410707 0.0172229 0.0246935 0.013843 0.00915434 0.0160162 -0.0054031 0.0349918 -0.0445187 -0.0287025 -0.0133497 -0.0473426 -0.041937 -0.0525772
internal_weight=1953.11 1400.15 737.031 360.035 663.117 445.658 217.459 376.997 552.957 61.5767 38.3541 491.381 246.175 245.206
internal_count=14034 7006 3511 1783 3495 2318 1177 1728 7028 673 378 6355 3174 3181
cat_boundaries=0 1 2 3 4 5
cat_threshold=7 1 6 1 1
is_linear=0
shrinkage=0.05


Tree=19
num_leaves=15
num_cat=1
split_feature=19 4 44 38 19 19 19 42 34 42 2 12 39 1
split_gain=31.3015 41.6331 41.4296 51.3617 29.0982 20.8555 19.1679 21.3328 17.7659 25.8751 8.09797 8.06851 4.2476 5.41374
threshold=29.197916500000002 0.79383249484937135 48.050000000000004 11.015178500000001 26.738194500000002 30.604166500000002 27.116666500000004 2.5000000000000004 25.150000000000002 3.5000000000000004 2.5000000000000004 66.500000000000014 24.450000000000003 0
decision_type=2 2 2 2 2 2 2 2 2 2 2 2 2 1
left_child=1 2 3 -1 -4 8 10 -8 9 -2 -3 -10 -7 -14
right_child=5 6 4 -5 -6 12 7 -9 11 -11 -12 -13 13 -15
leaf_value=-4.2466062867845312e-05 0.032920169328400938 -0.051164986836987981 0.0064345715684323603 0.037621113184904818 -0.053297122161754779 -0.0010396821216773113 0.0098348464462336277 -0.033686798089749261 0.048353012163405013 -0.017648029595424421 0.016697548885019797 -0.026864526549710888 -0.058923606221501751 0.0031955145282661877
leaf_weight=1260.6328708007932 59.991444982588291 3.9686321765184394 31.03930775821209 96.520393230021 57.340124845504761 50.669472493231297 32.703094244003296 185.46182511746883 67.370220355689526 42.388328693807125 38.582459539175034 3.1505763307213774 7.058880075812338 6.0368693098425865
leaf_count=9082 388 31 223 669 444 362 243 1403 462 301 281 22 50 47
internal_value=-0.000463312 -0.00282975 0.000492244 0.00266189 -0.0324818 0.0165377 -0.0211799 -0.0271478 0.0255119 0.0120152 0.00933869 0.044664 -0.00781425 -0.0320928
internal_weight=1942.91 1706.25 1445.53 1357.15 88.3794 236.666 260.716 218.165 172.901 102.38 42.5511 70.5208 63.7652 13.0957
internal_count=14008 12376 10418 9751 667 1632 1958 1646 1173 689 312 484 459 97
cat_boundaries=0 1
cat_threshold=1
is_linear=0
shrinkage=0.05


Tree=20
num_leaves=15
num_cat=4
split_feature=0 26 34 4 1 25 4 0 44 39 1 33 2 10
split_gain=578.674 30.8913 68.6382 40.0446 31.6066 25.2113 23.0631 22.2991 6.13767 4.93836 4.76238 4.59645 3.2433 0.358502
threshold=0 14.950000000000001 23.250000000000004 -0.70291267844185523 1 6.6784725000000007 -0.97509794945709782 2 25.000000000000004 29.150000000000002 3 31.250000000000004 7.5000000000000009 79.145833500000023
decision_type=1 2 2 2 1 2 2 1 2 2 1 2 2 2
left_child=1 2 3 -1 6 -4 -3 -6 12 11 -11 -10 -2 -14
right_child=8 4 5 -5 7 -7 -8 -9 9 10 -12 -13 13 -15
leaf_value=0.073015169811166167 0.028503475187088317 -0.014612918448563631 -0.0063529537915076074 0.0094472588381783445 0.024536702784848218 -0.051049916407305378 0.029706903021701328 0.0032942201322269551 -0.032035501886552013 -0.045352095015622249 0.021093073403392226 -0.048404533533281328 -0.0077716928668530114 -0.039044210801402655
leaf_weight=33.503406181931496 3.7201968207955343 30.310042694211006 77.530289143323898 89.20161597430706 186.04449272155762 52.583750337362289 591.60760244727135 362.57372072339058 56.430586360394955 3.7721142768859846 5.2774859592318535 454.16895222663879 2.1258394718170166 2.291190080344677
leaf_count=162 32 162 395 442 963 276 2758 1921 645 35 39 6178 18 24
internal_value=-0.000320048 0.0162788 0.000540089 0.0272538 0.0198137 -0.0246682 0.0275269 0.0110358 -0.0444969 -0.0460119 -0.00835993 -0.0466616 -0.00199765 -0.0282064
internal_weight=1951.14 1423.35 252.819 122.705 1170.54 130.114 621.918 548.618 527.786 519.649 9.0496 510.6 8.13723 4.41703
internal_count=14050 7079 1275 604 5804 671 2920 2884 6971 6897 74 6823 74 42
cat_boundaries=0 1 2 3 4
cat_threshold=7 1 4 1
is_linear=0
shrinkage=0.05


Tree=21
num_leaves=15
num_cat=4
split_feature=0 22 40 39 43 44 4 5 33 4 1 39 1 1
split_gain=522.561 29.7076 28.8564 55.2645 45.4376 28.0368 17.8483 6.62846 6.61029 8.56961 10.6464 4.61499 4.81549 2.37891
threshold=0 88.520833500000023 69.600000000000009 17.650000000000002 1.4500000000000002 39.800000000000004 -0.92274349529687905 0.71952396275653763 31.250000000000004 -0.71504373327588355 1 29.150000000000002 2 3
decision_type=1 2 2 2 2 2 2 2 2 2 1 2 1 1
left_child=1 2 4 -4 -1 7 -7 -3 9 -2 -11 13 -13 -10
right_child=8 5 3 -5 -6 6 -8 -9 11 10 -12 12 -14 -15
leaf_value=0.026615454459161088 -0.051994091769154316 -0.050721826097566293 -0.014950831295165268 0.036070918855508033 0.0039725215675919271 -0.028753933571374426 0.055584388822466149 -0.0047083090022978537 -0.051391207295841984 0.010530832144017916 -0.041395107397061821 -0.046018601359987366 0.019306175540217921 -0.042822632761048161
leaf_weight=339.85524885356426 22.217896535992622 34.072692051529884 62.589251339435577 331.18765400350094 634.30037668347359 9.1813030838966387 15.920985102653502 10.356369614601133 219.42893882840872 21.242119170725346 16.945936486124992 4.1256975755095464 5.3967170193791389 223.58464021235704
leaf_count=1668 303 185 335 1569 3185 47 74 49 3119 196 191 39 39 3140
internal_value=-0.000682022 0.0148038 0.0165292 0.0279439 0.0118912 -0.0167958 0.0248174 -0.0403359 -0.043466 -0.0279426 -0.0129796 -0.0464303 -0.0106802 -0.0471729
internal_weight=1950.41 1437.46 1367.93 393.777 974.156 69.5313 25.1023 44.4291 512.942 60.406 38.1881 452.536 9.52241 443.014
internal_count=14139 7112 6757 1904 4853 355 121 234 7027 690 387 6337 78 6259
cat_boundaries=0 1 2 3 4
cat_threshold=7 1 1 1
is_linear=0
shrinkage=0.05


Tree=22
num_leaves=15
num_cat=5
split_feature=0 44 39 44 37 33 5 1 39 1 25 1 25 1
split_gain=511.321 26.8479 44.3062 54.5645 35.4391 4.32336 6.71048 7.66807 4.41287 4.51811 3.89397 2.70442 0.922226 2.23633
threshold=0 52.000000000000007 25.350000000000005 48.050000000000004 25.500000000000004 31.250000000000004 0.69521084835931835 1 29.150000000000002 2 13.932639000000002 3 14.169444500000003 4
decision_type=1 2 2 2 2 2 2 1 2 1 2 1 2 1
left_child=1 2 3 -1 -4 6 10 -8 11 -10 -2 -7 13 -3
right_child=5 12 4 -5 -6 8 7 -9 9 -11 -12 -13 -14 -15
leaf_value=0.015026843069803647 -0.050866099904142328 -0.0034603797819581028 -0.058403250094196051 -0.055219913419843669 0.053567797920553217 -0.051090210597808487 0.010764671153784997 -0.040168489859724855 -0.045582336571276028 0.017711482308557586 0.016762454160799932 -0.041968300677843649 -0.056961297859210475 -0.051538134752026003
leaf_weight=1268.7848991304636 28.219289086759094 5.0037707984447497 6.7691779136657706 27.297618880867958 104.44664157927036 212.20480758696795 15.904054261744022 12.301300592720509 4.0612450614571554 5.5062049403786659 1.8337487280368794 215.01072488725185 8.6501855105161649 3.9812436252832413
leaf_count=6224 383 23 37 152 492 3152 139 139 40 39 20 3130 53 23
internal_value=1.09483e-05 0.0152416 0.016128 0.0135059 0.0462929 -0.0432076 -0.0302252 -0.0120638 -0.0458532 -0.0109268 -0.0463327 -0.046608 -0.0443884 -0.0277916
internal_weight=1919.97 1424.93 1407.3 1296.08 111.216 495.041 58.2584 28.2054 436.783 9.56745 30.053 427.216 17.6352 8.98501
internal_count=14046 7004 6905 6376 529 7042 681 278 6361 79 403 6282 99 46
cat_boundaries=0 1 2 3 4 5
cat_threshold=7 1 1 1 1
is_linear=0
shrinkage=0.05


Tree=23
num_leaves=15
num_cat=2
split_feature=0 32 4 34 42 0 24 21 5 40 20 43 34 38
split_gain=466.641 27.1135 43.2797 43.9909 29.0792 21.6925 22.8991 22.4399 5.5329 10.0816 8.56887 8.30294 7.93459 8.44009
threshold=0 29.217262000000002 0.79383249484937135 24.550000000000004 2.5000000000000004 1 46.500000000000007 25.150000000000002 0.65720762023595369 41.95000000000001 35.45000000000001 27.050000000000004 24.150000000000002 6.9169645000000015
decision_type=1 2 2 2 2 1 2 2 2 2 2 2 2 2
left_child=1 2 3 -1 -4 6 -3 -7 12 10 -10 -11 -2 -14
right_child=8 5 4 -5 -6 7 -8 -9 9 11 -12 -13 13 -15
leaf_value=0.019784309825803037 -0.053323164063399292 0.036749506595168541 0.030974335030965368 -0.010322028841737727 -0.017803060297873891 0.056373036662603286 0.094858395440222634 -0.017513067002262517 -0.043030194669262924 0.02174803550893506 0.014946326569689715 -0.046455160167931622 0.0042093085610892377 -0.04069005071838383
leaf_weight=940.09400837123394 201.16484978422523 80.385274410247803 36.286687359213829 138.66238315403461 169.31586827337742 13.005380779504774 21.59166331589222 37.606787160038948 101.38753574341536 13.145050384104254 6.3223858699202529 5.5188565701246253 11.132949434220789 137.02037931233644
leaf_count=4529 3068 367 181 740 872 59 97 177 1454 137 95 72 170 2031
internal_value=-4.66187e-05 0.0141907 0.0119034 0.0159085 -0.00908611 0.0341644 0.0454418 0.00184059 -0.0424017 -0.0336923 -0.0395209 0.000243722 -0.0466577 -0.0373105
internal_weight=1912.64 1436.95 1284.36 1078.76 205.603 152.589 101.977 50.6122 475.692 126.374 107.71 18.6639 349.318 148.153
internal_count=14049 7022 6322 5269 1053 700 464 236 7027 1758 1549 209 5269 2201
cat_boundaries=0 1 2
cat_threshold=7 6
is_linear=0
shrinkage=0.05


Tree=24
num_leaves=15
num_cat=3
split_feature=0 4 36 39 38 32 37 44 44 39 0 10 1 23
split_gain=420.275 25.1671 32.581 41.3596 40.7988 25.8757 13.68 6.02394 4.78664 10.4053 3.9205 2.54936 2.31631 2.19563
threshold=0 -0.97113884758256674 98.500000000000014 18.950000000000003 11.053273500000001 26.401488000000004 66.500000000000014 25.000000000000004 38.70000000000001 19.750000000000004 1 79.145833500000023 2 81.500000000000014
decision_type=1 2 2 2 2 2 2 2 2 2 1 2 1 2
left_child=1 5 4 -4 -3 6 -1 11 13 -10 -7 12 -2 -9
right_child=7 2 3 -5 -6 10 -8 8 9 -11 -12 -13 -14 -15
leaf_value=0.052076901054876307 -0.013882674130091827 0.00058613963891280434 0.011399959439362537 0.037693940018621211 0.026167230755962719 -0.00043092618476067495 -0.012925864189789747 -0.012382250881132867 0.0025008194973934923 -0.039980246327022718 -0.039248203927820288 -0.036923292959912764 0.042525680295879026 -0.048399954418748031
leaf_weight=16.813524156808857 2.6027755960822097 549.07448241114616 329.86560569703579 274.56049118936062 216.67544674873352 18.089163452386856 14.239795207977293 5.1256395429372779 15.552365235984324 178.09902296587825 36.234981775283813 2.0137871727347374 3.0798653960227966 251.80953063070774
leaf_count=79 24 2719 1597 1270 1036 99 79 78 201 2728 203 24 28 3943
internal_value=-0.000196979 0.0129838 0.0147153 0.0233865 0.00784921 -0.0131485 0.0227959 -0.0413794 -0.043028 -0.0365732 -0.0337361 0.00140333 0.0184782 -0.0477322
internal_weight=1913.84 1455.55 1370.18 604.426 765.75 85.3775 31.0533 458.283 450.587 193.651 54.3241 7.69643 5.68264 256.935
internal_count=14108 7082 6622 2867 3755 460 158 7026 6950 2929 302 76 52 4021
cat_boundaries=0 1 2 3
cat_threshold=7 2 1
is_linear=0
shrinkage=0.05


Tree=25
num_leaves=15
num_cat=3
split_feature=0 35 40 39 5 26 43 4 33 4 1 1 10 14
split_gain=415.986 27.1406 46.1992 44.304 30.2322 29.8516 13.0206 10.0489 7.26471 8.48853 10.573 4.56981 10.3351 1.17154
threshold=0 87.824405000000013 76.15000000000002 16.350000000000005 0.94636490295939868 22.150000000000002 21.050000000000001 -0.92274349529687905 31.250000000000004 -0.71504373327588355 1 2 62.104166500000012 8.7500000000000018
decision_type=1 2 2 2 2 2 2 2 2 2 1 1 2 2
left_child=1 2 4 -4 -1 6 -3 -7 9 -2 -11 13 -13 -10
right_child=8 5 3 -5 -6 7 -8 -9 11 10 -12 12 -14 -15
leaf_value=0.0073748316780047887 -0.050877559219108796 0.013699608789455238 -0.039883839055765646 0.03844584766237797 0.033218814196057454 -0.00697161041819188 -0.036945636474648158 0.048770743297916308 -0.012789653903746992 0.013754465971584093 -0.039585500747970986 -0.0065789604127580717 -0.043110837163437388 -0.051314723413364273
leaf_weight=927.31945338845253 18.999272044748068 15.269542098045347 18.565827593207359 266.32497043907642 128.08372342586517 12.344031572341917 62.999924764037132 21.257563412189484 2.7790223211050025 20.298289969563484 15.583035930991171 22.196786779910326 175.14406051486731 186.48281143978238
leaf_count=4538 307 73 103 1234 604 65 323 93 47 194 197 340 2829 3101
internal_value=0.000362038 0.0133151 0.0153817 0.0332196 0.0105397 -0.010181 -0.0270171 0.0286833 -0.0415403 -0.0247137 -0.00985597 -0.0449308 -0.0390556 -0.0508192
internal_weight=1893.65 1452.17 1340.29 284.891 1055.4 111.871 78.2695 33.6016 441.483 54.8806 35.8813 386.603 197.341 189.262
internal_count=14048 7033 6479 1337 5142 554 396 158 7015 698 391 6317 3169 3148
cat_boundaries=0 1 2 3
cat_threshold=7 1 1
is_linear=0
shrinkage=0.05


Tree=26
num_leaves=15
num_cat=4
split_feature=0 1 39 34 4 2 37 33 4 1 1 10 5 38
split_gain=376.558 25.5434 28.9127 24.5823 25.2756 24.4447 21.2948 7.11459 8.44027 9.37837 5.18212 9.24741 2.16934 1.1118
threshold=0 1 20.650000000000002 20.250000000000004 0.81428061195174062 10.500000000000002 25.500000000000004 31.250000000000004 -0.71504373327588355 2 3 62.416666500000012 0.99349222267034765 11.524702500000002
decision_type=1 1 2 2 2 2 2 2 2 1 1 2 2 2
left_child=1 2 5 12 -5 -1 -4 8 -2 -10 13 -12 -3 -9
right_child=7 3 6 4 -6 -7 -8 10 9 -11 11 -13 -14 -15
leaf_value=0.0015571427454098589 -0.050523613115530545 -0.057901214477741381 -0.034245656354538911 0.012076427033917205 -0.01102822607156257 0.03183398465130164 0.029987751235342898 -0.052294366308924679 0.013984156106994636 -0.037941451942725753 -0.0087093825477442734 -0.042105422882596021 -0.012145085614101651 -0.036014918858120713
leaf_weight=290.60422791540623 17.733018182218075 14.980923891067507 12.551223427057264 522.09695561230183 152.13646070659161 85.556153506040573 384.39157827198505 159.62738377228379 19.501600682735443 14.176256503909825 24.340550407767296 166.50865702703595 3.8346173018217078 21.938012842088938
leaf_count=1425 300 98 59 2604 798 376 1690 2795 185 186 372 2795 20 363
internal_value=0.000111808 0.0121496 0.0184762 0.00525076 0.0068544 0.00850963 0.0278758 -0.0407872 -0.0235747 -0.00833707 -0.0441861 -0.0379138 -0.0496596 -0.0505354
internal_weight=1889.98 1466.15 773.103 693.049 674.233 376.16 396.943 423.825 51.4109 33.6779 372.415 190.849 18.8155 181.565
internal_count=14066 7070 3550 3520 3402 1801 1749 6996 671 371 6325 3167 118 3158
cat_boundaries=0 1 2 3 4
cat_threshold=7 1 1 1
is_linear=0
shrinkage=0.05


Tree=27
num_leaves=15
num_cat=4
split_feature=0 33 33 37 0 33 1 4 1 39 4 30 37 17
split_gain=346.21 26.0536 24.8442 76.7164 36.2473 6.65148 8.84178 10.5335 5.61366 7.47838 5.09104 4.29416 1.662 1.42201
threshold=0 30.850000000000005 31.750000000000004 57.500000000000007 1 31.250000000000004 2 -0.70291267844185523 3 29.150000000000002 0.2603727204637144 13.800000000000002 67.500000000000014 33.300000000000004
decision_type=1 2 2 2 1 2 1 2 1 2 2 2 2 2
left_child=1 11 3 -3 -4 6 7 -2 12 -10 -8 -1 -7 -13
right_child=5 2 4 -5 -6 8 10 -9 9 -11 -12 13 -14 -15
leaf_value=-0.042189178569885563 -0.047692268269511007 0.085062403486627233 0.015669927186016088 0.013727982024420993 -0.0030558082392318948 -0.051036283907803043 -0.051500988210279167 0.016289947139988166 -0.038342549562074869 0.022289723236855952 0.03189939371454887 0.0080777591913448587 -0.021534420110905228 -0.020767162887974196
leaf_weight=22.600096374750137 8.3795844204723853 45.424137264490128 786.99288496375084 203.45032458007336 383.3002662807703 167.80413819849491 21.573350623250011 19.511431105434895 179.93553692474961 4.6195107325911513 1.3344569876790036 7.1782374531030646 6.9894361160695544 8.2442059665918332
leaf_count=111 144 207 3760 962 1883 3055 333 183 3130 36 14 34 123 41
internal_value=7.11321e-05 0.0115337 0.0127134 0.0270361 0.0096471 -0.0398928 -0.0231914 -0.0039183 -0.0432899 -0.0367129 -0.0455116 -0.0287419 -0.0499858 -0.0076672
internal_weight=1867.34 1457.19 1419.17 248.874 1170.29 410.147 50.7988 27.891 359.349 184.555 22.9078 38.0225 174.794 15.4224
internal_count=14016 6998 6812 1169 5643 7018 674 327 6344 3166 347 186 3178 75
cat_boundaries=0 1 2 3 4
cat_threshold=7 6 1 1
is_linear=0
shrinkage=0.05


Tree=28
num_leaves=15
num_cat=4
split_feature=0 19 36 34 20 0 21 19 33 5 19 1 39 1
split_gain=328.306 25.3852 39.5433 36.2279 32.1031 23.0452 26.061 22.08 6.96307 6.92735 6.67513 5.83356 5.00514 3.7766
threshold=0 29.197916500000002 94.500000000000014 24.550000000000004 33.45000000000001 1 25.250000000000004 30.604166500000002 31.250000000000004 0.69521084835931835 26.967361 2 29.150000000000002 3
decision_type=1 2 2 2 2 1 2 2 2 2 2 1 2 1
left_child=1 2 4 -4 -1 6 -3 -7 9 10 -2 -11 -10 -14
right_child=8 5 3 -5 -6 7 -8 -9 12 11 -12 -13 13 -15
leaf_value=-0.063966623149071131 -0.051112276943042358 0.015249552470234804 0.014826887797904021 -0.011874862928547768 -0.0049808699269719182 0.024220126655543531 0.081047445523127579 -0.023656518038940005 -0.044897834677520593 0.013748317476686936 0.023160707693699059 -0.032508613008332396 -0.042153065862857463 0.018692583937073119
leaf_weight=26.658727020025253 21.840592674911026 24.474487885832787 963.71033751964569 145.53060930967331 140.22991698980331 90.602122008800507 40.499039232730865 31.780149564146996 336.72885684669018 15.874855190515518 2.8992483280599108 10.467856947332621 3.2199055738747102 5.4984795972704887
leaf_count=140 375 110 4542 767 701 408 181 152 6247 138 37 139 39 42
internal_value=-0.000618844 0.010367 0.00790126 0.0113161 -0.0147281 0.0275809 0.0493839 0.0108197 -0.0403348 -0.0233846 -0.0418466 -0.00514957 -0.0439308 -0.00580432
internal_weight=1860.02 1463.49 1276.13 1109.24 166.889 187.356 64.9735 122.382 396.53 51.0826 24.7398 26.3427 345.447 8.71839
internal_count=14018 7001 6150 5309 841 851 291 560 7017 689 412 277 6328 81
cat_boundaries=0 1 2 3 4
cat_threshold=7 4 1 1
is_linear=0
shrinkage=0.05


Tree=29
num_leaves=15
num_cat=3
split_feature=0 40 40 4 2 25 33 4 1 1 10 5 37 43
split_gain=290.896 23.2016 25.9716 49.84 27.2439 12.2334 7.30427 8.00762 8.61357 5.0604 10.8939 3.37483 1.89022 1.59187
threshold=0 125.2 76.15000000000002 -0.9354548908432756 9.5000000000000018 9.4097225000000027 31.250000000000004 -0.71504373327588355 1 2 62.416666500000012 -0.15950993297387567 67.500000000000014 34.600000000000001
decision_type=1 2 2 2 2 2 2 2 1 1 2 2 2 2
left_child=1 2 4 -4 -1 11 7 -2 -9 12 -11 -3 -8 -7
right_child=6 5 3 -5 -6 13 9 8 -10 10 -12 -13 -14 -15
leaf_value=0.0023562970822833236 -0.049766528860719611 -0.060697657974407696 -0.013664376341115118 0.031863850803153536 0.021765829502755414 -0.0037847253089163487 -0.050571031859601372 0.013128824435935223 -0.036829050023111126 -0.0040921050388139152 -0.041171622246541882 -0.02341039154352283 -0.018681664687295003 0.035048272125121203
leaf_weight=845.9943178370595 15.797167740762232 15.297910332679747 75.943245455622673 278.76746764779091 229.03677003085613 4.2968919277191144 154.07129010930657 20.385308288037777 13.521636813879011 23.064737301319838 150.22161827981472 12.829682320356371 6.3688805103301993 5.1792290061712265
leaf_count=4116 304 80 381 1262 1048 21 3052 189 193 377 2809 68 119 22
internal_value=-0.000888317 0.00930048 0.0103903 0.0221053 0.00650791 -0.0289216 -0.0390291 -0.0214971 -0.00727804 -0.0427343 -0.0362881 -0.0450776 -0.0494287 0.0187592
internal_weight=1850.78 1467.35 1429.74 354.711 1075.03 37.6037 383.431 49.7041 33.9069 333.727 173.286 28.1276 160.44 9.47612
internal_count=14041 6998 6807 1643 5164 191 7043 686 382 6357 3186 148 3171 43
cat_boundaries=0 1 2 3
cat_threshold=7 1 1
is_linear=0
shrinkage=0.05


Tree=30
num_leaves=15
num_cat=1
split_feature=0 20 44 38 37 5 40 20 43 34 4 37 34 26
split_gain=267.993 23.9395 22.5359 27.6173 13.066 7.63327 9.88772 11.5889 9.31991 8.77654 10.2263 3.99551 0.765888 0.551539
threshold=0 30.350000000000005 52.750000000000007 11.053273500000001 53.500000000000007 0.65720762023595369 41.95000000000001 35.45000000000001 27.050000000000004 24.150000000000002 -0.48314718476766416 59.500000000000007 24.250000000000004 29.850000000000005
decision_type=1 2 2 2 2 2 2 2 2 2 2 2 2 2
left_child=1 4 3 -3 -1 9 7 -7 -8 13 -11 -6 -4 -2
right_child=5 2 12 -5 11 6 8 -9 -10 10 -12 -13 -14 -15
leaf_value=0.035546037156762383 -0.052119110052728339 0.0078169347084916432 -0.024821595022411949 0.027041675886041616 -0.056294081415721314 -0.038713311556511962 0.032039337902083354 0.03208356318728002 -0.044764352642791973 -0.00016901668738726998 -0.039584241565543576 -0.022188392722323012 -0.058122946305455961 -0.0090408513988894813
leaf_weight=8.0194778591394407 150.91131334751844 1168.8005038648844 4.8435060679912558 221.76746167242527 10.746518179774283 80.529939323663712 11.487994905561211 5.484563957899808 4.7999029569327822 19.88184055313468 94.751227121800184 44.427463665604591 9.8429417908191663 1.2133815363049496
leaf_count=35 3049 5574 24 1024 55 1467 127 97 78 382 1815 216 60 12
internal_value=-0.000812971 0.00881706 0.010235 0.0109001 -0.0210086 -0.0382545 -0.0271801 -0.0338822 0.00812581 -0.043813 -0.0328087 -0.0297152 -0.0494228 -0.0518368
internal_weight=1837.51 1468.45 1405.25 1390.57 63.1935 369.06 102.302 86.0145 16.2879 266.758 114.633 55.174 14.6864 152.125
internal_count=14015 6988 6682 6598 306 7027 1769 1564 205 5258 2197 271 84 3061
cat_boundaries=0 1
cat_threshold=7
is_linear=0
shrinkage=0.05


Tree=31
num_leaves=15
num_cat=2
split_feature=0 35 40 39 43 38 4 43 33 4 1 32 4 38
split_gain=254.808 23.651 28.6716 51.8438 30.7784 26.4968 16.3825 9.66705 5.98199 6.72609 6.33892 10.2381 6.31263 2.19146
threshold=0 87.824405000000013 66.450000000000017 17.650000000000002 1.4500000000000002 10.028274000000001 -0.92274349529687905 21.050000000000001 31.250000000000004 -0.71504373327588355 1 27.651488000000004 -0.40614700388750385 11.524702500000002
decision_type=1 2 2 2 2 2 2 2 2 2 1 2 2 2
left_child=1 2 4 -4 -1 7 -7 -3 9 -2 13 -12 -11 -10
right_child=8 5 3 -5 -6 6 -8 -9 10 12 11 -13 -14 -15
leaf_value=0.018083825128889706 -0.049112648649188004 0.0083932320376818945 -0.018487821701653615 0.030761417121427954 -0.00037469063143322928 -0.034068789400206717 0.04243598962348949 -0.036286348769649507 -0.051394594278938721 0.011060225907098641 -0.044754649333412388 -0.018922163046707807 -0.032119968518310234 -0.029987387503616226
leaf_weight=350.46434431523085 13.898140985518692 14.34769670665264 63.657986000180244 313.89878034591675 631.6961891502142 8.5675755292177183 26.337724626064301 66.49105566740036 129.98521415516734 18.291143219918009 92.725291475653648 68.991244576871395 14.192565612494947 18.723356876522303
leaf_count=1642 292 67 326 1400 3060 42 112 348 2817 193 1871 1316 178 371
internal_value=-0.000395282 0.00882906 0.0107371 0.0224308 0.00622356 -0.012729 0.0232319 -0.0283507 -0.0376521 -0.0212382 -0.0412376 -0.0339181 -0.00820161 -0.0489176
internal_weight=1832.27 1475.46 1359.72 377.557 982.161 115.744 34.9053 80.8388 356.807 46.3818 310.425 161.717 32.4837 148.709
internal_count=14035 6997 6428 1726 4702 569 154 415 7038 663 6375 3187 371 3188
cat_boundaries=0 1 2
cat_threshold=7 1
is_linear=0
shrinkage=0.05


Tree=32
num_leaves=15
num_cat=1
split_feature=0 6 5 20 44 34 25 37 5 34 5 5 36 13
split_gain=241.666 23.4091 30.6428 26.5734 25.1838 18.1874 8.27998 6.00828 5.12533 8.99525 8.23196 8.07971 6.27458 1.22638
threshold=0 2.5000000000000004 -0.83375966452616657 30.350000000000005 48.050000000000004 20.950000000000003 6.2909720000000009 53.500000000000007 0.65720762023595369 24.150000000000002 0.93769647993491489 0.21652257995689159 96.500000000000014 15.545833500000002
decision_type=1 2 2 2 2 2 2 2 2 2 2 2 2 2
left_child=1 2 6 7 -5 -4 -1 -3 9 13 12 -11 -10 -2
right_child=8 3 5 4 -6 -7 -8 -9 10 11 -12 -13 -14 -15
leaf_value=0.012101781179629524 -0.051834982610943464 0.018985984671695735 -0.034643282230516326 0.015118096068817633 -0.017627483006945773 0.0056927571197352197 -0.058447248645180007 -0.027256043981655671 -0.037530733976365548 -0.034978772537619288 -0.047608187666934899 0.017751819719137717 -0.0045478901321733623 -0.012245132164886584
leaf_weight=4.4888501167297354 138.61266876384616 7.4026609957218161 30.160647563636303 1032.2180315703154 61.4380162358284 270.0503883510828 28.262086361646652 50.823956981301308 22.19332717731595 100.48063868656754 34.77312520518899 7.2314799390733233 38.982939422130585 2.7109165936708441
leaf_count=21 3047 32 154 4826 310 1281 150 254 457 2093 670 103 617 49
internal_value=-0.000740028 0.00807994 -0.00353437 0.0115074 0.0132641 0.00153884 -0.0487057 -0.0211557 -0.0377578 -0.0427371 -0.028421 -0.0313079 -0.0169245 -0.0511669
internal_weight=1829.83 1484.84 332.962 1151.88 1093.66 300.211 32.7509 58.2266 344.985 249.036 95.9494 107.712 61.1763 141.324
internal_count=14064 7028 1606 5422 5136 1435 171 286 7036 5292 1744 2196 1074 3096
cat_boundaries=0 1
cat_threshold=7
is_linear=0
shrinkage=0.05


Tree=33
num_leaves=14
num_cat=2
split_feature=0 44 39 44 37 5 34 4 5 0 44 13 30
split_gain=214.626 20.5619 33.2632 40.6373 29.965 6.61557 11.1625 12.1981 9.96368 11.9315 4.77559 1.15265 0.909977
threshold=0 52.000000000000007 25.350000000000005 48.050000000000004 25.500000000000004 0.65720762023595369 24.150000000000002 -0.452744437932114 0.93158198870884079 1 24.650000000000002 15.545833500000002 22.200000000000006
decision_type=1 2 2 2 2 2 2 2 2 1 2 2 2
left_child=1 2 3 -1 -4 6 11 -8 9 -7 -10 -2 -3
right_child=5 12 4 -5 -6 8 7 -9 10 -11 -12 -13 -14
leaf_value=0.0077626445418175084 -0.051667548640853558 -0.054529592269623742 -0.058918296697120322 -0.05177543562496037 0.041072099052610972 0.0065143952869119162 0.0059076845912685296 -0.03685328604094934 0.014263087717929938 -0.034590854882875145 -0.051258908559759113 -0.013234234131553594 -0.022754269551456582
leaf_weight=1327.1186988949776 131.10854534804821 11.010110676288607 7.1815132945775977 28.304437279701233 107.91900455951691 39.331743150949478 20.304855052381754 86.286125134676695 2.6197493001818648 19.571113552898169 31.881108507514 2.8029004447162142 5.5097509473562232
leaf_count=6244 3019 68 39 161 480 703 410 1815 27 346 664 51 27
internal_value=-0.00019181 0.00799771 0.00868756 0.00648209 0.0343796 -0.03575 -0.0412707 -0.0287284 -0.0250353 -0.0121797 -0.046022 -0.0509672 -0.0458355
internal_weight=1820.95 1487.04 1470.52 1355.42 115.101 333.906 240.502 106.591 93.4037 58.9029 34.5009 133.911 16.5199
internal_count=14054 7019 6924 6405 519 7035 5295 2225 1740 1049 691 3070 95
cat_boundaries=0 1 2
cat_threshold=7 40
is_linear=0
shrinkage=0.05


Tree=34
num_leaves=14
num_cat=5
split_feature=0 1 39 38 37 34 4 39 33 0 1 1 5
split_gain=204.433 22.5351 21.3896 21.4866 19.1376 18.4121 21.0427 6.25022 6.71401 18.0235 5.23654 4.4659 1.99474
threshold=0 1 20.650000000000002 7.434523500000001 25.500000000000004 20.250000000000004 0.85673801594079257 29.150000000000002 31.250000000000004 2 3 4 0.99138911339924218
decision_type=1 1 2 2 2 2 2 2 2 1 1 1 2
left_child=1 2 3 -1 -4 12 -7 8 9 -2 -9 -10 -3
right_child=7 5 4 -5 -6 6 -8 10 11 -11 -12 -13 -14
leaf_value=0.014498726788589381 0.021398426602041689 -0.057031711754145412 -0.037959674754780591 -0.0095770426726460925 0.02316910526492362 0.0063259692682350356 -0.01561834800048289 -0.038778550968377269 -0.048394167718517844 -0.035301550498846049 0.040943769467370619 -0.034624444806615806 -0.016055161588149177
leaf_weight=223.75322876870632 14.608472384512424 13.373967610299589 12.37147097289562 156.79667727649212 384.68090116977692 569.39738856256008 134.13761050999165 2.4968223236501208 128.41376667842269 29.893506940454245 4.0886526331305504 141.66521380469203 5.0055429041385642
leaf_count=1035 226 90 58 746 1662 2765 683 36 3108 455 33 3142 25
internal_value=-0.000696191 0.00712154 0.0130692 0.00457977 0.0211739 0.00080438 0.00212579 -0.0362031 -0.0383363 -0.0196832 0.00959029 -0.0413259 -0.0472763
internal_weight=1820.68 1499.52 777.602 380.55 397.052 721.915 703.535 321.166 314.581 44.502 6.58547 270.079 18.3795
internal_count=14064 7064 3501 1781 1720 3563 3448 7000 6931 681 69 6250 115
cat_boundaries=0 1 2 3 4 5
cat_threshold=7 1 32 1 1
is_linear=0
shrinkage=0.05


Tree=35
num_leaves=13
num_cat=3
split_feature=0 32 36 34 20 19 21 4 4 0 1 39
split_gain=190.194 21.2118 42.4151 36.5599 23.287 20.1661 15.3303 5.28725 19.24 60.642 9.55303 4.09842
threshold=0 29.217262000000002 94.500000000000014 24.550000000000004 33.45000000000001 30.604166500000002 25.950000000000003 -0.76141707087277943 -0.42180583328916638 1 2 24.450000000000003
decision_type=1 2 2 2 2 2 2 2 2 1 1 2
left_child=1 2 4 -4 -1 6 -3 -2 9 -9 -10 -7
right_child=7 5 3 -5 -6 11 -8 8 10 -11 -12 -13
leaf_value=-0.058526165721095848 -0.05124108107675196 0.021271169417261038 0.01194289100537298 -0.014332033094901062 -0.0096401537727997273 0.0056011319688069926 0.060129934594058437 0.054691412532133582 -0.050995466863463949 -0.040212465528335184 -0.029007978003617763 -0.027906600172823856
leaf_weight=28.367457129061222 52.917718943208456 69.142819225788116 1006.6754835695028 151.55560061335564 146.56651368737221 39.66220335662365 40.918084233999252 16.536189895123243 100.55575343593955 32.565138936042786 108.3679265268147 10.771982520818709
leaf_count=152 1315 304 4645 799 719 182 173 303 2412 612 2366 52
internal_value=-0.000410671 0.00705713 0.00502696 0.0084954 -0.0178552 0.0242223 0.0361293 -0.0352861 -0.033191 -0.00490743 -0.0397832 -0.00195904
internal_weight=1804.6 1493.66 1333.17 1158.23 174.934 160.495 110.061 310.943 258.025 49.1013 208.924 50.4342
internal_count=14034 7026 6315 5444 871 711 477 7008 5693 915 4778 234
cat_boundaries=0 1 2 3
cat_threshold=7 32 1
is_linear=0
shrinkage=0.05


Tree=36
num_leaves=14
num_cat=3
split_feature=0 26 34 4 41 4 44 39 44 0 4 24 1
split_gain=174.601 21.1159 59.5223 26.3623 24.6072 36.6574 23.6229 18.6671 6.9808 6.48415 31.5301 14.314 2.92492
threshold=0 15.050000000000002 23.250000000000004 -0.77245553105869302 76.15000000000002 -0.95244167294248061 50.20000000000001 17.450000000000003 25.000000000000004 1 -0.40614700388750385 33.500000000000007 2
decision_type=1 2 2 2 2 2 2 2 2 1 2 2 1
left_child=1 2 3 -1 6 -6 -3 -4 12 10 -10 -11 -2
right_child=8 4 7 -5 5 -7 -8 -9 9 11 -12 -13 -14
leaf_value=0.053218429152353919 -0.017167629322581743 0.0064813876952754691 -0.046363839640890546 0.0041200772353601209 -0.011459351028163083 0.02946738016531299 -0.05739559245245357 -0.0091003565873950792 0.018077556652036992 -0.010259416389216685 -0.040334127876918008 -0.049846237233763399 0.043877406296428507
leaf_weight=36.842307090759277 2.9887875579297534 874.95411110669374 71.391441062092781 99.202877908945084 67.907925441861153 271.05307319760323 13.724509380757807 63.856190979480743 34.828147899359465 27.072074808180332 64.972594317048788 168.80501314997673 3.0931058973073959
leaf_count=161 36 4120 375 462 344 1184 83 303 754 592 1551 4046 39
internal_value=-6.37008e-05 0.00698013 -0.00558152 0.0177077 0.00981519 0.0212585 0.00543149 -0.0289661 -0.0340654 -0.0362865 -0.0181701 -0.042306 0.0156903
internal_weight=1800.69 1498.93 271.293 136.045 1227.64 338.961 888.679 135.248 301.76 295.678 99.8007 195.877 6.08189
internal_count=14050 7032 1301 623 5731 1528 4203 678 7018 6943 2305 4638 75
cat_boundaries=0 1 2 3
cat_threshold=7 32 1
is_linear=0
shrinkage=0.05


Tree=37
num_leaves=15
num_cat=2
split_feature=0 22 26 40 39 43 33 0 2 4 5 34 38 2
split_gain=160.603 23.7557 19.2555 19.2545 30.4438 24.4835 7.79325 18.345 18.5721 9.3832 7.48709 5.60874 11.9983 5.22196
threshold=0 88.520833500000023 19.350000000000005 76.15000000000002 16.350000000000005 1.4500000000000002 31.250000000000004 1 10.500000000000002 0.27694220057652758 -0.10837475778693634 24.150000000000002 6.7976195000000006 2.5000000000000004
decision_type=1 2 2 2 2 2 2 1 2 2 2 2 2 2
left_child=1 3 -3 5 -5 -1 7 8 -2 -9 -4 13 -13 -8
right_child=6 2 10 4 -6 -7 11 9 -10 -11 -12 12 -14 -15
leaf_value=0.014525916132126438 -0.014646462371508706 -0.045778228011950257 0.027317017604035272 -0.040227451946500847 0.021198191646063014 -0.0014779469962375098 -0.029265103081612273 -0.052213867924673397 0.090663896961634585 0.059281114272411443 -0.019376463856596172 0.037367590140103636 -0.032948484880091132 -0.050342920855702793
leaf_weight=356.42325268685818 8.1047874726355058 38.515492022037506 17.657760381698608 20.601682275533676 323.05085007846355 720.69623179733753 46.816149227321148 25.450427014380697 7.1654631868004808 1.2168536856770504 14.956467330455778 5.7200702652335158 83.362773362547159 114.33619790524244
leaf_count=1651 157 204 76 114 1439 3438 1146 441 74 13 77 140 2011 3035
internal_value=-0.00104186 0.00566712 -0.0222995 0.0071218 0.0174097 0.00382636 -0.0342277 -0.0149683 0.0231045 -0.0331763 0.00596457 -0.0387454 -0.0280687 -0.0444379
internal_weight=1784.07 1491.9 71.1297 1420.77 343.653 1077.12 292.173 41.9375 15.2703 26.6673 32.6142 250.235 89.0828 161.152
internal_count=14016 6999 357 6642 1553 5089 7017 685 231 454 153 6332 2151 4181
cat_boundaries=0 1 2
cat_threshold=7 32
is_linear=0
shrinkage=0.05


Tree=38
num_leaves=15
num_cat=1
split_feature=0 5 34 39 36 32 5 34 4 40 19 38 5 26
split_gain=158.138 18.3849 30.4691 26.2331 19.9491 11.3356 5.52898 11.7679 12.9881 7.76576 9.02474 6.85107 4.51635 0.882569
threshold=0 0.94636490295939868 20.350000000000005 17.650000000000002 88.500000000000014 27.141369000000001 0.65720762023595369 24.150000000000002 -0.452744437932114 41.95000000000001 28.849305500000003 7.6613095000000007 0.90803977035715633 29.850000000000005
decision_type=1 2 2 2 2 2 2 2 2 2 2 2 2 2
left_child=1 2 12 -4 -3 -6 7 13 -9 10 -8 -11 -1 -2
right_child=6 4 3 -5 5 -7 9 8 -10 11 -12 -13 -14 -15
leaf_value=-0.063644787820078361 -0.051057071302939808 -0.049313222077844131 -0.0090162488063775439 0.0088294210189461386 0.016826256651031542 0.047716564348151067 -0.035217621428875995 0.010757669697039868 -0.035384173655203625 0.026614098665350291 0.041215030494823543 -0.043074443671344102 -0.021446550625282182 -0.00068459188727338261
leaf_weight=15.614358425140383 109.51367426291108 7.9609233215451232 253.34456712752581 1083.4772915840149 83.380640119314194 46.830979555845261 64.62363363429904 18.760036561638117 72.239639930427074 11.711478967219589 3.2867717519402495 3.9027708992362014 12.659094393253325 0.90404722094535728
leaf_count=86 3063 43 1259 5004 372 206 1500 418 1802 139 68 70 68 10
internal_value=-0.000468422 0.00607024 0.00434209 0.00544323 0.0234259 0.028215 -0.033892 -0.0396347 -0.0258583 -0.0237482 -0.030974 0.00765129 -0.0461291 -0.0506545
internal_weight=1788.21 1503.27 1365.1 1336.82 138.173 130.212 284.942 201.417 90.9997 83.5247 67.9104 15.6142 28.2735 110.418
internal_count=14108 7038 6417 6263 621 578 7070 5293 2220 1777 1568 209 154 3073
cat_boundaries=0 1
cat_threshold=7
is_linear=0
shrinkage=0.05


Tree=39
num_leaves=15
num_cat=1
split_feature=38 32 37 5 39 21 4 39 44 4 2 33 1 4
split_gain=19.312 37.0436 32.8786 35.3627 28.5893 34.8481 29.3913 21.9753 21.4459 25.3726 20.7112 17.7952 3.17121 12.2875
threshold=6.9288690000000006 28.713393000000003 52.500000000000007 -0.97507822412530132 19.550000000000004 23.650000000000002 -0.92923668111203817 19.450000000000003 36.20000000000001 -0.67803021058859214 1.5000000000000002 32.45000000000001 0 0.54219432480460406
decision_type=2 2 2 2 2 2 2 2 2 2 2 2 1 2
left_child=1 2 11 -4 5 6 -2 -7 9 -6 -10 -1 -3 -14
right_child=4 12 3 -5 8 7 -8 -9 10 -11 -12 -13 13 -15
leaf_value=0.057142462602925659 0.070679499306246119 0.04168352190699684 0.035764157195008771 -0.01019378447163694 0.085515369508109909 -0.038830912806781734 -0.0067109782081533065 0.03429820156461371 -0.041281862803553143 0.011647504328781656 -0.0008308554083122857 0.013921774078936308 0.11426150798345008 0.01295013518990556
leaf_weight=35.728197790682316 12.322691172361372 13.279709342867136 48.474115327000618 271.0463093072176 11.692312456667421 141.46521507948637 154.02212767489254 10.316252978518603 31.931223127990961 145.70670900121331 810.64397961646318 70.440923158079386 8.8429632820188981 4.7048800401389608
leaf_count=252 97 107 372 2167 87 1281 1222 76 268 1138 6283 535 68 38
internal_value=-0.000338098 0.00856268 0.0048971 -0.00313172 -0.003398 -0.0164281 -0.000589854 -0.0336685 0.000759594 0.01764 -0.00241095 0.0288639 0.0644606 0.0823868
internal_weight=1770.62 452.517 425.69 319.52 1318.1 318.126 166.345 151.781 999.974 157.399 842.575 106.169 26.8276 13.5478
internal_count=13991 3539 3326 2539 10452 2676 1319 1357 7776 1225 6551 787 213 106
cat_boundaries=0 1
cat_threshold=1
is_linear=0
shrinkage=0.05


Tree=40
num_leaves=15
num_cat=5
split_feature=0 0 21 4 2 34 39 32 33 0 1 4 1 32
split_gain=145.108 22.0172 53.3191 41.4246 31.3534 32.1668 28.9107 19.4935 6.64454 16.5388 29.6197 7.82583 7.34058 10.3007
threshold=0 1 25.550000000000004 -0.95244167294248061 8.5000000000000018 22.750000000000004 19.650000000000002 31.130655000000001 31.250000000000004 2 3 0.27694220057652758 4 28.951785500000003
decision_type=1 1 2 2 2 2 2 2 2 1 1 2 1 2
left_child=1 2 3 -1 6 -6 -3 -4 9 10 -2 -11 -10 -14
right_child=8 4 7 -5 5 -7 -8 -9 12 11 -12 -13 13 -15
leaf_value=-0.039864513178322576 -0.04619479024591365 -0.018173441284200318 0.076281484309995415 0.013690201280144984 0.041515013590222714 0.0044083824305273652 0.0029828207330695666 -0.01854922390069088 -0.047309868037268388 -0.051973513244860207 0.088479003345045937 0.044860006124618032 -0.035647404485721408 0.0014394529241805801
leaf_weight=38.528998583555222 6.0706893280148506 242.04281444847584 41.358468145132065 420.1104349642992 82.89614836871624 193.1500241458416 480.52536220103502 5.8164933919906607 108.33182252384722 24.22588364593685 9.0212396718561632 1.5219203159213055 102.37628081999719 22.771022893488407
leaf_count=194 109 1195 186 1934 368 917 2226 25 3147 442 114 15 2690 493
internal_value=-0.000454577 0.00570942 0.0141134 0.00911428 0.00134528 0.0156611 -0.00411934 0.0644469 -0.0331603 -0.0152464 0.0214641 -0.0325991 -0.0376296 -0.0289414
internal_weight=1778.75 1504.43 505.814 458.639 998.614 276.046 722.568 47.175 274.319 40.8397 15.0919 25.7478 233.479 125.147
internal_count=14055 7045 2339 2128 4706 1285 3421 211 7010 680 223 457 6330 3183
cat_boundaries=0 1 2 3 4 5
cat_threshold=7 4 32 2 1
is_linear=0
shrinkage=0.05


Tree=41
num_leaves=15
num_cat=3
split_feature=0 1 40 44 38 4 44 5 5 0 34 4 44 44
split_gain=138.805 21.3782 21.2557 19.4844 14.9215 16.0209 9.78215 7.77302 9.86714 11.671 9.29131 9.35992 5.95012 1.65838
threshold=0 1 127.05000000000001 34.400000000000013 6.3348215000000012 0.091259403071267911 50.20000000000001 0.65720762023595369 0.93769647993491489 2 24.150000000000002 -0.51297808981038739 44.100000000000001 24.300000000000004
decision_type=1 1 2 2 2 2 2 2 2 1 2 2 2 2
left_child=1 2 3 -1 5 -3 -6 10 9 -9 -2 -12 -4 -10
right_child=7 4 12 -5 6 -7 -8 8 13 -11 11 -13 -14 -15
leaf_value=-0.0003565252197795908 -0.050383691752938789 0.0043350337901795453 -0.056561749578923438 0.017335001086800441 -0.0028387781861543282 0.048423745820271216 -0.044441139412743177 0.0095980456951521315 0.0020285481696752836 -0.032020745518030115 0.0085405059481246937 -0.034823877912895394 0.008065537963508446 -0.048433779149339523
leaf_weight=217.01423797756433 101.41303932107985 73.234590962529182 13.647310659289362 548.8663015589118 603.24218956381083 27.798621028661728 13.477031819522379 36.033446304500103 1.6543621309101606 16.653668779879808 14.649731077253817 70.41163406893611 4.4040865302085868 24.689288025721908
leaf_count=1023 3062 347 74 2391 2964 123 80 724 17 369 350 1855 18 644
internal_value=-0.000655502 0.00530644 0.0110447 0.0123281 -0.000893686 0.0168214 -0.00381838 -0.0332219 -0.0209033 -0.00808503 -0.0400754 -0.027343 -0.0411986 -0.0453065
internal_weight=1767.19 1501.68 783.932 765.881 717.752 101.033 616.719 265.505 79.0308 52.6871 186.474 85.0614 18.0514 26.3437
internal_count=14041 7020 3506 3414 3514 470 3044 7021 1754 1093 5267 2205 92 661
cat_boundaries=0 1 2 3
cat_threshold=7 1 40
is_linear=0
shrinkage=0.05


Tree=42
num_leaves=15
num_cat=1
split_feature=0 20 6 5 32 5 34 4 20 33 4 37 37 13
split_gain=130.365 18.5307 21.7099 26.0527 21.7583 7.09725 9.72612 11.125 9.44352 10.4392 9.13155 5.64326 6.15359 1.61221
threshold=0 30.350000000000005 2.5000000000000004 -0.83375966452616657 26.419940500000006 0.68274389090025245 24.150000000000002 -0.52766804058324157 35.45000000000001 31.250000000000004 0.64579916509010216 53.500000000000007 70.500000000000014 15.545833500000002
decision_type=1 2 2 2 2 2 2 2 2 2 2 2 2 2
left_child=1 11 3 -3 -4 6 13 -8 9 -7 -10 -1 -13 -2
right_child=5 2 4 -5 -6 8 7 -9 10 -11 -12 12 -14 -15
leaf_value=0.015722588348717759 -0.050241583709072439 -0.047273532022281767 0.026784780484641516 7.1593601177518469e-05 0.0071291985724367402 0.0035717952620696065 0.014035162092087475 -0.033808876204342586 0.095791785628523751 -0.037521515642808208 -0.032883996790679181 -0.03235997297954829 0.022872835713723644 -0.0041972126383669952
leaf_weight=8.3531472533941251 98.386977476999164 31.178345061838627 164.64560137689114 299.46084848046303 949.30985054373741 22.458143189549446 14.102576974779366 69.384193187579513 2.3853678628802291 47.435386829078197 1.6606105491518972 48.540624544024467 4.9059143662452689 2.1328012328594914
leaf_count=35 3109 169 736 1419 4408 271 334 1877 50 1322 35 246 24 48
internal_value=-0.000158536 0.00552992 0.00671838 -0.004522 0.0100558 -0.0322404 -0.0387778 -0.0256566 -0.0199732 -0.0244533 0.0469282 -0.021035 -0.0269631 -0.0493156
internal_weight=1764.34 1506.39 1444.59 330.639 1113.96 257.946 184.007 83.4868 73.9395 69.8935 4.04598 61.7997 53.4465 100.52
internal_count=14083 7037 6732 1588 5144 7046 5368 2211 1678 1593 85 305 270 3157
cat_boundaries=0 1
cat_threshold=7
is_linear=0
shrinkage=0.05


Tree=43
num_leaves=15
num_cat=4
split_feature=0 38 5 36 5 37 19 1 0 37 33 43 1 44
split_gain=112.908 18.4235 29.1358 26.9429 39.8327 25.2296 24.2895 22.3498 7.61613 34.3749 47.3005 20.2555 21.9195 2.38867
threshold=0 11.015178500000001 0.51849435583340198 98.500000000000014 -0.97874870457683605 35.500000000000007 29.379861000000002 1 2 53.500000000000007 34.45000000000001 1.1500000000000001 3 25.000000000000004
decision_type=1 2 2 2 2 2 2 1 1 2 2 2 1 2
left_child=1 3 7 6 -5 -4 -1 -3 9 -2 -11 12 -10 -13
right_child=8 2 5 4 -6 -7 -8 -9 11 10 -12 13 -14 -15
leaf_value=-0.0090137696017066806 -0.050867297868127992 0.025274375648097841 0.091224686647713105 0.046991425907892299 0.0052987267266077056 0.0007545975388378813 0.025881542593594105 -0.0065424028815642479 -0.049044299715498986 0.00090268231804542076 0.22109296193240091 0.0091920962853190864 0.027875541678672081 -0.050867073879247743
leaf_weight=508.80388507246971 37.077155314385891 117.96270830929279 21.485622748732567 62.133612632751465 623.29723314195871 11.749890580773352 54.306897342205048 102.35023419559002 15.950967412441969 48.099392466247082 1.5697493497282256 1.3915615119040001 19.458866089582443 125.1366252284497
leaf_count=2470 1052 506 94 266 2881 51 238 505 475 1230 41 18 472 3706
internal_value=-0.000272504 0.00495827 0.0172518 0.00248963 0.00914108 0.0601967 -0.00560852 0.0105306 -0.0307284 -0.0135494 0.0120877 -0.0384835 -0.00716967 -0.0501396
internal_weight=1750.77 1502.09 253.548 1248.54 685.431 33.2355 563.111 220.313 248.684 86.7463 49.6691 161.938 35.4098 126.528
internal_count=14005 7011 1156 5855 3147 145 2708 1011 6994 2323 1271 4671 947 3724
cat_boundaries=0 1 2 3 4
cat_threshold=7 1 32 1
is_linear=0
shrinkage=0.05


Tree=44
num_leaves=13
num_cat=5
split_feature=0 0 21 4 2 34 39 32 0 33 1 1
split_gain=100.152 18.6782 49.1626 35.4285 29.8157 25.7111 24.7205 22.3963 8.27024 11.2371 13.4526 11.7586
threshold=0 1 25.550000000000004 -0.95244167294248061 8.5000000000000018 22.750000000000004 20.000000000000004 31.130655000000001 2 31.250000000000004 3 4
decision_type=1 1 2 2 2 2 2 2 1 2 1 1
left_child=1 2 3 -1 6 -6 -3 -4 9 11 -11 -2
right_child=8 4 7 -5 5 -7 -8 -9 -10 10 -12 -13
leaf_value=-0.038629291782211368 0.034490450288541849 -0.017403646741291273 0.072699174468867256 0.01134463604769448 0.03668563146729116 0.0039458038975784988 0.0018904120080819422 -0.027630711208919273 -0.045603502696627135 -0.043251033782065844 -0.012017657215983499 -0.031116643275907359
leaf_weight=37.727437756955624 16.116337778046727 259.75201328098774 41.802540794014931 422.97806619852781 85.97267110645771 194.04655242711306 456.47801472246647 5.8612141758203498 77.011622851714492 64.508556474000216 75.074494421482086 10.409347826614978
leaf_count=193 230 1292 184 1935 376 913 2094 25 2321 2138 2123 222
internal_value=-0.000573452 0.00430388 0.0120069 0.00717744 0.000284983 0.0140925 -0.00512139 0.0600473 -0.0296153 -0.0198309 -0.0266572 0.00854945
internal_weight=1747.74 1504.62 508.369 460.706 996.249 280.019 716.23 47.6638 243.12 166.109 139.583 26.5257
internal_count=14046 7012 2337 2128 4675 1289 3386 209 7034 4713 4261 452
cat_boundaries=0 1 2 3 4 5
cat_threshold=7 4 40 1 1
is_linear=0
shrinkage=0.05


Tree=45
num_leaves=12
num_cat=2
split_feature=0 26 34 38 4 40 4 31 0 4 4
split_gain=98.1006 18.6927 40.7949 24.6211 30.871 27.6206 23.0752 17.2173 7.25924 10.355 22.2794
threshold=0 14.950000000000001 23.250000000000004 6.9288690000000006 -0.40614700388750385 65.65000000000002 -0.70291267844185523 30.800000000000004 1 -0.77245553105869302 -0.43733984355855576
decision_type=1 2 2 2 2 2 2 2 1 2 2
left_child=1 2 6 4 -3 -5 -1 -4 9 -2 -11
right_child=8 3 7 5 -6 -7 -8 -9 -10 10 -12
leaf_value=0.043810741246721345 -0.049756243726028423 0.00051265060759898991 -0.03695591981169434 -0.002113280319139931 0.037885212630965032 0.015660943319728331 -0.0017780908295605639 0.0067558689536479297 -0.045378305747273494 0.023574382553223368 -0.025855198092041693
leaf_weight=38.465649202466011 25.952406655997038 97.222194880247116 102.66653244942427 694.01421459019184 127.09887878596783 317.92265350371599 93.310546107590199 28.425886616110802 74.874251779168844 28.008307032287121 107.63609386980534
leaf_count=163 859 452 539 3298 559 1412 431 136 2350 592 3261
internal_value=-0.000578444 0.00421045 -0.00784848 0.00681287 0.0217619 0.00348084 0.0117591 -0.0274981 -0.0297523 -0.0200815 -0.015551
internal_weight=1735.6 1499.13 262.869 1236.26 224.321 1011.94 131.776 131.092 236.471 161.597 135.644
internal_count=14052 6990 1269 5721 1011 4710 594 675 7062 4712 3853
cat_boundaries=0 1 2
cat_threshold=7 40
is_linear=0
shrinkage=0.05


Tree=46
num_leaves=13
num_cat=3
split_feature=0 0 4 21 21 2 39 33 0 5 38 5
split_gain=92.7421 16.2387 36.4823 64.0284 29.6188 29.1659 28.6498 27.7319 8.17785 11.125 14.8505 12.5704
threshold=0 1 -0.95244167294248061 23.350000000000005 25.550000000000004 8.5000000000000018 20.000000000000004 31.250000000000004 2 0.65720762023595369 11.524702500000002 0.95936279103287792
decision_type=1 1 2 2 2 2 2 2 1 2 2 2
left_child=1 2 3 -1 -4 6 -3 -7 9 10 -2 -11
right_child=8 5 4 -5 -6 7 -8 -9 -10 11 -12 -13
leaf_value=0.11424885533244539 -0.038481096288566323 -0.017822906128598017 0.011134620132850735 -0.063075739429837505 0.051790579991908774 -0.01217999319833961 0.0028343520230424035 0.023750587574931301 -0.045121738335801964 0.012248931611450022 0.0067650916286115153 -0.047238125953038487
leaf_weight=5.0983529835939398 86.659535884857178 262.48012330383062 426.89200016111135 31.32744887471199 49.216187357902527 71.975782215595245 461.83128277957439 204.64351399987936 72.568100865930319 39.7308852635324 22.524114914238453 10.356994533911346
leaf_count=22 2960 1314 1946 166 213 342 2118 927 2374 846 565 334
internal_value=-0.000222445 0.00435166 0.0115041 -0.0358669 0.015437 0.000603949 -0.0046658 0.0143913 -0.0289179 -0.0190969 -0.0291703 -0.000735464
internal_weight=1745.3 1513.46 512.534 36.4258 476.108 1000.93 724.311 276.619 231.84 159.272 109.184 50.0879
internal_count=14127 7048 2347 188 2159 4701 3432 1269 7079 4705 3525 1180
cat_boundaries=0 1 2 3
cat_threshold=7 4 40
is_linear=0
shrinkage=0.05


end of trees

feature_importances:
day_of_year_sin=74
age_group=67
gender=63
wind_speed_max_7d=53
day_of_year_cos=51
wind_gust_max_7d=43
temperature_max_7d=37
temperature_min_7d=36
temperature_mean_7d=21
precipitation_sum_7d=20
humidity_min_7d=19
wind_speed_mean_7d=19
temperature_mean_3d=17
month=16
rain_max_daily_7d=14
temperature_min_3d=12
humidity_max_7d=11
wind_speed_max_3d=9
temperature_max_3d=8
humidity_mean_current=6
wind_speed_mean_3d=6
humidity_mean_7d=6
weather_code_current=5
wind_speed_mean_current=3
wind_speed_max_current=3
humidity_mean_3d=3
humidity_min_3d=3
rain_max_daily_3d=3
rain_days_7d=3
humidity_min_current=2
wind_gust_max_3d=2
rain_sum_7d=2
temperature_mean_current=1
rain_sum_current=1
wind_gust_max_current=1
humidity_max_3d=1

parameters:
[boosting: gbdt]
[objective: binary]
[metric: binary_logloss]
[tree_learner: serial]
[device_type: cpu]
[data_sample_strategy: bagging]
[data: ]
[valid: ]
[num_iterations: 47]
[learning_rate: 0.05]
[num_leaves: 15]
[num_threads: 8]
[seed: 42]
[deterministic: 0]
[force_col_wise: 0]
[force_row_wise: 0]
[histogram_pool_size: -1]
[max_depth: 4]
[min_data_in_leaf: 20]
[min_sum_hessian_in_leaf: 0.001]
[bagging_fraction: 0.9]
[pos_bagging_fraction: 1]
[neg_bagging_fraction: 1]
[bagging_freq: 1]
[bagging_seed: 400]
[bagging_by_query: 0]
[feature_fraction: 0.9]
[feature_fraction_bynode: 1]
[feature_fraction_seed: 30056]
[extra_trees: 0]
[extra_seed: 12879]
[early_stopping_round: 0]
[early_stopping_min_delta: 0]
[first_metric_only: 0]
[max_delta_step: 0]
[lambda_l1: 0]
[lambda_l2: 1]
[linear_lambda: 0]
[min_gain_to_split: 0]
[drop_rate: 0.1]
[max_drop: 50]
[skip_drop: 0.5]
[xgboost_dart_mode: 0]
[uniform_drop: 0]
[drop_seed: 17869]
[top_rate: 0.2]
[other_rate: 0.1]
[min_data_per_group: 100]
[max_cat_threshold: 32]
[cat_l2: 10]
[cat_smooth: 10]
[max_cat_to_onehot: 4]
[top_k: 20]
[monotone_constraints: ]
[monotone_constraints_method: basic]
[monotone_penalty: 0]
[feature_contri: ]
[forcedsplits_filename: ]
[refit_decay_rate: 0.9]
[cegb_tradeoff: 1]
[cegb_penalty_split: 0]
[cegb_penalty_feature_lazy: ]
[cegb_penalty_feature_coupled: ]
[path_smooth: 0]
[interaction_constraints: ]
[verbosity: -1]
[saved_feature_importance_type: 0]
[use_quantized_grad: 0]
[num_grad_quant_bins: 4]
[quant_train_renew_leaf: 0]
[stochastic_rounding: 1]
[linear_tree: 0]
[max_bin: 255]
[max_bin_by_feature: ]
[min_data_in_bin: 3]
[bin_construct_sample_cnt: 200000]
[data_random_seed: 175]
[is_enable_sparse: 1]
[enable_bundle: 1]
[use_missing: 1]
[zero_as_missing: 0]
[feature_pre_filter: 1]
[pre_partition: 0]
[two_round: 0]
[header: 0]
[label_column: ]
[weight_column: ]
[group_column: ]
[ignore_column: ]
[categorical_feature: 0,1,3]
[forcedbins_filename: ]
[precise_float_parser: 0]
[parser_config_file: ]
[objective_seed: 16083]
[num_class: 1]
[is_unbalance: 0]
[scale_pos_weight: 1]
[sigmoid: 1]
[boost_from_average: 1]
[reg_sqrt: 0]
[alpha: 0.9]
[fair_c: 1]
[poisson_max_delta_step: 0.7]
[tweedie_variance_power: 1.5]
[lambdarank_truncation_level: 30]
[lambdarank_norm: 1]
[label_gain: ]
[lambdarank_position_bias_regularization: 0]
[eval_at: ]
[multi_error_top_k: 1]
[auc_mu_weights: ]
[num_machines: 1]
[local_listen_port: 12400]
[time_out: 120]
[machine_list_filename: ]
[machines: ]
[gpu_platform_id: -1]
[gpu_device_id: -1]
[gpu_device_id_list: ]
[gpu_use_dp: 0]
[num_gpu: 1]

end of parameters

pandas_categorical:[]
