tree
version=v4
num_class=1
num_tree_per_iteration=1
label_index=0
max_feature_idx=44
objective=binary sigmoid:1
feature_names=age_group gender month season day_of_year_sin day_of_year_cos weather_code_current temperature_mean_current temperature_max_current temperature_min_current humidity_mean_current humidity_max_current humidity_min_current wind_speed_mean_current wind_speed_max_current precipitation_sum_current rain_sum_current wind_gust_max_current rain_day_current temperature_mean_3d temperature_max_3d temperature_min_3d humidity_mean_3d humidity_max_3d humidity_min_3d wind_speed_mean_3d wind_speed_max_3d precipitation_sum_3d rain_sum_3d rain_days_3d rain_max_daily_3d wind_gust_max_3d temperature_mean_7d temperature_max_7d temperature_min_7d humidity_mean_7d humidity_max_7d humidity_min_7d wind_speed_mean_7d wind_speed_max_7d precipitation_sum_7d rain_sum_7d rain_days_7d rain_max_daily_7d wind_gust_max_7d
feature_infos=-1:0:1:2:3:4:5 -1:0:1 [1:12] -1:1:0 [-0.99999942202469239:0.99998555065071859] [-0.99997919295908244:0.9999907524084426] [0:61] [23.658332999999999:32.533332999999999] [25.899999999999999:39.200000000000003] [17.899999999999999:29.300000000000001] [48.958333000000003:91.625] [63:100] [23:86] [2.8541669999999999:19.695833] [6.4000000000000004:30.100000000000001] [0:63.100000000000001] [0:63.100000000000001] [14:56.899999999999999] [0:1] [23.766667000000002:32.427778000000004] [27.699999999999999:39.200000000000003] [17.899999999999999:28.100000000000001] [52.569443999999997:90.694444000000004] [73:100] [23:79] [4.125:17.329167000000002] [9.6999999999999993:30.100000000000001] [0:93.900000000000006] [0:93.900000000000006] [0:3] [0:63.100000000000001] [17.300000000000001:56.899999999999999] [24.365476000000001:32.235118999999997] [28.699999999999999:39.200000000000003] [17.899999999999999:27.5] [55.767856999999999:89.523809999999997] [77:100] [23:72] [4.5327380000000002:15.469643] [11.6:30.100000000000001] [0:163.90000000000001] [0:163.90000000000001] [0:7] [0:63.100000000000001] [23:56.899999999999999]
tree_sizes=1466 1502 1489 1514 1305 1514 1753 1390 1513 1493 1506 1512 1498 1520 1405 1506 1515 1302 1490 1763 1516 1533 1311 1407 1508 1115 1510 1105 1108 1101

Tree=0
num_leaves=13
num_cat=5
split_feature=0 0 0 1 42 1 34 4 44 37 35 34
split_gain=2030.69 183.686 181.329 73.5542 85.9911 66.3752 71.3287 59.2337 58.9788 42.7398 34.5422 31.3357
threshold=0 1 2 3 3.5000000000000004 4 20.350000000000005 -0.91597725483594616 44.100000000000001 66.500000000000014 86.050595000000015 25.250000000000004
decision_type=1 1 1 1 2 1 2 2 2 2 2 2
left_child=2 7 5 4 -4 6 -1 9 -9 -2 -5 -7
right_child=1 -3 3 10 -6 11 -8 8 -10 -11 -12 -13
leaf_value=-0.97389129720652012 -0.95202918526441649 -1.0049671536146405 -0.85109470113641583 -0.93040900728617315 -0.90474111122164036 -0.89191976971087339 -0.84240708598909098 -0.97578230259922416 -0.93819485111693091 -0.88381720292306787 -0.90000712973047481 -0.82395806022559659
leaf_weight=10.315462276339529 71.803708001971245 471.47730521857738 93.041424453258514 339.39893528819084 377.82908886671066 222.49036282300949 220.8722510933876 717.83481605350971 122.16743558645248 32.56449855864048 128.23535457253456 18.001492992043495
leaf_count=51 355 2331 460 1678 1868 1100 1092 3549 604 161 634 89
internal_value=-0.937004 -0.97914 -0.8947 -0.908223 -0.893981 -0.86906 -0.848408 -0.965611 -0.970324 -0.930444 -0.922011 -0.886386
internal_weight=2826.03 1415.85 1410.18 938.505 470.871 471.68 231.188 944.37 840.002 104.368 467.634 240.492
internal_count=13972 7000 6972 4640 2328 2332 1143 4669 4153 516 2312 1189
cat_boundaries=0 1 2 3 4 5
cat_threshold=7 40 1 1 1
is_linear=0
shrinkage=1


Tree=1
num_leaves=13
num_cat=4
split_feature=0 0 0 1 39 34 39 34 34 39 4 4
split_gain=1813.24 173.35 154.568 61.357 60.199 60.0173 58.5711 125.132 89.0041 45.8829 35.9043 16.7351
threshold=0 1 2 3 20.650000000000002 20.350000000000005 19.550000000000004 22.750000000000004 23.150000000000002 29.150000000000002 -0.98214942551678475 -0.92274349529687905
decision_type=1 1 1 1 2 2 2 2 2 2 2 2
left_child=2 4 3 5 11 -1 7 -4 -8 -6 -5 -2
right_child=1 -3 6 10 9 -7 8 -9 -10 -11 -12 -13
leaf_value=-0.032599693686444046 -0.011722010051661437 -0.066677857198353854 0.055556254122194518 -0.035308326825773839 -0.017718257472434561 0.086728988925813141 0.0013169818610049499 -0.0069687248355428102 0.048077350378585695 0.085241110744300547 0.049934190458143096 -0.043785769761850744
leaf_weight=10.54550029337406 45.950808688998222 451.36461389064789 112.8736871778965 12.371957302093504 453.5746483206749 232.29281973838806 133.2837258130312 268.55821293592453 430.10271215438843 10.107752680778502 228.5505785048008 426.29087437689304
leaf_count=53 227 2301 551 60 2267 1104 649 1313 2101 50 1106 2143
internal_value=-0.000354414 -0.0409047 0.0390379 0.0623476 -0.0278449 0.0814346 0.0265229 0.0116306 0.0370369 -0.0152952 0.0454289 -0.0406972
internal_weight=2815.87 1387.29 1428.58 483.761 935.924 242.838 944.818 381.432 563.386 463.682 240.923 472.242
internal_count=13925 6988 6937 2323 4687 1157 4614 1864 2750 2317 1166 2370
cat_boundaries=0 1 2 3 4
cat_threshold=7 40 1 1
is_linear=0
shrinkage=0.05


Tree=2
num_leaves=13
num_cat=5
split_feature=0 0 0 1 42 39 1 34 37 35 34 19
split_gain=1699.35 165.145 138.098 61.3753 69.3398 61.1998 56.7754 54.5363 39.0829 30.7439 26.7615 18.1578
threshold=0 1 2 3 3.5000000000000004 19.850000000000005 4 20.350000000000005 66.500000000000014 86.342262000000019 25.250000000000004 29.648611000000002
decision_type=1 1 1 1 2 2 1 2 2 2 2 2
left_child=2 5 6 4 -4 11 7 -1 -7 -5 -8 -2
right_child=1 -3 3 9 -6 8 10 -9 -10 -11 -12 -13
leaf_value=-0.032170583399135075 -0.043559479039123529 -0.065490229677719516 0.075683320467808665 0.0054353446564158296 0.028547778849019524 -0.022028192721271746 0.037073203152448962 0.081173522876113499 0.015952470128270498 0.034461719663916188 0.095927256051059825 0.042400415841141188
leaf_weight=10.585157632827757 395.20404073596001 441.41478678584099 97.341355934739113 357.78747324645519 392.38487669825554 449.79887148737907 225.40520866215229 245.50166444480419 78.965644210577011 121.68029046058655 20.736006259918213 5.4893260896205893
leaf_count=54 2020 2323 459 1743 1893 2274 1073 1129 393 586 96 28
internal_value=-0.000105636 -0.039994 0.0370787 0.0253531 0.0380519 -0.0272611 0.0586783 0.0763816 -0.0163368 0.0128581 0.0423994 -0.0422792
internal_weight=2842.29 1370.87 1471.42 969.194 489.726 929.458 502.228 256.087 528.765 479.468 246.141 400.693
internal_count=14071 7038 7033 4681 2352 4715 2352 1183 2667 2329 1169 2048
cat_boundaries=0 1 2 3 4 5
cat_threshold=7 40 1 1 1
is_linear=0
shrinkage=0.05


Tree=3
num_leaves=13
num_cat=3
split_feature=0 0 0 4 26 34 21 44 34 34 39 37
split_gain=1502.27 169.55 114.197 58.0515 52.757 62.5898 58.9447 48.2995 43.8587 77.2668 34.3348 5.05078
threshold=0 1 2 -0.91597725483594616 19.650000000000002 22.750000000000004 22.250000000000004 44.100000000000001 25.250000000000004 24.550000000000004 17.650000000000002 33.500000000000007
decision_type=1 1 1 2 2 2 2 2 2 2 2 2
left_child=2 3 8 10 5 -4 -6 -5 9 -1 -2 -10
right_child=1 -3 4 7 6 -7 -8 -9 11 -11 -12 -13
leaf_value=0.05815328010708827 -0.04075491054491958 -0.064394730346487433 0.040626627702398957 -0.035347505159398294 -0.025931160275013066 0.0041809232035363271 0.043775583768903635 -0.0012259714584350011 0.068374367744198486 -0.00098012950251019095 0.025564234608623011 0.11854716142645656
leaf_weight=410.22186803817749 24.855260476469994 431.36416500806808 162.07330112159252 685.98940542340279 32.453953549265862 425.32987900078297 360.93491557240486 122.23833321034908 12.737315729260443 63.776257663965225 78.937862664461136 27.485635161399841
leaf_count=1886 126 2346 769 3555 155 2051 1714 611 57 292 395 123
internal_value=-0.000133825 -0.0383425 0.0342298 -0.0253999 0.0235775 0.0142888 0.0379737 -0.0301948 0.0536281 0.0502116 0.00944548 0.104703
internal_weight=2838.4 1343.39 1495.01 912.021 980.792 587.403 393.389 808.228 514.221 473.998 103.793 40.223
internal_count=14080 7033 7047 4687 4689 2820 1869 4166 2358 2178 521 180
cat_boundaries=0 1 2 3
cat_threshold=7 40 1
is_linear=0
shrinkage=0.05


Tree=4
num_leaves=11
num_cat=3
split_feature=0 0 44 1 39 42 39 4 4 4
split_gain=1354.67 163.854 83.9164 82.8023 58.1482 49.0628 46.7951 41.7374 13.8935 0.485992
threshold=0 1 52.000000000000007 2 20.650000000000002 3.5000000000000004 25.250000000000004 -0.83377653105606597 -0.49813634056773481 -0.43733984355855576
decision_type=1 1 2 1 2 2 2 2 2 2
left_child=2 4 3 5 8 -1 -5 -6 -2 -4
right_child=1 -3 9 6 7 -7 -8 -9 -10 -11
leaf_value=0.070704781136925479 -0.024504894938185175 -0.063349757977042356 -0.06903276140778089 0.017545153210521299 0.026075472617547907 0.038764821016815679 0.06084117213670534 -0.018011528766960796 -0.043511860260508406 -0.035375697959778844
leaf_weight=152.10470513999462 147.68495319783688 413.08696293830872 16.830025598406795 665.34940251708031 61.336525365710258 605.33813919126987 68.161596328020096 389.61294257640839 304.42493461072445 4.945246770977973
leaf_count=689 774 2324 78 3140 303 2794 319 2005 1617 23
internal_value=-0.000148868 -0.0370788 0.0320186 0.0336665 -0.0244439 0.0452636 0.0216458 -0.0119705 -0.0373709 -0.063278
internal_weight=2828.88 1316.15 1512.73 1490.95 903.059 757.443 733.511 450.949 452.11 21.7753
internal_count=14066 7023 7043 6942 4699 3483 3459 2308 2391 101
cat_boundaries=0 1 2 3
cat_threshold=7 40 1
is_linear=0
shrinkage=0.05


Tree=5
num_leaves=13
num_cat=3
split_feature=0 0 0 39 44 44 4 32 34 34 43 36
split_gain=1238.77 155.108 114.435 49.738 77.6749 52.6725 47.4653 49.0164 37.7653 78.5187 33.3671 5.25086
threshold=0 1 2 20.150000000000002 38.000000000000007 52.000000000000007 -0.91597725483594616 28.845238000000005 25.250000000000004 24.550000000000004 32.550000000000004 97.500000000000014
decision_type=1 1 1 2 2 2 2 2 2 2 2 2
left_child=2 6 8 4 -4 -5 10 -8 9 -1 -2 -10
right_child=1 -3 3 5 -6 -7 7 -9 11 -11 -12 -13
leaf_value=0.053720849302386221 0.019467350983576603 -0.062383286275581387 0.015417312652625997 0.032431864469852995 -0.046661584588538009 -0.065848827341980318 -0.034241228329131491 -0.0016864547000567461 0.10278779576461675 -0.0052359816574088225 -0.056718382959221152 0.043641360831108922
leaf_weight=421.73080198466778 88.823922410607338 396.57061904668808 396.59485249221325 534.56632632017136 56.720772936940193 13.086702704429625 643.75924055278301 141.0213875323534 36.269441857933998 64.986762955784798 16.122277438640594 6.5413359403610221
leaf_count=1881 444 2310 1873 2478 271 63 3422 740 156 295 80 28
internal_value=-0.000199708 -0.0362022 0.0301021 0.0196432 0.00756413 0.0299676 -0.0239133 -0.0284009 0.0490703 0.0458543 0.0073385 0.0949528
internal_weight=2816.79 1286.3 1530.5 1000.97 453.316 547.653 889.727 784.781 529.528 486.718 104.946 42.8108
internal_count=14041 6996 7045 4685 2144 2541 4686 4162 2360 2176 524 184
cat_boundaries=0 1 2 3
cat_threshold=7 40 1
is_linear=0
shrinkage=0.05


Tree=6
num_leaves=15
num_cat=1
split_feature=39 34 44 37 35 38 4 1 2 44 39 37 32 38
split_gain=88.1993 77.1008 67.3027 74.1081 61.0106 53.5672 52.828 42.3441 31.0781 30.6092 11.249 6.55321 5.59468 0.339306
threshold=20.650000000000002 20.950000000000003 52.000000000000007 66.500000000000014 87.669642500000023 6.8250000000000011 -0.9354548908432756 0 11.500000000000002 34.400000000000013 19.350000000000005 65.500000000000014 27.162797500000003 14.349107500000001
decision_type=2 2 2 2 2 2 2 1 2 2 2 2 2 2
left_child=4 8 3 -3 5 7 -7 -1 12 11 -11 -6 -2 -4
right_child=1 2 13 -5 9 6 -8 -9 -10 10 -12 -13 -14 -15
leaf_value=0.021152008442584917 -0.068535821585567855 0.008283990639525219 -0.044391381016631697 0.040408922678406074 -0.022916317136871544 0.04188153953144913 -0.016773974178628945 -0.0075112039255372416 0.017247706291422134 -0.063145003791651153 -0.0070568504254330013 0.027961416768435162 -0.0050443700159201708 -0.063947637863226811
leaf_weight=260.20354355871677 44.448544144630432 1089.4095195680857 25.63171648979187 214.16136568784714 10.072601377964022 39.541570544242859 741.3355065882206 253.52105247974396 15.183502256870268 79.444120407104492 10.360478237271307 13.859016776084898 3.9360221475362769 13.143990904092787
leaf_count=1310 224 5389 129 1042 51 195 3759 1297 76 404 52 68 20 67
internal_value=0.000227771 0.00908375 0.0116431 0.0135887 -0.00861314 -0.00551153 -0.013754 0.00701972 -0.044304 -0.0435615 -0.0568233 0.00648718 -0.0635776 -0.0524615
internal_weight=2814.25 1405.91 1342.35 1303.57 1408.34 1294.6 780.877 513.725 63.5681 113.736 89.8046 23.9316 48.3846 38.7757
internal_count=14083 6947 6627 6431 7136 6561 3954 2607 320 575 456 119 244 196
cat_boundaries=0 1
cat_threshold=1
is_linear=0
shrinkage=0.05


Tree=7
num_leaves=12
num_cat=4
split_feature=0 0 1 44 39 4 0 34 34 40 19
split_gain=1129.21 156.529 89.5968 49.8733 49.6716 42.8692 40.5398 40.4442 45.5249 30.0591 21.6527
threshold=0 1 2 52.000000000000007 19.850000000000005 -0.83377653105606597 3 25.250000000000004 24.550000000000004 31.300000000000001 29.168750000000003
decision_type=1 1 1 2 2 2 1 2 2 2 2
left_child=2 4 3 6 10 -6 -1 8 -4 -9 -2
right_child=1 -3 7 -5 5 -7 -8 9 -10 -11 -12
leaf_value=0.058995772552024123 -0.039172004315724387 -0.061527462501219758 0.017925835804872357 -0.064492477440204421 0.023853188637307756 -0.018484078096911844 0.03130192546170165 0.031234388574117568 -0.019685347866407035 0.10871108086753407 0.025774627769947846
leaf_weight=264.08748489618301 356.96332068741322 389.00246976315975 603.66811889410019 10.289549961686133 68.18999719619751 444.18366304039955 503.95366154611111 42.176108360290527 91.960627228021622 17.649650141596794 12.656832456588743
leaf_count=1136 1964 2348 2798 50 333 2340 2305 190 434 81 67
internal_value=-0.000304555 -0.0349921 0.0284863 0.0405732 -0.0226749 -0.0128141 0.0420628 0.0163727 0.0129326 0.0555029 -0.0368845
internal_weight=2804.78 1271 1533.79 778.331 881.994 512.374 768.041 755.455 695.629 59.8258 369.62
internal_count=14046 7052 6994 3491 4704 2673 3441 3503 3232 271 2031
cat_boundaries=0 1 2 3 4
cat_threshold=7 40 1 1
is_linear=0
shrinkage=0.05


Tree=8
num_leaves=13
num_cat=3
split_feature=0 0 0 39 39 35 44 4 34 34 19 37
split_gain=1031.28 145.26 89.3138 46.403 45.1336 56.1328 46.2964 38.403 29.5238 54.7746 21.7216 7.62008
threshold=0 1 2 19.850000000000005 20.750000000000004 87.669642500000023 50.20000000000001 -0.83377653105606597 25.250000000000004 24.550000000000004 29.648611000000002 33.500000000000007
decision_type=1 1 1 2 2 2 2 2 2 2 2 2
left_child=2 3 8 10 5 -4 -6 -5 9 -1 -2 -10
right_child=1 -3 4 7 6 -7 -8 -9 11 -11 -12 -13
leaf_value=0.046422460190068286 -0.038071777145895727 -0.060686262228371701 0.011696442697242369 0.021559457699973802 0.03128536665552157 -0.050315709318552018 -0.04293670222991286 -0.018483686044384478 0.046166653879703763 -0.0036054455553351295 0.05396259695642696 0.097730234612309674
leaf_weight=434.50966376066208 357.43266186118126 373.04329816997051 478.58244340121746 68.453621476888657 478.62835319340229 38.512783750891685 21.128401502966881 438.80797861516476 13.176945522427557 62.416778847575188 5.6904084086418143 29.931628912687302
leaf_count=1888 2006 2335 2233 331 2166 185 103 2333 55 283 29 124
internal_value=-0.000671261 -0.0344565 0.0263685 -0.0225974 0.0171975 0.00698963 0.028068 -0.0130482 0.0429487 0.0401441 -0.0364853 0.0833728
internal_weight=2800.31 1243.43 1556.89 870.385 1016.85 517.095 499.757 507.262 540.035 496.926 363.123 43.1086
internal_count=14071 7034 7037 4699 4687 2418 2269 2664 2350 2171 2035 179
cat_boundaries=0 1 2 3
cat_threshold=7 40 1
is_linear=0
shrinkage=0.05


Tree=9
num_leaves=13
num_cat=4
split_feature=0 0 1 39 44 6 4 34 36 40 1 37
split_gain=945.399 151.608 73.5633 45.2142 42.0803 36.3347 35.1224 31.992 44.7991 22.5067 19.3971 9.17469
threshold=0 1 2 19.850000000000005 50.20000000000001 2.5000000000000004 -0.83377653105606597 25.350000000000005 96.500000000000014 26.450000000000003 3 69.500000000000014
decision_type=1 1 1 2 2 2 2 2 2 2 1 2
left_child=2 3 4 10 5 -1 -5 8 -4 -9 -2 -6
right_child=1 -3 7 6 11 -7 -8 9 -10 -11 -12 -13
leaf_value=0.018449215147642129 -0.022513588419552359 -0.059908661699568412 -0.0083990801295717576 0.021811246387059176 -0.065675866719277137 0.044201488175817871 -0.016403820681898565 0.025592722493946143 0.019666531997049229 0.089567116870022098 -0.0461102659501825 0.016998748583655222
leaf_weight=180.0640884488821 176.76544100046158 359.6287015080452 194.6413294672966 68.955658480525017 11.102622598409651 600.67006920278072 431.15859389305115 38.082522168755531 521.87335063517094 21.666458904743195 178.10923597216606 4.157587230205535
leaf_count=789 1007 2336 894 330 54 2644 2313 169 2392 95 1021 19
internal_value=0.000312176 -0.0326595 0.0258317 -0.0205824 0.0366728 0.0382933 -0.0111017 0.0150146 0.0120414 0.0498839 -0.0344529 -0.0434913
internal_weight=2786.88 1214.62 1572.26 854.989 795.994 780.734 500.114 776.264 716.515 59.749 354.875 15.2602
internal_count=14063 7007 7056 4671 3506 3433 2643 3550 3286 264 2028 73
cat_boundaries=0 1 2 3 4
cat_threshold=7 40 1 1
is_linear=0
shrinkage=0.05


Tree=10
num_leaves=13
num_cat=3
split_feature=0 0 0 33 36 42 4 32 34 42 43 4
split_gain=855.606 140.239 67.2241 44.3608 78.9744 54.442 38.6002 47.2004 35.87 44.102 30.3599 21.8244
threshold=0 1 2 36.350000000000001 94.500000000000014 3.5000000000000004 -0.90893996196865012 28.845238000000005 20.350000000000005 3.5000000000000004 24.350000000000005 0.21022171450811272
decision_type=1 1 1 2 2 2 2 2 2 2 2 2
left_child=2 6 8 4 -4 -5 10 -8 11 -10 -2 -1
right_child=1 -3 3 5 -6 -7 7 -9 9 -11 -12 -13
leaf_value=0.024619306435208828 0.036445122139656574 -0.059162205628992062 -0.025714265481609707 0.073889724132149989 0.01785340422645473 0.0065234105535185707 -0.030953587908514209 0.0017617195713896371 0.073998905257883871 0.034838461691168297 -0.016131302518187063 -0.068481880359098579
leaf_weight=12.157897844910623 47.541144877672195 342.81664457917213 118.71748265624046 67.403190314769745 796.60845163464546 53.781425073742867 601.52163536846638 134.81611661612988 86.547126919031143 438.77311465144157 62.301389366388321 11.250482872128485
leaf_count=54 236 2312 539 295 3633 242 3397 726 367 1877 315 51
internal_value=-0.000265891 -0.032163 0.0237168 0.0158215 0.0121808 0.0442908 -0.0206059 -0.0249695 0.0380263 0.0414185 0.0067479 -0.0210992
internal_weight=2774.24 1189 1585.24 1036.51 915.326 121.185 846.18 736.338 548.729 525.32 109.843 23.4084
internal_count=14044 6986 7058 4709 4172 537 4674 4123 2349 2244 551 105
cat_boundaries=0 1 2 3
cat_threshold=7 40 1
is_linear=0
shrinkage=0.05


Tree=11
num_leaves=13
num_cat=3
split_feature=0 0 1 44 44 32 42 34 36 4 40 37
split_gain=802.689 136.637 56.9579 47.3567 47.1932 60.5424 39.8587 32.8344 49.2865 28.4001 22.6804 5.24258
threshold=0 1 2 50.20000000000001 43.400000000000013 29.065178500000005 3.5000000000000004 25.250000000000004 96.500000000000014 -0.94139628442229051 26.450000000000003 69.500000000000014
decision_type=1 1 1 2 2 2 2 2 2 2 2 2
left_child=2 4 3 6 9 -6 -1 8 -4 -2 -9 -5
right_child=1 -3 7 11 5 -7 -8 10 -10 -11 -12 -13
leaf_value=0.056194193284262867 0.0045533709345536438 -0.058499311411343069 -0.011729457107173845 -0.06526990040669027 -0.0080081390950862003 0.081572953533754544 0.028259590234731222 0.02355035127860319 0.018081885269399037 -0.029505780636148355 0.085930138421694488 0.00022379573423336017
leaf_weight=160.95046612620354 67.725156173110008 334.34747862815857 188.81574167311192 12.266380578279497 140.91030044853687 20.75468473136425 637.20593778789043 39.519658416509628 514.87635008990765 611.56301973760128 23.18372555077076 3.9610160440206519
leaf_count=682 343 2343 865 61 738 105 2771 172 2325 3512 99 18
internal_value=-0.000333824 -0.0314639 0.0228708 0.0322196 -0.0200986 0.00392313 0.0339559 0.0132056 0.0100776 -0.0261084 0.0476013 -0.0501982
internal_weight=2756.08 1175.3 1580.78 814.384 840.953 161.665 798.156 766.395 703.692 679.288 62.7034 16.2274
internal_count=14034 7041 6993 3532 4698 843 3453 3461 3190 3855 271 79
cat_boundaries=0 1 2 3
cat_threshold=7 40 1
is_linear=0
shrinkage=0.05


Tree=12
num_leaves=13
num_cat=4
split_feature=0 0 0 39 34 43 39 4 1 34 5 19
split_gain=727.59 132.816 71.0865 43.326 48.1167 46.0769 42.1433 34.4908 29.24 42.808 26.2313 22.7479
threshold=0 1 2 20.750000000000004 22.750000000000004 17.900000000000002 19.850000000000005 -0.83377653105606597 3 20.350000000000005 -0.9575230291762723 29.168750000000003
decision_type=1 1 1 2 2 2 2 2 1 2 2 2
left_child=2 6 8 4 -4 -5 11 -8 9 -1 -10 -2
right_child=1 -3 3 5 -6 -7 7 -9 10 -11 -12 -13
leaf_value=-0.044425591697030982 -0.03565631059092788 -0.057840158069375203 0.026489703543072136 0.013577808436357117 -0.0062801633044747805 0.045583072301355353 0.02241915166504449 -0.01549250009468447 0.06939290641178647 0.05197669568374335 0.019264775037814007 0.031532361927206987
leaf_weight=11.292268037796019 323.55568246543407 319.67565894126892 159.37816324830055 348.55705638229847 370.61768141388893 166.01211042702198 69.222472548484802 414.13190133869648 28.560678854584694 272.01699955761433 240.88474847376347 12.368401795625685
leaf_count=51 1948 2329 711 1545 1704 730 329 2291 124 1118 1043 66
internal_value=-0.000184518 -0.0305528 0.0215313 0.0135223 0.00360558 0.0239718 -0.0192803 -0.010028 0.0361072 0.0479915 0.0248152 -0.0330962
internal_weight=2736.27 1138.95 1597.32 1044.57 529.996 514.569 819.278 483.354 552.755 283.309 269.445 335.924
internal_count=13989 6963 7026 4690 2415 2275 4634 2620 2336 1169 1167 2014
cat_boundaries=0 1 2 3 4
cat_threshold=7 40 1 1
is_linear=0
shrinkage=0.05


Tree=13
num_leaves=13
num_cat=3
split_feature=0 0 0 26 21 5 39 34 34 42 33 8
split_gain=667.696 135.244 54.7663 40.0973 45.6698 41.5875 39.1424 31.2889 27.9434 48.5545 22.6054 15.9301
threshold=0 1 2 19.650000000000002 23.150000000000002 0.33222858587828868 19.850000000000005 20.950000000000003 20.350000000000005 3.5000000000000004 32.750000000000007 33.250000000000007
decision_type=1 1 1 2 2 2 2 2 2 2 2 2
left_child=2 6 8 5 -5 -4 11 -8 10 -10 -1 -2
right_child=1 -3 3 4 -6 -7 7 -9 9 -11 -12 -13
leaf_value=0.027667260824230627 -0.036123546435365909 -0.057248693805443812 -0.0055716991173820774 -0.012984379313323227 0.032314328490189136 0.020559387054942004 -0.059899623386243328 -0.0060552649264207616 0.070205435485124132 0.029575285375427543 -0.067146015326778608 -0.0056496099573790223
leaf_weight=12.101460471749308 281.52995318174362 310.2699179649353 355.83763784170151 65.048396602272987 365.21105606853962 264.7227897644043 27.689282178878784 460.39662547409534 88.149108394980431 446.24020908772945 11.226834580302237 51.043971017003059
leaf_count=53 1723 2351 1623 294 1596 1187 163 2498 365 1872 52 309
internal_value=2.70131e-05 -0.0292528 0.0206718 0.0136098 0.0254517 0.00559062 -0.0180511 -0.0092261 0.0334569 0.036396 -0.0188464 -0.0314773
internal_weight=2739.47 1130.93 1608.54 1050.82 430.259 620.56 820.66 488.086 557.718 534.389 23.3283 332.574
internal_count=14086 7044 7042 4700 1890 2810 4693 2661 2342 2237 105 2032
cat_boundaries=0 1 2 3
cat_threshold=7 40 1
is_linear=0
shrinkage=0.05


Tree=14
num_leaves=12
num_cat=3
split_feature=0 0 26 38 34 36 5 8 39 4 1
split_gain=595.733 127.894 49.1936 57.1576 59.2543 49.5802 69.1001 49.4422 33.5224 36.6242 1.0584
threshold=0 1 20.450000000000003 14.349107500000001 23.150000000000002 95.500000000000014 0.26659387353423863 33.350000000000001 29.150000000000002 -0.91597725483594616 2
decision_type=1 1 2 2 2 2 2 2 2 2 1
left_child=2 8 5 4 -4 7 -7 -1 9 -2 -10
right_child=1 -3 3 -5 -6 6 -8 -9 10 -11 -12
leaf_value=-0.048610446624166283 0.0084694390411495842 -0.056655406460216856 0.002026345442678035 -0.067986497821809225 0.041629669624999276 0.0055454847365149253 0.033899082894965488 0.0092505516671133308 0.083977029678995591 -0.023333329775058691 0.036870047042759618
leaf_weight=60.419006705284119 103.59177449345589 295.44999496638775 120.32394772768021 13.424859851598738 440.00673680007458 536.23572397232056 358.11595487594604 91.920227840542793 5.5968990325927717 692.8402184844017 4.7677288055419922
leaf_count=270 524 2329 527 64 1871 2372 1559 400 27 4086 23
internal_value=-0.000458263 -0.0286542 0.0187876 0.0306637 0.0331441 0.0124339 0.016924 -0.013865 -0.017776 -0.0191913 0.0674588
internal_weight=2722.69 1102.25 1620.45 573.756 560.331 1046.69 894.352 152.339 806.797 796.432 10.3646
internal_count=14052 6989 7063 2462 2398 4601 3931 670 4660 4610 50
cat_boundaries=0 1 2 3
cat_threshold=7 40 1
is_linear=0
shrinkage=0.05


Tree=15
num_leaves=13
num_cat=4
split_feature=0 0 0 39 34 34 39 40 34 36 1 7
split_gain=539.444 132.915 53.5603 36.3258 98.7117 63.7873 35.9305 36.08 22.7948 42.9333 18.2307 0.745054
threshold=0 1 2 19.550000000000004 22.750000000000004 23.150000000000002 19.850000000000005 75.050000000000011 25.950000000000003 94.500000000000014 3 31.797917000000005
decision_type=1 1 1 2 2 2 2 2 2 2 1 2
left_child=2 6 8 4 -4 -5 10 -8 9 -1 -2 -10
right_child=1 -3 3 5 -6 -7 7 -9 11 -11 -12 -13
leaf_value=-0.0014969473279587218 -0.017433486620212775 -0.056135994047027488 0.036096062917806558 -0.0098406307097493734 -0.016370518839985863 0.027453169727035917 -0.016506957988512889 0.013608354899594138 0.087150950861525661 0.035520636687853102 -0.041232809834384578 0.045005217614385806
leaf_weight=95.072044461965561 164.86182256042957 288.23557180911303 128.55210833251476 149.1099276393652 290.05569450557232 489.01645131409168 341.80626797676086 139.23580308258533 17.204979375004772 441.66177123785019 161.08587563037872 4.9868654310703269
leaf_count=397 1028 2366 558 667 1339 2121 1934 729 69 1840 1026 20
internal_value=-0.00029509 -0.0272304 0.0180264 0.0111328 -0.000210701 0.018737 -0.0162901 -0.00778005 0.0305932 0.0289731 -0.0292854 0.0800291
internal_weight=2710.89 1095.23 1615.66 1056.73 418.608 638.126 806.99 481.042 558.926 536.734 325.948 22.1918
internal_count=14094 7083 7011 4685 1897 2788 4717 2663 2326 2237 2054 89
cat_boundaries=0 1 2 3 4
cat_threshold=7 40 1 1
is_linear=0
shrinkage=0.05


Tree=16
num_leaves=13
num_cat=3
split_feature=0 0 0 32 39 40 33 36 42 33 36 5
split_gain=526.104 121.009 49.0481 33.577 51.3747 39.8935 31.1663 62.0682 43.6121 23.9768 52.4391 11.5305
threshold=0 1 2 28.845238000000005 25.350000000000005 75.050000000000011 36.050000000000004 96.500000000000014 3.5000000000000004 36.95000000000001 94.500000000000014 -0.31800055644052067
decision_type=1 1 1 2 2 2 2 2 2 2 2 2
left_child=2 3 9 5 -5 -2 7 -4 -8 10 -1 -11
right_child=1 -3 6 4 -6 -7 8 -9 -10 11 -12 -13
leaf_value=-0.0091303893755807861 -0.030130153746077078 -0.055602084879771078 -0.016018026800966055 -0.0072790631315854575 0.078440504176882711 -0.0041272812087592209 0.060636762454934746 0.014844429342867184 0.0040666822251802246 0.036669982951458874 0.034059932832671218 0.094785215451482996
leaf_weight=82.940108299255371 446.8962386995554 274.72114480286837 209.31901399791241 112.14360411465168 19.680142492055893 220.46013529598713 70.060609877109528 723.00642354786396 65.745765909552574 18.139308214187622 446.29601620137691 19.448099598288536
leaf_count=348 2739 2348 944 638 97 1237 293 3200 287 73 1848 79
internal_value=-0.000158663 -0.0271889 0.0176599 -0.0167995 0.00601234 -0.0215592 0.011082 0.00790567 0.0334803 0.0296085 0.0272868 0.0684165
internal_weight=2708.86 1073.9 1634.96 799.18 131.824 667.356 1068.13 932.325 135.806 566.824 529.236 37.5874
internal_count=14131 7059 7072 4711 735 3976 4724 4144 580 2348 2196 152
cat_boundaries=0 1 2 3
cat_threshold=7 40 1
is_linear=0
shrinkage=0.05


Tree=17
num_leaves=11
num_cat=3
split_feature=0 0 44 1 42 32 39 4 40 5
split_gain=470.092 115.95 45.693 46.6399 40.2611 34.3013 51.2398 41.7495 26.0201 1.9055
threshold=0 1 52.000000000000007 2 3.5000000000000004 28.845238000000005 25.350000000000005 -0.90893996196865012 72.500000000000014 -0.90161545992537195
decision_type=1 1 2 1 2 2 2 2 2 2
left_child=2 5 3 4 -1 7 -7 -2 -5 -4
right_child=1 -3 9 8 -6 6 -8 -9 -10 -11
leaf_value=0.047471269431755371 0.0076084201643224882 -0.055086594603130173 -0.022236407548696546 0.0027371587833355583 0.019949242341464737 -0.0069939551181103579 0.076727238267185804 -0.026815911728903286 0.022763195346235995 -0.065984052171206065
leaf_weight=166.94076016545296 104.40552426874638 261.4439595118165 4.5510902404785183 559.61018288135529 655.83659519255161 114.38080418109894 20.723421394824982 549.22110579907894 227.60064001381397 15.214711725711821
leaf_count=692 534 2328 22 2464 2784 653 99 3409 991 76
internal_value=-0.000552177 -0.0264809 0.0162246 0.0172651 0.0255843 -0.0163716 0.00631729 -0.021314 0.00854868 -0.057467
internal_weight=2679.93 1050.17 1629.75 1609.99 822.777 788.731 135.104 653.627 787.211 19.7658
internal_count=14052 7023 7029 6931 3476 4695 752 3943 3455 98
cat_boundaries=0 1 2 3
cat_threshold=7 40 1
is_linear=0
shrinkage=0.05


Tree=18
num_leaves=13
num_cat=5
split_feature=0 0 0 39 5 33 36 29 1 4 21 1
split_gain=423.855 120.759 42.4214 29.7147 32.5832 29.1174 61.1669 30.4473 21.7183 30.6014 29.5591 17.1415
threshold=0 1 2 19.150000000000002 0.85561368268953431 36.050000000000004 94.500000000000014 1.5000000000000002 3 -0.98214942551678475 20.950000000000003 4
decision_type=1 1 1 2 2 2 2 2 1 2 2 1
left_child=2 3 8 11 -5 6 -4 -7 10 -10 -1 -2
right_child=1 -3 5 4 -6 7 -8 -9 9 -11 -12 -13
leaf_value=-0.036195339203436976 -0.015913351932169036 -0.054630837085875072 -0.028179795888198491 -0.0041712005529158545 -0.048716646585686835 0.056862977586106478 0.011324752894913331 0.0087423897095838931 -0.052479973567042731 0.02114599331630268 0.040351789539025913 -0.04191776398110833
leaf_weight=12.466908782720564 130.44157546758652 252.83269374072552 110.33114910125732 476.9700096398592 43.947020947933197 62.002314418554306 818.36820425093174 69.641685172915459 13.95952048897743 266.79949037730694 276.5586354881525 126.00957359373569
leaf_count=54 843 2346 500 2714 278 257 3601 300 59 1118 1117 847
internal_value=-3.01061e-05 -0.0249831 0.0158015 -0.0147127 -0.00801541 0.00965324 0.00660628 0.0316643 0.0268436 0.017312 0.0369366 -0.028804
internal_weight=2660.33 1030.2 1630.13 777.368 520.917 1060.34 928.699 131.644 569.785 280.759 289.026 256.451
internal_count=14034 7028 7006 4682 2992 4658 4101 557 2348 1177 1171 1690
cat_boundaries=0 1 2 3 4 5
cat_threshold=7 40 1 1 1
is_linear=0
shrinkage=0.05


Tree=19
num_leaves=15
num_cat=1
split_feature=1 42 19 4 44 32 39 34 44 37 36 44 5 20
split_gain=49.6693 38.747 92.7355 81.1881 60.7238 45.1118 37.8307 54.195 40.7002 34.2801 34.026 29.3028 26.8414 13.9495
threshold=0 3.5000000000000004 27.872916500000006 0.83376496542330847 48.800000000000004 28.845238000000005 19.550000000000004 22.550000000000004 38.000000000000007 25.500000000000004 95.500000000000014 52.000000000000007 0.097680735332368721 34.550000000000004
decision_type=1 2 2 2 2 2 2 2 2 2 2 2 2 2
left_child=1 2 10 4 -3 -5 8 -8 12 -4 -1 -9 -2 -10
right_child=6 3 9 5 -6 -7 7 11 13 -11 -12 -13 -14 -15
leaf_value=-0.031654210528607382 -0.025581495374776792 0.011603083750309943 -0.013070432725205665 -0.049886841305086832 -0.05054357611893201 0.00057875042489314297 -0.02936780057023505 0.0076105868337072559 -0.060004690370029548 0.062833760625191235 0.017738408908273214 -0.056320122306774571 -0.00077323145119822254 0.029929956505262575
leaf_weight=63.431596018373966 197.41553835570812 858.28944632411003 16.671177506446838 101.07866462320089 40.212412983179092 78.173231162130833 129.91426315158606 643.46098143607378 61.158927649259567 116.71190774440765 75.039347931742668 17.445387654006481 242.17257173359394 4.0465102344751349
leaf_count=344 1120 4477 83 538 215 403 720 3318 346 584 394 97 1347 22
internal_value=0.000186703 0.00689721 0.0237292 0.00263343 0.00876861 -0.0279973 -0.00680338 2.67937e-05 -0.0174826 0.05332 -0.00495239 0.00584052 -0.0119472 -0.0540558
internal_weight=2645.22 1349.61 271.854 1077.75 898.502 179.252 1295.61 790.821 504.794 133.383 138.471 660.906 439.588 65.2054
internal_count=14008 7038 1405 5633 4692 941 6970 4135 2835 667 738 3415 2467 368
cat_boundaries=0 1
cat_threshold=1
is_linear=0
shrinkage=0.05


Tree=20
num_leaves=13
num_cat=3
split_feature=0 0 0 39 36 32 34 34 42 5 44 8
split_gain=381.448 115.218 45.8215 51.4318 51.1979 62.8667 45.824 30.658 28.0436 24.9445 17.6746 3.86247
threshold=0 1 2 22.050000000000004 95.500000000000014 29.217262000000002 24.550000000000004 20.950000000000003 3.5000000000000004 -0.97507822412530132 52.000000000000007 33.550000000000004
decision_type=1 1 1 2 2 2 2 2 2 2 2 2
left_child=2 7 4 9 5 -1 -6 11 -9 -4 -5 -2
right_child=1 -3 3 10 6 -7 -8 8 -10 -11 -12 -13
leaf_value=-0.017275590857032841 -0.056329689633492767 -0.054154291753441677 0.032795480525619036 0.02561167845006786 0.031539008718484134 0.033809424547896982 -0.0002156561742334692 0.011094704562976702 -0.016095102408345156 -0.013463665052709637 -0.056564724082125775 -0.0074293648409431623
leaf_weight=166.28448896110058 45.499891340732574 239.85565065592527 31.179014980792999 189.69358251988888 714.81787343323231 93.103830754756927 135.02753108739853 111.7358138859272 603.78065676987171 312.24239005148411 5.8584726750850669 4.7833515703678122
leaf_count=726 311 2321 139 809 3018 385 584 656 3651 1386 32 32
internal_value=-0.000210164 -0.0243253 0.0145687 0.00242552 0.0203873 0.00112009 0.0264994 -0.014348 -0.0118396 -0.0091808 0.0228745 -0.0519135
internal_weight=2653.86 1005.66 1648.21 538.973 1109.23 259.388 849.845 765.8 715.516 343.421 195.552 50.2832
internal_count=14050 6971 7079 2366 4713 1111 3602 4650 4307 1525 841 343
cat_boundaries=0 1 2 3
cat_threshold=7 40 3
is_linear=0
shrinkage=0.05


Tree=21
num_leaves=13
num_cat=2
split_feature=0 0 42 4 19 36 44 39 39 34 43 8
split_gain=332.138 121.343 43.8664 112.256 76.9308 77.3658 72.5711 58.9411 32.5796 26.8214 16.5526 16.5039
threshold=0 1 3.5000000000000004 0.83376496542330847 27.700000000000003 95.500000000000014 48.800000000000004 22.850000000000005 19.850000000000005 20.950000000000003 1.2500000000000002 33.250000000000007
decision_type=1 1 2 2 2 2 2 2 2 2 2 2
left_child=2 8 4 6 5 -1 -4 -5 11 -10 -6 -2
right_child=1 -3 3 7 10 -7 -8 -9 9 -11 -12 -13
leaf_value=-0.039292025875700298 -0.030310699272159819 -0.053727152147038437 0.019095758581581773 -0.0069100085104204069 0.045291272786581113 0.033786926840984853 -0.043747940749183097 -0.065084420165728296 -0.056028191967877311 -0.0014756287507676647 0.087570573706125365 0.0018766918795390314
leaf_weight=60.585425034165382 256.18042694032192 230.45266079902649 1066.5352136790752 163.2827020585537 148.0885813087225 86.932869523763657 47.078929379582405 58.517233818769455 22.748057126998901 441.20098489522934 28.587932869791985 46.988760873675346
leaf_count=277 1748 2324 4555 710 615 364 220 252 157 2489 119 309
internal_value=0.000190695 -0.0224683 0.0138679 0.00993195 0.0304267 0.00371109 0.0164021 -0.0224813 -0.012451 -0.00426517 0.0525868 -0.0253321
internal_weight=2657.18 997.571 1659.61 1335.41 324.195 147.518 1113.61 221.8 767.118 463.949 176.677 303.169
internal_count=14139 7027 7112 5737 1375 641 4775 962 4703 2646 734 2057
cat_boundaries=0 1 2
cat_threshold=7 40
is_linear=0
shrinkage=0.05


Tree=22
num_leaves=11
num_cat=2
split_feature=0 0 44 26 21 36 34 43 7 40
split_gain=313.42 114.818 41.8856 43.1465 45.6528 39.7555 28.9764 24.415 5.7823 0.00750468
threshold=0 1 52.000000000000007 20.450000000000003 20.850000000000005 96.500000000000014 20.950000000000003 36.250000000000007 27.727083500000003 45.45000000000001
decision_type=1 1 2 2 2 2 2 2 2 2
left_child=2 6 3 5 -5 -1 8 -8 -2 -4
right_child=1 -3 9 4 -6 -7 7 -9 -10 -11
leaf_value=-0.011080782537753218 -0.055178394185098283 -0.053333594454980593 -0.033766912437871152 -0.059054347062706951 0.027566379088128735 0.013043115286524463 -0.012160994733348625 0.03405853716444749 0.0099713330216008884 -0.063686295684545341
leaf_weight=213.74590554833412 43.70724655687809 223.01728844642639 3.9600993543863323 14.729071214795111 554.37224125862122 835.91739249229431 684.7015416175127 28.868163332343102 3.3831081092357627 14.679951027035711
leaf_count=941 318 2345 21 70 2312 3582 4177 179 23 78
internal_value=-0.000180999 -0.0223446 0.0131952 0.0141485 0.0252249 0.00812483 -0.0126282 -0.0102461 -0.0503878 -0.0593728
internal_weight=2621.08 983.677 1637.4 1618.76 569.101 1049.66 760.66 713.57 47.0904 18.6401
internal_count=14046 7042 7004 6905 2382 4523 4697 4356 341 99
cat_boundaries=0 1 2
cat_threshold=7 40
is_linear=0
shrinkage=0.05


Tree=23
num_leaves=12
num_cat=3
split_feature=0 0 1 34 31 4 20 43 6 34 40
split_gain=288.636 113.398 43.7922 32.6216 30.9398 29.0553 40.9298 33.6778 29.0327 27.6523 23.5262
threshold=0 1 2 25.350000000000005 50.20000000000001 -0.91597725483594616 33.350000000000001 32.550000000000004 2.5000000000000004 24.550000000000004 26.450000000000003
decision_type=1 1 1 2 2 2 2 2 2 2 2
left_child=2 5 4 9 8 7 -7 -2 -1 -4 -5
right_child=1 -3 3 10 -6 6 -8 -9 -10 -11 -12
leaf_value=0.004641653350407708 0.025705482865087073 -0.052926956661818098 0.0054821881947292794 0.015084783748650441 -0.065970990345219874 -0.026168245716976797 -0.00072079597476783967 -0.052631300977863109 0.02705078968467596 -0.022911260068769326 0.07922541320737192
leaf_weight=187.18187713623047 83.783018931746483 213.50042379647493 649.83705680072308 38.503226548433304 9.1762694418430311 387.17222386598587 266.59060767292976 15.408452317118643 640.47513651847839 97.767659306526184 22.336764797568321
leaf_count=788 438 2342 2819 161 45 2559 1609 79 2673 443 93
internal_value=0.000148285 -0.0213995 0.0128628 0.00463266 0.0209523 -0.0118265 -0.0158083 0.0131328 0.0219945 0.0017434 0.0395337
internal_weight=2611.73 966.455 1645.28 808.445 836.833 752.954 653.763 99.1915 827.657 747.605 60.84
internal_count=14049 7027 7022 3516 3506 4685 4168 517 3461 3262 254
cat_boundaries=0 1 2 3
cat_threshold=7 40 1
is_linear=0
shrinkage=0.05


Tree=24
num_leaves=13
num_cat=4
split_feature=0 0 0 39 36 32 39 39 5 22 39 1
split_gain=275.631 105.305 38.8234 43.6078 40.5525 75.9041 33.146 26.6211 28.2142 25.5328 17.3212 16.3319
threshold=0 1 2 22.050000000000004 94.500000000000014 29.217262000000002 19.550000000000004 19.350000000000005 0.83730377313544024 88.520833500000023 22.650000000000002 3
decision_type=1 1 1 2 2 2 2 2 2 2 2 1
left_child=2 7 4 9 5 -1 -6 11 -9 -4 -5 -2
right_child=1 -3 3 10 6 -7 -8 8 -10 -11 -12 -13
leaf_value=-0.025197363337189221 -0.013213024490558389 -0.052548861845133646 -0.0065513078616798144 0.052540573503611424 0.012210588991329182 0.03324839207794697 0.031515589342555904 -0.0020900984155728455 -0.043809596770482129 -0.068202053047134739 0.012941758410540932 -0.03912236222038553
leaf_weight=134.6778956502676 126.36946666240692 205.42421473562717 326.85618510842323 32.555180162191391 425.90347710251808 93.067850336432457 468.9019740074873 456.57594728469849 43.486796624958515 16.728683903813362 163.25837723910809 119.11119347810745
leaf_count=589 859 2351 1437 136 1806 383 1956 2646 300 76 699 870
internal_value=-0.000152071 -0.021477 0.0121119 0.000966175 0.0174062 -0.00127268 0.0223508 -0.012276 -0.00579833 -0.00974221 0.0197588 -0.0258924
internal_weight=2612.92 950.968 1661.95 539.398 1122.55 227.746 894.805 745.543 500.063 343.585 195.814 245.481
internal_count=14108 7026 7082 2348 4734 972 3762 4675 2946 1513 835 1729
cat_boundaries=0 1 2 3 4
cat_threshold=7 40 3 1
is_linear=0
shrinkage=0.05


Tree=25
num_leaves=9
num_cat=2
split_feature=0 0 39 43 36 32 4 34
split_gain=244.51 131.206 54.108 37.6867 35.282 55.6509 33.6908 31.9871
threshold=0 1 20.650000000000002 18.050000000000004 94.500000000000014 29.217262000000002 0.88621069759564464 24.550000000000004
decision_type=1 1 2 2 2 2 2 2
left_child=-1 4 6 -4 5 -2 -3 -6
right_child=1 2 3 -5 7 -7 -8 -9
leaf_value=-0.052171315916519093 -0.022179553732591596 -0.013743416243120527 -0.0051447895572054357 0.019984452383639842 0.025536650646167239 0.028262737248057574 -0.055324779103861424 -0.00039907523214532481
leaf_weight=196.81547953933477 128.24760013818741 551.95322538912296 451.48393860459328 221.63371028006077 749.47165882587433 93.775254428386688 52.631629854440689 141.22327595949173
leaf_count=2351 565 3242 2363 1092 3121 386 319 609
internal_value=-0.000142037 0.00436174 -0.00655337 0.00314675 0.0168367 -0.000843169 -0.0174486 0.0214286
internal_weight=2587.24 2390.42 1277.7 673.118 1112.72 222.023 604.585 890.695
internal_count=14048 11697 7016 3455 4681 951 3561 3730
cat_boundaries=0 1 2
cat_threshold=16 3
is_linear=0
shrinkage=0.05


Tree=26
num_leaves=13
num_cat=3
split_feature=0 0 42 4 19 39 39 39 34 4 1 26
split_gain=228.342 98.3325 39.0959 103.237 72.2572 55.1132 50.6316 50.3089 25.3503 26.5808 21.9301 0.691291
threshold=0 1 3.5000000000000004 0.85226249403558707 27.700000000000003 19.550000000000004 18.750000000000004 22.850000000000005 26.550000000000004 -0.90893996196865012 2 20.650000000000002
decision_type=1 1 2 2 2 2 2 2 2 2 1 2
left_child=2 8 4 5 6 -4 -1 -5 9 -2 -6 -10
right_child=1 -3 3 7 10 -7 -8 -9 11 -11 -12 -13
leaf_value=0.039089809175373635 0.010866705640308713 -0.05178753919646524 0.00090404429847865402 -0.0099387176678557704 0.064040378220586072 0.023104143312822217 -0.021245075872625363 -0.064693329192367435 0.037476774430795008 -0.016526459894095812 0.02886225901013377 0.088824539205065528
leaf_weight=53.050009235739708 102.47341977059841 187.30547884851694 518.92002299427986 147.62803800404072 93.311494380235672 605.31804431974888 96.487818390130997 57.87162247300148 3.5385595113039008 623.70942241698503 89.129492253065109 4.318676769733429
leaf_count=220 537 2335 2234 641 379 2538 432 252 20 4079 374 25
internal_value=-0.000368251 -0.0201932 0.0106865 0.00690799 0.026076 0.012867 0.000276797 -0.025597 -0.0114857 -0.0126513 0.0471055 0.0725418
internal_weight=2583.06 921.346 1661.72 1329.74 331.979 1124.24 149.538 205.5 734.04 726.183 182.441 7.85724
internal_count=14066 6996 7070 5665 1405 4772 652 893 4661 4616 753 45
cat_boundaries=0 1 2 3
cat_threshold=7 40 1
is_linear=0
shrinkage=0.05


Tree=27
num_leaves=9
num_cat=2
split_feature=0 0 8 40 42 36 8 43
split_gain=216.72 101.127 51.2899 62.5731 50.2934 37.1287 48.858 37.3044
threshold=0 1 33.250000000000007 72.500000000000014 3.5000000000000004 95.500000000000014 33.350000000000001 2.8500000000000001
decision_type=1 1 2 2 2 2 2 2
left_child=-1 5 3 -3 -4 6 -2 -7
right_child=1 2 4 -5 -6 7 -8 -9
leaf_value=-0.051433378967220035 -0.038287920086462153 -0.023402597139405523 0.030799183086192745 0.0033767985963920667 -0.0063338674226191731 0.04640092040975824 0.011245121250830492 0.015866146627782542
leaf_weight=179.5637850612402 66.298697754740715 520.22290782630444 161.21989047527313 374.74328503757715 207.61611716449261 115.172482162714 190.30039930343628 741.48890362679958
leaf_count=2337 305 3044 839 1989 1132 474 805 3091
internal_value=-0.00012128 0.00397441 -0.0056905 -0.0121982 0.00993655 0.0148946 -0.00165191 0.0200207
internal_weight=2556.63 2377.06 1263.8 894.966 368.836 1113.26 256.599 856.661
internal_count=14016 11679 7004 5033 1971 4675 1110 3565
cat_boundaries=0 1 2
cat_threshold=16 3
is_linear=0
shrinkage=0.05


Tree=28
num_leaves=9
num_cat=2
split_feature=0 0 44 23 8 36 32 44
split_gain=205.023 87.1727 43.5047 52.5627 43.8343 29.938 56.38 31.1635
threshold=0 1 43.000000000000007 97.500000000000014 33.350000000000001 94.500000000000014 29.217262000000002 48.800000000000004
decision_type=1 1 2 2 2 2 2 2
left_child=-1 5 4 -4 -3 6 -2 -7
right_child=1 2 3 -5 -6 7 -8 -9
leaf_value=-0.051103445227787397 -0.023264930820907675 -0.016711267965869508 -0.0011887192731437359 0.048079739401650237 0.0065938197023835314 0.019787321383746545 0.026995537634845686 -0.034086955018593143
leaf_weight=172.85487320274115 132.18873119354248 714.40311750024557 194.75556190311909 73.951192900538445 280.39434343576431 857.95650926232338 95.030986666679382 26.828833073377609
leaf_count=2348 589 4141 987 362 1515 3561 392 123
internal_value=-0.000228638 0.00369273 -0.00527962 0.0124985 -0.0101425 0.0138393 -0.00221812 0.0181171
internal_weight=2548.36 2375.51 1263.5 268.707 994.797 1112.01 227.22 884.785
internal_count=14018 11670 7005 1349 5656 4665 981 3684
cat_boundaries=0 1 2
cat_threshold=16 3
is_linear=0
shrinkage=0.05


Tree=29
num_leaves=9
num_cat=2
split_feature=0 0 44 23 20 2 33 34
split_gain=190.38 75.3461 40.6787 44.802 33.568 26.8576 81.586 41.642
threshold=0 1 43.000000000000007 97.500000000000014 33.350000000000001 7.5000000000000009 31.250000000000004 20.350000000000005
decision_type=1 1 2 2 2 2 2 2
left_child=-1 5 4 -4 -3 7 -7 -2
right_child=1 2 3 -5 -6 6 -8 -9
leaf_value=-0.050783150821279856 -0.062303498786531769 -0.016981986090343383 -0.0010999980452099792 0.04436375374724634 0.0022084793188559462 -0.020383447663568328 0.034797501982928102 0.0087273816759546059
leaf_weight=166.64626730978489 20.26905719935894 641.06451976299286 190.23788093030453 74.745905384421349 352.91727944463491 84.749767735600471 308.72004820406437 699.64872941374779
leaf_count=2365 98 3745 964 360 1942 354 1274 2939
internal_value=-0.00085592 0.00287301 -0.00548983 0.0118429 -0.010173 0.0122905 0.0228905 0.00664388
internal_weight=2539 2372.35 1258.97 264.984 993.982 1113.39 393.47 719.918
internal_count=14041 11676 7011 1324 5687 4665 1628 3037
cat_boundaries=0 1 2
cat_threshold=16 3
is_linear=0
shrinkage=0.05


end of trees

feature_importances:
age_group=71
temperature_min_7d=38
wind_speed_max_7d=35
day_of_year_sin=25
wind_gust_max_7d=22
gender=21
humidity_max_7d=17
rain_days_7d=14
temperature_mean_7d=11
day_of_year_cos=9
humidity_min_7d=9
precipitation_sum_7d=9
rain_max_daily_7d=8
temperature_max_current=7
temperature_mean_3d=7
temperature_max_7d=6
wind_speed_max_3d=5
temperature_min_3d=4
humidity_mean_7d=4
temperature_max_3d=3
wind_speed_mean_7d=3
month=2
weather_code_current=2
temperature_mean_current=2
humidity_max_3d=2
humidity_mean_3d=1
rain_days_3d=1
wind_gust_max_3d=1

parameters:
[boosting: gbdt]
[objective: binary]
[metric: binary_logloss]
[tree_learner: serial]
[device_type: cpu]
[data_sample_strategy: bagging]
[data: ]
[valid: ]
[num_iterations: 30]
[learning_rate: 0.05]
[num_leaves: 15]
[num_threads: 8]
[seed: 42]
[deterministic: 0]
[force_col_wise: 0]
[force_row_wise: 0]
[histogram_pool_size: -1]
[max_depth: 4]
[min_data_in_leaf: 20]
[min_sum_hessian_in_leaf: 0.001]
[bagging_fraction: 0.9]
[pos_bagging_fraction: 1]
[neg_bagging_fraction: 1]
[bagging_freq: 1]
[bagging_seed: 400]
[bagging_by_query: 0]
[feature_fraction: 0.9]
[feature_fraction_bynode: 1]
[feature_fraction_seed: 30056]
[extra_trees: 0]
[extra_seed: 12879]
[early_stopping_round: 0]
[early_stopping_min_delta: 0]
[first_metric_only: 0]
[max_delta_step: 0]
[lambda_l1: 0]
[lambda_l2: 1]
[linear_lambda: 0]
[min_gain_to_split: 0]
[drop_rate: 0.1]
[max_drop: 50]
[skip_drop: 0.5]
[xgboost_dart_mode: 0]
[uniform_drop: 0]
[drop_seed: 17869]
[top_rate: 0.2]
[other_rate: 0.1]
[min_data_per_group: 100]
[max_cat_threshold: 32]
[cat_l2: 10]
[cat_smooth: 10]
[max_cat_to_onehot: 4]
[top_k: 20]
[monotone_constraints: ]
[monotone_constraints_method: basic]
[monotone_penalty: 0]
[feature_contri: ]
[forcedsplits_filename: ]
[refit_decay_rate: 0.9]
[cegb_tradeoff: 1]
[cegb_penalty_split: 0]
[cegb_penalty_feature_lazy: ]
[cegb_penalty_feature_coupled: ]
[path_smooth: 0]
[interaction_constraints: ]
[verbosity: -1]
[saved_feature_importance_type: 0]
[use_quantized_grad: 0]
[num_grad_quant_bins: 4]
[quant_train_renew_leaf: 0]
[stochastic_rounding: 1]
[linear_tree: 0]
[max_bin: 255]
[max_bin_by_feature: ]
[min_data_in_bin: 3]
[bin_construct_sample_cnt: 200000]
[data_random_seed: 175]
[is_enable_sparse: 1]
[enable_bundle: 1]
[use_missing: 1]
[zero_as_missing: 0]
[feature_pre_filter: 1]
[pre_partition: 0]
[two_round: 0]
[header: 0]
[label_column: ]
[weight_column: ]
[group_column: ]
[ignore_column: ]
[categorical_feature: 0,1,3]
[forcedbins_filename: ]
[precise_float_parser: 0]
[parser_config_file: ]
[objective_seed: 16083]
[num_class: 1]
[is_unbalance: 0]
[scale_pos_weight: 1]
[sigmoid: 1]
[boost_from_average: 1]
[reg_sqrt: 0]
[alpha: 0.9]
[fair_c: 1]
[poisson_max_delta_step: 0.7]
[tweedie_variance_power: 1.5]
[lambdarank_truncation_level: 30]
[lambdarank_norm: 1]
[label_gain: ]
[lambdarank_position_bias_regularization: 0]
[eval_at: ]
[multi_error_top_k: 1]
[auc_mu_weights: ]
[num_machines: 1]
[local_listen_port: 12400]
[time_out: 120]
[machine_list_filename: ]
[machines: ]
[gpu_platform_id: -1]
[gpu_device_id: -1]
[gpu_device_id_list: ]
[gpu_use_dp: 0]
[num_gpu: 1]

end of parameters

pandas_categorical:[]
