tree
version=v4
num_class=1
num_tree_per_iteration=1
label_index=0
max_feature_idx=44
objective=binary sigmoid:1
feature_names=age_group gender month season day_of_year_sin day_of_year_cos weather_code_current temperature_mean_current temperature_max_current temperature_min_current humidity_mean_current humidity_max_current humidity_min_current wind_speed_mean_current wind_speed_max_current precipitation_sum_current rain_sum_current wind_gust_max_current rain_day_current temperature_mean_3d temperature_max_3d temperature_min_3d humidity_mean_3d humidity_max_3d humidity_min_3d wind_speed_mean_3d wind_speed_max_3d precipitation_sum_3d rain_sum_3d rain_days_3d rain_max_daily_3d wind_gust_max_3d temperature_mean_7d temperature_max_7d temperature_min_7d humidity_mean_7d humidity_max_7d humidity_min_7d wind_speed_mean_7d wind_speed_max_7d precipitation_sum_7d rain_sum_7d rain_days_7d rain_max_daily_7d wind_gust_max_7d
feature_infos=-1:0:1:2:3:4:5 -1:0:1 [1:12] -1:1:0 [-0.99999942202469239:0.99998555065071859] [-0.99997919295908244:0.9999907524084426] [0:61] [23.658332999999999:32.533332999999999] [25.899999999999999:39.200000000000003] [17.899999999999999:29.300000000000001] [48.958333000000003:91.625] [63:100] [23:86] [2.8541669999999999:19.695833] [6.4000000000000004:30.100000000000001] [0:63.100000000000001] [0:63.100000000000001] [14:56.899999999999999] [0:1] [23.766667000000002:32.427778000000004] [27.699999999999999:39.200000000000003] [17.899999999999999:28.100000000000001] [52.569443999999997:90.694444000000004] [73:100] [23:79] [4.125:17.329167000000002] [9.6999999999999993:30.100000000000001] [0:93.900000000000006] [0:93.900000000000006] [0:3] [0:63.100000000000001] [17.300000000000001:56.899999999999999] [24.365476000000001:32.235118999999997] [28.699999999999999:39.200000000000003] [17.899999999999999:27.5] [55.767856999999999:89.523809999999997] [77:100] [23:72] [4.5327380000000002:15.469643] [11.6:30.100000000000001] [0:163.90000000000001] [0:163.90000000000001] [0:7] [0:63.100000000000001] [23:56.899999999999999]
tree_sizes=1710 1698 1714 1614 1616 1713 1749 1694 1704 1382 1733 1712 1487 1481 1524 1506 1519 1519 1524 1764 1473 1467 1504 1488 1517 1497 1507 1412 1494 1403 1491 1517 1502 1521 1473 1514 1488 1523 1528 1751 1519 1418 1521 1412 1521 1540 1524 1741 1078 1107 1518 1112 1487 1095 1097 1526 1431 1741 1105 1065

Tree=0
num_leaves=15
num_cat=2
split_feature=0 34 4 32 4 1 4 40 43 11 38 4 12 34
split_gain=3416.94 134.498 128.722 97.1602 140.341 14.0141 16.5283 9.88039 9.1669 8.1078 7.87375 11.6682 7.82165 3.13678
threshold=0 20.350000000000005 0.21022171450811272 29.595238000000005 0.80417553764032002 1 -0.99467753128998015 91.350000000000009 36.70000000000001 90.500000000000014 5.9175595000000003 -0.83377653105606597 51.500000000000007 26.050000000000004
decision_type=1 2 2 2 2 1 2 2 2 2 2 2 2 2
left_child=5 2 12 4 -3 6 7 -1 -8 -5 11 -7 -2 -12
right_child=1 3 -4 9 -6 10 8 -9 -10 -11 13 -13 -14 -15
leaf_value=-0.43035273272248731 -0.45940697441970335 -0.42306636944518111 -0.54552381813821238 -0.39574776424323516 -0.45652364555448721 -0.48245968357724084 -0.53426337744550656 -0.50909468684463932 -0.49558548385492762 -0.36542655371688454 -0.54597841984588957 -0.54294050790589132 -0.41904488280448599 -0.51456646831268171
leaf_weight=5.6859079599380484 18.716113701462746 1578.3132845461369 46.908740669488907 100.21412779390812 391.85382357239723 14.925508394837378 514.57467037439346 9.002687603235243 18.00537520647049 39.327530056238174 506.51963409781456 18.00537520647049 34.352360591292381 13.740944236516951
leaf_count=24 79 6662 198 423 1654 63 2172 38 76 166 2138 76 145 58
internal_value=-0.465489 -0.429671 -0.486007 -0.426822 -0.429713 -0.53706 -0.531571 -0.478295 -0.533014 -0.386549 -0.543647 -0.516826 -0.432897 -0.545244
internal_weight=3310.15 2209.69 99.9772 2109.71 1970.17 1100.46 547.269 14.6886 532.58 139.542 553.191 32.9309 53.0685 520.261
internal_count=13972 9327 422 8905 8316 4645 2310 62 2248 589 2335 139 224 2196
cat_boundaries=0 1 2
cat_threshold=48 1
is_linear=0
shrinkage=1


Tree=1
num_leaves=15
num_cat=5
split_feature=0 4 34 34 1 0 38 1 0 4 20 38 4 34
split_gain=3062.79 109.82 188.039 150.793 65.6518 154.144 43.2505 14.3758 21.5129 26.5585 11.8104 6.52597 10.2417 2.65783
threshold=0 0.17646842360078757 25.150000000000002 20.350000000000005 1 2 13.519047500000001 3 4 -0.99467753128998015 33.350000000000001 5.9175595000000003 -0.83377653105606597 26.050000000000004
decision_type=1 2 2 2 1 1 2 1 1 2 2 2 2 2
left_child=7 4 3 -3 6 -6 -2 8 9 -1 -4 12 -9 -13
right_child=1 2 10 -5 5 -7 -8 11 -10 -11 -12 13 -14 -15
leaf_value=0.038734448090596368 0.059149549406630211 -0.077190303431418417 0.019912676878252197 0.01751796761297492 0.057728136300539225 0.0047595792886621288 -0.02925190708412986 -0.017153790135426516 -0.076288349679674614 -0.049894177353618445 0.070365799883806243 -0.077575184210573661 -0.074816743630046062 -0.04848882146060076
leaf_weight=8.028050020337103 546.85315802693367 43.205072432756424 13.410658553242682 860.40307252109051 280.95945346355438 277.13115262985229 13.630915671586989 14.395900100469587 269.98561559617519 268.24406903982162 181.15176430344582 487.97241327166557 17.665802001953125 14.283464044332502
leaf_count=34 2287 186 56 3609 1175 1159 57 61 1158 1151 754 2101 76 61
internal_value=3.97847e-05 0.0336596 0.0225461 0.0129093 0.0448411 0.0325988 0.0569514 -0.0685741 -0.063078 -0.0455457 0.0670078 -0.0753456 -0.0502277 -0.076846
internal_weight=3297.32 2216.75 1098.17 903.608 1118.57 558.091 560.484 1080.58 546.258 276.272 194.562 534.318 32.0617 502.256
internal_count=13925 9283 4605 3795 4678 2334 2344 4642 2343 1185 810 2299 137 2162
cat_boundaries=0 1 2 3 4 5
cat_threshold=48 1 9 1 32
is_linear=0
shrinkage=0.05


Tree=2
num_leaves=15
num_cat=4
split_feature=0 34 33 0 1 5 1 12 43 33 40 38 2 43
split_gain=2847.07 100.618 107.373 89.0852 97.2453 51.8286 13.3102 11.1775 9.25245 13.1038 9.49852 8.57963 8.75449 1.97928
threshold=0 20.350000000000005 32.750000000000007 1 2 0.84658398682345093 3 51.500000000000007 14.100000000000001 37.100000000000009 37.000000000000007 5.9175595000000003 9.5000000000000018 49.000000000000007
decision_type=1 2 2 1 1 2 1 2 2 2 2 2 2 2
left_child=6 2 7 5 -5 -3 8 -2 9 -1 -10 12 -8 -13
right_child=1 3 -4 4 -6 -7 11 -9 10 -11 -12 13 -14 -15
leaf_value=-0.072241774865791197 -0.0020336072579071932 0.059049306045661609 -0.07510302775652708 0.039986256055942915 0.01542717115236905 0.013102024621833221 -0.072650760028178413 0.044916717886209885 -0.0025168911824514383 -0.034716370781450852 -0.055940431521862483 -0.075396480857850612 -0.019220163814826909 -0.035363023825687304
leaf_weight=241.0916760712862 19.161025479435921 469.22288709878922 43.631735801696777 809.14651556313038 806.25464163720608 71.351991936564445 14.654857933521273 35.981848567724228 8.7002062201499921 28.848052203655243 254.29589529335499 500.50247284770012 16.978370264172554 5.6797761470079413
leaf_count=1053 80 1948 192 3359 3358 296 64 149 38 126 1108 2202 73 25
internal_value=-0.000159612 0.0317029 -0.0173579 0.0341045 0.0275752 0.0520587 -0.0668931 0.0288568 -0.0614889 -0.0683744 -0.0541893 -0.0733658 -0.0454409 -0.0750179
internal_weight=3325.5 2254.75 98.7746 2155.98 1615.4 540.575 1070.75 55.1429 532.936 269.94 262.996 537.815 31.6332 506.182
internal_count=14071 9382 421 8961 6717 2244 4689 229 2325 1179 1146 2364 137 2227
cat_boundaries=0 1 2 3 4
cat_threshold=48 1 1 1
is_linear=0
shrinkage=0.05


Tree=3
num_leaves=14
num_cat=3
split_feature=0 34 4 32 36 4 0 34 12 1 43 4 34
split_gain=2563.08 99.0886 97.8512 80.758 132.184 14.5078 13.8421 15.3205 11.7204 8.7913 9.33043 5.057 2.04212
threshold=0 20.350000000000005 0.21022171450811272 29.595238000000005 94.500000000000014 -0.88622299073327826 1 23.250000000000004 51.500000000000007 2 36.70000000000001 0.98522604642031408 25.950000000000003
decision_type=1 2 2 2 2 2 1 2 2 1 2 2 2
left_child=5 2 8 4 -3 6 7 -1 -2 10 -7 -5 -11
right_child=1 3 -4 11 -6 9 -8 -9 -10 12 -12 -13 -14
leaf_value=0.029839404609035003 -0.0059449211397089351 -0.00046503126289061322 -0.073241232824100153 0.073015341398495942 0.034723393735004458 -0.063632276566539886 -0.065162875149117824 -0.033531662857531334 0.042264943683135138 -0.073954120911777332 -0.023072041489505091 0.0464382868526097 -0.051361832912765748
leaf_weight=10.57602836191654 18.910143464803696 316.00954349339008 44.596973240375519 114.81787300109863 1714.8145516514778 438.72805133461952 67.492149472236633 57.816067934036255 35.529090866446495 432.4507859647274 16.174249619245529 29.877586558461189 20.445100381970406
leaf_count=47 79 1313 201 469 7083 1953 301 256 146 1948 71 122 91
internal_value=-0.000261446 0.029493 -0.0191335 0.0318499 0.0292503 -0.0647357 -0.04925 -0.0204904 0.0257135 -0.0677093 -0.0622439 0.067884 -0.0730496
internal_weight=3318.24 2274.56 99.0362 2175.52 2030.82 1043.68 135.884 68.3921 54.4392 907.798 454.902 144.695 452.896
internal_count=14080 9413 426 8987 8396 4667 604 303 225 4063 2024 591 2039
cat_boundaries=0 1 2 3
cat_threshold=48 32 1
is_linear=0
shrinkage=0.05


Tree=4
num_leaves=14
num_cat=3
split_feature=0 33 36 34 32 1 0 4 38 4 13 34 5
split_gain=2413.1 95.7754 172.03 99.9275 95.6557 11.1698 19.776 23.3249 7.81742 11.1049 5.91153 2.24762 1.91509
threshold=0 36.850000000000001 95.500000000000014 24.450000000000003 26.779762000000002 1 2 -0.99467753128998015 5.9175595000000003 -0.83377653105606597 8.0750000000000011 25.350000000000005 -0.18493013702746816
decision_type=1 2 2 2 2 1 1 2 2 2 2 2 2
left_child=5 2 4 -4 -2 6 7 -1 9 -7 -3 -10 -12
right_child=1 10 3 -5 -6 8 -8 -9 11 -11 12 -13 -14
leaf_value=0.039005198926629216 -0.074615933799802955 0.02249611114915755 0.038626611921451261 0.007731049191998865 0.0047902258729643054 -0.01045191759963951 -0.07100302350036293 -0.045591435316521489 -0.072437772619939902 -0.069571560288013326 0.075255971428763321 -0.055005125245480638 0.059576228864666042
leaf_weight=7.6921141594648352 41.502825617790222 8.6519565135240537 1406.3788302987814 322.2141786813736 351.43603608012199 14.953316643834116 255.04242673516273 253.38963077962399 435.17380519211292 17.00271275639534 81.207248359918594 37.205735862255096 70.953744068741798
leaf_count=33 186 35 5777 1323 1460 65 1163 1144 2011 78 329 170 292
internal_value=0.000243178 0.0288087 0.0260905 0.0328754 -0.0037649 -0.0632744 -0.0583008 -0.0413808 -0.0694908 -0.043064 0.0660667 -0.0711838 0.0683811
internal_weight=3302.8 2282.34 2121.53 1728.59 392.939 1020.46 516.124 261.082 504.336 31.956 160.813 472.38 152.161
internal_count=14066 9402 8746 7100 1646 4664 2340 1177 2324 143 656 2181 621
cat_boundaries=0 1 2 3
cat_threshold=48 1 32
is_linear=0
shrinkage=0.05


Tree=5
num_leaves=15
num_cat=4
split_feature=0 4 34 34 19 1 5 1 0 4 39 38 4 34
split_gain=2143.55 88.1376 143.306 115.77 52.9905 53.2003 36.327 15.1806 30.0723 23.6022 7.35135 5.66475 8.85901 2.42383
threshold=0 0.12545942051955486 25.150000000000002 20.350000000000005 28.088194500000004 1 -0.77243990499604276 2 3 -0.99054481509840819 18.750000000000004 5.9175595000000003 -0.84315017450793706 25.350000000000005
decision_type=1 2 2 2 2 1 2 1 1 2 2 2 2 2
left_child=7 4 3 -3 5 -2 -6 8 9 -1 -4 12 -9 -13
right_child=1 2 10 -5 6 -7 -8 11 -10 -11 -12 13 -14 -15
leaf_value=0.032737683641847169 0.050281296066553294 -0.070512818166398872 0.030749180635154839 0.012916615869321621 -0.062562744049003846 0.027776675299727372 0.025643003152773122 -0.014327266116609394 -0.069325640096379246 -0.041670696664761947 0.059204616509485844 -0.070803461831911815 -0.06814889862260616 -0.052781769036501038
leaf_weight=10.42883589863777 532.76850914955139 42.525965124368668 30.13739313185215 935.79239366948605 20.998016774654388 527.76905271410942 24.015272960066795 14.438439205288889 246.38298362493515 246.57757960259914 174.23594763875008 424.1427027285099 17.011622667312622 35.379453748464584
leaf_count=45 2166 200 123 3853 86 2159 98 63 1153 1131 704 2015 80 165
internal_value=-3.09788e-05 0.0265977 0.0172032 0.00922177 0.0368634 0.0391187 -0.0159691 -0.0609295 -0.055088 -0.0370983 0.0551787 -0.0680331 -0.0446428 -0.0695336
internal_weight=3282.6 2288.24 1182.69 978.318 1105.55 1060.54 45.0133 994.362 503.389 257.006 204.373 490.972 31.4501 459.522
internal_count=14041 9389 4880 4053 4509 4325 184 4652 2329 1176 827 2323 143 2180
cat_boundaries=0 1 2 3 4
cat_threshold=48 1 1 32
is_linear=0
shrinkage=0.05


Tree=6
num_leaves=15
num_cat=1
split_feature=43 32 5 26 5 37 1 44 25 39 34 42 32 37
split_gain=81.6386 114.763 66.7467 63.4199 69.7705 61.9232 52.605 50.1432 31.156 22.278 16.6096 11.1531 8.05737 5.96809
threshold=13.550000000000002 29.595238000000005 0.029024409397335454 15.15 0.046214085385334856 25.500000000000004 0 34.400000000000013 6.4368055000000011 19.050000000000004 22.850000000000005 6.5000000000000009 27.019940500000001 34.500000000000007
decision_type=2 2 2 2 2 2 1 2 2 2 2 2 2 2
left_child=1 2 7 4 8 -4 9 -1 -2 -5 -8 13 -6 -3
right_child=3 11 5 6 12 -7 10 -9 -10 -11 -12 -13 -14 -15
leaf_value=-0.066947056700740054 -0.0095796347750442754 0.026368669292598276 -0.073153803585806795 0.0095380654571696772 0.012269925436364279 -0.0050307527493457698 0.036180738397673946 -0.021454162881309167 -0.045815226128230926 0.030133662280236301 0.0010537246128394333 0.049540595037557922 0.056254061827479399 0.0037318117264297569
leaf_weight=80.426898911595345 126.51693177223206 118.77187772095203 33.435086190700531 191.89290335774422 157.59675072133541 1077.2185065001249 34.719708621501923 243.6456592977047 111.82903908193111 423.49729013442993 582.80910563468933 43.472945019602776 10.281335905194281 38.952015101909637
leaf_count=348 540 502 154 815 671 4672 150 1051 479 1797 2511 184 44 165
internal_value=-0.00012331 -0.00802282 -0.0129853 0.00776076 -0.00935667 -0.00714549 0.0134037 -0.0329156 -0.0267013 0.0237374 0.00308399 0.0272533 0.0152808 0.0208369
internal_weight=3275.07 1635.92 1434.73 1639.14 406.224 1110.65 1232.92 324.073 238.346 615.39 617.529 201.197 167.878 157.724
internal_count=14083 7076 6225 7007 1734 4826 5273 1399 1019 2612 2661 851 715 667
cat_boundaries=0 1
cat_threshold=1
is_linear=0
shrinkage=0.05


Tree=7
num_leaves=15
num_cat=6
split_feature=0 0 1 0 36 5 33 39 1 0 5 38 4 34
split_gain=2000.32 79.3472 83.8179 112.412 69.5624 50.2471 39.4665 28.1518 12.2737 25.7986 22.0237 7.92914 11.3038 3.16103
threshold=0 1 2 3 96.500000000000014 0.80798785254895478 32.550000000000004 15.050000000000002 4 5 0.39629089145655316 5.9175595000000003 -0.83377653105606597 26.050000000000004
decision_type=1 1 1 1 2 2 2 2 1 1 2 2 2 2
left_child=8 5 4 -4 -3 7 -7 -2 9 10 -1 12 -10 -13
right_child=1 2 3 -5 -6 6 -8 -9 11 -11 -12 13 -14 -15
leaf_value=-0.027373145862953155 -0.0037171525195945441 0.0089832408419787298 0.033332682283510537 -0.0045141101539417951 0.040025731693715434 0.044009399416815712 -0.017561146881278789 0.052214485055928544 -0.0053164986842638134 -0.067943357509922642 -0.058882558610897362 -0.068749870923236853 -0.066399436639370188 -0.037649310262437591
leaf_weight=164.3154229670763 23.563330218195915 258.46339017152786 288.58578541874886 566.53834383189678 602.44911643862724 46.998413294553757 56.000386580824852 442.8742733001709 13.942858994007112 243.78641434013844 85.841524243354797 442.01993030309677 16.08618725836277 12.328229933977125
leaf_count=758 96 1071 1184 2333 2443 191 235 1801 61 1171 402 2165 78 57
internal_value=-0.000325603 0.0252822 0.0196077 0.00861899 0.0307274 0.0416872 0.0106866 0.049387 -0.0597612 -0.0544501 -0.0369075 -0.0662852 -0.0391232 -0.0679905
internal_weight=3263.79 2285.47 1716.04 855.124 860.913 569.436 102.999 466.438 978.321 493.943 250.157 484.377 30.029 454.348
internal_count=14046 9354 7031 3517 3514 2323 426 1897 4692 2331 1160 2361 139 2222
cat_boundaries=0 1 2 3 4 5 6
cat_threshold=48 1 1 8 1 32
is_linear=0
shrinkage=0.05


Tree=8
num_leaves=15
num_cat=5
split_feature=0 6 20 0 1 5 5 32 1 0 5 38 4 34
split_gain=1845.67 76.4934 70.0478 56.9122 74.6027 49.3357 33.9961 25.2499 12.346 26.1363 18.4671 6.5554 10.0285 2.79981
threshold=0 2.5000000000000004 36.350000000000001 1 2 -0.97874870457683605 0.82777578779003613 28.763095000000003 3 4 0.38043945030393422 5.9175595000000003 -0.83377653105606597 26.050000000000004
decision_type=1 2 2 1 1 2 2 2 1 1 2 2 2 2
left_child=8 2 5 6 -5 -2 -3 -4 9 10 -1 12 -10 -13
right_child=1 3 7 4 -6 -7 -8 -9 11 -11 -12 13 -14 -15
leaf_value=-0.026884243646010764 -0.068121687648958637 0.051765282121541113 -0.024093665306449307 0.035221661050316905 0.011553887847030937 0.0039593585840013009 0.013889713392062023 0.064625773569935166 -0.0072493929279385172 -0.066531821406113315 -0.055624544550709892 -0.067246541074687513 -0.065179717149387265 -0.038017432553577757
leaf_weight=163.72718587517738 24.163569748401642 381.89592249691486 8.6813185364007932 673.03438507020473 660.82464309036732 418.26772701740265 71.146453902125359 61.193213149905205 13.68380528688431 237.41571795940399 87.4525326192379 421.70779925584793 16.228359147906303 12.789031028747557
leaf_count=763 99 1542 36 2730 2709 1728 293 248 60 1174 419 2129 81 60
internal_value=-3.49062e-05 0.0242151 0.00727027 0.0292019 0.0233387 -0.000122124 0.0448726 0.0534187 -0.0581486 -0.0528523 -0.0356576 -0.0648446 -0.0397704 -0.0664755
internal_weight=3252.21 2299.21 512.306 1786.9 1333.86 442.431 453.042 69.8745 953.004 488.595 251.18 464.409 29.9122 434.497
internal_count=14071 9385 2111 7274 5439 1827 1835 284 4686 2356 1182 2330 141 2189
cat_boundaries=0 1 2 3 4 5
cat_threshold=48 1 1 1 32
is_linear=0
shrinkage=0.05


Tree=9
num_leaves=12
num_cat=5
split_feature=0 34 4 0 1 44 0 4 1 5 10
split_gain=1707.46 69.9433 74.6045 59.8818 66.4137 35.0135 12.973 26.4259 18.9889 16.497 7.05083
threshold=0 20.350000000000005 0.21022171450811272 1 2 31.150000000000002 3 -0.84315017450793706 4 -0.03976928634766979 67.875000000000014
decision_type=1 2 2 1 1 2 1 2 1 2 2
left_child=6 2 10 5 -5 -3 7 9 -9 -1 -2
right_child=1 3 -4 4 -6 -7 -8 8 -10 -11 -12
leaf_value=-0.044537322505766003 -0.0069977236155913175 0.0064782930560982541 -0.068913622479240044 0.03014471746176316 0.010128846771823187 0.045087463400001165 -0.066519178009627256 -0.041137227227705235 -0.06358834885034241 0.0024147505936206459 0.031350190358684658
leaf_weight=33.633146733045578 16.868764340877533 67.246646165847778 40.629328355193138 825.90794640779495 833.87168873846531 483.05036363005638 455.04632933437824 205.82260595262051 190.92291933298111 40.475899457931519 37.895665466785431
leaf_count=163 69 273 197 3340 3410 1948 2336 990 993 191 153
internal_value=0.000222726 0.0232576 -0.0184087 0.0251687 0.0199806 0.0396701 -0.0567355 -0.0459775 -0.0520739 -0.0192029 0.0196244
internal_weight=3231.37 2305.47 95.3938 2210.08 1659.78 550.297 925.901 470.855 396.746 74.109 54.7644
internal_count=14063 9390 419 8971 6750 2221 4673 2337 1983 354 222
cat_boundaries=0 1 2 3 4 5
cat_threshold=48 1 1 32 1
is_linear=0
shrinkage=0.05


Tree=10
num_leaves=15
num_cat=3
split_feature=0 33 36 34 34 1 0 4 38 4 34 13 43 5
split_gain=1560.98 64.4995 123.675 72.9743 55.4372 11.449 23.6949 22.1237 9.47009 10.2837 4.39688 2.78726 2.48004 2.11898
threshold=0 36.850000000000001 94.500000000000014 24.450000000000003 20.950000000000003 1 2 -0.99054481509840819 5.9175595000000003 -0.83377653105606597 25.850000000000005 10.443750000000003 49.000000000000007 -0.16799793862756093
decision_type=1 2 2 2 2 1 1 2 2 2 2 2 2 2
left_child=5 2 4 -4 -2 6 7 -1 9 -7 13 -12 -10 -3
right_child=1 10 3 -5 -6 8 -8 -9 12 -11 11 -13 -14 -15
leaf_value=0.036043448002906202 -0.072414996103876209 0.069963495961115021 0.029230454905037173 0.0035599472626633567 -0.0023568936611456067 -0.003957271074072591 -0.063997366023114524 -0.038301677093823115 -0.064779922308678142 -0.062386801346140844 0.022505856624007725 0.046865902035966335 -0.023376099872366385 0.050890869261744145
leaf_weight=9.6995474696159345 30.247365549206734 36.92447617650032 1473.0443865060806 341.23835676908493 293.96240483224392 15.29822361469269 220.83424372971058 231.97812947630882 403.25744362175465 14.113182246685026 19.473581314086914 47.937913939356804 5.1152689754962912 63.526764869689941
leaf_count=42 141 148 5972 1386 1206 68 1161 1130 2161 75 78 192 27 257
internal_value=-0.000210076 0.0215931 0.0193258 0.0244069 -0.00909558 -0.0556489 -0.0504293 -0.0337893 -0.0623042 -0.0331244 0.0514705 0.0402607 -0.0643197 0.0585222
internal_weight=3206.65 2306.36 2138.49 1814.28 324.21 900.296 462.512 241.678 437.784 29.4114 167.863 67.4115 408.373 100.451
internal_count=14044 9380 8705 7358 1347 4664 2333 1172 2331 143 675 270 2188 405
cat_boundaries=0 1 2 3
cat_threshold=48 1 32
is_linear=0
shrinkage=0.05


Tree=11
num_leaves=15
num_cat=5
split_feature=0 6 33 5 0 1 5 1 0 5 9 4 39 34
split_gain=1461.73 62.7201 63.8011 49.6651 47.1427 54.6527 30.6346 12.7187 25.3777 18.3329 3.42596 2.70388 7.34853 2.47743
threshold=0 2.5000000000000004 36.850000000000001 -0.97111920233974802 1 2 0.81800285027139286 3 4 0.26659387353423863 25.950000000000003 -0.83377653105606597 18.250000000000004 26.050000000000004
decision_type=1 2 2 2 1 1 2 1 1 2 2 2 2 2
left_child=7 2 3 -2 6 -6 -3 8 9 -1 -4 12 -9 -13
right_child=1 4 10 -5 5 -7 -8 11 -10 -11 -12 13 -14 -15
leaf_value=-0.022484934570963046 -0.061867186819143986 0.046163923968433156 0.064864628217884635 0.0034807795051914458 0.030119417510451586 0.0098916981899532033 0.010189982325126738 -0.028129393695293416 -0.062931974218221762 -0.051213742257549544 0.037402953497312874 -0.064553400040014572 -0.063048249837107398 -0.035456640570328678
leaf_weight=147.32433795928955 30.207100823521614 375.31185649335384 33.494491279125214 424.71533644199371 677.42846892774105 660.47786210477352 71.009562149643898 26.700713306665421 216.85033188760281 91.304536908864975 25.916679874062538 344.57554899156094 43.834155216813087 11.53579732775688
leaf_count=714 124 1506 135 1753 2730 2692 291 134 1177 461 104 1920 235 58
internal_value=-0.000277114 0.0207304 0.00542437 -0.000984541 0.0252533 0.0199992 0.039591 -0.0545946 -0.0490743 -0.0322972 0.0537026 -0.0616362 -0.0504079 -0.0637128
internal_weight=3180.69 2298.56 514.334 454.922 1784.23 1337.91 446.321 882.125 455.479 238.629 59.4112 426.646 70.5349 356.111
internal_count=14034 9335 2116 1877 7219 5422 1797 4699 2352 1175 239 2347 369 1978
cat_boundaries=0 1 2 3 4 5
cat_threshold=48 1 1 1 32
is_linear=0
shrinkage=0.05


Tree=12
num_leaves=13
num_cat=5
split_feature=0 34 4 34 0 0 1 5 38 40 12 1
split_gain=1323.53 63.538 106.618 85.5769 38.9663 13.3228 23.9256 20.2776 16.4284 8.12368 21.4171 2.93117
threshold=0 25.250000000000004 0.14250626876356548 20.350000000000005 1 2 3 0.38043945030393422 5.9175595000000003 25.550000000000004 59.500000000000007 4
decision_type=1 2 2 2 1 1 1 2 2 2 2 1
left_child=5 2 4 -4 -2 6 7 -1 -8 10 -3 -11
right_child=1 9 3 -5 -6 -7 8 -9 -10 11 -12 -13
leaf_value=-0.021553026020999851 0.036764755338300502 0.044040853999986668 -0.067354808477304629 0.0079443556526141261 0.016982316545587392 -0.063310665966658686 -0.0020923301207613184 -0.052928001986917855 -0.059900211856905895 0.072935774573795215 -0.046279723420116853 0.047991210734046136
leaf_weight=153.42961858212948 569.90214975178242 107.33338525891304 38.295796558260918 950.2536569237709 562.48058415949345 411.85715320706367 13.213454902172087 78.673256024718285 190.18635019659996 35.139707550406456 6.1938082575798026 33.983226105570793
leaf_count=752 2293 431 192 3861 2266 2329 67 409 1086 141 25 137
internal_value=-0.000329815 0.0193378 0.0169685 0.00496219 0.0274362 -0.0533559 -0.0426139 -0.0323693 -0.0561734 0.0476609 0.0387521 0.0615314
internal_weight=3150.94 2303.58 2120.93 988.549 1132.38 847.36 435.503 232.103 203.4 182.65 113.527 69.1229
internal_count=13989 9346 8612 4053 4559 4643 2314 1161 1153 734 456 278
cat_boundaries=0 1 2 3 4 5
cat_threshold=48 5 32 1 1
is_linear=0
shrinkage=0.05


Tree=13
num_leaves=13
num_cat=6
split_feature=0 0 1 0 36 43 8 44 0 1 33 38
split_gain=1234.68 62.3355 57.904 88.9335 64.1944 39.0045 64.5528 22.4228 16.1193 25.6037 19.1041 15.7367
threshold=0 1 2 3 96.500000000000014 13.550000000000002 33.250000000000007 52.000000000000007 4 5 37.100000000000009 5.9175595000000003
decision_type=1 1 1 1 2 2 2 2 1 1 2 2
left_child=8 5 4 -4 -3 6 -2 -7 9 10 -1 -11
right_child=1 2 3 -5 -6 7 -8 -9 -10 11 -12 -13
leaf_value=-0.033952456912520669 -0.0044904368716280297 0.0023262341715738375 0.015868222873604416 -0.017591741968764577 0.031848557794445363 0.048502489130348658 0.042784011057596133 -0.043835693434101146 -0.062350603409898613 -0.0046202757848848855 0.024982111150247871 -0.058944697067802636
leaf_weight=213.53046925365925 136.83470416069031 264.01097679138184 579.04152382910252 289.25317925214767 608.88284087181091 285.19086392223835 151.49165032804012 5.993672937154769 401.25908771157265 14.549481257796286 13.992081820964811 185.40645875036716
leaf_count=1085 561 1086 2360 1183 2442 1143 614 24 2351 74 69 1094
internal_value=-2.2999e-05 0.0186992 0.0137664 0.00469453 0.0229323 0.0329878 0.0204104 0.0464583 -0.0520084 -0.0409799 -0.0302347 -0.0550345
internal_weight=3149.44 2320.7 1741.19 868.295 872.894 579.511 288.326 291.185 828.738 427.478 227.523 199.956
internal_count=14086 9413 7071 3543 3528 2342 1175 1167 4673 2322 1154 1168
cat_boundaries=0 1 2 3 4 5 6
cat_threshold=48 1 1 12 32 1
is_linear=0
shrinkage=0.05


Tree=14
num_leaves=13
num_cat=2
split_feature=0 32 4 34 19 0 4 32 5 35 4 21
split_gain=1111.84 60.2505 83.3777 80.7104 34.8524 18.0028 24.6976 18.4796 14.9741 7.49436 4.63102 1.99386
threshold=0 29.595238000000005 0.10837544681456417 20.350000000000005 28.088194500000004 1 -0.861146256326485 29.308928500000004 -0.074115882986646578 69.428571500000018 0.85226249403558707 26.450000000000003
decision_type=1 2 2 2 2 1 2 2 2 2 2 2
left_child=5 2 4 -4 -2 6 8 -8 -1 10 -3 -11
right_child=1 9 3 -5 -6 -7 7 -9 -10 11 -12 -13
leaf_value=-0.040330067819025116 0.026426049206455395 0.015708878411550598 -0.066164268358382891 0.0077061759395992569 -0.018688828085096216 -0.061443679808742983 -0.049821645124896834 -0.013457052139409063 0.0072987475189841 0.078552522037470374 0.045175781551589744 0.04663778444693728
leaf_weight=26.989379525184631 1073.7158582210541 17.158352762460709 37.380903407931328 1013.1233288049698 43.908013164997101 383.54248988628387 313.43671950697899 40.309869363903999 39.602453544735909 23.097591876983643 93.548206448554993 14.17571786046028
leaf_count=143 4316 69 193 4107 179 2329 1775 216 198 93 377 57
internal_value=-0.00041726 0.0171861 0.0151382 0.00501716 0.0246385 -0.0506777 -0.0395377 -0.0457275 -0.0123161 0.0480416 0.0407902 0.0679504
internal_weight=3119.99 2316.11 2168.13 1050.5 1117.62 803.881 420.338 353.747 66.5918 147.98 110.707 37.2733
internal_count=14052 9391 8795 4300 4495 4661 2332 1991 341 596 446 150
cat_boundaries=0 1 2
cat_threshold=48 32
is_linear=0
shrinkage=0.05


Tree=15
num_leaves=13
num_cat=3
split_feature=0 26 2 43 32 13 39 0 4 1 5 26
split_gain=1093.02 54.6193 123.202 76.3544 75.0202 36.7933 30.7017 14.2983 22.4103 16.042 14.6579 10.9935
threshold=0 15.15 9.5000000000000018 14.250000000000002 29.595238000000005 6.7770835000000007 18.450000000000003 1 -0.84315017450793706 2 -0.056951011027366542 10.350000000000003
decision_type=1 2 2 2 2 2 2 1 2 1 2 2
left_child=7 2 5 4 -3 -2 -5 8 10 -10 -1 -4
right_child=1 3 11 6 -6 -7 -8 -9 9 -11 -12 -13
leaf_value=-0.03972211402871257 -0.0065440385362566444 0.0064467122827539421 -0.027449660380099841 0.014804167342607914 0.045351389324820079 -0.046900442185934504 0.037454282946853761 -0.060662286619883793 -0.035578115286460356 -0.057625939575605169 0.0070034095832608376 0.031579307608042201
leaf_weight=29.168359681963921 135.22515574097633 879.60023920238018 7.473950892686843 196.46471217274666 143.33116605877876 96.465593978762627 652.31724542379379 375.85446682572365 189.78259466588497 158.23603412508965 37.272091507911682 201.52948199212551
leaf_count=159 545 3605 30 790 579 394 2623 2366 1011 996 187 809
internal_value=-1.47201e-05 0.0173521 0.00158592 0.021154 0.0119369 -0.023476 0.0322351 -0.0503693 -0.039708 -0.0457391 -0.0137946 0.0293478
internal_weight=3102.72 2312.41 440.694 1871.71 1022.93 231.691 848.782 790.314 414.459 348.019 66.4405 209.003
internal_count=14094 9375 1778 7597 4184 939 3413 4719 2353 2007 346 839
cat_boundaries=0 1 2 3
cat_threshold=48 32 1
is_linear=0
shrinkage=0.05


Tree=16
num_leaves=13
num_cat=3
split_feature=0 38 6 5 6 34 37 38 0 4 1 32
split_gain=988.618 54.6546 61.8491 52.5516 49.176 38.5212 76.5422 27.0764 18.3672 23.3528 18.2863 13.8621
threshold=0 10.962202500000002 2.5000000000000004 -0.97111920233974802 1.5000000000000002 23.350000000000005 32.500000000000007 14.349107500000001 1 -0.85227431625818906 2 26.829762000000006
decision_type=1 2 2 2 2 2 2 2 1 2 1 2
left_child=8 2 4 -4 -2 6 -3 -7 9 11 -11 -1
right_child=1 5 3 -5 -6 7 -8 -9 -10 10 -12 -13
leaf_value=-0.023851993721508674 0.0021920399898080743 -0.047934316635717893 0.043457498675524377 0.013967446733433163 -0.048430679039591952 0.043779666470838051 0.051743055648410634 -0.014815115894986176 -0.059874961024547396 -0.03302920983815557 -0.056798460803374577 0.028972995846541318
leaf_weight=50.634905308485031 313.53322575986385 38.606247812509537 169.09243211150169 1377.4449383318424 55.624232605099678 314.98347024619579 36.490467861294746 20.561244800686836 359.43330851197243 184.44762887060642 153.65173071622849 15.429867699742315
leaf_count=265 1289 158 680 5570 236 1273 147 83 2348 1000 1002 80
internal_value=9.817e-05 0.0163211 0.0128306 0.0172178 -0.00554597 0.0329306 0.000543689 0.0401558 -0.0488569 -0.0377314 -0.043967 -0.0112663
internal_weight=3089.93 2326.34 1915.69 1546.54 369.157 410.641 75.0967 335.545 763.597 404.164 338.099 66.0648
internal_count=14131 9436 7775 6250 1525 1661 305 1356 4695 2347 2002 345
cat_boundaries=0 1 2 3
cat_threshold=48 32 1
is_linear=0
shrinkage=0.05


Tree=17
num_leaves=13
num_cat=3
split_feature=0 33 36 34 20 0 1 4 25 34 4 4
split_gain=909.69 48.447 97.6143 61.9871 51.3963 19.3279 24.8325 19.5446 10.5609 5.72319 4.60008 2.75975
threshold=0 36.850000000000001 94.500000000000014 24.450000000000003 33.250000000000007 1 2 -0.99275805973510278 6.0458335000000014 25.950000000000003 0.98522604642031408 0.99053107487289871
decision_type=1 2 2 2 2 1 1 2 2 2 2 2
left_child=5 2 4 -4 -2 6 7 -1 -8 11 -11 -3
right_child=1 9 3 -5 -6 -7 8 -9 -10 10 -12 -13
leaf_value=0.044171850799151847 -0.065436508396939735 0.053894291989256118 0.022569538200974723 -0.00092372771765040758 -0.0042816336509971685 -0.05912658517663693 -0.020936464982383742 -0.029040453883564289 -0.056195309912333652 0.034001042120398804 -0.0076678692133287851 0.030121987639746994
leaf_weight=8.6675495654344541 38.051895558834076 79.614322349429131 1472.8705304265022 346.75235025584698 287.25483559072018 343.06131559610367 26.435211792588234 208.30259838700294 155.14108297228813 55.393263667821884 7.1317365616559973 19.753237366676331
leaf_count=38 167 323 5946 1402 1184 2328 159 1136 1034 226 29 80
internal_value=1.44769e-05 0.0155226 0.0135856 0.0180945 -0.0116137 -0.0477466 -0.0366259 -0.0259265 -0.0512049 0.0418979 0.0292023 0.0495158
internal_weight=3048.43 2306.82 2144.93 1819.62 325.307 741.608 398.546 216.97 181.576 161.893 62.525 99.3676
internal_count=14052 9357 8699 7348 1351 4695 2367 1174 1193 658 255 403
cat_boundaries=0 1 2 3
cat_threshold=48 32 1
is_linear=0
shrinkage=0.05


Tree=18
num_leaves=13
num_cat=3
split_feature=0 38 25 26 23 33 44 5 0 1 5 38
split_gain=840.251 45.9679 54.8775 74.8744 30.6648 43.7466 31.7787 27.4263 21.8257 24.6737 21.8706 17.4943
threshold=0 10.962202500000002 6.8347225000000007 14.850000000000003 94.500000000000014 36.850000000000001 50.20000000000001 -0.99052477729077237 1 2 0.24997576770840005 5.9175595000000003
decision_type=1 2 2 2 2 2 2 2 1 1 2 2
left_child=8 2 7 -4 5 -3 -6 -2 9 10 -1 -11
right_child=1 4 3 -5 6 -7 -8 -9 -10 11 -12 -13
leaf_value=-0.012047237320234466 0.062846142674477773 -0.00077814513343536665 -0.033258524160489883 0.0094961972961817454 0.057097685889972341 0.042081189893689086 -0.0030833345207981634 0.021028436023795671 -0.058455089368839808 0.0039914735821588148 -0.044892936386940981 -0.054775468795427419
leaf_weight=134.21008062362671 41.469992205500603 129.82094544172287 111.16976597905159 1177.2741564363241 133.26468299329281 108.91782148182392 26.101047813892365 571.45251257717609 332.70525217056274 13.607972860336302 81.506025195121765 159.34419941902161
leaf_count=713 167 528 454 4800 536 444 105 2297 2346 73 471 1100
internal_value=4.06729e-05 0.0148332 0.0116515 0.00578429 0.0303337 0.0188692 0.0472834 0.0239556 -0.0466276 -0.0351728 -0.0246075 -0.0501553
internal_weight=3020.84 2299.47 1901.37 1288.44 398.104 238.739 159.366 612.923 721.374 388.668 215.716 172.952
internal_count=14034 9331 7718 5254 1613 972 641 2464 4703 2357 1184 1173
cat_boundaries=0 1 2 3
cat_threshold=48 32 1
is_linear=0
shrinkage=0.05


Tree=19
num_leaves=15
num_cat=1
split_feature=43 32 34 34 37 39 5 26 33 1 4 42 32 34
split_gain=47.4343 64.9304 71.79 62.2981 55.324 51.3527 53.7171 47.2184 24.683 22.3538 21.3639 11.9941 11.3436 4.51761
threshold=18.550000000000004 29.595238000000005 24.450000000000003 24.950000000000003 25.500000000000004 19.450000000000003 0.046214085385334856 14.750000000000002 31.650000000000002 0 -0.94705910369513513 6.5000000000000009 28.981547500000005 25.850000000000005
decision_type=2 2 2 2 2 2 2 2 2 1 2 2 2 2
left_child=1 2 4 -4 -1 6 7 -2 -8 12 -11 13 -7 -3
right_child=5 11 3 -5 -6 9 8 -9 -10 10 -12 -13 -14 -15
leaf_value=-0.069477657952245614 -0.043796739267039392 0.025657844021913276 -0.047149354173174646 -0.0029862014895164803 -0.0016335973593510794 0.025960510806171556 -0.0031750614158213689 -0.0026823517493645525 0.03796630537574034 -0.018728558453459429 0.015300010026270423 0.046753721921186632 0.077119172872411546 0.0083011678179047681
leaf_weight=29.713653296232224 98.281603395938873 66.931063637137413 193.26255594193935 135.83183866739273 1392.0115682482719 280.26293309032917 61.592992961406708 235.9261377453804 87.823834791779518 57.388406172394753 219.92597532272339 39.594703406095505 10.594899490475653 86.967389702796936
leaf_count=158 457 314 912 635 6549 1269 282 1090 397 267 1046 181 48 403
internal_value=-0.000311614 -0.0049382 -0.00797884 -0.0289855 -0.00309936 0.00823749 -0.00373517 -0.0148676 0.0210985 0.0184172 0.00821603 0.0224746 0.0280819 0.0159666
internal_weight=2996.11 1944.31 1750.82 329.094 1421.73 1051.8 483.625 334.208 149.417 568.172 277.314 193.493 290.858 153.898
internal_count=14008 9152 8254 1547 6707 4856 2226 1547 679 2630 1313 898 1317 717
cat_boundaries=0 1
cat_threshold=1
is_linear=0
shrinkage=0.05


Tree=20
num_leaves=13
num_cat=6
split_feature=0 0 1 0 4 43 8 0 1 35 5 38
split_gain=764.879 50.9692 52.8078 90.9384 59.8149 34.0017 54.4619 24.2425 25.7371 22.2961 20.2216 16.5513
threshold=0 1 2 3 0.9053161325100999 13.550000000000002 33.350000000000001 4 5 83.750000000000014 0.38043945030393422 5.9175595000000003
decision_type=1 1 1 1 2 2 2 1 1 2 2 2
left_child=7 5 4 -4 -3 6 -2 8 10 -7 -1 -10
right_child=1 2 3 -5 -6 9 -8 -9 11 -11 -12 -13
leaf_value=-0.01180330244418906 -0.007083703454107363 0.024020096327051502 0.023438070259146616 -0.010426727384424656 -0.012130998611311478 0.06888847918471705 0.036408267342474869 -0.057815243904977755 0.0056053177671155155 0.032741039921976391 -0.045001620295212826 -0.05366714170635295
leaf_weight=141.89549136161804 140.06533271074295 736.64838169515133 287.78668069839478 578.2463002204895 134.79188354313374 52.858543530106544 146.48646034300327 316.67410703003407 12.553501695394514 235.10520914196968 67.5664202272892 153.8069988116622
leaf_count=757 576 2988 1167 2356 548 213 597 2321 67 952 406 1102
internal_value=0.000263624 0.0140944 0.00968283 0.000990819 0.0184209 0.0270036 0.0151989 -0.0454144 -0.0336183 0.0395917 -0.0226751 -0.0491877
internal_weight=3004.49 2311.99 1737.47 866.033 871.44 574.516 286.552 692.497 375.822 287.964 209.462 166.361
internal_count=14050 9397 7059 3523 3536 2338 1173 4653 2332 1165 1163 1169
cat_boundaries=0 1 2 3 4 5 6
cat_threshold=48 1 1 8 32 1
is_linear=0
shrinkage=0.05


Tree=21
num_leaves=13
num_cat=7
split_feature=0 0 1 0 0 43 8 0 1 44 8 25
split_gain=704.124 47.1805 49.5134 86.1361 60.9705 29.5508 50.529 24.2009 27.2058 22.795 19.195 10.8666
threshold=0 1 2 3 4 13.550000000000002 33.250000000000007 5 6 52.000000000000007 35.850000000000001 6.0458335000000014
decision_type=1 1 1 1 1 2 2 1 1 2 2 2
left_child=7 5 4 -4 -3 6 -2 8 10 -7 -1 -10
right_child=1 2 3 -5 -6 9 -8 -9 11 -11 -12 -13
leaf_value=-0.025815963886134316 -0.0072566685695301504 0.026332787508448419 0.011423410132058991 -0.021416648540615351 -0.0018453909634066189 0.039346078079180988 0.034240453864355917 -0.057194885984571543 -0.017810432230648911 -0.050202755784663315 0.03158403030062186 -0.054566862702179468
leaf_weight=191.8261431157589 139.15475763380527 583.93972079455853 586.45450803637505 288.90934002399445 289.56173545122147 281.69620510935783 153.46015255153179 304.71239208430052 24.992029592394829 6.4706006944179526 14.918905422091482 137.21295007318258
leaf_count=1083 572 2370 2381 1180 1175 1144 626 2324 158 26 80 1020
internal_value=-1.25372e-06 0.0130448 0.00881527 0.000458617 0.0172804 0.0253804 0.0145487 -0.0446017 -0.0328464 0.0371687 -0.0215418 -0.0490474
internal_weight=3003.31 2329.65 1748.87 875.364 873.501 580.782 292.615 673.662 368.95 288.167 206.745 162.205
internal_count=14139 9474 7106 3561 3545 2368 1198 4665 2341 1170 1163 1178
cat_boundaries=0 1 2 3 4 5 6 7
cat_threshold=48 1 1 12 6 32 1
is_linear=0
shrinkage=0.05


Tree=22
num_leaves=13
num_cat=4
split_feature=0 34 34 39 37 0 1 43 0 39 4 40
split_gain=695.502 46.1978 76.8618 99.5315 66.9118 19.1697 19.979 17.5795 13.0561 14.9696 8.91357 8.22316
threshold=0 25.250000000000004 24.550000000000004 19.150000000000002 25.500000000000004 1 2 14.100000000000001 3 25.100000000000005 -0.83377653105606597 26.450000000000003
decision_type=1 2 2 2 2 1 1 2 1 2 2 2
left_child=5 2 4 -4 -2 6 7 -1 9 -3 -8 -10
right_child=1 8 3 -5 -6 -7 10 -9 11 -11 -12 -13
leaf_value=-0.039014998331483849 -0.071303189799884648 -0.0068121134995897314 -0.058270912558587941 0.0063701731091041162 0.01598290782434833 -0.056644854887534873 -0.021907638848783231 -0.0098026383005239241 0.037481506335325675 0.062713394652618312 -0.053824343063638813 0.064384204220204369
leaf_weight=100.43006578087807 21.254274949431419 36.874359756708145 84.144427731633186 197.55776008963585 1817.6119917482138 295.57446102797985 28.789859771728516 106.45676761865616 85.268986254930496 8.7498213052749616 125.97382923960686 48.666836574673653
leaf_count=600 101 150 345 801 7377 2345 181 578 354 36 980 198
internal_value=0.000238164 0.0132264 0.0112102 -0.0130759 0.0149358 -0.0446907 -0.033537 -0.0241028 0.0375758 0.00624186 -0.0480658 0.0443731
internal_weight=2957.35 2300.13 2120.57 281.702 1838.87 657.225 361.651 206.887 179.56 45.6242 154.764 133.936
internal_count=14046 9362 8624 1146 7478 4684 2339 1178 738 186 1161 552
cat_boundaries=0 1 2 3 4
cat_threshold=48 32 1 4
is_linear=0
shrinkage=0.05


Tree=23
num_leaves=13
num_cat=5
split_feature=0 34 4 34 1 0 4 1 32 40 12 1
split_gain=610.464 42.5761 66.6078 67.1574 28.3257 23.1503 22.6398 18.4823 17.7902 12.5386 27.8383 1.02475
threshold=0 25.250000000000004 0.10837544681456417 20.350000000000005 1 2 -0.84315017450793706 3 26.829762000000006 25.550000000000004 59.500000000000007 4
decision_type=1 2 2 2 1 1 2 1 2 2 2 1
left_child=5 2 4 -4 -2 6 8 -8 -1 10 -3 -11
right_child=1 9 3 -5 -6 -7 7 -9 -10 11 -12 -13
leaf_value=-0.019928834139633748 0.026084540877936036 0.031094973587753399 -0.065118350078169782 0.0029497190227392015 0.010107501183486496 -0.056081714995786874 -0.027418689092875533 -0.053250413169835691 0.041268805263044758 0.060887111923491111 -0.069523797844150845 0.043205479238487367
leaf_weight=48.424241453409195 558.7454200387001 102.20852848887444 36.633348777890205 975.35516279935837 554.0857940018177 283.28502322733402 168.76105155050755 122.37775155156851 14.644130349159239 31.959222614765167 6.4325723052024832 33.729565441608429
leaf_count=276 2265 426 196 3952 2234 2342 998 986 80 131 26 137
internal_value=-0.00041785 0.0116185 0.00970947 0.000423847 0.0181457 -0.0432818 -0.0316639 -0.0384219 -0.00529673 0.0353609 0.0245576 0.052592
internal_weight=2936.64 2299.15 2124.82 1011.99 1112.83 637.492 354.207 291.139 63.0684 174.33 108.641 65.6888
internal_count=14049 9367 8647 4148 4499 4682 2340 1984 356 720 452 268
cat_boundaries=0 1 2 3 4 5
cat_threshold=48 1 32 1 1
is_linear=0
shrinkage=0.05


Tree=24
num_leaves=13
num_cat=3
split_feature=0 38 38 5 39 44 35 4 0 1 4 38
split_gain=565.883 44.1954 54.2036 68.1256 64.5229 31.681 44.0108 26.3326 21.6212 19.7525 19.5269 17.3627
threshold=0 10.962202500000002 7.4404760000000012 -0.98212955754013376 18.650000000000002 45.20000000000001 86.110119000000012 0.83376496542330847 1 2 -0.99275805973510278 5.7779760000000016
decision_type=1 2 2 2 2 2 2 2 1 1 2 2
left_child=8 2 3 -2 -4 7 -7 -3 9 10 -1 -11
right_child=1 5 4 -5 -6 6 -8 -9 -10 11 -12 -13
leaf_value=0.049554329865649588 0.062802770959738741 0.057126590829592233 -0.025865642009845865 0.012623812270677968 0.0058221533030216243 -0.009440781747508677 0.046812110255680862 0.023196156616459334 -0.05559643237924855 0.017058730929870033 -0.025220941631688754 -0.050842358526240132
leaf_weight=8.2399793416261655 73.655811950564384 97.462137535214424 194.06694141030312 732.46660213172436 909.39904481172562 109.33460830152035 49.816379025578499 142.38781422376633 273.48657241463661 9.6403450369834882 191.23059587180614 136.48478111624718
leaf_count=36 299 394 792 2958 3739 446 203 587 2351 53 1133 1117
internal_value=-0.000862035 0.0105582 0.00743367 0.0172808 0.000230837 0.02572 0.00834948 0.0371636 -0.0428759 -0.031405 -0.0219002 -0.0462772
internal_weight=2927.67 2308.59 1909.59 806.122 1103.47 399.001 159.151 239.85 619.082 345.596 199.471 146.125
internal_count=14108 9418 7788 3257 4531 1630 649 981 4690 2339 1169 1170
cat_boundaries=0 1 2 3
cat_threshold=48 32 1
is_linear=0
shrinkage=0.05


Tree=25
num_leaves=13
num_cat=5
split_feature=0 0 4 37 1 5 33 0 1 39 43 34
split_gain=537.944 45.0404 39.5599 81.2436 37.1675 28.9287 29.54 25.2117 22.0212 21.5155 17.9905 11.1518
threshold=0 1 0.77244481603295057 47.500000000000007 2 0.80798785254895478 32.550000000000004 3 4 15.050000000000002 14.100000000000001 25.350000000000005
decision_type=1 1 2 2 1 2 2 1 1 2 2 2
left_child=7 5 4 -4 -3 9 -7 8 10 -2 -1 -10
right_child=1 2 3 -5 -6 6 -8 -9 11 -11 -12 -13
leaf_value=-0.035061043301288196 -0.016769995660207124 0.019916528480035309 0.0029357333004799754 -0.058593186886106208 0.0029591532506376764 0.028176881411605199 -0.024851421816608689 -0.055092593442748319 -0.049490273828027037 0.031426594540021668 -0.0046862349914029563 0.0016009183820648626
leaf_weight=93.895242884755135 23.821574985980988 645.51077236235142 364.39724144339561 61.896585911512375 646.85444395244122 48.028084591031075 55.558822065591812 262.40975638478994 131.65771700441837 446.01186154782772 100.97938653826714 11.54869721829891
leaf_count=592 97 2630 1495 253 2626 193 233 2351 1091 1833 563 91
internal_value=0.000129731 0.0111974 0.00704228 -0.0061143 0.0114379 0.0232841 -0.000230513 -0.0415592 -0.0296499 0.0289525 -0.0194258 -0.0453876
internal_weight=2892.57 2292.08 1718.66 426.294 1292.37 573.42 103.587 600.491 338.081 469.833 194.875 143.206
internal_count=14048 9360 7004 1748 5256 2356 426 4688 2337 1930 1155 1182
cat_boundaries=0 1 2 3 4 5
cat_threshold=48 1 1 32 1
is_linear=0
shrinkage=0.05


Tree=26
num_leaves=13
num_cat=3
split_feature=0 34 34 39 37 0 1 33 38 40 8 9
split_gain=489.123 41.8693 57.3291 84.209 58.3754 26.2348 22.0752 17.4186 16.8132 9.96652 22.2318 2.7275
threshold=0 25.250000000000004 24.550000000000004 19.150000000000002 25.500000000000004 1 2 37.100000000000009 5.9175595000000003 26.450000000000003 33.250000000000007 27.300000000000001
decision_type=1 2 2 2 2 1 1 2 2 2 2 2
left_child=5 2 4 -4 -2 6 7 -1 -8 10 -3 -11
right_child=1 9 3 -5 -6 -7 8 -9 -10 11 -12 -13
leaf_value=-0.022485199824629706 -0.069649120835148376 -0.072894572161887869 -0.054165477010464286 0.0052772618867174019 0.012609557915612669 -0.054604576717333347 0.011158338694673201 0.035827776373360938 -0.050083485532252038 0.052856417287123758 0.029319230392181594 0.011539873301312245
leaf_weight=181.0216461867094 20.847312107682228 4.6523632258176795 84.005891397595406 198.68791805207729 1816.7817152142525 250.10810770094395 11.93327774107456 12.890713408589361 125.88853567093611 57.431970298290253 109.37353233993053 4.979449823498725
leaf_count=1092 103 19 348 806 7395 2335 69 70 1111 236 461 21
internal_value=-8.08369e-05 0.0103264 0.00841418 -0.0125155 0.011639 -0.0405901 -0.0286106 -0.0184448 -0.0447387 0.0337108 0.0245513 0.049794
internal_weight=2878.6 2296.76 2120.32 282.694 1837.63 581.842 331.734 193.912 137.822 176.437 114.026 62.4114
internal_count=14066 9389 8652 1154 7498 4677 2342 1162 1180 737 480 257
cat_boundaries=0 1 2 3
cat_threshold=48 32 1
is_linear=0
shrinkage=0.05


Tree=27
num_leaves=12
num_cat=2
split_feature=0 34 26 5 43 4 0 43 4 39 40
split_gain=457.878 43.4863 41.0152 88.1259 43.8258 39.3308 25.408 22.2155 18.4121 18.3876 6.61633
threshold=0 20.350000000000005 15.15 0.063390085881955258 18.550000000000004 0.21022171450811272 1 36.70000000000001 -0.88622299073327826 19.750000000000004 1.1500000000000001
decision_type=1 2 2 2 2 2 1 2 2 2 2
left_child=6 5 3 -3 -4 10 7 8 -1 -9 -2
right_child=1 2 4 -5 -6 -7 -8 9 -10 -11 -12
leaf_value=-0.0042164141149581176 -0.016994318900622331 -0.026967504903360529 0.0089370990763346977 0.020063941280556368 0.025494324909582724 -0.06417918265833697 -0.054142374032788848 -0.033170328509126538 -0.036851071506787507 0.088446285627175103 0.017625529160121382
leaf_weight=52.016992919147015 23.135117903351784 196.57884286344051 1193.3645552545786 199.87448531389236 601.39070263504982 35.500545233488083 239.91127634048462 4.6772261932492238 262.91374187171459 6.3316904231905937 31.267936766147614
leaf_count=307 93 803 4861 809 2449 196 2337 33 1960 42 126
internal_value=-0.000183993 0.00983801 0.0112826 -0.00326548 0.0144962 -0.0240254 -0.0399996 -0.028162 -0.0314912 0.038317 0.00286229
internal_weight=2846.96 2281.11 2191.21 396.453 1794.76 89.9036 565.851 325.94 314.931 11.0089 54.4031
internal_count=14016 9337 8922 1612 7310 415 4679 2342 2267 75 219
cat_boundaries=0 1 2
cat_threshold=48 32
is_linear=0
shrinkage=0.05


Tree=28
num_leaves=13
num_cat=4
split_feature=0 33 36 38 44 0 1 38 43 34 0 43
split_gain=427.068 39.9557 79.3008 45.3999 42.707 24.4642 17.471 17.2002 16.414 8.17967 20.3605 0.934543
threshold=0 36.850000000000001 94.500000000000014 10.886607000000003 45.20000000000001 1 2 5.9175595000000003 19.050000000000004 25.850000000000005 3 0.65000000000000002
decision_type=1 2 2 2 2 1 1 2 2 2 1 2
left_child=5 2 4 -4 -2 6 8 -8 -1 11 -11 -3
right_child=1 9 3 -5 -6 -7 7 -9 -10 10 -12 -13
leaf_value=-0.029816160264246439 -0.0075444774025689616 0.034392708121797476 0.008623163806912618 0.033791708676629582 -0.057495432412162401 -0.053725072190233536 0.012647444753337102 -0.048590578090100651 0.000803203349372149 0.040302994891694061 -0.011456294443029244 0.047222706636317488
leaf_weight=120.48922511935234 275.19575349986553 43.020169720053673 1590.1133943796158 201.17651288211346 49.767810016870499 231.30790083855391 12.287873372435568 117.70232433825731 68.336819395422935 30.06236943602562 31.979499533772469 55.93779382109642
leaf_count=774 1146 176 6488 819 206 2348 71 1102 388 130 134 236
internal_value=-0.000448839 0.00914013 0.00734426 0.0114671 -0.0153473 -0.0395357 -0.0277925 -0.0427494 -0.018789 0.033119 0.0184409 0.042045
internal_weight=2827.38 2277.25 2116.25 1791.29 324.964 550.124 318.816 129.99 188.826 161 62.0419 98.958
internal_count=14018 9335 8659 7307 1352 4683 2335 1173 1162 676 264 412
cat_boundaries=0 1 2 3 4
cat_threshold=48 32 1 3
is_linear=0
shrinkage=0.05


Tree=29
num_leaves=12
num_cat=3
split_feature=0 34 4 26 5 43 0 1 43 38 12
split_gain=398.965 34.2494 38.1403 34.0967 78.3236 36.8566 26.8487 19.972 18.0615 14.4801 6.20556
threshold=0 20.350000000000005 0.21022171450811272 15.15 0.063390085881955258 18.550000000000004 1 2 19.050000000000004 5.9175595000000003 51.500000000000007
decision_type=1 2 2 2 2 2 1 1 2 2 2
left_child=6 2 10 4 -3 -5 7 8 -1 -9 -2
right_child=1 3 -4 5 -6 -7 -8 9 -10 -11 -12
leaf_value=-0.028358618065465808 -0.017521512644489062 -0.025587922793651959 -0.063112231575265895 0.0081340074802642281 0.018645487752674966 0.023374649331276962 -0.053326452863259433 0.008120457087291276 0.0039108667514879056 -0.048059044059812629 0.016928271307741775
leaf_weight=119.65114295482635 19.662789732217789 194.41878189146519 32.922517344355583 1190.5098859667778 204.14060904085636 595.36316618323326 223.35113344341516 12.43442329764366 67.347453132271767 114.91317655146122 34.702199459075928
leaf_count=785 79 795 188 4858 828 2433 2365 72 382 1116 140
internal_value=-0.000197613 0.00900571 -0.0215047 0.0102754 -0.00294178 0.0132251 -0.0384782 -0.0264819 -0.0167778 -0.0425531 0.00437701
internal_weight=2809.42 2271.72 87.2875 2184.43 398.559 1785.87 537.697 314.346 186.999 127.348 54.365
internal_count=14041 9321 407 8914 1623 7291 4720 2355 1167 1188 219
cat_boundaries=0 1 2 3
cat_threshold=48 32 1
is_linear=0
shrinkage=0.05


Tree=30
num_leaves=13
num_cat=5
split_feature=0 0 1 0 4 0 33 43 4 32 32 4
split_gain=367.309 39.1209 42.5195 76.4088 47.3095 26.9052 24.5689 35.6401 17.9254 23.988 14.9153 5.91056
threshold=0 1 2 3 0.9193901325473397 4 36.850000000000001 13.550000000000002 -0.84315017450793706 29.308928500000004 26.789285500000002 0.99053107487289871
decision_type=1 1 1 1 2 1 2 2 2 2 2 2
left_child=5 6 4 -4 -3 8 7 -2 10 -10 -1 -8
right_child=1 2 3 -5 -6 -7 11 -9 9 -11 -12 -13
leaf_value=-0.018296428058830576 0.0033386371061527088 0.017338863923885218 0.017246568165018534 -0.01374538083489045 -0.01649183834427825 -0.05293993994162164 0.066279063638167157 0.029451802008044033 -0.038124489457839861 0.0091557483290843501 0.036097412297074173 0.0065095033705256785
leaf_weight=38.671195305883884 246.30470855534077 724.87663988769054 291.33029800653458 572.11625108122826 119.67990052700043 214.68435596674681 32.541332945227623 277.99953024089336 217.06880360841751 30.197679683566093 17.471691057085991 4.9824998527765265
leaf_count=243 1013 2982 1186 2336 489 2369 145 1157 1759 214 100 22
internal_value=-0.000335442 0.00837387 0.0045344 -0.00324022 0.012531 -0.0378664 0.0197349 0.0172142 -0.0257218 -0.0323367 -0.00103357 0.0587177
internal_weight=2787.92 2269.83 1708 863.447 844.557 518.094 561.828 524.304 303.409 247.266 56.1429 37.5238
internal_count=14015 9330 6993 3522 3471 4685 2337 2170 2316 1973 343 167
cat_boundaries=0 1 2 3 4 5
cat_threshold=48 1 1 8 32
is_linear=0
shrinkage=0.05


Tree=31
num_leaves=13
num_cat=3
split_feature=0 38 38 39 34 2 0 44 40 1 4 38
split_gain=347.65 34.1121 46.5945 41.7447 30.9976 41.1106 23.1635 22.8124 19.9923 18.2344 17.402 14.2797
threshold=0 11.149702000000001 6.5285715000000009 25.250000000000004 23.350000000000005 2.5000000000000004 1 50.20000000000001 120.80000000000001 2 0.83376496542330847 5.9175595000000003
decision_type=1 2 2 2 2 2 1 2 2 1 2 2
left_child=6 2 8 -4 5 -3 9 -6 -2 10 -1 -11
right_child=1 4 3 -5 7 -7 -8 -9 -10 11 -12 -13
leaf_value=-0.024970422230013133 0.023370816616465381 0.067471732402917636 -0.00077466689595764773 0.0326456964929593 0.034463316344706216 -0.034475244890637358 -0.052504678093772995 -0.0086010735997871634 -0.030635086335360329 0.010024267649437701 0.012561118066341049 -0.047936003693471022
leaf_weight=145.54832682013512 363.94838291406631 11.773632928729056 1452.7378693073988 98.857065007090569 246.86937104165554 43.044310957193375 202.70622372627258 34.703880503773689 17.144764572381973 11.4336721599102 38.463877357542515 107.52694255113602
leaf_count=937 1481 48 5992 405 1026 179 2336 141 70 67 246 1107
internal_value=-0.000639898 0.00775664 0.00522681 0.00137431 0.0224627 -0.0117629 -0.0376674 0.029144 0.0208674 -0.0262487 -0.0170998 -0.0423281
internal_weight=2774.76 2269.08 1932.69 1551.59 336.391 54.8179 505.679 281.573 381.093 302.973 184.012 118.961
internal_count=14035 9342 7948 6397 1394 227 4693 1167 1551 2357 1183 1174
cat_boundaries=0 1 2 3
cat_threshold=48 32 1
is_linear=0
shrinkage=0.05


Tree=32
num_leaves=13
num_cat=4
split_feature=0 34 34 39 36 0 1 4 34 4 36 1
split_gain=315 33.3292 58.1003 73.4416 51.6016 30.0853 18.3679 18.5498 12.7651 9.14987 25.1057 4.04558
threshold=0 25.250000000000004 24.550000000000004 19.150000000000002 96.500000000000014 1 2 0.83376496542330847 25.350000000000005 0.71503381463111937 97.500000000000014 3
decision_type=1 2 2 2 2 1 1 2 2 2 2 1
left_child=5 2 4 -4 -2 6 7 -1 -8 11 -11 -3
right_child=1 9 3 -5 -6 -7 8 -9 -10 10 -12 -13
leaf_value=-0.022554814477986265 -0.0049689468634725679 0.061712719591101833 -0.054458794328975761 0.0015979460136508262 0.014367247880716333 -0.052154100097124935 -0.044705194701117196 0.015934721568086355 0.014098637967867462 0.026695681936938543 -0.073955861704200349 0.030830539695036643
leaf_weight=143.40650071948767 461.92406621575356 24.836651846766472 82.003157511353493 197.16717319190502 1357.5457197278738 195.93330992013216 106.57260464131832 39.190007522702217 9.6396118775010091 114.15823720395565 5.5978643745183936 24.750627279281616
leaf_count=932 1938 104 343 802 5541 2356 1092 248 90 494 23 101
internal_value=-2.84966e-05 0.00789359 0.00619855 -0.0150037 0.00945817 -0.035726 -0.0234845 -0.0142522 -0.0397488 0.0292036 0.0214174 0.0472126
internal_weight=2762.73 2267.98 2098.64 279.17 1819.47 494.742 298.809 182.597 116.212 169.343 119.756 49.5873
internal_count=14064 9346 8624 1145 7479 4718 2362 1180 1182 722 517 205
cat_boundaries=0 1 2 3 4
cat_threshold=48 32 1 1
is_linear=0
shrinkage=0.05


Tree=33
num_leaves=13
num_cat=3
split_feature=0 0 0 4 8 34 44 4 32 32 44 33
split_gain=277.891 33.655 30.57 28.1796 61.9077 30.5224 24.6147 22.1615 21.2349 17.578 17.4219 15.0182
threshold=0 1 2 0.79383249484937135 33.150000000000013 20.350000000000005 31.150000000000002 -0.84315017450793706 29.308928500000004 26.765178500000001 29.000000000000004 36.850000000000001
decision_type=1 1 1 2 2 2 2 2 2 2 2 2
left_child=2 6 7 5 -5 -3 10 9 -9 -1 -2 -8
right_child=1 3 -4 4 -6 -7 11 8 -10 -11 -12 -13
leaf_value=-0.014189577293040724 0.01333973570571618 -0.026515558699335126 -0.051753684979748041 -0.043660471107621432 0.0025823307918789798 0.0085156682941151234 0.019273196260991755 -0.035895659978273584 0.0080145782385811371 0.044404343718147055 -0.034003983165889456 0.052900619987687483
leaf_weight=38.977122716605663 41.187570139765739 64.471243172883987 185.41037060320377 93.840185239911079 305.15035267174244 1250.7763375192881 444.0092748850584 204.41589980572462 31.41807921230793 17.841695018112659 35.137151688337326 35.372356206178665
leaf_count=255 168 304 2327 384 1262 5092 1857 1770 226 104 143 162
internal_value=-0.000582368 0.00675525 -0.0347793 0.00323058 -0.00837566 0.00677966 0.0173544 -0.02254 -0.0300367 0.00465929 -0.00861349 0.0218594
internal_weight=2748.01 2269.94 478.063 1714.24 398.991 1315.25 555.706 292.653 235.834 56.8188 76.3247 479.382
internal_count=14054 9372 4682 7042 1646 5396 2330 2355 1996 359 311 2019
cat_boundaries=0 1 2 3
cat_threshold=48 1 32
is_linear=0
shrinkage=0.05


Tree=34
num_leaves=13
num_cat=7
split_feature=0 0 1 0 0 0 43 8 44 4 1 5
split_gain=267.409 33.2917 28.8569 78.3906 51.4375 28.2469 24.1757 40.1223 20.7349 19.1781 17.7616 14.7534
threshold=0 1 2 3 4 5 13.550000000000002 33.350000000000001 52.000000000000007 -0.86976336936302323 6 -0.056951011027366542
decision_type=1 1 1 1 1 1 2 2 2 2 1 2
left_child=5 6 4 -4 -3 9 7 -2 -8 11 -11 -1
right_child=1 2 3 -5 -6 -7 8 -9 -10 10 -12 -13
leaf_value=-0.02672161701187576 -0.011872928851149494 0.018182760799538147 0.017641074254313851 -0.013799360271968264 -0.007754498649074325 -0.051417023312562329 0.029924291537330873 0.025658015970919691 -0.058316485405803198 -0.018498813513028459 -0.047140456116366206 0.026608861288535721
leaf_weight=21.406883113086224 140.26857602596283 565.61707504093647 288.36024574935436 577.98254306614399 281.38506858050823 178.44814419746399 272.61473576724529 142.73883700370789 5.9276738017797461 144.77251145988703 87.796566568315029 29.821089439094067
leaf_count=146 583 2339 1177 2364 1161 2336 1153 601 24 1001 1003 176
internal_value=-0.000451718 0.00663423 0.0031146 -0.00328192 0.00969006 -0.0346586 0.0171068 0.00708003 0.0278445 -0.0225958 -0.0294668 0.00423846
internal_weight=2737.14 2274.89 1713.34 866.343 847.002 462.245 561.55 283.007 278.542 283.797 232.569 51.228
internal_count=14064 9402 7041 3541 3500 4662 2361 1184 1177 2326 2004 322
cat_boundaries=0 1 2 3 4 5 6 7
cat_threshold=48 1 1 8 6 32 1
is_linear=0
shrinkage=0.05


Tree=35
num_leaves=13
num_cat=3
split_feature=0 39 39 40 21 8 0 31 4 1 5 34
split_gain=247.53 29.8997 53.8211 85.7468 44.5019 43.3406 29.2409 28.3077 26.5736 18.8015 15.1447 13.4134
threshold=0 25.250000000000004 23.550000000000004 75.050000000000011 24.050000000000004 33.250000000000007 1 50.20000000000001 0.9550229469509578 2 0.39629089145655316 25.350000000000005
decision_type=1 2 2 2 2 2 1 2 2 1 2 2
left_child=6 2 5 -4 8 -2 9 -6 -3 10 -1 -11
right_child=1 4 3 -5 7 -7 -8 -9 -10 11 -12 -13
leaf_value=-0.0026815603002025342 0.0033739053461145766 -0.029869670879873494 -0.031326549824160714 0.039057712142432137 0.046326941055110857 0.021985902520265516 -0.05104475550058879 -0.011691572309161933 0.034002719253406886 -0.044463437794061915 -0.034518643247990789 0.016985640961657767
leaf_weight=124.08060262352228 1359.0212706178427 49.216667994856834 206.15485662221909 53.786937966942787 139.24527291953564 405.49540822207928 169.89156377315521 24.313476100564003 23.144207388162613 96.571889966726303 52.56085941940546 9.2546333670616132
leaf_count=772 5619 206 862 225 578 1677 2324 99 94 1076 413 89
internal_value=-0.00032563 0.00647112 0.00453041 -0.0166688 0.0233083 0.00766107 -0.0336284 0.0376837 -0.00925543 -0.0216325 -0.0122959 -0.038981
internal_weight=2712.74 2260.38 2024.46 259.942 235.92 1764.52 452.36 163.559 72.3609 282.468 176.641 105.827
internal_count=14034 9360 8383 1087 977 7296 4674 677 300 2350 1185 1165
cat_boundaries=0 1 2 3
cat_threshold=48 32 1
is_linear=0
shrinkage=0.05


Tree=36
num_leaves=13
num_cat=5
split_feature=0 0 4 8 1 0 43 8 35 43 1 39
split_gain=243.493 30.2416 29.1594 57.8486 38.8862 25.5291 22.1859 37.5081 21.2005 18.863 15.5766 14.9778
threshold=0 1 0.81428061195174062 35.850000000000001 2 3 13.550000000000002 33.250000000000007 83.574404500000014 36.70000000000001 4 19.750000000000004
decision_type=1 1 2 2 1 1 2 2 2 2 1 2
left_child=5 6 4 -4 -3 9 7 -2 -8 10 -1 -11
right_child=1 2 3 -5 -6 -7 8 -9 -10 11 -12 -13
leaf_value=-0.016143835177861356 -0.011958622999276448 0.015064755682542267 -0.022176503133062863 0.020099036561696274 -0.00203328149219076 -0.050723029194180251 0.057462095948434114 0.024333592287072575 0.020404277746947735 -0.028885143339336762 -0.041359231226075398 0.085027072299999631
leaf_weight=165.16633132845163 136.55900278687477 666.56054045259953 261.81350089609623 116.01688708364964 662.19623731076717 163.88755048438907 46.145359814167023 146.71773801743984 228.68027499318123 4.1695066615939123 98.618272423744202 6.160643607378006
leaf_count=1124 566 2763 1073 486 2701 2342 195 622 975 35 1125 43
internal_value=-0.000235665 0.00640546 0.00304603 -0.00917655 0.0065487 -0.033884 0.0164206 0.00685771 0.0268123 -0.0222478 -0.0256914 0.0405579
internal_weight=2702.69 2264.69 1706.59 377.83 1328.76 438.002 558.102 283.277 274.826 274.115 263.785 10.3302
internal_count=14050 9381 7023 1559 5464 4669 2358 1188 1170 2327 2249 78
cat_boundaries=0 1 2 3 4 5
cat_threshold=48 1 1 32 1
is_linear=0
shrinkage=0.05


Tree=37
num_leaves=13
num_cat=3
split_feature=0 0 0 4 42 34 44 44 37 4 19 34
split_gain=213.058 30.6408 30.1397 27.6046 49.6585 29.8484 19.2051 18.6896 18.317 16.2993 16.6413 12.9894
threshold=0 1 2 0.81428061195174062 3.5000000000000004 24.550000000000004 31.150000000000002 28.600000000000005 32.500000000000007 -0.85227431625818906 29.230555500000005 23.250000000000004
decision_type=1 1 1 2 2 2 2 2 2 2 2 2
left_child=1 9 6 5 -5 -4 7 -2 -8 11 -11 -1
right_child=2 -3 3 4 -6 -7 8 -9 -10 10 -12 -13
leaf_value=0.053489413010799874 0.017014642242585854 -0.050423095879663607 0.0093164588801650777 0.015529199973618233 -0.022635404769228887 -0.010808657028300531 -0.00090792182791227911 -0.030809339752794391 0.024852049220315624 -0.032512166048366799 0.0059472351910811756 -0.0078751440183217093
leaf_weight=9.7018733695149404 41.157463863492012 157.90121826156974 1108.6565617620945 129.79699259996414 244.17631727457047 220.04712344706059 84.098991945385933 38.700310885906219 381.84347042441368 184.37307041883469 32.82675925642252 43.525465540587902
leaf_count=62 168 2352 4561 539 1008 908 369 158 1621 1731 255 284
internal_value=-0.000283346 -0.032141 0.00591362 0.00258529 -0.00938331 0.00597791 0.0160405 -0.006256 0.0202106 -0.0199125 -0.0266989 0.00409005
internal_weight=2676.81 428.328 2248.48 1702.68 373.973 1328.7 545.8 79.8578 465.942 270.427 217.2 53.2273
internal_count=14016 4684 9332 7016 1547 5469 2316 326 1990 2332 1986 346
cat_boundaries=0 1 2 3
cat_threshold=48 32 1
is_linear=0
shrinkage=0.05


Tree=38
num_leaves=13
num_cat=2
split_feature=0 38 38 26 0 44 44 5 43 4 39 43
split_gain=198.793 32.4526 38.8503 40.0521 31.4603 28.1222 32.4565 20.7785 18.4914 17.835 14.527 12.7514
threshold=0 11.149702000000001 6.6130950000000004 14.950000000000001 1 45.20000000000001 45.900000000000013 -0.98521978256641018 36.70000000000001 -0.89406062840022227 19.750000000000004 0.65000000000000002
decision_type=1 2 2 2 1 2 2 2 2 2 2 2
left_child=4 2 7 -4 8 11 -7 -2 9 -1 -10 -3
right_child=1 5 3 -5 -6 6 -8 -9 10 -11 -12 -13
leaf_value=0.0055578547643360442 0.051689835599354417 0.013019060804601697 -0.019880595052466199 0.0028628172749984738 -0.050122121307439649 -0.07715787355331552 0.0099122796124579745 0.01300058687261562 -0.027770637910169534 -0.028620368055361396 0.084308003790633163 0.040605285390431282
leaf_weight=46.149240471422672 37.322093904018402 62.20360454916954 227.30657459795475 1271.5804089605808 152.35958847403526 10.65993347764015 129.55637508630753 387.96750184893608 4.0717585161328298 211.9238166436553 6.4829858541488647 135.82841099798679
leaf_count=296 157 267 940 5290 2370 45 542 1591 36 1961 43 570
internal_value=-0.000228945 0.00568096 0.00319034 -0.000597182 -0.0313199 0.0199655 0.00279327 0.0165091 -0.0191035 -0.0225107 0.0424094 0.0320492
internal_weight=2683.41 2262.42 1924.18 1498.89 420.987 338.248 140.216 425.29 268.628 258.073 10.5547 198.032
internal_count=14108 9402 7978 6230 4706 1424 587 1748 2336 2257 79 837
cat_boundaries=0 1 2
cat_threshold=48 32
is_linear=0
shrinkage=0.05


Tree=39
num_leaves=15
num_cat=1
split_feature=32 36 34 39 20 1 4 4 33 33 5 32 42 34
split_gain=29.0723 57.3979 57.5061 84.4434 44.2589 40.3743 33.6934 25.6088 39.4727 15.3739 6.86939 5.95803 5.66533 4.64223
threshold=29.308928500000004 94.500000000000014 24.450000000000003 18.750000000000004 33.250000000000007 0 0.79904096188274243 0.98802474685579855 36.750000000000007 37.750000000000007 -0.08269194106225343 27.727976000000002 6.5000000000000009 26.550000000000004
decision_type=2 2 2 2 2 1 2 2 2 2 2 2 2 2
left_child=1 4 5 -4 11 -3 -6 9 -9 12 -10 -1 -2 -11
right_child=7 2 3 -5 6 -7 -8 8 10 13 -12 -13 -14 -15
leaf_value=-0.076149167371516793 0.027241449090321657 0.012750817654338876 -0.049623266282138784 0.0011550312943833395 0.0048501533677429978 -0.0026188953402216868 -0.02893250649586511 -0.077571695321698594 -0.016748668321598725 0.014820595753311317 0.02659568559537941 -0.028089638747841789 0.051063885362711704 -0.01346926644992974
leaf_weight=35.018092334270477 68.669000927358866 871.10233435407281 125.7207177951932 231.22689383104444 134.92067048698664 837.15794651582837 161.2812633253634 15.7109979391098 12.430316653102635 52.009439863264561 28.551685355603695 9.8203472495079023 43.989978585392237 19.081502608954906
leaf_count=204 369 4484 682 1223 719 4479 857 84 64 286 151 54 233 102
internal_value=-7.65379e-05 -0.00173549 0.00140591 -0.0168183 -0.0207071 0.00522154 -0.0135799 0.0164639 -0.0127449 0.0254961 0.013363 -0.0664658 0.0369108 0.00714581
internal_weight=2646.69 2406.25 2065.21 356.948 341.04 1708.26 296.202 240.443 56.693 183.75 40.982 44.8384 112.659 71.0909
internal_count=13991 12702 10868 1905 1834 8963 1576 1289 299 990 215 258 602 388
cat_boundaries=0 1
cat_threshold=1
is_linear=0
shrinkage=0.05


Tree=40
num_leaves=13
num_cat=3
split_feature=0 38 38 34 0 44 44 4 5 1 4 38
split_gain=186.007 34.9196 41.7466 34.6593 27.0582 26.9788 36.0631 27.9716 18.856 15.5413 19.1765 15.4202
threshold=0 10.962202500000002 6.5285715000000009 25.150000000000002 1 45.20000000000001 45.900000000000013 0.83376496542330847 -0.98212955754013376 2 0.83376496542330847 5.9175595000000003
decision_type=1 2 2 2 1 2 2 2 2 1 2 2
left_child=4 2 8 -4 9 7 -7 -3 -2 10 -1 -11
right_child=1 5 3 -5 -6 6 -8 -9 -10 11 -12 -13
leaf_value=-0.02023582383272499 0.048916611249533608 0.050776765956329621 -0.0037641689384251922 0.025644715337204679 -0.049740993397980292 -0.076195429718854124 0.0097673848811404718 0.015109328989875907 0.013004005819192171 0.019983067962945498 0.020191853342742566 -0.043393132228001952
leaf_weight=130.80796275287867 40.255545452237129 91.573094561696053 1384.2486326247454 106.99911710619926 143.0636753924191 12.351327270269392 140.66226878762245 138.51194275915623 337.43708693981171 10.206780448555945 36.85709148645401 85.905966062098742
leaf_count=928 171 383 5752 458 2323 53 590 593 1387 66 247 1104
internal_value=-0.000738388 0.00492668 0.00212542 -0.00163827 -0.0313834 0.0186797 0.00237875 0.0294632 0.0169507 -0.0198343 -0.0112818 -0.0365264
internal_weight=2658.88 2252.04 1868.94 1491.25 406.841 383.099 153.014 230.085 377.693 263.778 167.665 96.1127
internal_count=14055 9387 7768 6210 4668 1619 643 976 1558 2345 1175 1170
cat_boundaries=0 1 2 3
cat_threshold=48 32 1
is_linear=0
shrinkage=0.05


Tree=41
num_leaves=12
num_cat=3
split_feature=0 0 39 37 39 4 8 44 4 34 1
split_gain=165.292 31.0636 30.6402 41.1782 41.1489 59.7288 36.3628 30.3017 17.7031 18.5308 15.1444
threshold=0 1 25.250000000000004 25.500000000000004 22.950000000000003 0.97314989601849466 33.250000000000007 50.20000000000001 -0.89406062840022227 23.250000000000004 2
decision_type=1 1 2 2 2 2 2 2 2 2 1
left_child=1 8 4 -4 6 -6 -2 -5 9 -1 -10
right_child=2 -3 3 7 5 -7 -8 -9 10 -11 -12
leaf_value=0.087351332481224064 0.0020796618077266655 -0.049436786107870861 -0.068185632792342035 0.035879110763161651 -0.0040786541923935942 -0.061933399164231864 0.019574810986741131 -0.010429122606855107 -0.014282192610554873 -0.0030017037925310864 -0.04206791330409354
leaf_weight=5.6503818631172171 1263.1687841266394 137.64247047156096 11.092125102877615 178.05856364965439 310.71841543912888 51.124665588140488 387.42399679124355 43.525550290942192 138.36533541232347 38.281502090394497 76.496215026825666
leaf_count=35 5244 2336 51 746 1325 217 1609 178 1023 251 1026
internal_value=-0.000479701 -0.0297861 0.00481727 0.0219774 0.00284723 -0.0124011 0.00619546 0.0267768 -0.0177452 0.0103047 -0.0243237
internal_weight=2641.55 396.436 2245.11 232.676 2012.44 361.843 1650.59 221.584 258.793 43.9319 214.862
internal_count=14041 4671 9370 975 8395 1542 6853 924 2335 286 2049
cat_boundaries=0 1 2 3
cat_threshold=48 32 1
is_linear=0
shrinkage=0.05


Tree=42
num_leaves=13
num_cat=3
split_feature=0 0 39 44 21 36 44 4 1 4 5 38
split_gain=154.234 31.7485 27.2382 42.2924 36.6289 33.4655 25.8254 24.2697 18.9379 18.2247 15.819 12.9955
threshold=0 1 25.250000000000004 48.050000000000004 24.050000000000004 94.500000000000014 50.20000000000001 -0.35846811432664222 2 0.9550229469509578 0.23328369003117272 5.9175595000000003
decision_type=1 1 2 2 2 2 2 2 1 2 2 2
left_child=1 8 3 5 9 -2 -6 -5 10 -4 -1 -10
right_child=2 -3 4 7 6 -7 -8 -9 11 -11 -12 -13
leaf_value=0.0037550421708857523 -0.01024578503061958 -0.049167431576794332 -0.02596394464402034 -0.0076742436975272242 0.044191524410485294 0.006994318021291638 -0.0059649812040735639 -0.073413371493224439 0.014096554662087025 0.027755696906943135 -0.028352354608321508 -0.042831637702908598
leaf_weight=108.43535836786032 339.68615625798702 133.11726297438145 48.512478724122047 29.115536451339722 127.08935053646564 1620.6932236850262 31.819912195205688 26.59384286403656 10.956499315798281 22.238374933600426 58.200406096875668 79.969324626028538
leaf_count=704 1461 2357 206 120 539 6721 130 108 71 91 478 1097
internal_value=-0.000467726 -0.0290105 0.00461696 0.00277388 0.0209145 0.00400333 0.0341737 -0.0397971 -0.0170056 -0.00892731 -0.00756125 -0.0358931
internal_weight=2636.43 390.679 2245.75 2016.09 229.66 1960.38 158.909 55.7094 257.562 70.7509 166.636 90.9258
internal_count=14083 4707 9376 8410 966 8182 669 228 2350 297 1182 1168
cat_boundaries=0 1 2 3
cat_threshold=48 32 1
is_linear=0
shrinkage=0.05


Tree=43
num_leaves=12
num_cat=3
split_feature=0 0 34 42 37 4 4 35 1 5 12
split_gain=148.997 29.6085 27.4 36.1413 65.8214 34.3124 19.3412 16.9407 14.8551 13.9103 4.78598
threshold=0 1 20.350000000000005 3.5000000000000004 32.500000000000007 0.21022171450811272 -0.84315017450793706 67.875000000000014 2 -0.074115882986646578 51.500000000000007
decision_type=1 1 2 2 2 2 2 2 1 2 2
left_child=1 6 5 7 -5 10 9 -4 -8 -1 -2
right_child=2 -3 3 4 -6 -7 8 -9 -10 -11 -12
leaf_value=-0.021767996961452821 -0.017473959004084407 -0.048851987907360103 0.026687988543597108 -0.035391830911492832 0.0053816021563340265 -0.062048762334565626 -0.014827756195153141 0.0005054662107485062 -0.043873532877105131 0.029218449575478492 0.012309589521119602
leaf_weight=21.50880466401577 20.12047378718853 127.2895677164197 265.76908302307129 104.13726538419724 1691.0530643165112 32.869842365384102 128.83947695791721 80.45056639611721 67.296625200659037 32.150618180632591 36.347337245941162
leaf_count=158 81 2354 1108 438 7028 197 974 328 995 196 148
internal_value=-0.000254511 -0.0288564 0.00469935 0.00585586 0.00299799 -0.0222599 -0.0170364 0.020623 -0.0249657 0.00875673 0.00157779
internal_weight=2607.83 377.085 2230.75 2141.41 1795.19 89.3377 249.796 346.22 196.136 53.6594 56.4678
internal_count=14005 4677 9328 8902 7466 426 2323 1436 1969 354 229
cat_boundaries=0 1 2 3
cat_threshold=48 32 1
is_linear=0
shrinkage=0.05


Tree=44
num_leaves=13
num_cat=2
split_feature=0 0 26 5 43 5 44 34 4 37 37 32
split_gain=135.784 28.222 25.5704 72.5718 38.1228 39.4149 34.2588 28.1937 19.1729 15.9451 37.4787 20.0007
threshold=0 1 15.15 0.063390085881955258 18.550000000000004 -0.96687281075841669 45.20000000000001 25.150000000000002 0.63257020223555627 41.500000000000007 49.500000000000007 29.308928500000004
decision_type=1 1 2 2 2 2 2 2 2 2 2 2
left_child=1 9 3 7 6 -6 -4 -2 -5 11 -11 -1
right_child=2 -3 4 8 5 -7 -8 -9 -10 10 -12 -13
leaf_value=-0.055124828382383001 -0.034829180318940327 -0.048484600124243611 0.004855068294949509 0.013734172020793224 0.046669937463191931 0.011381702122575655 -0.019828168314144232 0.039794834972001286 -0.07292552487982476 0.055432738835316901 -0.017412145061817041 0.00095255952466772188
leaf_weight=48.990996208041906 179.7564831674099 120.09538842365146 1054.4501738548279 234.4323225915432 93.57746259868145 492.37968441843987 161.18050612509251 12.792403683066366 5.5786960870027533 18.824392199516296 161.98037064447999 23.267556864768267
leaf_count=564 745 2321 4427 967 400 2059 676 53 23 184 1444 183
internal_value=-0.000721813 -0.0281854 0.00398412 -0.00690336 0.00662268 0.0170872 0.00156871 -0.0296914 0.0114257 -0.0169336 -0.00956475 -0.0373012
internal_weight=2607.31 373.159 2234.15 432.56 1801.59 585.957 1215.63 192.549 240.011 253.063 180.805 72.2586
internal_count=14046 4696 9350 1788 7562 2459 5103 798 990 2375 1628 747
cat_boundaries=0 1 2
cat_threshold=48 32
is_linear=0
shrinkage=0.05


Tree=45
num_leaves=13
num_cat=2
split_feature=0 0 38 25 26 4 34 34 26 43 32 4
split_gain=126.68 30.2379 26.6137 34.3657 39.0364 22.1405 37.2668 26.9577 19.4565 16.9719 25.5741 17.4676
threshold=0 1 10.962202500000002 6.8347225000000007 15.450000000000001 0.83376496542330847 23.050000000000004 24.850000000000005 16.450000000000003 14.100000000000001 29.308928500000004 0.83376496542330847
decision_type=1 1 2 2 2 2 2 2 2 2 2 2
left_child=1 9 3 8 -5 7 -7 -4 -2 10 -1 -11
right_child=2 -3 5 4 -6 6 -8 -9 -10 11 -12 -13
leaf_value=-0.042715566174270768 0.0057049961584072894 -0.048239253225487354 0.039268818950871393 -0.026533164604533546 0.00044414028675303276 -0.052957180023684804 0.012820282770490722 -0.0086776161808795483 0.025465661947986981 -0.0095638936093671544 0.014723442157663616 0.053969410787479299
leaf_weight=88.445147443562746 399.63383542001247 116.59506331384182 139.20230558514595 151.37245297431946 1117.6524290591478 23.396677270531654 182.90055237710476 36.661992892622948 180.5351248383522 121.87070524692535 24.191509407013655 10.867809250950812
leaf_count=1026 1645 2350 595 635 4680 103 787 149 757 1039 190 96
internal_value=-0.000205304 -0.0271858 0.00428428 0.00181735 -0.00279214 0.0162971 0.00514082 0.029281 0.0118873 -0.0155414 -0.0303581 -0.00399753
internal_weight=2593.33 361.97 2231.36 1849.19 1269.02 382.162 206.297 175.864 580.169 245.375 112.637 132.739
internal_count=14052 4701 9351 7717 5315 1634 890 744 2402 2351 1216 1135
cat_boundaries=0 1 2
cat_threshold=48 32
is_linear=0
shrinkage=0.05


Tree=46
num_leaves=13
num_cat=3
split_feature=0 0 38 38 39 5 2 21 4 32 5 1
split_gain=124.118 28.0747 24.9341 33.9101 42.5059 33.1694 19.0701 28.0595 13.6104 15.2457 13.5622 4.72198
threshold=0 1 10.962202500000002 8.699107500000002 19.450000000000003 -0.98212955754013376 2.5000000000000004 24.150000000000002 -0.861146256326485 29.350893000000003 -0.056951011027366542 2
decision_type=1 1 2 2 2 2 2 2 2 2 2 1
left_child=1 8 3 5 -5 -2 11 -8 10 -10 -1 -4
right_child=2 -3 6 4 -6 -7 7 -9 9 -11 -12 -13
leaf_value=-0.024216280923470716 0.033827436888259087 -0.047976658238082864 0.058875694478102272 -0.050058037001278081 -0.0039548459939680678 0.0038758461935040345 -0.01959864881703953 0.018183603751556681 -0.028095492236983405 0.012568876272895685 0.027511044616834263 0.026909495243485237
leaf_weight=20.476645678281784 99.098651945590973 112.73259374126792 25.99454066157341 54.626721352338791 496.24123391509056 1213.6655576229095 59.232814699411392 268.51297928392887 167.26795971393585 26.120059736073017 29.998691484332085 25.59825836122036
leaf_count=152 428 2374 109 229 2081 5045 255 1159 1809 200 181 105
internal_value=-0.000239214 -0.0271773 0.00415629 0.00179277 -0.00860908 0.00616088 0.0158419 0.0113165 -0.0159065 -0.0225667 0.00646371 0.0438286
internal_weight=2599.57 356.596 2242.97 1863.63 550.868 1312.76 379.339 327.746 243.863 193.388 50.4753 51.5928
internal_count=14127 4716 9411 7783 2310 5473 1628 1414 2342 2009 333 214
cat_boundaries=0 1 2 3
cat_threshold=48 32 1
is_linear=0
shrinkage=0.05


Tree=47
num_leaves=15
num_cat=0
split_feature=32 36 34 39 43 20 4 4 33 33 32 5 34 14
split_gain=28.6849 46.4058 50.9012 82.1114 33.9091 30.8285 32.725 28.9382 32.8854 13.7219 9.22007 8.41252 7.01659 6.40772
threshold=29.248512000000002 94.500000000000014 24.450000000000003 18.750000000000004 43.800000000000004 33.250000000000007 0.79904096188274243 0.98802474685579855 36.750000000000007 37.100000000000009 27.727976000000002 -0.065537083312030939 26.150000000000002 10.450000000000001
decision_type=2 2 2 2 2 2 2 2 2 2 2 2 2 2
left_child=1 5 4 -4 -3 10 -7 9 -9 13 -1 -10 -11 -2
right_child=7 2 3 -5 -6 6 -8 8 11 12 -12 -13 -14 -15
leaf_value=-0.073759428033304694 -0.0033612386206630291 0.0048234923459660479 -0.049844982845244003 0.00090352610243611914 -0.076705929666273168 0.00385796817644652 -0.030325395421911205 -0.066125258990415312 -0.018165654308265351 0.025491048407923003 -0.014416486284815115 0.028472851406457212 0.00093650263720198657 0.050498993953617982
leaf_weight=30.326474528759718 6.0044072419404975 1651.8140481226146 121.20745104551315 229.09315635636449 11.855322621762751 133.6863231882453 145.54195224121213 19.322464149445295 14.312171462923287 72.993983838707209 8.9868167266249639 25.696551583707333 48.075640242546797 54.015107605606318
leaf_count=189 33 8922 684 1248 64 735 812 108 78 413 49 142 272 293
internal_value=-0.000563826 -0.00226106 0.000547265 -0.0167479 0.00419678 -0.0199627 -0.014004 0.0158435 -0.0142854 0.0257391 -0.060888 0.0117529 0.0158282 0.045144
internal_weight=2572.93 2332.51 2013.97 350.301 1663.67 318.542 279.228 240.42 59.3312 181.089 39.3133 40.0087 121.07 60.0195
internal_count=14042 12703 10918 1932 8986 1785 1547 1339 328 1011 238 220 685 326
is_linear=0
shrinkage=0.05


Tree=48
num_leaves=9
num_cat=4
split_feature=0 0 1 2 5 32 43 0
split_gain=112.363 44.7868 100.891 36.4483 48.4291 27.6946 21.738 18.7664
threshold=0 1 2 9.5000000000000018 -0.6652727025667432 29.217262000000002 0.55000000000000016 3
decision_type=1 1 1 2 2 2 2 1
left_child=-1 3 6 4 -2 -4 -3 -5
right_child=1 2 5 7 -6 -7 -8 -9
leaf_value=-0.047643069341769373 0.015455421835307421 -0.020447359786775695 -0.031471318437230979 0.03721160963135383 -0.0042607333792641566 0.013251423469303412 0.013066484610790902 0.01122502011425236
leaf_weight=107.07894922420382 499.76828280091286 54.52392915636301 327.65511468052864 115.71085131168365 823.07423275709152 38.138854440301657 379.54910492151976 229.0734823346138
leaf_count=2355 2109 316 2110 476 3494 235 2028 957
internal_value=9.8162e-06 0.00227998 -0.007384 0.00693327 0.00319405 -0.026785 0.00881949 0.0214294
internal_weight=2574.57 2467.49 799.867 1667.63 1322.84 365.794 434.073 344.784
internal_count=14080 11725 4689 7036 5603 2345 2344 1433
cat_boundaries=0 1 2 3 4
cat_threshold=16 13 1 4
is_linear=0
shrinkage=0.05


Tree=49
num_leaves=9
num_cat=2
split_feature=0 0 34 2 37 33 43 4
split_gain=105.418 33.1138 24.181 26.9354 21.3106 19.666 23.9205 3.27077
threshold=0 1 20.350000000000005 9.5000000000000018 32.500000000000007 36.850000000000001 13.550000000000002 0.99053107487289871
decision_type=1 1 2 2 2 2 2 2
left_child=-1 5 4 -4 -3 6 -2 -7
right_child=1 2 3 -5 -6 7 -8 -9
leaf_value=-0.047361245952042871 -0.00089729978843153659 -0.056024704737400489 -0.0030779982780415995 0.012341028122302714 -0.002061823260303873 0.056047881267216743 0.020754543148083577 0.0099656194702582822
leaf_weight=102.9528984837234 245.55736733973026 36.175056632608175 1498.1690093278885 348.21391360834241 36.181560806930065 28.161418735980988 264.28692960739136 4.9996143579483023
leaf_count=2363 1028 238 7282 1645 181 141 1160 24
internal_value=-0.000343851 0.0018258 -0.00127694 -0.00016498 -0.0294368 0.0125972 0.010345 0.0495953
internal_weight=2564.7 2461.74 1918.74 1846.38 72.3566 543.005 509.844 33.161
internal_count=14062 11699 9346 8927 419 2353 2188 165
cat_boundaries=0 1 2
cat_threshold=16 1
is_linear=0
shrinkage=0.05


Tree=50
num_leaves=13
num_cat=3
split_feature=0 0 26 2 34 5 25 33 43 19 39 0
split_gain=103.842 23.8432 23.7125 62.7622 39.5553 26.0406 25.1071 15.4271 13.2988 10.8155 9.6675 8.82279
threshold=0 1 15.050000000000002 9.5000000000000018 20.350000000000005 -0.99465740988130902 6.4368055000000011 32.750000000000007 36.70000000000001 30.295139000000002 19.750000000000004 2
decision_type=1 1 2 2 2 2 2 2 2 2 2 1
left_child=1 8 3 6 7 -6 -2 -4 9 -1 -10 -5
right_child=2 -3 4 11 5 -7 -8 -9 10 -11 -12 -13
leaf_value=-0.021689657450000593 -0.0078900063414042067 -0.046991162427477154 -0.0034344664285812922 0.028722989560062293 0.040199177213170956 0.0060598820001303774 -0.042140845813807899 -0.060496824990184273 -0.023225928478655393 0.021669897099176008 0.07364985215256549 0.0049903103475341564
leaf_weight=213.36691001430154 101.85072402656078 97.24642588198185 19.727204993367195 50.717525228857994 56.803004041314125 1698.5990062355995 113.04476910829544 29.126607581973076 3.4781025908887369 14.632081337273119 5.9551381468772888 150.50062516331673
leaf_count=2165 418 2332 80 210 246 7128 482 187 33 106 41 626
internal_value=-0.000508098 -0.0260045 0.00344652 -0.00728527 0.00594334 0.00718685 -0.0260192 -0.0379861 -0.0157088 -0.0188245 0.0391285 0.0127518
internal_weight=2555.05 334.679 2220.37 416.114 1804.26 1755.4 214.895 48.8538 237.432 227.999 9.43324 201.218
internal_count=14054 4677 9377 1736 7641 7374 900 267 2345 2271 74 836
cat_boundaries=0 1 2 3
cat_threshold=48 32 4
is_linear=0
shrinkage=0.05


Tree=51
num_leaves=9
num_cat=2
split_feature=0 32 36 5 34 4 33 0
split_gain=92.6872 27.8165 37.2199 39.3735 30.7794 26.002 33.898 13.6936
threshold=0 29.248512000000002 94.500000000000014 -0.048362832084465547 20.950000000000003 0.98802474685579855 36.750000000000007 1
decision_type=1 2 2 2 2 2 2 1
left_child=-1 2 4 -4 -2 7 -7 -3
right_child=1 5 3 -5 -6 6 -8 -9
leaf_value=-0.046673817966732603 -0.066110626532988367 0.036639663348442424 -0.0038914180305258035 0.010508283882815045 -0.011302485209268883 -0.064966345022939812 0.01629630732674546 0.0042521254644629801
leaf_weight=92.831053949892521 27.369344148784876 112.37972657382488 1086.4260986559093 841.6143243573606 272.84677569195628 18.545520663261414 36.542332358658314 62.657344851642847
leaf_count=2321 180 514 5166 3984 1300 91 176 341
internal_value=-0.000398973 0.00155016 -0.000156045 0.00239643 -0.016502 0.0180673 -0.0117316 0.0274589
internal_weight=2551.21 2458.38 2228.26 1928.04 300.216 230.125 55.0879 175.037
internal_count=14073 11752 10630 9150 1480 1122 267 855
cat_boundaries=0 1 2
cat_threshold=16 11
is_linear=0
shrinkage=0.05


Tree=52
num_leaves=13
num_cat=6
split_feature=0 0 1 0 0 5 36 5 43 4 1 32
split_gain=90.3221 24.7822 21.7384 93.4432 44.855 37.0414 35.2477 30.1899 29.8346 14.8662 16.1823 13.1955
threshold=0 1 2 3 4 -0.6905596507703472 95.500000000000014 -0.8142754349318998 0.65000000000000002 -0.84315017450793706 5 26.743750000000002
decision_type=1 1 1 1 1 2 2 2 2 2 1 2
left_child=1 9 4 7 5 -2 -6 -4 -5 11 -11 -1
right_child=2 -3 3 8 6 -7 -8 -9 -10 10 -12 -13
leaf_value=-0.010545691448576864 0.019131563283471258 -0.046459073928920583 0.035277243201154544 0.011728664090375896 -0.0045192742558350599 -0.020940364211656459 0.020036183813822897 0.0070013361918493519 -0.020652914757481086 -0.011184419271760039 -0.042955074736461735 0.039743417045431557
leaf_weight=34.880830198526382 80.610524013638496 90.564888618886471 120.53532652556896 82.681823164224625 190.16296663880348 196.20393347740173 625.69426608085632 426.24949281662703 484.23312482982874 122.4733265414834 59.369215171784163 19.554996408522129
leaf_count=251 339 2365 513 362 839 828 2667 1810 1989 988 991 119
internal_value=-0.000351592 -0.0244321 0.00332069 -0.00158003 0.00834296 -0.00892306 0.0141411 0.0130494 -0.0156424 -0.0142981 -0.0217353 0.00791073
internal_weight=2533.21 326.843 2206.37 1113.7 1092.67 276.814 815.857 546.785 566.915 236.278 181.843 54.4358
internal_count=14061 4714 9347 4674 4673 1167 3506 2323 2351 2349 1979 370
cat_boundaries=0 1 2 3 4 5 6
cat_threshold=48 32 1 9 8 1
is_linear=0
shrinkage=0.05


Tree=53
num_leaves=9
num_cat=3
split_feature=0 0 4 32 43 2 26 0
split_gain=84.2716 29.1443 37.1405 44.0016 27.011 26.4235 43.0841 14.1725
threshold=0 1 -0.89406062840022227 29.851785500000002 22.200000000000006 9.5000000000000018 14.950000000000001 2
decision_type=1 1 2 2 2 2 2 1
left_child=-1 5 4 -4 -3 6 -2 -7
right_child=1 2 3 -5 -6 7 -8 -9
leaf_value=-0.046141747138325633 -0.022567848993800359 0.048226870478462032 -0.014725471609212504 0.035646668041347425 -0.00082402890823493114 0.031350054543888999 0.0051736612731440789 0.0087262424749499495
leaf_weight=86.562195416539907 158.20923490822315 46.830023996531963 622.95351773127913 45.648539215326309 67.844019673764706 112.07317638397217 1156.7483279332519 226.13576684892178
leaf_count=2362 663 241 3828 251 344 467 4947 952
internal_value=-0.000575446 0.0012459 -0.0066415 -0.0112382 0.0194509 0.00500217 0.00182133 0.0174749
internal_weight=2523 2436.44 783.276 668.602 114.674 1653.17 1314.96 338.209
internal_count=14055 11693 4664 4079 585 7029 5610 1419
cat_boundaries=0 1 2 3
cat_threshold=16 13 4
is_linear=0
shrinkage=0.05


Tree=54
num_leaves=9
num_cat=3
split_feature=0 0 1 32 39 36 37 43
split_gain=79.9785 27.9195 95.2278 26.8187 25.4169 34.1776 27.3066 23.9127
threshold=0 1 2 29.217262000000002 25.250000000000004 94.500000000000014 25.500000000000004 0.55000000000000016
decision_type=1 1 1 2 2 2 2 2
left_child=-1 4 7 -4 5 -2 -6 -3
right_child=1 2 3 -5 6 -7 -8 -9
leaf_value=-0.045793861489918965 -0.013470006891442447 -0.021824308401211814 -0.029804109042537337 0.014625885775024664 -0.062467975246066058 0.0065058745687146275 0.027803324557713144 0.01402365183610162
leaf_weight=82.265051249414682 258.93298652023077 52.177444398403168 324.88574605062604 37.31644806265831 7.901226431131362 1214.7938323318958 163.23552885651588 375.20861300081015
leaf_count=2340 1138 304 2125 234 39 5119 703 2025
internal_value=-0.000353207 0.00138285 -0.0062917 -0.025199 0.00508421 0.00298937 0.0232969 0.00960642
internal_weight=2516.72 2434.45 789.588 362.202 1644.86 1473.73 171.137 427.386
internal_count=14027 11687 4688 2359 6999 6257 742 2329
cat_boundaries=0 1 2 3
cat_threshold=16 13 1
is_linear=0
shrinkage=0.05


Tree=55
num_leaves=13
num_cat=3
split_feature=0 38 13 19 36 0 43 4 2 34 19 1
split_gain=78.114 24.3103 31.0596 29.4382 24.5006 20.3571 18.4534 25.3972 17.2738 35.067 14.697 4.08623
threshold=0 10.962202500000002 7.7500000000000009 29.379861000000002 95.500000000000014 1 14.100000000000001 0.83376496542330847 2.5000000000000004 23.050000000000004 29.230555500000005 2
decision_type=1 2 2 2 2 1 2 2 2 2 2 1
left_child=5 2 4 -4 -2 6 10 -8 11 -10 -1 -3
right_child=1 8 3 -5 -6 -7 7 -9 9 -11 -12 -13
leaf_value=-0.042224920740331413 -0.022927344428630283 0.055937127213841621 -0.0088020088767128812 0.027032718656261848 0.0088763930455552694 -0.045425187118645155 -0.0090324256474092965 0.070073410242176767 -0.048478468151141145 0.014801200958723818 -0.00016262912463459709 0.02582363595096638
leaf_weight=74.519623018801212 63.987488955259323 24.887581765651703 812.66886258870363 60.690003082156181 896.87098874151707 77.997210709378123 117.36917792633176 10.098569903522728 22.651472181081772 298.25765720009804 28.655131120234728 25.621304377913475
leaf_count=977 296 106 3428 269 3760 2315 1037 91 104 1307 235 106
internal_value=-0.000446822 0.00288902 0.000537044 -0.00628377 0.00673682 -0.0235509 -0.0144225 -0.00226863 0.014549 0.0101979 -0.0306565 0.0414596
internal_weight=2514.28 2205.64 1834.22 873.359 960.858 308.64 230.643 127.468 371.418 320.909 103.175 50.5089
internal_count=14031 9376 7753 3697 4056 4655 2340 1128 1623 1411 1212 212
cat_boundaries=0 1 2 3
cat_threshold=48 32 1
is_linear=0
shrinkage=0.05


Tree=56
num_leaves=12
num_cat=2
split_feature=0 34 42 37 4 0 37 37 39 8 40
split_gain=75.6807 18.3531 34.7111 62.6516 26.1371 16.807 16.4531 31.1179 15.9723 11.8444 2.89132
threshold=0 20.350000000000005 3.5000000000000004 32.500000000000007 0.21022171450811272 1 41.500000000000007 49.500000000000007 19.750000000000004 35.850000000000001 0.45000000000000007
decision_type=1 2 2 2 2 1 2 2 2 2 2
left_child=5 4 8 -4 10 6 9 -8 -3 -1 -2
right_child=1 2 3 -5 -6 -7 7 -9 -10 -11 -12
leaf_value=-0.053188686825791344 -0.015796733072624393 0.035161632272724862 -0.038164091202662842 0.0021365588167102721 -0.059353108443478943 -0.045167388205569543 0.051217012810860267 -0.015995225144785612 0.010667088926631612 -0.0062137312985082738 0.0079451667035492085
leaf_weight=41.903576254844666 19.025913640856743 89.85114149749279 101.32060874998569 1676.4158809483051 28.262283734977245 75.47715375572443 18.485058031976223 148.32120927423239 254.80775834619999 19.949027571827173 34.659722715616226
leaf_count=567 77 364 434 7084 194 2337 182 1435 1089 163 143
internal_value=-0.00154465 0.00172989 0.00263829 -0.000180508 -0.0213366 -0.0244611 -0.0158668 -0.0082861 0.017136 -0.038378 -0.000603844
internal_weight=2508.48 2204.34 2122.4 1777.74 81.9479 304.136 228.659 166.806 344.659 61.8526 53.6856
internal_count=14069 9385 8971 7518 414 4684 2347 1617 1453 730 220
cat_boundaries=0 1 2
cat_threshold=48 32
is_linear=0
shrinkage=0.05


Tree=57
num_leaves=15
num_cat=0
split_feature=8 43 44 40 7 5 26 44 42 43 34 38 5 43
split_gain=20.527 50.2229 44.7217 34.7832 32.9654 30.7302 46.7322 33.7845 24.1114 28.0639 16.6471 8.72446 7.89805 5.13533
threshold=33.150000000000013 13.550000000000002 29.700000000000003 26.450000000000003 27.693750000000005 0.08054732823231521 16.450000000000003 38.70000000000001 2.5000000000000004 0.55000000000000016 20.350000000000005 6.7976195000000006 0.44312301391210612 38.900000000000006
decision_type=2 2 2 2 2 2 2 2 2 2 2 2 2 2
left_child=1 2 12 8 -4 6 -3 -7 10 -10 -2 -5 -1 -13
right_child=3 5 4 11 -6 7 -8 -9 9 -11 -12 13 -14 -15
leaf_value=-0.038131339532044471 -0.052376136411793332 -0.019600723607051344 -0.015524151752844925 0.0086796892910404218 -0.047814187890027018 0.026481413205626022 0.0051251611943531157 -0.013269032789746725 -0.032484695659824772 0.0016078951370733299 0.020237417638419269 0.036169481829234421 0.013294212014995428 0.071463109428717628
leaf_weight=7.0008284673094741 7.3024113941937676 268.21357821673155 322.59970371238887 23.139002555981278 104.51831487007439 215.28702231310308 657.6552093885839 70.310109114274383 70.906872568652034 375.48611250333488 185.78239291720092 52.323883634060621 120.15058998763561 14.296124398708342
leaf_count=44 68 1471 1876 129 602 1173 3643 393 421 2128 1036 290 668 73
internal_value=-0.000415515 -0.00332991 -0.0157822 0.00663613 -0.0235189 0.00237557 -0.00205106 0.0166832 0.00252097 -0.00386801 0.0172355 0.0356034 0.0101873 0.044688
internal_weight=2494.97 1765.74 554.269 729.237 427.118 1211.47 925.869 285.597 639.478 446.393 193.085 89.759 127.151 66.62
internal_count=14015 9870 3190 4145 2478 6680 5114 1566 3653 2549 1104 492 712 363
is_linear=0
shrinkage=0.05


Tree=58
num_leaves=9
num_cat=3
split_feature=0 0 1 2 26 32 4 4
split_gain=67.1587 24.4282 78.5332 23.6282 38.5028 20.8224 19.7512 14.1917
threshold=0 1 2 9.5000000000000018 17.150000000000002 29.851785500000002 -0.92274349529687905 -0.15951315977791497
decision_type=1 1 1 2 2 2 2 2
left_child=-1 3 6 4 -2 -4 -3 -5
right_child=1 2 5 7 -6 -7 -8 -9
leaf_value=-0.044861445973441473 -0.012866162878758134 0.036322039575876111 -0.027062675930311815 0.019521086158879951 0.0064348014366495069 0.023345638270829378 0.0038124759725334648 -0.015006943948961786
leaf_weight=72.410621764138341 353.09584374725819 52.475047677755356 331.11465545743704 300.08364810049534 955.04212477058172 21.089817188680172 372.63479203730822 32.292161956429482
leaf_count=2338 1482 248 2205 1274 4134 130 2095 131
internal_value=-0.000751988 0.000769317 -0.00647637 0.00422276 0.00121919 -0.0239867 0.00790124 0.0161315
internal_weight=2490.24 2417.83 777.314 1640.51 1308.14 352.204 425.11 332.376
internal_count=14037 11699 4678 7021 5616 2335 2343 1405
cat_boundaries=0 1 2 3
cat_threshold=16 13 1
is_linear=0
shrinkage=0.05


Tree=59
num_leaves=9
num_cat=5
split_feature=0 0 14 1 0 0 13 21
split_gain=65.1979 25.6921 22.2309 19.9642 72.47 46.2525 16.7654 13.0488
threshold=0 1 17.650000000000002 2 3 4 8.0250000000000004 21.050000000000004
decision_type=1 1 2 1 1 1 2 2
left_child=-1 2 6 5 -5 -3 -2 -4
right_child=1 3 7 4 -6 -7 -8 -9
leaf_value=-0.044451027711932566 0.010635799667587252 0.013312826458502625 -0.038077198879198734 0.014490360027801864 -0.015652154250975971 -0.0084379960296714664 -0.014194076697503222 0.026759593275558692
leaf_weight=68.422468265518546 227.15484417974949 545.9654925391078 7.2276971638202658 279.2620175331831 635.78236685320735 426.56186665594578 95.873372852802277 197.25258815288544
leaf_count=2310 990 2347 41 1168 3524 2333 419 881
internal_value=0.000128052 0.00158633 0.0112226 -0.00115608 -0.00645988 0.00382387 0.00324534 0.0242937
internal_weight=2483.5 2415.08 527.509 1887.57 915.044 972.527 323.028 204.48
internal_count=14013 11703 2331 9372 4692 4680 1409 922
cat_boundaries=0 1 2 3 4 5
cat_threshold=16 1 1 8 6
is_linear=0
shrinkage=0.05


end of trees

feature_importances:
age_group=141
day_of_year_sin=80
temperature_min_7d=65
gender=64
day_of_year_cos=46
rain_max_daily_7d=38
wind_speed_mean_7d=37
temperature_mean_7d=30
wind_speed_max_7d=27
wind_gust_max_7d=23
temperature_max_7d=22
humidity_min_7d=17
humidity_max_7d=16
wind_speed_max_3d=15
temperature_max_current=13
precipitation_sum_7d=11
month=10
humidity_min_current=7
rain_days_7d=7
temperature_mean_3d=6
wind_speed_mean_3d=6
wind_speed_mean_current=5
temperature_max_3d=5
temperature_min_3d=5
humidity_mean_7d=5
weather_code_current=4
temperature_min_current=2
wind_speed_max_current=2
temperature_mean_current=1
humidity_mean_current=1
humidity_max_current=1
humidity_max_3d=1
wind_gust_max_3d=1

parameters:
[boosting: gbdt]
[objective: binary]
[metric: binary_logloss]
[tree_learner: serial]
[device_type: cpu]
[data_sample_strategy: bagging]
[data: ]
[valid: ]
[num_iterations: 60]
[learning_rate: 0.05]
[num_leaves: 15]
[num_threads: 8]
[seed: 42]
[deterministic: 0]
[force_col_wise: 0]
[force_row_wise: 0]
[histogram_pool_size: -1]
[max_depth: 4]
[min_data_in_leaf: 20]
[min_sum_hessian_in_leaf: 0.001]
[bagging_fraction: 0.9]
[pos_bagging_fraction: 1]
[neg_bagging_fraction: 1]
[bagging_freq: 1]
[bagging_seed: 400]
[bagging_by_query: 0]
[feature_fraction: 0.9]
[feature_fraction_bynode: 1]
[feature_fraction_seed: 30056]
[extra_trees: 0]
[extra_seed: 12879]
[early_stopping_round: 0]
[early_stopping_min_delta: 0]
[first_metric_only: 0]
[max_delta_step: 0]
[lambda_l1: 0]
[lambda_l2: 1]
[linear_lambda: 0]
[min_gain_to_split: 0]
[drop_rate: 0.1]
[max_drop: 50]
[skip_drop: 0.5]
[xgboost_dart_mode: 0]
[uniform_drop: 0]
[drop_seed: 17869]
[top_rate: 0.2]
[other_rate: 0.1]
[min_data_per_group: 100]
[max_cat_threshold: 32]
[cat_l2: 10]
[cat_smooth: 10]
[max_cat_to_onehot: 4]
[top_k: 20]
[monotone_constraints: ]
[monotone_constraints_method: basic]
[monotone_penalty: 0]
[feature_contri: ]
[forcedsplits_filename: ]
[refit_decay_rate: 0.9]
[cegb_tradeoff: 1]
[cegb_penalty_split: 0]
[cegb_penalty_feature_lazy: ]
[cegb_penalty_feature_coupled: ]
[path_smooth: 0]
[interaction_constraints: ]
[verbosity: -1]
[saved_feature_importance_type: 0]
[use_quantized_grad: 0]
[num_grad_quant_bins: 4]
[quant_train_renew_leaf: 0]
[stochastic_rounding: 1]
[linear_tree: 0]
[max_bin: 255]
[max_bin_by_feature: ]
[min_data_in_bin: 3]
[bin_construct_sample_cnt: 200000]
[data_random_seed: 175]
[is_enable_sparse: 1]
[enable_bundle: 1]
[use_missing: 1]
[zero_as_missing: 0]
[feature_pre_filter: 1]
[pre_partition: 0]
[two_round: 0]
[header: 0]
[label_column: ]
[weight_column: ]
[group_column: ]
[ignore_column: ]
[categorical_feature: 0,1,3]
[forcedbins_filename: ]
[precise_float_parser: 0]
[parser_config_file: ]
[objective_seed: 16083]
[num_class: 1]
[is_unbalance: 0]
[scale_pos_weight: 1]
[sigmoid: 1]
[boost_from_average: 1]
[reg_sqrt: 0]
[alpha: 0.9]
[fair_c: 1]
[poisson_max_delta_step: 0.7]
[tweedie_variance_power: 1.5]
[lambdarank_truncation_level: 30]
[lambdarank_norm: 1]
[label_gain: ]
[lambdarank_position_bias_regularization: 0]
[eval_at: ]
[multi_error_top_k: 1]
[auc_mu_weights: ]
[num_machines: 1]
[local_listen_port: 12400]
[time_out: 120]
[machine_list_filename: ]
[machines: ]
[gpu_platform_id: -1]
[gpu_device_id: -1]
[gpu_device_id_list: ]
[gpu_use_dp: 0]
[num_gpu: 1]

end of parameters

pandas_categorical:[]
