tree
version=v4
num_class=1
num_tree_per_iteration=1
label_index=0
max_feature_idx=44
objective=binary sigmoid:1
feature_names=age_group gender month season day_of_year_sin day_of_year_cos weather_code_current temperature_mean_current temperature_max_current temperature_min_current humidity_mean_current humidity_max_current humidity_min_current wind_speed_mean_current wind_speed_max_current precipitation_sum_current rain_sum_current wind_gust_max_current rain_day_current temperature_mean_3d temperature_max_3d temperature_min_3d humidity_mean_3d humidity_max_3d humidity_min_3d wind_speed_mean_3d wind_speed_max_3d precipitation_sum_3d rain_sum_3d rain_days_3d rain_max_daily_3d wind_gust_max_3d temperature_mean_7d temperature_max_7d temperature_min_7d humidity_mean_7d humidity_max_7d humidity_min_7d wind_speed_mean_7d wind_speed_max_7d precipitation_sum_7d rain_sum_7d rain_days_7d rain_max_daily_7d wind_gust_max_7d
feature_infos=-1:0:1:2:3:4:5 -1:0:1 [1:12] -1:1:0 [-0.99999942202469239:0.99998555065071859] [-0.99997919295908244:0.9999907524084426] [0:61] [23.658332999999999:32.533332999999999] [25.899999999999999:39.200000000000003] [17.899999999999999:29.300000000000001] [48.958333000000003:91.625] [63:100] [23:86] [2.8541669999999999:19.695833] [6.4000000000000004:30.100000000000001] [0:63.100000000000001] [0:63.100000000000001] [14:56.899999999999999] [0:1] [23.766667000000002:32.427778000000004] [27.699999999999999:39.200000000000003] [17.899999999999999:28.100000000000001] [52.569443999999997:90.694444000000004] [73:100] [23:79] [4.125:17.329167000000002] [9.6999999999999993:30.100000000000001] [0:93.900000000000006] [0:93.900000000000006] [0:3] [0:63.100000000000001] [17.300000000000001:56.899999999999999] [24.365476000000001:32.235118999999997] [28.699999999999999:39.200000000000003] [17.899999999999999:27.5] [55.767856999999999:89.523809999999997] [77:100] [23:72] [4.5327380000000002:15.469643] [11.6:30.100000000000001] [0:163.90000000000001] [0:163.90000000000001] [0:7] [0:63.100000000000001] [23:56.899999999999999]
tree_sizes=1581 1406 1403 1393 1289 1301 1411 1604 1518 1517 1192 1406 1309 1737 1508

Tree=0
num_leaves=14
num_cat=2
split_feature=0 4 19 4 4 44 0 27 5 44 34 38 5
split_gain=272.619 281 128.92 152.52 118.809 116.863 44.6313 58.0572 31.9586 27.7815 8.23655 32.1406 3.41013
threshold=0 -0.63921128368950708 26.680555500000004 -0.056952163117076689 -0.98803845231459231 35.45000000000001 1 16.550000000000004 -0.97874870457683605 35.100000000000001 25.150000000000002 7.4860120000000014 -0.39827153806311177
decision_type=1 2 2 2 2 2 1 2 2 2 2 2 2
left_child=1 4 3 -3 -1 -6 7 12 -4 -9 -8 -12 -2
right_child=6 2 8 -5 5 -7 10 9 -10 -11 11 -13 -14
leaf_value=-4.3329855590485895 -4.2975711353582504 -4.3112767492042305 -4.1542871807954702 -3.7674837676985913 -4.1770766986778236 -3.6755453156850626 -4.3550679607479985 -4.3163841472392646 -4.3307853380565655 -4.1676997445902932 -4.1589161806210235 -4.3504743285656557 -4.3519137059181432
leaf_weight=1.2488300958648322 3.3258317289874002 2.4056411320343614 1.9849825734272695 1.722070974297824 2.3662043921649483 3.7070535477250814 111.21160643175244 4.127712106332182 17.220709742978208 10.450736065395175 1.8009444540366519 9.0441590100526792 13.053560896776617
leaf_count=95 253 183 151 131 180 282 8460 314 1310 795 137 688 993
internal_value=-4.30516 -4.1909 -4.24659 -4.02386 -3.90483 -3.82526 -4.33413 -4.28384 -4.306 -4.20784 -4.34757 -4.30903 -4.3411
internal_weight=183.67 30.6555 23.3334 4.12771 7.32209 6.07326 153.015 30.9578 19.2057 14.5784 122.057 10.8451 16.3794
internal_count=13972 2332 1775 314 557 462 11640 2355 1461 1109 9285 825 1246
cat_boundaries=0 1 2
cat_threshold=1 8
is_linear=0
shrinkage=1


Tree=1
num_leaves=12
num_cat=2
split_feature=0 43 5 38 39 5 33 34 38 1 5
split_gain=231.332 207.776 93.3153 61.4603 43.2213 42.9403 31.3684 13.6165 43.2905 30.8262 11.6959
threshold=0 14.100000000000001 -0.6523320455745395 6.5687500000000005 19.650000000000002 0.99611390731392835 32.550000000000004 25.150000000000002 7.4860120000000014 1 -0.97874870457683605
decision_type=1 2 2 2 2 2 2 2 2 1 2
left_child=1 5 4 -4 -3 10 -7 -2 9 -9 -1
right_child=7 2 3 -5 -6 6 -8 8 -10 -11 -12
leaf_value=0.10374352405947401 -0.050165509970625646 -0.036560295485706502 0.056682362170845269 0.27963323504481602 0.12597113729720352 0.31547909351172759 -0.024441865409952829 0.27729092334575706 -0.04547154977956222 -0.02666587287629827 -0.036011910958817728
leaf_weight=0.62304762564600125 105.26386863458902 6.1134219486266366 4.588615543209019 14.735108020715414 9.471738360822199 0.64002571720629819 0.93173202779144049 1.1360582197085014 8.7893433775752765 1.1057633338496089 29.655427592806518
leaf_count=43 8409 443 303 915 649 38 72 75 699 73 2206
internal_value=0.000384353 0.0682943 0.160849 0.232085 0.0638564 -0.0141674 0.182824 -0.0411623 0.00756543 0.165388 -0.0299113
internal_weight=183.054 66.7591 34.9089 19.3237 15.5852 31.8502 1.57176 116.295 11.0312 2.24182 30.2785
internal_count=13925 4669 2310 1218 1092 2359 110 9256 847 148 2249
cat_boundaries=0 1 2
cat_threshold=9 1
is_linear=0
shrinkage=0.05


Tree=2
num_leaves=12
num_cat=2
split_feature=0 43 43 39 5 32 34 5 1 37 37
split_gain=207.205 176.101 72.2508 77.2587 26.3276 18.3552 13.6347 38.2631 26.0059 10.9238 5.30703
threshold=0 14.100000000000001 32.850000000000009 19.550000000000004 0.99611390731392835 27.019940500000001 25.150000000000002 -0.80417042486635371 1 57.500000000000007 57.500000000000007
decision_type=1 2 2 2 2 2 2 2 1 2 2
left_child=1 4 3 -3 9 -6 -2 8 -8 -1 -4
right_child=6 2 10 -5 5 -7 7 -9 -10 -11 -12
leaf_value=-0.043192549055665747 -0.050117367862474005 0.072565286657408343 0.045002716167542145 0.22985936099772011 0.22444724534341712 -0.024644257082482815 0.24259041865798242 -0.045264613043518642 -0.027027286395138763 0.038263374112129281 -0.041932901554036291
leaf_weight=25.824325086548932 101.59675925038755 14.802051955834029 1.614729145541786 19.293239914812148 0.817992903292178 0.94736758153885603 1.3877889830619088 8.435135228559373 1.139884926378727 4.062022470869123 4.6421021763235331
leaf_count=2017 8523 924 92 1007 36 75 76 691 80 282 268
internal_value=0.000215264 0.0612921 0.137656 0.165586 -0.0185249 0.130201 -0.040851 0.00788625 0.147808 -0.031241 -0.0163873
internal_weight=184.563 72.0038 40.3521 34.0953 31.6517 1.76536 112.56 10.9628 2.52767 29.8863 6.25683
internal_count=14071 4701 2291 1931 2410 111 9370 847 156 2299 360
cat_boundaries=0 1 2
cat_threshold=9 1
is_linear=0
shrinkage=0.05


Tree=3
num_leaves=12
num_cat=3
split_feature=0 43 43 34 20 1 34 38 1 35 27
split_gain=181.912 106.509 51.6325 47.1539 19.4534 21.8792 13.5954 34.5789 18.7423 5.45514 3.40285
threshold=0 14.100000000000001 32.850000000000009 24.450000000000003 32.650000000000013 1 25.150000000000002 7.4860120000000014 2 74.735119000000012 81.90000000000002
decision_type=1 2 2 2 2 1 2 2 1 2 2
left_child=1 4 3 -3 5 -1 -2 8 -8 -6 -4
right_child=6 2 10 -5 9 -7 7 -9 -10 -11 -12
leaf_value=0.11073089508231169 -0.050062488846692288 0.15185153696917728 -0.035806777556927079 0.0033686519260208224 -0.047902644232998864 -0.026332548571698269 0.20380033811849885 -0.045062136250066435 -0.025603315406324864 0.016436441792981201 0.049839768250832611
leaf_weight=4.8845032677054423 96.58566340431571 33.721046950668097 5.6689723907038561 6.3745963387191287 17.60325075592846 5.1519458349794149 1.7493121437728396 8.1453120363876206 1.018615834414959 3.4810895286500445 0.49697120953351248
leaf_count=332 8509 1591 335 349 1466 349 73 703 71 275 27
internal_value=8.795e-05 0.0543684 0.10861 0.128901 -0.0102081 0.0443621 -0.0404127 0.00810193 0.134989 -0.0370168 -0.0229119
internal_weight=184.881 77.3824 46.2616 40.0956 31.1208 10.0364 107.499 10.9132 2.76793 21.0843 6.16594
internal_count=14080 4724 2302 1940 2422 681 9356 847 144 1741 362
cat_boundaries=0 1 2 3
cat_threshold=9 1 1
is_linear=0
shrinkage=0.05


Tree=4
num_leaves=11
num_cat=3
split_feature=0 8 1 37 2 34 5 1 5 14
split_gain=163.347 93.1592 39.1156 63.9553 43.4955 13.7115 31.2986 16.6753 7.93349 1.75323
threshold=0 32.650000000000013 1 61.500000000000007 9.5000000000000018 25.150000000000002 -0.80417042486635371 2 -0.97874870457683605 10.850000000000003
decision_type=1 2 1 2 2 2 2 1 2 2
left_child=1 2 3 -1 -4 -2 7 -7 -3 -10
right_child=5 8 4 -5 -6 6 -8 -9 9 -11
leaf_value=0.19907881959743604 -0.050008336043865342 0.079666417663709618 0.080840639526150504 0.052537714617908071 -0.045972709382153441 0.18564734217168277 -0.044801697193951801 -0.025853621728960958 0.026405039773106882 -0.043492984586338969
leaf_weight=14.391053112223746 91.907641141675413 0.53820995241403835 21.719230040907863 16.341132614761591 8.8628506576642376 1.9579010885208845 7.746882410719989 1.0405674381181598 0.306180320680144 20.065330945886672
leaf_count=760 8503 29 1050 729 465 72 690 77 24 1667
internal_value=0.000309287 0.0493344 0.0859885 0.12527 0.0437975 -0.0399608 0.00889673 0.12414 -0.0346495 -0.0412561
internal_weight=184.877 82.224 61.3143 30.7322 30.5821 102.653 10.7454 2.99847 20.9097 20.3715
internal_count=14066 4724 3004 1489 1515 9342 839 149 1720 1691
cat_boundaries=0 1 2 3
cat_threshold=9 1 1
is_linear=0
shrinkage=0.05


Tree=5
num_leaves=11
num_cat=2
split_feature=0 8 5 33 33 34 38 1 22 39
split_gain=151.106 71.0194 36.4749 32.5153 21.2533 13.2036 24.8584 11.7557 8.09623 10.7719
threshold=0 32.650000000000013 -0.70289845916694649 31.950000000000003 32.95000000000001 25.150000000000002 7.4860120000000014 1 74.729166500000005 19.650000000000002
decision_type=1 2 2 2 2 2 2 1 2 2
left_child=1 2 4 -4 -1 -2 7 -7 -3 -10
right_child=5 8 3 -5 -6 6 -8 -9 9 -11
leaf_value=-0.0019976903657704399 -0.049954178089883144 -0.047404245819389054 0.05921351064074052 0.14975556366981663 0.10894271114557519 0.14389679023246851 -0.044515599274806354 -0.025941874121480864 -0.037938361786212814 0.085049785147644053
leaf_weight=18.349337348714474 87.435462172143161 14.968620621599259 23.40626569185406 19.632392074912786 4.6313276477158061 2.5850248970091325 7.37572181224823 1.0478255050256851 2.9634141232818356 2.3158803395926952
leaf_count=882 8495 1360 993 860 244 75 690 77 216 149
internal_value=0.000843683 0.046105 0.0762442 0.102978 0.0239709 -0.0395437 0.00748622 0.0998843 -0.0294302 0.0209656
internal_weight=184.711 86.2672 66.0193 43.0387 22.9807 98.444 11.0086 3.63285 20.2479 5.27929
internal_count=14041 4704 2979 1853 1126 9337 842 152 1725 365
cat_boundaries=0 1 2
cat_threshold=9 1
is_linear=0
shrinkage=0.05


Tree=6
num_leaves=12
num_cat=2
split_feature=43 2 5 1 37 5 32 35 19 1 17
split_gain=63.9216 39.1104 19.0638 18.7681 48.3673 18.9013 18.4734 9.58006 14.5429 4.50398 2.6879
threshold=14.100000000000001 3.5000000000000004 0.99611390731392835 0 58.500000000000007 -0.16799793862756093 27.019940500000001 84.901786000000016 27.247222000000004 1 17.450000000000006
decision_type=2 2 2 1 2 2 2 2 2 1 2
left_child=2 -2 7 4 -3 -5 9 10 -9 -4 -1
right_child=1 3 6 5 -6 -7 -8 8 -10 -11 -12
leaf_value=0.019257143735060964 0.19144876877118999 0.12040386677372167 0.18316907725320117 0.018451810484906805 0.012487618071451516 -0.047690396232119014 -0.035152074811383709 -0.040128995142369506 0.095546466002983901 0.024170920628891462 -0.044833049309180251
leaf_weight=1.1553051052615035 2.5029664495959869 13.274285330437122 1.1347277844324699 35.698128600604832 39.122170469723642 14.306844707578419 2.2788469530642033 3.7670739702880374 2.4221511948853731 1.0036517297849059 68.461964235641062
leaf_count=100 128 766 53 2410 2579 970 213 296 188 57 6323
internal_value=0.00120714 0.0267931 -0.0321682 0.0209559 0.0415704 -0.00103603 0.0598439 -0.0382391 0.0188722 0.140023 -0.0435118
internal_weight=185.128 104.904 80.2237 102.401 52.3965 50.005 4.41723 75.8065 6.18923 2.13838 69.6173
internal_count=14083 6853 7230 6725 3345 3380 323 6907 484 110 6423
cat_boundaries=0 1 2
cat_threshold=1 1
is_linear=0
shrinkage=0.05


Tree=7
num_leaves=14
num_cat=3
split_feature=0 20 5 33 37 0 5 32 27 34 5 1 4
split_gain=142.849 68.0782 71.3403 49.6307 30.562 20.2604 24.5064 29.7228 13.373 11.0423 19.8272 9.26055 1.69828
threshold=0 32.750000000000007 -0.70289845916694649 31.950000000000003 58.500000000000007 1 0.21652257995689159 26.340773500000001 21.550000000000001 25.150000000000002 -0.8142754349318998 2 -0.66528616069191593
decision_type=1 2 2 2 2 1 2 2 2 2 2 1 2
left_child=1 2 4 -4 -1 6 7 -2 12 -7 -11 -10 -3
right_child=5 8 3 -5 -6 9 -8 -9 11 10 -12 -13 -14
leaf_value=0.14877034434046146 0.1891280120584129 0.023732025601211147 0.085137047598260351 0.23513174482469573 -0.040461426057692269 -0.049895794326950682 -0.047523386371057789 0.014392882802235191 0.13471290326322355 0.083307703102334818 -0.044421307501908459 -0.026297707744285248 -0.046185392689290075
leaf_weight=1.7541563352569927 1.7073745727539087 0.34490586817264457 13.612994527444245 11.014144567772744 8.4741187682375294 82.878504198975861 14.015679898671804 26.454681715928018 1.156864588148891 3.821097020059824 7.2196343671530467 1.0554926032200456 10.35329460352659
leaf_count=70 63 8 490 335 416 8513 966 1331 51 146 704 53 900
internal_value=-0.000625341 0.0653351 0.11422 0.158778 0.00235125 -0.0268876 0.00364055 0.0311087 -0.0183987 -0.0395416 0.00303201 0.0736228 -0.0420953
internal_weight=183.863 47.766 34.8554 24.6271 10.2283 136.097 42.1777 28.1621 12.9106 93.9192 11.0407 2.21236 10.6982
internal_count=14046 2323 1311 825 486 11723 2360 1394 1012 9363 850 104 908
cat_boundaries=0 1 2 3
cat_threshold=1 8 1
is_linear=0
shrinkage=0.05


Tree=8
num_leaves=13
num_cat=2
split_feature=0 43 39 37 21 5 35 34 38 38 1 12
split_gain=118.382 47.9804 31.8218 51.1652 25.1407 21.3417 15.2332 12.8561 21.6233 11.7892 7.87682 1.50602
threshold=0 14.100000000000001 19.550000000000004 62.500000000000007 24.050000000000004 0.99611390731392835 84.901786000000016 25.150000000000002 6.7976195000000006 7.3476190000000008 1 71.500000000000014
decision_type=1 2 2 2 2 2 2 2 2 2 1 2
left_child=1 5 4 -4 -3 6 -1 -2 10 -7 -9 -10
right_child=7 2 3 -5 -6 9 -8 8 11 -11 -12 -13
leaf_value=-0.035730749229214369 -0.049842710438874109 0.058243562790052897 0.15567746604961216 0.037741844100047273 -0.041310159946203476 -0.023886154662521485 0.066877496461131794 0.12971437829992166 -0.044496811324367003 0.1657905923049052 -0.022204842423896837 0.02098675035453397
leaf_weight=25.751203609630473 78.986882929690182 15.860871737822892 17.285240887664258 20.235247280448675 9.2788348002359253 0.88053320627659504 3.2445185882970682 2.5799489524215442 7.2815907252952456 1.5263893352821467 0.77840080019086633 0.39946699608117331
leaf_count=2146 8518 614 499 706 467 61 164 57 720 41 55 23
internal_value=3.46535e-05 0.0371914 0.0660613 0.0947043 0.0213245 -0.00919817 -0.0224025 -0.0386139 0.00712225 0.109757 0.0974868 -0.039066
internal_weight=184.089 94.0628 62.6602 37.5205 25.1397 31.4026 28.9957 90.0263 11.0394 2.40692 3.35835 7.68106
internal_count=14071 4698 2286 1205 1081 2412 2310 9373 855 102 112 743
cat_boundaries=0 1 2
cat_threshold=9 1
is_linear=0
shrinkage=0.05


Tree=9
num_leaves=13
num_cat=2
split_feature=0 20 5 35 0 5 32 5 34 37 27 25
split_gain=112.187 47.4587 60.0201 45.0784 19.7329 22.9445 19.951 18.408 12.2241 17.4358 8.25962 7.40875
threshold=0 32.850000000000001 -0.70289845916694649 87.889881000000017 1 0.21652257995689159 26.308333500000003 -0.98801846520836334 25.150000000000002 54.500000000000007 21.550000000000001 7.7291665000000007
decision_type=1 2 2 2 1 2 2 2 2 2 2 2
left_child=1 2 7 -4 5 6 -2 -1 -6 -10 -3 -12
right_child=4 10 3 -5 8 -7 -8 -9 9 -11 11 -13
leaf_value=0.080096110914774712 0.1533360671608307 -0.045606379300414328 0.14753515842781048 -0.022990658116458805 -0.049789442036964567 -0.04741664495248156 0.015421991483691605 -0.045828639936719401 -0.044106003567399091 0.071316978117214574 -0.027483000493178783 0.11726337531841598
leaf_weight=3.1879133917391291 1.9322841577231908 9.0890430593863112 26.482356762513522 4.2230132278054944 75.322268603369594 13.41117970831692 28.220597479492426 8.4914141306653601 6.7129365196451527 4.6882558492943645 1.1566880410537113 0.78521627094596613
leaf_count=120 57 850 735 128 8534 947 1330 405 667 204 57 29
internal_value=3.95662e-05 0.0547217 0.088395 0.124097 -0.0248969 0.00397578 0.0288983 -0.00785081 -0.0382156 0.00528033 -0.0257716 0.0510106
internal_weight=183.703 53.4156 42.3847 30.7054 130.288 43.5641 30.1529 11.6793 86.7235 11.4012 11.0309 1.9419
internal_count=14063 2324 1388 863 11739 2334 1387 525 9405 871 936 86
cat_boundaries=0 1 2
cat_threshold=1 8
is_linear=0
shrinkage=0.05


Tree=10
num_leaves=10
num_cat=3
split_feature=0 36 1 2 31 34 38 1 12
split_gain=94.7166 37.0487 19.0189 25.6966 21.7675 12.5489 16.6147 6.61826 1.42329
threshold=0 95.500000000000014 1 9.5000000000000018 40.850000000000009 25.150000000000002 6.7976195000000006 2 71.500000000000014
decision_type=1 2 1 2 2 2 2 1 2
left_child=1 -1 4 -4 -3 -2 7 -7 -8
right_child=5 2 3 -5 -6 6 8 -9 -10
leaf_value=-0.046720474038830173 -0.049735128086868856 0.079870761962762271 0.041476851369203344 -0.046901718231841708 -0.01393474372333787 0.10559778564917879 -0.0439350633917708 -0.023782396357554227 0.019642685792276501
leaf_weight=11.833796632476149 71.698609312064946 40.298401616513729 31.153224026784301 10.135040783323346 6.9550390969961873 3.1154349334537965 6.6197841884568334 0.88183624949306283 0.42474711406975973
leaf_count=1112 8527 1535 1304 466 254 59 704 61 22
internal_value=-0.000723425 0.0305224 0.0446613 0.0191865 0.0660613 -0.0376853 0.00689568 0.0780078 -0.0381364
internal_weight=183.116 100.376 88.5417 41.2883 47.2534 82.7404 11.0418 3.99727 7.04453
internal_count=14044 4671 3559 1770 1789 9373 846 120 726
cat_boundaries=0 1 2 3
cat_threshold=9 1 1
is_linear=0
shrinkage=0.05


Tree=11
num_leaves=12
num_cat=2
split_feature=0 43 9 39 34 5 5 35 2 25 1
split_gain=92.0986 41.4129 25.9258 22.5233 12.5687 15.8968 10.7432 12.3279 9.65413 7.20764 6.57531
threshold=0 14.100000000000001 23.650000000000002 19.550000000000004 25.150000000000002 -0.80417042486635371 0.99611390731392835 85.547619000000012 10.500000000000002 7.2770835000000007 1
decision_type=1 2 2 2 2 2 2 2 2 2 1
left_child=1 6 8 -4 -2 10 7 -1 -3 -8 -6
right_child=4 2 3 -5 5 -7 9 -9 -10 -11 -12
leaf_value=-0.034315852747361958 -0.049680032199384654 0.13483290524475627 -0.00254787860792818 0.0614725626761983 0.093906866690223703 -0.043381911720052554 -0.02612829593372426 0.068180136118394158 0.024123921176505296 0.10893884123848555 -0.02575215319402991
leaf_weight=26.377061107195921 68.245482973288745 10.710098483599721 21.466930995695293 36.782910802401602 3.7785146068781614 6.0952598331496102 1.0319365076720708 2.3519981186836949 2.9676027549430719 1.7821553489193318 1.0314551610499618
leaf_count=2198 8523 238 874 1059 74 695 62 97 98 41 75
internal_value=0.000694655 0.0303926 0.0540261 0.0382342 -0.0371767 0.00744337 -0.0141638 -0.0239136 0.114093 0.0655448 0.0682312
internal_weight=182.621 103.471 71.9275 58.2498 79.1507 10.9052 31.5432 28.7291 13.6777 2.81409 4.80997
internal_count=14034 4667 2269 1933 9367 844 2398 2295 336 103 149
cat_boundaries=0 1 2
cat_threshold=9 1
is_linear=0
shrinkage=0.05


Tree=12
num_leaves=11
num_cat=2
split_feature=0 4 2 4 12 4 35 34 37 1
split_gain=78.8544 33.4626 38.7513 19.0356 17.3774 13.8004 25.6225 10.3619 12.3945 5.93962
threshold=0 0.29342972903661901 6.5000000000000009 -0.69057362043749781 47.500000000000007 0.79383249484937135 75.538690500000016 25.150000000000002 54.500000000000007 1
decision_type=1 2 2 2 2 2 2 2 2 1
left_child=1 2 4 -4 -1 -3 -7 -2 -9 -10
right_child=7 5 3 -5 -6 6 -8 8 9 -11
leaf_value=-0.029099073370427671 -0.04962091451856665 -0.047862920682207107 0.05010754868474411 -0.0059499363843913047 0.14118871002457897 -0.044790314527186882 0.075592614604835948 -0.043380320971316708 0.079780560790569222 -0.027475055461722731
leaf_weight=1.3553092749789346 64.676322927698493 15.233056647703053 38.401014686562121 24.283710028976202 11.369303909130393 7.7794809648767096 7.9787602387368679 5.93117767293006 3.9050431856885552 1.185224034823477
leaf_count=132 8484 1038 1013 1072 323 839 239 655 97 97
internal_value=-0.00119093 0.0256408 0.0458284 0.0286388 0.122253 -0.0153626 0.0170359 -0.0372363 0.00254639 0.0543963
internal_weight=182.098 106.401 75.4093 62.6847 12.7246 30.9913 15.7582 75.6978 11.0214 5.09027
internal_count=13989 4656 2540 2085 455 2116 1078 9333 849 194
cat_boundaries=0 1 2
cat_threshold=9 1
is_linear=0
shrinkage=0.05


Tree=13
num_leaves=15
num_cat=2
split_feature=0 33 5 35 5 0 25 37 27 24 39 25 5 27
split_gain=67.261 25.8384 32.9453 24.7817 19.9133 22.1361 32.0686 18.9381 18.0813 12.9155 7.45824 5.23151 2.84041 2.22475
threshold=0 32.850000000000001 -0.70289845916694649 87.889881000000017 -0.8142754349318998 1 7.5965275000000014 58.500000000000007 52.70000000000001 71.500000000000014 22.150000000000002 8.5444445000000027 -0.42179730054635828 21.550000000000001
decision_type=1 2 2 2 2 1 2 2 2 2 2 2 2 2
left_child=1 2 7 -4 5 6 -2 -1 13 12 -11 -10 -6 -3
right_child=4 8 3 -5 9 -7 -8 -9 11 10 -12 -13 -14 -15
leaf_value=0.10821537412358316 0.1193515709759774 -0.045981036400891379 0.099718650770753495 -0.017979772887197033 -0.022984853627863306 -0.029213665053618273 -0.0093030745932411018 -0.046105628064321412 0.0010077244901068589 -0.027745734861216953 0.10605554980810726 0.14787435271087943 -0.046236642603106649 -0.0017095071219135839
leaf_weight=1.5060067977756251 8.3664206997491437 9.7663396894931775 30.644839545711875 4.8848045086488119 20.471647054422647 14.65607343520969 9.7545612328685802 8.8584032710641605 0.89087528362870105 1.1960700945928686 1.5462816157378254 0.99539107456803322 65.132012099958956 3.9612311143428078
leaf_count=42 456 935 666 134 1882 1553 590 398 27 106 104 13 7053 127
internal_value=-0.00225405 0.036684 0.0611257 0.0834876 -0.0232646 0.0079444 0.0349523 -0.0161328 -0.0124328 -0.0374066 0.0558782 0.102892 -0.0410057 -0.0341895
internal_weight=182.631 61.5079 45.8941 35.5296 121.123 32.7771 18.121 10.3644 15.6138 88.346 2.74235 1.88627 85.6037 13.7276
internal_count=14086 2342 1240 800 11744 2599 1046 440 1102 9145 210 40 8935 1062
cat_boundaries=0 1 2
cat_threshold=1 12
is_linear=0
shrinkage=0.05


Tree=14
num_leaves=13
num_cat=3
split_feature=0 43 34 44 2 0 5 25 4 5 4 1
split_gain=72.0325 27.0396 36.6258 22.9797 18.2716 15.642 24.5141 28.526 15.0599 14.6175 13.7568 0.602614
threshold=0 16.150000000000002 23.050000000000004 35.800000000000004 9.5000000000000018 1 -0.80417042486635371 7.7597220000000009 -0.97509794945709782 0.99611390731392835 -0.71504373327588355 2
decision_type=1 2 2 2 2 1 2 2 2 2 2 1
left_child=1 9 4 -4 -3 6 7 -2 -8 10 -1 -11
right_child=5 2 3 -5 -6 -7 8 -9 -10 11 -12 -13
leaf_value=0.047462463962374052 0.097926184761265786 0.22000191303973682 -0.024924139145634985 0.068858998277681091 0.04188100865230672 -0.041792220123860954 0.046726862991353015 -0.018652882429214295 -0.035191220440632213 0.1247023169315999 -0.033781551161288906 0.026717812817659992
leaf_weight=6.4745324049145045 9.6976305493153649 4.4460353981703511 8.3091923072934168 23.542334662750363 2.7229387275874615 52.446323811542243 5.6175703387707463 9.7720607956871373 39.935745608527213 1.2390595851466051 16.352012677583843 0.90309875272214424
leaf_count=134 482 50 289 583 59 7011 281 588 3333 25 1191 26
internal_value=-0.000140498 0.0388141 0.0702639 0.0443796 0.165756 -0.0228558 -0.00374508 0.0413611 -0.0243025 0.00379859 -0.00971262 0.105043
internal_weight=181.459 63.9892 39.0205 31.8515 7.16897 117.469 65.023 19.4697 45.5533 24.9687 22.8265 2.14216
internal_count=14052 2357 981 872 109 11695 4684 1070 3614 1376 1325 51
cat_boundaries=0 1 2 3
cat_threshold=1 12 1
is_linear=0
shrinkage=0.05


end of trees

feature_importances:
day_of_year_cos=26
age_group=19
gender=16
temperature_min_7d=14
day_of_year_sin=9
humidity_min_7d=9
rain_max_daily_7d=9
wind_speed_mean_7d=8
humidity_mean_7d=7
month=6
precipitation_sum_3d=6
wind_speed_max_7d=6
wind_speed_mean_3d=5
temperature_max_7d=5
temperature_mean_7d=4
humidity_min_current=3
temperature_max_3d=3
wind_gust_max_7d=3
temperature_max_current=2
temperature_mean_3d=2
temperature_min_current=1
wind_speed_max_current=1
wind_gust_max_current=1
temperature_min_3d=1
humidity_mean_3d=1
humidity_min_3d=1
wind_gust_max_3d=1
humidity_max_7d=1

parameters:
[boosting: gbdt]
[objective: binary]
[metric: binary_logloss]
[tree_learner: serial]
[device_type: cpu]
[data_sample_strategy: bagging]
[data: ]
[valid: ]
[num_iterations: 15]
[learning_rate: 0.05]
[num_leaves: 15]
[num_threads: 8]
[seed: 42]
[deterministic: 0]
[force_col_wise: 0]
[force_row_wise: 0]
[histogram_pool_size: -1]
[max_depth: 4]
[min_data_in_leaf: 20]
[min_sum_hessian_in_leaf: 0.001]
[bagging_fraction: 0.9]
[pos_bagging_fraction: 1]
[neg_bagging_fraction: 1]
[bagging_freq: 1]
[bagging_seed: 400]
[bagging_by_query: 0]
[feature_fraction: 0.9]
[feature_fraction_bynode: 1]
[feature_fraction_seed: 30056]
[extra_trees: 0]
[extra_seed: 12879]
[early_stopping_round: 0]
[early_stopping_min_delta: 0]
[first_metric_only: 0]
[max_delta_step: 0]
[lambda_l1: 0]
[lambda_l2: 1]
[linear_lambda: 0]
[min_gain_to_split: 0]
[drop_rate: 0.1]
[max_drop: 50]
[skip_drop: 0.5]
[xgboost_dart_mode: 0]
[uniform_drop: 0]
[drop_seed: 17869]
[top_rate: 0.2]
[other_rate: 0.1]
[min_data_per_group: 100]
[max_cat_threshold: 32]
[cat_l2: 10]
[cat_smooth: 10]
[max_cat_to_onehot: 4]
[top_k: 20]
[monotone_constraints: ]
[monotone_constraints_method: basic]
[monotone_penalty: 0]
[feature_contri: ]
[forcedsplits_filename: ]
[refit_decay_rate: 0.9]
[cegb_tradeoff: 1]
[cegb_penalty_split: 0]
[cegb_penalty_feature_lazy: ]
[cegb_penalty_feature_coupled: ]
[path_smooth: 0]
[interaction_constraints: ]
[verbosity: -1]
[saved_feature_importance_type: 0]
[use_quantized_grad: 0]
[num_grad_quant_bins: 4]
[quant_train_renew_leaf: 0]
[stochastic_rounding: 1]
[linear_tree: 0]
[max_bin: 255]
[max_bin_by_feature: ]
[min_data_in_bin: 3]
[bin_construct_sample_cnt: 200000]
[data_random_seed: 175]
[is_enable_sparse: 1]
[enable_bundle: 1]
[use_missing: 1]
[zero_as_missing: 0]
[feature_pre_filter: 1]
[pre_partition: 0]
[two_round: 0]
[header: 0]
[label_column: ]
[weight_column: ]
[group_column: ]
[ignore_column: ]
[categorical_feature: 0,1,3]
[forcedbins_filename: ]
[precise_float_parser: 0]
[parser_config_file: ]
[objective_seed: 16083]
[num_class: 1]
[is_unbalance: 0]
[scale_pos_weight: 1]
[sigmoid: 1]
[boost_from_average: 1]
[reg_sqrt: 0]
[alpha: 0.9]
[fair_c: 1]
[poisson_max_delta_step: 0.7]
[tweedie_variance_power: 1.5]
[lambdarank_truncation_level: 30]
[lambdarank_norm: 1]
[label_gain: ]
[lambdarank_position_bias_regularization: 0]
[eval_at: ]
[multi_error_top_k: 1]
[auc_mu_weights: ]
[num_machines: 1]
[local_listen_port: 12400]
[time_out: 120]
[machine_list_filename: ]
[machines: ]
[gpu_platform_id: -1]
[gpu_device_id: -1]
[gpu_device_id_list: ]
[gpu_use_dp: 0]
[num_gpu: 1]

end of parameters

pandas_categorical:[]
