tree
version=v4
num_class=1
num_tree_per_iteration=1
label_index=0
max_feature_idx=44
objective=binary sigmoid:1
feature_names=age_group gender month season day_of_year_sin day_of_year_cos weather_code_current temperature_mean_current temperature_max_current temperature_min_current humidity_mean_current humidity_max_current humidity_min_current wind_speed_mean_current wind_speed_max_current precipitation_sum_current rain_sum_current wind_gust_max_current rain_day_current temperature_mean_3d temperature_max_3d temperature_min_3d humidity_mean_3d humidity_max_3d humidity_min_3d wind_speed_mean_3d wind_speed_max_3d precipitation_sum_3d rain_sum_3d rain_days_3d rain_max_daily_3d wind_gust_max_3d temperature_mean_7d temperature_max_7d temperature_min_7d humidity_mean_7d humidity_max_7d humidity_min_7d wind_speed_mean_7d wind_speed_max_7d precipitation_sum_7d rain_sum_7d rain_days_7d rain_max_daily_7d wind_gust_max_7d
feature_infos=-1:0:1:2:3:4:5 -1:0:1 [1:12] -1:1:0 [-0.99999942202469239:0.99998555065071859] [-0.99997919295908244:0.9999907524084426] [0:61] [23.658332999999999:32.533332999999999] [25.899999999999999:39.200000000000003] [17.899999999999999:29.300000000000001] [48.958333000000003:91.625] [63:100] [23:86] [2.8541669999999999:19.695833] [6.4000000000000004:30.100000000000001] [0:63.100000000000001] [0:63.100000000000001] [14:56.899999999999999] [0:1] [23.766667000000002:32.427778000000004] [27.699999999999999:39.200000000000003] [17.899999999999999:28.100000000000001] [52.569443999999997:90.694444000000004] [73:100] [23:79] [4.125:17.329167000000002] [9.6999999999999993:30.100000000000001] [0:93.900000000000006] [0:93.900000000000006] [0:3] [0:63.100000000000001] [17.300000000000001:56.899999999999999] [24.365476000000001:32.235118999999997] [28.699999999999999:39.200000000000003] [17.899999999999999:27.5] [55.767856999999999:89.523809999999997] [77:100] [23:72] [4.5327380000000002:15.469643] [11.6:30.100000000000001] [0:163.90000000000001] [0:163.90000000000001] [0:7] [0:63.100000000000001] [23:56.899999999999999]
tree_sizes=1270 1286 1302 1306 1204 1195 1097 1619 1308 1197 1318 1297 1614 1502 1501 1522 1421 1616 1306 1332 1603 1187 1432 1522 1310 1620 1522 1162 996 1091 1511 1522 1318

Tree=0
num_leaves=11
num_cat=2
split_feature=0 4 34 44 19 1 7 4 43 43
split_gain=1335.6 232.023 308.828 117.314 93.609 70.2081 30.7731 20.2644 2.26083 15.1273
threshold=0 0.074116354202380164 25.650000000000002 46.250000000000007 26.052083500000006 1 31.797917000000005 -0.40614700388750385 35.600000000000001 36.250000000000007
decision_type=1 2 2 2 2 1 2 2 2 2
left_child=1 3 5 4 -1 -3 -4 -5 -2 -10
right_child=8 2 6 7 -6 -7 -8 -9 9 -11
leaf_value=-3.6034485931173528 -3.7250689926063916 -3.5287756068769434 -3.0708830155863454 -3.7104957240354448 -3.2582371955269873 -3.6853442338612723 -3.6241383552070401 -3.5129157368369106 -3.5854026325332646 -3.721872733839684
leaf_weight=2.6765725035220447 267.75370341539383 13.696334972977638 2.4354398455470796 2.2666469849646096 20.158690206706524 13.720448238775138 0.48226531594991673 1.350342884659766 1.4950224794447411 10.875082874670623
leaf_count=111 11104 568 101 94 836 569 20 56 62 451
internal_value=-3.67588 -3.47594 -3.54265 -3.33455 -3.294 -3.60474 -3.12603 -3.61762 -3.72236 -3.69992
internal_weight=336.911 56.7867 30.3345 26.4523 22.8353 27.4168 2.91771 3.61699 280.124 12.3701
internal_count=13972 2355 1258 1097 947 1137 121 150 11617 513
cat_boundaries=0 1 2
cat_threshold=8 1
is_linear=0
shrinkage=1


Tree=1
num_leaves=11
num_cat=2
split_feature=0 4 40 4 1 44 34 43 43 38
split_gain=1140.47 111.614 158.953 167.427 63.7785 54.0658 67.3253 3.396 17.41 0.77015
threshold=0 0.15951094710994368 1.0500000000000003 0.83849049182116964 1 48.800000000000004 23.750000000000004 35.600000000000001 36.250000000000007 10.745238000000002
decision_type=1 2 2 2 1 2 2 2 2 2
left_child=1 5 3 -3 -4 6 -1 -2 -9 -7
right_child=7 2 4 -5 -6 9 -8 8 -10 -11
leaf_value=0.18512094691126571 -0.050026334608105051 0.018200296374078089 0.11790602798477984 0.47797904751887582 -0.0390143331034698 0.01900724037155125 0.3419210728964211 0.094110313978011381 -0.046662136220386889 -0.029390857060616622
leaf_weight=21.165753960609436 254.42428462766111 3.3318269122391966 13.170587576925751 4.1954514365643263 11.220159223303202 0.4403278436511745 15.639425832778214 1.7587332222610701 10.261510824784635 1.3403541147708891
leaf_count=639 11067 129 456 144 441 17 466 67 445 54
internal_value=0.0013721 0.165728 0.114108 0.300466 0.0470264 0.246333 0.259031 -0.0470141 -0.020419 -0.0148914
internal_weight=336.948 70.5039 31.918 7.52728 24.3907 38.5859 36.8052 266.445 12.0202 1.78068
internal_count=13925 2346 1170 273 897 1176 1105 11579 512 71
cat_boundaries=0 1 2
cat_threshold=8 1
is_linear=0
shrinkage=0.05


Tree=2
num_leaves=11
num_cat=1
split_feature=0 2 34 21 39 20 5 43 43 20
split_gain=931.479 75.2819 103.531 68.2007 48.8625 42.0654 39.289 3.498 18.0331 0.52058
threshold=0 6.5000000000000009 25.650000000000002 22.450000000000003 23.150000000000002 30.150000000000002 0.98005052076767474 35.600000000000001 36.250000000000007 29.850000000000005
decision_type=1 2 2 2 2 2 2 2 2 2
left_child=1 2 3 -1 -4 9 -7 -2 -9 -3
right_child=7 5 4 -5 -6 6 -8 8 -10 -11
leaf_value=0.20470098150529534 -0.049724005571197709 -0.02981707003502836 0.1057239657777352 0.025350306831335181 0.4191964147833942 0.21879005255441319 -0.0027470804957768495 0.099207007886901066 -0.046462545135920297 0.010062087132319644
leaf_weight=5.6378357950597993 245.81037732772529 1.3602556362748139 3.4407973140478125 28.250070428475738 2.3933276496827602 39.75845861621201 2.0787642337381831 1.6638549827039231 9.9030337426811439 0.64560764655470837
leaf_count=191 11215 43 81 972 43 946 53 58 449 20
internal_value=0.000973261 0.135859 0.0980363 0.0602005 0.276842 0.197472 0.207975 -0.046631 -0.0192816 -0.0179042
internal_weight=340.942 83.5651 39.722 33.8879 5.83412 43.8431 41.8372 257.377 11.5669 2.00586
internal_count=14071 2349 1287 1163 124 1062 999 11722 507 63
cat_boundaries=0 1
cat_threshold=8
is_linear=0
shrinkage=0.05


Tree=3
num_leaves=11
num_cat=1
split_feature=0 4 34 41 4 32 4 39 43 43
split_gain=731.188 41.85 82.314 76.8237 42.3034 51.9882 43.3497 20.1023 3.52592 15.5211
threshold=0 0.19337368024598431 25.650000000000002 0.35000000000000003 -0.67803021058859214 27.891964500000004 -0.79384350655589164 23.150000000000002 35.600000000000001 36.250000000000007
decision_type=1 2 2 2 2 2 2 2 2 2
left_child=1 4 3 -3 6 -6 -1 -4 -2 -10
right_child=8 2 7 -5 5 -7 -8 -9 9 -11
leaf_value=0.12826399365044328 -0.049386463890550597 0.20124430959899831 0.10177136260604547 0.0018560484607194625 0.20742523177370864 -0.023001104208575682 -0.022780310150720347 0.30553348074388886 0.084386988801711166 -0.046152625922768378
leaf_weight=20.817909574136142 234.2916714027524 4.930949620902541 3.8729762136936179 26.15152483060956 28.418190713971857 2.4643783643841735 5.724796511232852 3.1745939552783966 1.9520477503538121 9.3251550458371621
leaf_count=414 11210 142 84 900 618 57 111 40 62 442
internal_value=-0.000481171 0.109643 0.0770603 0.038774 0.148354 0.188893 0.0960421 0.220117 -0.0461772 -0.0185236
internal_weight=341.124 95.5553 38.13 31.0825 57.4253 30.8826 26.5427 7.04757 245.569 11.2772
internal_count=14080 2366 1166 1042 1200 675 525 124 11714 504
cat_boundaries=0 1
cat_threshold=8
is_linear=0
shrinkage=0.05


Tree=4
num_leaves=10
num_cat=1
split_feature=0 44 31 4 5 27 43 43 35
split_gain=666.757 35.658 39.9595 57.9085 25.3608 12.6323 2.50237 10.6645 2.30596
threshold=0 46.250000000000007 40.150000000000006 0.19337368024598431 0.48877522411129343 47.650000000000006 35.600000000000001 36.250000000000007 87.645833500000023
decision_type=1 2 2 2 2 2 2 2 2
left_child=1 2 3 -1 -4 8 -2 -8 -3
right_child=6 5 4 -5 -6 -7 7 -9 -10
leaf_value=0.1321456333842167 -0.049251552727579632 -0.031610382291725879 0.2192070416731518 0.043324614087894862 0.0254226745130012 0.10682353654222287 0.061232972158447974 -0.045853906179287376 0.03432232039825564
leaf_weight=52.663492530584335 223.42173837125301 6.4124296829104406 12.556928994134067 29.939167531207204 2.2526240702718487 1.5252040550112722 2.1118053123354903 8.8209741301834566 0.75529555976390828
leaf_count=931 11208 173 228 910 66 34 62 437 17
internal_value=0.000788004 0.0989024 0.116716 0.100856 0.193204 0.00987187 -0.0461084 -0.0217707 -0.0213112
internal_weight=340.46 106.105 97.4122 82.6027 14.8096 8.69293 234.355 10.9328 7.16773
internal_count=14066 2359 2135 1841 294 224 11707 499 190
cat_boundaries=0 1
cat_threshold=8
is_linear=0
shrinkage=0.05


Tree=5
num_leaves=10
num_cat=2
split_feature=0 34 32 34 20 1 43 43 27
split_gain=566.145 40.5763 56.0283 30.0513 29.2915 12.7289 1.68577 7.64372 0.527323
threshold=0 26.050000000000004 27.930655000000005 25.450000000000003 34.150000000000013 1 35.600000000000001 36.250000000000007 56.300000000000004
decision_type=1 2 2 2 2 1 2 2 2
left_child=1 2 4 -4 -1 -3 -2 8 -8
right_child=6 5 3 -5 -6 -7 7 -9 -10
leaf_value=0.094258943304223256 -0.049349272603074416 0.29772355542643386 -0.017288963528272312 0.10752157247077901 0.22199684798362129 0.078577585397092614 0.059446269836129599 -0.045546818747227553 0.0049078903365648774
leaf_weight=82.626850046217442 213.10103067755699 2.4076240845024577 17.825593050569299 5.5102944560348979 4.4698217045515767 2.0135520771145821 1.2617954798042768 8.3446370959281904 0.7931285873055457
leaf_count=1540 11208 31 543 97 105 28 35 432 22
internal_value=-0.000369471 0.0851998 0.0849966 0.0153897 0.10326 0.230822 -0.0462604 -0.0247696 0.0468934
internal_weight=338.354 114.854 110.433 23.3359 87.0967 4.42118 223.501 10.3996 2.05492
internal_count=14041 2344 2285 640 1645 59 11697 489 57
cat_boundaries=0 1 2
cat_threshold=8 1
is_linear=0
shrinkage=0.05


Tree=6
num_leaves=9
num_cat=0
split_feature=33 2 40 4 19 44 32 27
split_gain=28.4832 28.1492 20.509 31.5243 14.5647 12.7723 13.3405 5.67445
threshold=38.800000000000004 4.5000000000000009 0.35000000000000003 0.83849049182116964 25.111111500000003 46.250000000000007 26.361012000000006 48.550000000000004
decision_type=2 2 2 2 2 2 2 2
left_child=1 2 3 -1 -4 6 -3 -7
right_child=-2 5 4 -5 -6 7 -8 -9
leaf_value=-0.02794909593699671 0.11425720308018682 -0.018741711376613925 0.086512136922606522 0.096973014613264005 -0.03667257118868348 -0.040529540730777254 0.016644890023370402 0.01764996843653464
leaf_weight=11.889506116509439 4.2840192839503279 30.580328937619925 1.5440949909389008 7.3862718306481829 87.696790233254433 17.52312341332436 173.24610598199069 4.7885847426950923
leaf_count=547 110 1211 63 280 4137 797 6738 200
internal_value=-0.000929704 -0.00274025 -0.0235549 0.0223415 -0.0336061 0.00730777 0.0112702 -0.0278214
internal_weight=338.939 334.655 108.517 19.2758 89.2409 226.138 203.826 22.3117
internal_count=14083 13973 5027 827 4200 8946 7949 997
is_linear=0
shrinkage=0.05


Tree=7
num_leaves=14
num_cat=2
split_feature=0 44 37 4 4 5 1 34 37 9 44 27 27
split_gain=491.36 23.2606 18.9492 38.5272 36.8961 10.1252 13.9597 2.40155 0.909896 4.30847 4.84536 0.617373 2.42152
threshold=0 46.250000000000007 26.500000000000004 0.14250626876356548 0.88220160189607266 -0.94137724084408114 1 23.150000000000002 67.500000000000014 25.050000000000004 41.95000000000001 66.800000000000026 68.050000000000011
decision_type=1 2 2 2 2 2 1 2 2 2 2 2 2
left_child=1 2 4 -4 -1 6 -3 -7 11 -10 -11 -2 -13
right_child=8 5 3 -5 -6 7 -8 -9 9 10 -12 12 -14
leaf_value=-0.030860732928743913 -0.049656289242211243 -0.030696129915320721 0.10249707153484942 0.039168104395344634 0.23527646413758779 0.029113208589232976 0.15541514522996644 -0.037825987737320238 -0.046483760544994784 0.058866271960131236 -0.033842361078861759 0.032089593837205506 -0.039055147923391181
leaf_weight=1.4462120793759812 194.19256118871272 1.3696842417120934 70.754001377150416 38.851840252056718 4.2879612743854523 0.87410016916692068 1.1728846356272697 6.0998052563518286 10.427159216254948 1.7294817082583898 1.9809345304965971 0.80951924622058768 3.2812440451234579
leaf_count=37 10732 27 998 1053 37 25 24 159 575 64 111 26 178
internal_value=-0.000407834 0.0746015 0.0866781 0.080606 0.173539 0.00484601 0.0747929 -0.026837 -0.0459808 -0.03114 0.0126937 -0.0491846 -0.0214384
internal_weight=337.277 124.856 115.34 109.606 5.73417 9.51647 2.54257 6.97391 212.421 14.1376 3.71042 198.283 4.09076
internal_count=14046 2360 2125 2051 74 235 51 184 11686 750 175 10936 204
cat_boundaries=0 1 2
cat_threshold=8 1
is_linear=0
shrinkage=0.05


Tree=8
num_leaves=11
num_cat=2
split_feature=0 34 32 44 42 1 43 43 5 37
split_gain=423.463 23.8451 39.6077 23.9103 23.5512 9.86337 2.56505 8.84433 0.0117166 8.82915
threshold=0 26.050000000000004 27.921726000000003 29.700000000000003 3.5000000000000004 1 35.600000000000001 36.250000000000007 -0.77243990499604276 53.500000000000007
decision_type=1 2 2 2 2 1 2 2 2 2
left_child=1 2 3 -1 -4 -3 8 -8 9 -2
right_child=6 5 4 -5 -6 -7 7 -9 -10 -11
leaf_value=0.142695820591273 0.082199830759620243 0.21283121724204879 0.076069339728085036 0.067821674377120139 -0.024851796506720446 0.060491846778874439 0.049614095610645982 -0.04525823518155489 -0.050547162728691766 -0.045477514326104217
leaf_weight=12.485460104420779 0.50935331545770068 3.4151758179068556 7.4759308993816402 89.945001237094402 17.232135443016887 2.8330525234341621 2.4617983736097795 7.9938133414834738 147.32052489370108 45.244830589741468
leaf_count=199 29 31 174 1439 473 32 64 451 8581 2598
internal_value=-0.000757373 0.0654878 0.0646489 0.0782396 0.00745514 0.161633 -0.0452687 -0.0205393 -0.0488277 -0.0423284
internal_weight=336.917 133.387 127.139 102.43 24.7081 6.24823 203.53 10.4556 193.075 45.7542
internal_count=14071 2348 2285 1638 647 63 11723 515 11208 2627
cat_boundaries=0 1 2
cat_threshold=8 1
is_linear=0
shrinkage=0.05


Tree=9
num_leaves=10
num_cat=2
split_feature=0 34 32 20 1 25 15 43 43
split_gain=372.177 22.3483 46.1793 33.1101 12.9244 29.3643 5.20712 3.89269 11.2322
threshold=0 25.650000000000002 28.374107000000006 34.150000000000013 1 12.723611000000002 11.050000000000002 35.600000000000001 36.250000000000007
decision_type=1 2 2 2 1 2 2 2 2
left_child=1 2 3 -1 -3 -6 -4 -2 -9
right_child=7 4 6 -5 5 -7 -8 8 -10
leaf_value=0.057312591358331277 -0.048957867000921779 0.17114782915971261 -0.040418947732262414 0.15876052634614554 -0.041441345023771933 0.16460287578607513 0.048888494953681139 0.061152140907567057 -0.044969025633573613
leaf_weight=106.35984582267702 184.34557886235416 6.5857125744223577 12.272299457341431 8.1847768258303386 3.1864764876663685 2.1220485530793667 1.0059931892901648 2.5479563586413843 7.6077611725777388
leaf_count=1632 11218 63 383 159 48 15 34 63 448
internal_value=-0.00129077 0.0584642 0.0556801 0.0658728 0.127086 0.0539595 -0.0307027 -0.0449839 -0.0152494
internal_weight=334.218 139.717 127.823 114.545 11.8942 5.30853 13.2783 194.501 10.1557
internal_count=14063 2334 2208 1791 126 63 417 11729 511
cat_boundaries=0 1 2
cat_threshold=8 1
is_linear=0
shrinkage=0.05


Tree=10
num_leaves=11
num_cat=1
split_feature=0 36 19 44 44 32 34 32 43 43
split_gain=350.367 15.2876 33.1855 27.8472 26.5643 25.7254 20.8989 18.7357 2.63763 7.35491
threshold=0 99.500000000000014 27.263194500000001 40.150000000000006 46.250000000000007 27.107440500000003 22.450000000000003 26.563393000000001 35.600000000000001 36.250000000000007
decision_type=1 2 2 2 2 2 2 2 2 2
left_child=1 3 7 6 -5 -4 -1 -3 -2 -10
right_child=8 2 5 4 -6 -7 -8 -9 9 -11
leaf_value=0.076600037944786703 -0.04882334180472736 0.099542481657869372 -0.0039304993250907395 0.099194689294491573 0.0062653644340933045 0.18957815435320124 0.010097210173680614 0.017170012678570084 0.039759552247457496 -0.044760980042756707
leaf_weight=14.751640884205697 175.57161670085043 11.652959091588857 2.0248428843915454 33.895398121327162 10.044489316642283 9.0103819034993631 48.851594142615795 16.334802210330963 2.8252186775207502 7.362093236297369
leaf_count=260 11203 153 25 479 222 110 872 201 66 453
internal_value=-0.000478339 0.0551107 0.0860257 0.048281 0.0785635 0.156695 0.0264683 0.0537174 -0.0449434 -0.0198624
internal_weight=332.325 146.566 39.023 107.543 43.9399 11.0352 63.6032 27.9878 185.759 10.1873
internal_count=14044 2322 489 1833 701 135 1132 354 11722 519
cat_boundaries=0 1
cat_threshold=8
is_linear=0
shrinkage=0.05


Tree=11
num_leaves=11
num_cat=2
split_feature=0 34 32 2 1 25 5 43 43 36
split_gain=316.719 16.915 41.7349 16.7555 11.1431 22.8446 3.41457 2.78296 7.44048 0.935154
threshold=0 25.450000000000003 28.374107000000006 1.5000000000000002 1 12.723611000000002 0.69521084835931835 35.600000000000001 36.250000000000007 89.500000000000014
decision_type=1 2 2 2 1 2 2 2 2 2
left_child=1 2 3 -1 5 -3 -4 -2 -9 -6
right_child=7 4 6 -5 9 -7 -8 8 -10 -11
leaf_value=-0.0026329954724867879 -0.04868545286001201 -0.032662743142354865 -0.043928209224234162 0.061834262766177331 0.068230341326013078 0.14306782241556951 0.036478583924771955 0.041688284420015917 -0.044446643836947075 0.16132062952679088
leaf_weight=10.941469393670557 167.14490996859968 3.7707480061799288 11.832464199513193 116.03577494435012 2.6945907771587354 2.1606126725673676 0.72056188061833459 2.7441880851984006 6.9908423041924834 5.4304977245628834
leaf_count=216 11181 64 369 1577 17 13 24 62 449 62
internal_value=-0.00028673 0.0503701 0.0477081 0.056302 0.105324 0.0427559 -0.0369617 -0.0446311 -0.0185446 0.141309
internal_weight=330.467 153.587 139.53 126.977 14.0564 5.93136 12.553 176.88 9.73503 8.12509
internal_count=14034 2342 2186 1793 156 77 393 11692 511 79
cat_boundaries=0 1 2
cat_threshold=8 2
is_linear=0
shrinkage=0.05


Tree=12
num_leaves=14
num_cat=3
split_feature=0 34 39 1 44 38 40 43 43 1 40 5 37
split_gain=285.871 16.6478 44.0429 45.4967 31.057 31.605 30.7801 2.68323 6.47593 6.39695 0.576779 0.224245 8.86953
threshold=0 23.750000000000004 16.150000000000002 1 31.850000000000005 7.6994045000000009 0.8500000000000002 35.600000000000001 36.250000000000007 2 103.95000000000002 -0.77243990499604276 53.500000000000007
decision_type=1 2 2 1 2 2 2 2 2 1 2 2 2
left_child=1 2 3 -1 10 -6 -4 11 9 -9 -3 12 -2
right_child=7 4 6 -5 5 -7 -8 8 -10 -11 -12 -13 -14
leaf_value=0.17142043861091616 0.084976280232833559 -0.044979664073932779 0.08243349823452277 0.013106755081260801 0.12570631352537734 0.052026066816308503 -0.0054569186749163024 0.084895798275688883 -0.044148130346595454 -0.031250451729249444 -0.0016416800936467761 -0.050315702676768603 -0.044223016471758442
leaf_weight=9.1498425230383873 0.47871368750929733 4.950836280360817 11.403400506824253 8.5317870005965233 21.017260707914829 52.125322198495269 50.068887531757355 1.5650061890482885 6.6673831529915333 1.4678347110748291 0.97063302621245373 121.13070089835674 37.444334062747657
leaf_count=107 29 96 178 104 257 769 792 34 447 32 17 8538 2589
internal_value=-0.000146712 0.046504 0.0325449 0.0998211 0.0657062 0.0746077 0.0119057 -0.0440459 -0.0184915 0.034873 -0.0391393 -0.0482311 -0.0404508
internal_weight=326.972 158.218 79.1539 17.6816 79.0641 73.1426 61.4723 168.754 9.70022 3.03284 5.92147 159.054 37.923
internal_count=13989 2320 1181 211 1139 1026 970 11669 513 66 113 11156 2618
cat_boundaries=0 1 2 3
cat_threshold=8 1 1
is_linear=0
shrinkage=0.05


Tree=13
num_leaves=13
num_cat=3
split_feature=0 34 32 20 17 1 23 43 43 1 5 37
split_gain=247.579 19.9095 32.0797 17.6885 8.94731 8.51441 3.29469 2.81508 6.31744 5.87125 0.265186 9.19855
threshold=0 25.450000000000003 28.374107000000006 34.150000000000013 32.20000000000001 1 78.500000000000014 35.600000000000001 36.250000000000007 2 -0.77243990499604276 53.500000000000007
decision_type=1 2 2 2 2 1 2 2 2 1 2 2
left_child=1 2 3 -1 5 -3 -4 10 9 -9 11 -2
right_child=7 4 6 -5 -6 -7 -8 8 -10 -11 -12 -13
leaf_value=0.037743578221057283 0.089577428275079377 0.075078900525169079 0.034441789353533363 0.10241899975726763 0.12271277176838734 -0.036203459687676964 -0.043998946873640969 0.081212481534202907 -0.043764601279915043 -0.03054741934609715 -0.050261397169619783 -0.04396955663315285
leaf_weight=128.53571593202651 0.43003262579440971 3.5695929154753676 0.75753942131996055 11.04732742346823 9.9002551678568107 1.9930675160139797 11.978022690862415 1.6330300569534284 6.2784436233341694 1.3926770873367786 115.86060179583728 36.178005279041827
leaf_count=1650 24 39 21 166 83 34 378 33 440 31 8576 2611
internal_value=-0.00112877 0.0401879 0.036607 0.0435544 0.0955068 0.0357661 -0.0371653 -0.0437452 -0.0172545 0.0349615 -0.0480892 -0.0400606
internal_weight=329.554 167.782 152.319 139.583 15.4629 5.56266 12.7356 161.773 9.30415 3.02571 152.469 36.608
internal_count=14086 2371 2215 1816 156 73 399 11715 504 64 11211 2635
cat_boundaries=0 1 2 3
cat_threshold=8 1 1
is_linear=0
shrinkage=0.05


Tree=14
num_leaves=13
num_cat=3
split_feature=0 21 32 20 4 1 4 43 43 1 5 37
split_gain=238.807 14.3105 18.9692 18.8217 11.7596 4.32995 16.7369 4.08546 8.01433 7.15556 0.327379 8.42458
threshold=0 26.050000000000004 28.335714500000005 34.150000000000013 0.71503381463111937 1 0.95752911693909504 35.600000000000001 36.250000000000007 2 -0.77243990499604276 53.500000000000007
decision_type=1 2 2 2 2 1 2 2 2 1 2 2
left_child=1 2 3 -1 -4 -3 -7 10 9 -9 11 -2
right_child=7 5 4 -5 -6 6 -8 8 -10 -11 -12 -13
leaf_value=0.037743487844206919 0.080597502105826446 0.11976541037502082 0.05330446119334268 0.10307622706456546 -0.035185077668309958 -0.039260140337670661 0.12202913247961905 0.092969451755800653 -0.043500844766268698 -0.030415508640652896 -0.050207475035505281 -0.043593531503451639
leaf_weight=130.85360305383801 0.52731800079345603 6.820957684889434 4.1915274485945728 11.561445150524376 12.777496725320814 2.528488215059042 2.1729750260710716 1.7607580348849279 6.0385452415794134 1.3846348784863949 110.66773804184049 34.363340987823904
leaf_count=1619 27 53 107 153 344 40 12 33 441 32 8602 2589
internal_value=0.00031104 0.0398486 0.0378053 0.043729 -0.0115772 0.0946579 0.0436145 -0.0431219 -0.0119842 0.0444195 -0.0479336 -0.0395232
internal_weight=325.649 170.906 159.384 142.415 16.969 11.5224 4.70146 154.742 9.18394 3.14539 145.558 34.8907
internal_count=14052 2328 2223 1772 451 105 52 11724 506 65 11218 2616
cat_boundaries=0 1 2 3
cat_threshold=8 1 1
is_linear=0
shrinkage=0.05


Tree=15
num_leaves=13
num_cat=2
split_feature=0 34 5 26 36 39 43 43 1 39 5 37
split_gain=217.679 14.34 37.7145 27.6218 22.1718 21.2443 3.91782 7.4309 6.11273 3.66682 0.384564 7.81697
threshold=0 23.750000000000004 -0.32613736746952132 14.950000000000001 98.500000000000014 16.150000000000002 35.600000000000001 36.250000000000007 1 19.650000000000002 -0.77243990499604276 53.500000000000007
decision_type=1 2 2 2 2 2 2 2 1 2 2 2
left_child=1 2 -1 9 -5 -4 10 8 -8 -3 11 -2
right_child=6 3 5 4 -6 -7 7 -9 -10 -11 -12 -13
leaf_value=-0.051561672450163958 0.073661273286742504 -0.042152040681522923 0.083115144796592336 0.039724625580613286 0.094884663116606968 0.021866250506425919 0.082263543672716821 -0.043456773814099084 -0.030098868925982004 0.017359773615095657 -0.050153113785342165 -0.043231410501342896
leaf_weight=13.13584456220269 0.61186876520514388 6.8554581739008409 18.336521096527576 47.609857095405459 31.535281918942928 57.438415596261621 1.9748284779489023 6.0210321694612503 1.3542168810963631 3.1847291234880686 105.39101311285049 32.772402101196349
leaf_count=162 29 107 192 672 333 856 34 459 32 42 8600 2576
internal_value=0.0003281 0.0365727 0.0239807 0.0527761 0.0626128 0.0375772 -0.0427863 -0.0126811 0.0401614 -0.0234124 -0.0477705 -0.039009
internal_weight=326.221 178.096 88.9108 89.1853 79.1451 75.7749 148.125 9.35008 3.32905 10.0402 138.775 33.3843
internal_count=14094 2364 1210 1154 1005 1048 11730 525 66 149 11205 2605
cat_boundaries=0 1 2
cat_threshold=8 1
is_linear=0
shrinkage=0.05


Tree=16
num_leaves=12
num_cat=2
split_feature=0 38 33 39 43 43 1 27 37 37 27
split_gain=202.996 14.3993 12.9867 14.4091 4.38282 7.26465 5.29312 1.07293 0.444043 1.73379 0.0476405
threshold=0 5.6142855000000003 30.850000000000005 15.750000000000002 35.600000000000001 36.250000000000007 1 28.250000000000004 67.500000000000014 68.500000000000014 28.950000000000003
decision_type=1 2 2 2 2 2 1 2 2 2 2
left_child=1 10 7 -4 8 6 -6 -3 -2 -10 -1
right_child=4 2 3 -5 5 -7 -8 -9 9 -11 -12
leaf_value=-0.01523274464508965 -0.049011733535754214 -0.044257350396917042 0.084034071913094241 0.035797084158630553 0.078667125927104647 -0.042731288209367918 -0.028449468195342081 0.0010455635101278167 0.0031416540688113063 -0.043050633702917493 -0.044397005895212831
leaf_weight=1.6602063365280617 124.78596723731607 3.8448037952184668 17.071460055187345 155.51185974851251 2.0516971051692945 5.3988289227709174 1.1949830427765848 1.7277033329010008 2.7315903799608332 5.6935408255085349 3.7258767299354076
leaf_count=25 10573 45 183 2052 33 429 29 20 226 477 39
internal_value=0.000374233 0.0342311 0.0385682 0.0410252 -0.0427671 -0.00993292 0.0418261 -0.0321896 -0.0479947 -0.0293299 -0.0392004
internal_weight=325.399 183.542 178.156 172.583 141.857 8.64551 3.24668 5.57251 133.211 8.42513 5.38608
internal_count=14131 2364 2300 2235 11767 491 62 65 11276 703 64
cat_boundaries=0 1 2
cat_threshold=8 1
is_linear=0
shrinkage=0.05


Tree=17
num_leaves=14
num_cat=2
split_feature=0 2 37 4 13 44 42 4 43 43 1 37 21
split_gain=189.597 19.2285 19.8708 19.0367 16.3332 14.2861 5.06463 3.68495 2.96985 4.92367 4.24866 0.535898 6.22038
threshold=0 2.5000000000000004 27.500000000000004 0.85226249403558707 10.297917000000002 40.850000000000009 2.5000000000000004 0.056951373111866661 35.600000000000001 36.250000000000007 1 67.500000000000014 25.050000000000004
decision_type=1 2 2 2 2 2 2 2 2 2 1 2 2
left_child=1 4 6 -4 7 -6 -3 -1 11 10 -10 -2 -13
right_child=8 2 3 -5 5 -7 -8 -9 9 -11 -12 12 -14
leaf_value=0.028757093244174609 -0.049316085266751394 0.11800574809807379 0.04086394447388169 -0.013848957705957897 0.1076225087404878 -0.036272793903601677 0.02398393211905591 -0.040972173783677152 0.061428493101296493 -0.04271766384709811 -0.030119360407242297 -0.044487049393072034 0.060220559305554769
leaf_weight=1.4299513623118461 118.346500470303 8.8729487210512143 134.60136158205569 17.518906895071268 3.6635921820998183 2.105224272236228 2.3742059934884301 15.436133561655877 2.0688801258802396 5.4064002791419625 1.3644573427736761 7.285251207649706 0.80980931222438801
leaf_count=16 10517 63 1452 371 63 44 35 284 31 448 34 629 65
internal_value=4.58924e-05 0.0320629 0.0397325 0.0345136 -0.00906598 0.0575097 0.101737 -0.0337816 -0.0430791 -0.0158912 0.0264588 -0.0482205 -0.0285428
internal_weight=321.284 186.002 163.367 152.12 22.6349 5.76882 11.2472 16.8661 135.281 8.83974 3.43334 126.442 8.09506
internal_count=14052 2328 1921 1823 407 107 98 300 11724 513 65 11211 694
cat_boundaries=0 1 2
cat_threshold=8 1
is_linear=0
shrinkage=0.05


Tree=18
num_leaves=11
num_cat=2
split_feature=0 33 2 27 21 43 43 1 5 37
split_gain=168.158 13.7256 11.14 19.3898 16.8784 2.98086 4.72551 4.08415 0.562316 7.8863
threshold=0 30.850000000000005 1.5000000000000002 2.7500000000000004 22.450000000000003 35.600000000000001 36.250000000000007 1 -0.77243990499604276 53.500000000000007
decision_type=1 2 2 2 2 2 2 1 2 2
left_child=1 -1 3 -3 -4 8 7 -7 9 -2
right_child=5 2 4 -5 -6 6 -8 -9 -10 -11
leaf_value=-0.046311489812404891 0.076431175977552931 -0.043995246631290674 0.081894201899970723 0.092800476518207276 0.03068696089571827 0.060369740222221593 -0.04213027409658579 -0.029739625300816214 -0.049994927770700651 -0.042175664172616367
leaf_weight=4.770117111504077 0.57698197662830608 9.8608264364302141 17.55241821706295 2.4143713340163222 155.99723953008652 2.0934623181819898 4.9782371297478676 1.3282287903130057 91.241880264133215 28.846934713423252
leaf_count=54 28 174 171 33 1893 30 430 34 8598 2589
internal_value=7.68654e-05 0.0293108 0.0330584 -0.0121256 0.0363054 -0.0420107 -0.0142931 0.026576 -0.0472599 -0.0374141
internal_weight=319.661 190.595 185.825 12.2752 173.55 129.066 8.39993 3.42169 120.666 29.4239
internal_count=14034 2325 2271 207 2064 11709 494 64 11215 2617
cat_boundaries=0 1 2
cat_threshold=8 1
is_linear=0
shrinkage=0.05


Tree=19
num_leaves=11
num_cat=1
split_feature=33 4 44 1 44 34 4 37 7 22
split_gain=13.0201 12.404 20.2896 33.4779 11.3675 21.9739 17.6963 5.90179 5.51904 2.47329
threshold=38.100000000000009 0.19337368024598431 36.900000000000013 0 34.400000000000013 23.450000000000003 -0.91597725483594616 30.500000000000004 31.797917000000005 64.354166500000019
decision_type=2 2 2 1 2 2 2 2 2 2
left_child=1 4 7 -4 6 -6 -1 -3 -2 -10
right_child=8 2 3 -5 5 -7 -8 -9 9 -11
leaf_value=-0.03386341867987154 0.073918325992165509 0.0033510320257698935 0.033032763641362442 -0.035664829118000195 -0.038897583885282805 0.008655036156675738 0.033526894485930651 -0.045944968623430664 0.043383817045578491 -0.035194444289605172
leaf_weight=10.978513661772011 7.0308275204151851 6.8839198471978298 38.442048768512905 31.225830027833581 31.87591830920428 92.157477252185345 54.277389616705477 43.328561559319496 0.57726180739700828 1.821762549690902
leaf_count=410 164 343 1798 1737 1332 3407 1962 2754 24 77
internal_value=-0.000997586 -0.00284222 -0.0153598 0.00217286 0.00512448 -0.00377909 0.0218493 -0.0392532 0.053955 -0.00908576
internal_weight=318.6 309.17 119.88 69.6679 189.289 124.033 65.2559 50.2125 9.42985 2.39902
internal_count=14008 13743 6632 3535 7111 4739 2372 3097 265 101
cat_boundaries=0 1
cat_threshold=1
is_linear=0
shrinkage=0.05


Tree=20
num_leaves=14
num_cat=3
split_feature=0 34 32 33 1 4 42 11 43 43 1 5 37
split_gain=142.899 15.2053 21.097 14.0464 7.00111 16.2878 8.25672 3.37194 2.80661 4.00293 2.97188 0.597444 7.5603
threshold=0 25.450000000000003 28.374107000000006 34.150000000000013 1 0.94704596667653973 6.5000000000000009 73.500000000000014 35.600000000000001 36.250000000000007 2 -0.77243990499604276 53.500000000000007
decision_type=1 2 2 2 1 2 2 2 2 2 1 2 2
left_child=1 2 3 -1 6 -6 -3 -4 11 10 -10 12 -2
right_child=8 4 7 -5 5 -7 -8 -9 9 -11 -12 -13 -14
leaf_value=0.021098104145982476 0.072879441545779397 0.052878401015179891 0.035337248799682953 0.068541547739899053 -0.042887113842049934 0.097769496532149613 0.15410932941243671 -0.044320924550789093 0.046535974231435538 -0.041834419934905054 -0.028850731176257995 -0.049933697466802207 -0.041884676739678883
leaf_weight=145.6266281157732 0.62172318249941128 7.5414173640310764 0.73702266812324424 16.845026478171349 3.6048971954733142 2.8029442876577377 3.162214495241642 12.348264424130319 2.5078096315264684 4.7952877590432763 1.2468952909111979 86.1830083578825 27.913764853030443
leaf_count=1560 28 52 19 217 57 17 23 373 33 440 34 8598 2599
internal_value=-0.00169243 0.0248141 0.021446 0.0264062 0.0699785 0.023532 0.0933977 -0.0376439 -0.0416349 -0.0150814 0.0206984 -0.0470644 -0.0370014
internal_weight=315.937 192.668 175.557 162.472 17.1115 6.40784 10.7036 13.0853 123.268 8.54999 3.7547 114.718 28.5355
internal_count=14050 2318 2169 1777 149 74 75 392 11732 507 67 11225 2627
cat_boundaries=0 1 2 3
cat_threshold=8 1 1
is_linear=0
shrinkage=0.05


Tree=21
num_leaves=10
num_cat=2
split_feature=0 34 43 43 2 1 43 43 40
split_gain=141.55 12.5284 11.0145 21.54 11.5739 4.36384 2.02385 2.95831 1.13422
threshold=0 26.050000000000004 33.750000000000007 27.300000000000001 6.5000000000000009 1 35.600000000000001 36.250000000000007 103.95000000000002
decision_type=1 2 2 2 2 1 2 2 2
left_child=1 2 3 -1 -4 -3 -2 8 -8
right_child=6 5 4 -5 -6 -7 7 -9 -10
leaf_value=0.024737210049444909 -0.048242880864322067 0.10209290580947579 0.0014106569093100558 -0.028718313588853496 0.10090243620525366 0.02530827314684321 -0.013545682460474759 -0.04167757165263794 0.033222999995393888
leaf_weight=157.05104072391987 109.88936633430421 5.9878765493631345 4.5027654822915775 20.548838533461094 7.4863492771983147 3.6597574278712273 1.5773122645914539 4.705207159742713 1.912389066070318
leaf_count=1911 11267 32 90 238 60 31 28 450 32
internal_value=-0.00169408 0.0237175 0.0218006 0.0184261 0.0665215 0.0780777 -0.0428058 -0.0191337 0.0137753
internal_weight=317.321 199.237 189.589 177.6 11.9891 9.64763 118.084 8.19491 3.4897
internal_count=14139 2362 2299 2149 150 63 11777 510 60
cat_boundaries=0 1 2
cat_threshold=8 1
is_linear=0
shrinkage=0.05


Tree=22
num_leaves=12
num_cat=1
split_feature=0 33 44 2 34 43 43 5 5 15 19
split_gain=134.488 10.8739 11.2237 44.4403 22.8605 3.09422 4.10663 0.31993 5.05913 0.162866 0.029321
threshold=0 30.850000000000005 29.700000000000003 10.500000000000002 23.450000000000003 35.600000000000001 36.250000000000007 -0.77243990499604276 -0.8142754349318998 11.450000000000001 25.518055500000006
decision_type=1 2 2 2 2 2 2 2 2 2 2
left_child=1 10 3 -3 -4 7 9 8 -2 -7 -1
right_child=5 2 4 -5 -6 6 -8 -9 -10 -11 -12
leaf_value=-0.015714792365364275 -0.044461129153551722 -0.015890548411558177 -0.0035114606387083771 0.12089663655131577 0.035168282670168534 0.0059335644955479704 -0.04119387920383269 -0.049825606592081323 0.024624019116148196 0.030973033000755931 -0.044446727096904087
leaf_weight=1.6825856491923321 23.909962843172256 10.379238320514562 55.557523535564542 12.257451273500918 120.08380294218659 1.568255461752414 4.4199580596759915 77.898114708252251 2.3289236929267636 1.9907347485423086 3.7416781559586525
leaf_count=22 2430 143 702 88 1362 26 440 8555 203 34 41
internal_value=0.000494487 0.0243535 0.0275076 0.060159 0.0229828 -0.0411977 -0.0128521 -0.0471452 -0.0376503 0.0236612 -0.0393677
internal_weight=315.818 203.702 198.278 22.6367 175.641 112.116 7.97895 104.137 26.2389 3.55899 5.42426
internal_count=14046 2358 2295 231 2064 11688 500 11188 2633 60 63
cat_boundaries=0 1
cat_threshold=8
is_linear=0
shrinkage=0.05


Tree=23
num_leaves=13
num_cat=2
split_feature=0 44 25 37 5 27 43 43 1 35 5 5
split_gain=122.548 10.3493 12.9661 11.7309 10.5773 8.09158 2.97384 3.66964 2.67925 1.43336 0.378192 4.793
threshold=0 46.250000000000007 11.488194500000001 66.500000000000014 -0.08269194106225343 47.650000000000006 35.600000000000001 36.250000000000007 1 87.645833500000023 -0.77243990499604276 -0.8142754349318998
decision_type=1 2 2 2 2 2 2 2 1 2 2 2
left_child=1 2 3 -1 -4 9 10 8 -8 -3 11 -2
right_child=6 5 4 -5 -6 -7 7 -9 -10 -11 -12 -13
leaf_value=0.026126739923439196 -0.044122960073956718 -0.043534990118566971 0.082437202136532731 -0.015751517628978782 0.0037522984186911137 0.046209955992026985 0.043678925645650027 -0.040960806264578903 -0.02821175382137835 0.0046838802585029583 -0.0497733318250198 0.022598080695048844
leaf_weight=152.1999439317733 22.667740690521899 9.379202622920273 15.815772760659458 18.105279631912708 5.8572828061878672 2.9700065851211539 2.5997664332389814 4.297339373268187 1.1854394897818568 1.5956649556756008 74.371605820953846 2.4208981022238723
leaf_count=1735 2407 175 108 167 105 34 32 446 32 21 8578 209
internal_value=5.57182e-05 0.0223923 0.0264986 0.0216087 0.0622755 -0.0171461 -0.0408282 -0.0133668 0.0199738 -0.0367186 -0.0469686 -0.0370654
internal_weight=313.466 205.923 191.978 170.305 21.6731 13.9449 107.543 8.08255 3.78521 10.9749 99.4602 25.0886
internal_count=14049 2345 2115 1902 213 230 11704 510 64 196 11194 2616
cat_boundaries=0 1 2
cat_threshold=8 1
is_linear=0
shrinkage=0.05


Tree=24
num_leaves=11
num_cat=2
split_feature=0 2 41 4 8 39 20 5 4 1
split_gain=115.03 11.6854 15.6687 24.7493 14.5537 7.62926 7.19152 2.60047 10.9329 9.12807
threshold=0 2.5000000000000004 1.1500000000000001 0.85226249403558707 29.850000000000005 25.250000000000004 34.350000000000001 -0.77243990499604276 0.43733377705052545 1
decision_type=1 2 2 2 2 2 2 2 2 1
left_child=1 4 5 -4 -1 -3 -6 8 -2 -10
right_child=7 2 3 -5 6 -7 -8 -9 9 -11
leaf_value=0.10559117146488957 -0.048252814923946841 0.079905731073593431 0.026697610378973075 -0.045248865720465624 -0.040966149121191273 0.0087901905664364271 0.014727626272060181 -0.04974367844307561 0.055420400292188005 -0.039568722137637749
leaf_weight=1.5133904758840824 21.829315247945491 17.545623112469915 147.53298474289477 12.099458727985619 14.841550577431919 5.0697604380547991 8.4829977136105281 73.292744228616357 5.0219981512054783 3.4440068816766143
leaf_count=18 2405 124 1416 309 255 68 146 8853 258 256
internal_value=7.9594e-05 0.0213865 0.0267834 0.0209966 -0.00944013 0.0650108 -0.0209379 -0.0404865 -0.0301541 0.0166805
internal_weight=310.674 207.086 182.248 159.632 24.8379 22.6154 23.3245 103.588 30.2953 8.46601
internal_count=14108 2336 1917 1725 419 192 401 11772 2919 514
cat_boundaries=0 1 2
cat_threshold=8 1
is_linear=0
shrinkage=0.05


Tree=25
num_leaves=14
num_cat=3
split_feature=0 26 44 25 27 37 4 1 1 20 15 31 31
split_gain=101.535 8.79792 9.04728 11.0881 9.09188 2.96913 7.46625 3.53005 2.49104 2.82661 0.709187 0.324293 0.0664714
threshold=0 12.450000000000001 46.600000000000001 13.206944000000002 47.650000000000006 67.500000000000014 -1.0000000180025095e-35 1 2 30.950000000000003 35.600000000000001 36.900000000000013 42.300000000000004
decision_type=1 2 2 2 2 2 2 1 1 2 2 2 2
left_child=1 8 3 -3 -4 10 -7 -8 9 -1 12 -12 -2
right_child=5 2 4 -5 -6 6 7 -9 -10 -11 11 -13 -14
leaf_value=-0.036962193530492356 -0.048600032438588486 0.022115103447602553 -0.043105431849983944 0.081571624306180965 0.047592828303485241 -0.042925589844570761 0.076435944687307314 -0.022691973936631214 -0.042065437012207496 0.025509800877658303 -0.018286666235790557 0.014253377340294913 -0.033388566062629063
leaf_weight=1.9001453444361667 78.808756654150784 178.29371773451567 8.9535973723977786 7.3911981582641593 2.9027196317911139 5.7223765607923269 1.7055585477501136 0.7893656985834242 5.7483725063502789 3.8287370130419731 0.5683428132906545 0.52334626764059067 10.730664164293556
leaf_count=20 9636 1961 168 52 31 684 44 42 59 36 63 9 1243
internal_value=-0.000846087 0.0188092 0.0221932 0.024906 -0.0189255 -0.0400526 -0.0132755 0.047554 -0.0214702 0.00237549 -0.0466801 -0.00333077 -0.047166
internal_weight=307.867 209.018 197.541 185.685 11.8563 98.8484 8.2173 2.49492 11.4773 5.72888 90.6311 1.09169 89.5394
internal_count=14048 2327 2212 2013 199 11721 770 86 115 56 10951 72 10879
cat_boundaries=0 1 2 3
cat_threshold=8 1 1
is_linear=0
shrinkage=0.05


Tree=26
num_leaves=13
num_cat=1
split_feature=0 14 39 2 34 34 40 43 43 4 44 44
split_gain=92.5558 8.27378 9.52119 34.7866 19.4015 5.11437 8.15834 4.28748 4.5211 2.00746 1.01814 6.27917
threshold=0 11.15 15.750000000000002 10.500000000000002 23.450000000000003 21.550000000000004 6.5500000000000007 35.600000000000001 36.250000000000007 -0.78326540922535159 41.600000000000001 42.650000000000006
decision_type=1 2 2 2 2 2 2 2 2 2 2 2
left_child=1 5 3 -3 -4 6 -1 10 -9 -7 -2 -12
right_child=7 2 4 -5 -6 9 -8 8 -10 -11 11 -13
leaf_value=-0.028214797242326513 -0.049623233609399152 -0.034952673605554534 -0.0054508225107945431 0.10628483335802744 0.03025730346708266 -0.002430016535314509 0.07956279762376825 0.028656744822149707 -0.039904397337456973 -0.037076343115171218 0.012039691046790096 -0.047584758027230549
leaf_weight=2.6502722501754787 64.837960934266448 6.1718399673700359 56.159460911527276 11.176110729575155 115.16649654507637 7.2099668569862887 2.6337255444377661 3.8614751435816279 3.7843788545578718 9.4668626990169251 5.4026338052935925 16.863629790022969
leaf_count=29 8511 78 699 73 1242 65 21 62 433 112 621 2120
internal_value=-0.000217938 0.0181599 0.0223899 0.0568707 0.0185887 -0.00966453 0.0296177 -0.0386917 -0.00596861 -0.0230824 -0.0458553 -0.033222
internal_weight=305.385 210.635 188.674 17.348 171.326 21.9608 5.284 94.7501 7.64585 16.6768 87.1042 22.2663
internal_count=14066 2319 2092 151 1941 227 50 11747 495 177 11252 2741
cat_boundaries=0 1
cat_threshold=8
is_linear=0
shrinkage=0.05


Tree=27
num_leaves=10
num_cat=5
split_feature=0 34 5 1 1 1 5 4 1
split_gain=85.8148 8.40307 9.33768 18.0962 16.0875 3.98487 3.56704 12.294 9.25628
threshold=0 26.050000000000004 -0.94703994556331683 1 2 3 -0.77243990499604276 0.43733377705052545 4
decision_type=1 2 2 1 1 1 2 2 1
left_child=1 2 3 -1 -4 -3 7 -2 -9
right_child=6 5 4 -5 -6 -7 -8 8 -10
leaf_value=0.001829484155479445 -0.047855800786275687 0.08297164687229644 0.024503007791108023 0.076364448383822517 -0.0058452372535014313 0.014910690247378218 -0.049583381453255027 0.058912367389924405 -0.038599620438804119
leaf_weight=16.131379716098309 18.779151010327045 6.0718654245138151 92.64557389728725 15.549582779407503 81.231394719332457 3.8361641131341457 63.34004914900288 5.2589693358167988 3.1113924561068416
leaf_count=137 2367 30 1006 136 999 31 8808 248 254
internal_value=-0.000517206 0.0166381 0.0150518 0.0396298 0.0103726 0.0604027 -0.0386908 -0.0261644 0.0224146
internal_weight=305.956 215.466 205.558 31.681 173.877 9.90803 90.4896 27.1495 8.37036
internal_count=14016 2339 2278 273 2005 61 11677 2869 502
cat_boundaries=0 1 2 3 4 5
cat_threshold=8 1 1 1 1
is_linear=0
shrinkage=0.05


Tree=28
num_leaves=8
num_cat=2
split_feature=0 5 33 24 1 5 5
split_gain=80.6155 9.50508 18.4509 22.4757 13.2223 26.7466 17.4403
threshold=0 -0.73865259438682551 34.550000000000004 60.500000000000007 1 0.39629089145655316 0.5475998096715059
decision_type=1 2 2 2 1 2 2
left_child=1 2 3 -1 5 -3 -6
right_child=-2 4 -4 -5 6 -7 -8
leaf_value=-0.03420417044686553 -0.043700068711114502 -0.0049697862268572139 0.15541620441794052 0.037779722338444705 0.011732237975030119 0.049401856954953492 -0.036901460986312536
leaf_weight=12.582603116985409 69.711618083063513 47.582099922932684 1.841970904264598 55.635449542663991 45.761629945598543 41.829032736830413 29.494873568881303
leaf_count=293 9368 903 34 920 1022 805 673
internal_value=-0.000368717 0.0138954 0.0297886 0.0242002 0.00783318 0.0207319 -0.00756246
internal_weight=304.439 234.728 70.06 68.2181 164.668 89.4111 75.2565
internal_count=14018 4650 1247 1213 3403 1708 1695
cat_boundaries=0 1 2
cat_threshold=9 1
is_linear=0
shrinkage=0.05


Tree=29
num_leaves=9
num_cat=2
split_feature=0 43 14 43 1 44 32 43
split_gain=69.998 10.742 12.6425 11.676 17.6311 7.4503 6.46689 2.36724
threshold=0 33.750000000000007 14.950000000000001 27.300000000000001 1 45.20000000000001 27.230357000000001 35.100000000000001
decision_type=1 2 2 2 1 2 2 2
left_child=1 3 7 4 -1 -4 -5 -3
right_child=-2 2 5 6 -6 -7 -8 -9
leaf_value=0.026230919270985833 -0.043437255734270902 0.029501477201274048 0.10386144307215145 -0.041432880466483808 -0.0038531145979639882 0.014451347142050999 0.011100390791996088 -0.032915776377969518
leaf_weight=105.42955639865249 66.96770183974877 1.3387751784175659 7.3555641476996225 15.981825178954752 89.373836238868535 3.7358308201655746 8.4042157498188299 3.7194099640473723
leaf_count=1937 9392 22 120 310 1928 52 173 107
internal_value=-0.0022831 0.0109371 0.0495589 0.00837601 0.0124795 0.0774319 -0.0236041 -0.0142527
internal_weight=302.307 235.339 16.1496 219.189 194.803 11.0914 24.386 5.05819
internal_count=14041 4649 301 4348 3865 172 483 129
cat_boundaries=0 1 2
cat_threshold=9 1
is_linear=0
shrinkage=0.05


Tree=30
num_leaves=13
num_cat=2
split_feature=0 34 26 34 2 1 38 43 43 44 37 4
split_gain=70.2123 8.57009 28.5152 23.1754 21.0158 18.6219 17.6539 4.39753 3.97986 1.68333 1.24028 8.76764
threshold=0 23.450000000000003 14.65 22.450000000000003 11.500000000000002 1 8.0431550000000005 35.600000000000001 36.250000000000007 38.70000000000001 67.500000000000014 -1.0000000180025095e-35
decision_type=1 2 2 2 2 1 2 2 2 2 2 2
left_child=1 3 9 5 -5 -1 -4 10 -9 -3 -2 -12
right_child=7 2 6 4 -6 -7 -8 8 -10 -11 11 -13
leaf_value=0.05778409765987097 -0.047488856152002504 -0.052333578451806806 0.053225357932014807 -0.039244392316185775 0.057602170941590237 -0.0089325373922271561 0.014517026578241219 0.026632807857425739 -0.038857601126794643 -0.0085724548767359202 -0.041488561232482457 0.10297508451582278
leaf_weight=22.343019358813763 69.168619738426059 10.713143812492488 48.321367582306266 35.032603310421109 5.7213101238012305 18.52431071177125 75.8877964168787 3.9695257209241381 3.3654526476748288 3.2516449186950913 4.681975650601089 0.30614942591637273
leaf_count=207 10468 123 415 457 39 216 847 63 433 38 683 26
internal_value=-0.000765208 0.014036 0.022216 0.00178572 -0.0245945 0.0280518 0.0298806 -0.0375249 -0.00447255 -0.0433977 -0.045684 -0.0169062
internal_weight=301.287 219.795 138.174 81.6212 40.7539 40.8673 124.209 81.4917 7.33498 13.9648 74.1567 4.98813
internal_count=14015 2342 1423 919 496 423 1262 11673 496 161 11177 709
cat_boundaries=0 1 2
cat_threshold=8 1
is_linear=0
shrinkage=0.05


Tree=31
num_leaves=13
num_cat=2
split_feature=0 44 38 4 27 43 43 1 37 4 8 32
split_gain=67.3129 10.332 9.50158 8.55627 4.78739 3.15247 2.92572 2.0954 1.3406 7.87873 0.631214 0.104046
threshold=0 46.600000000000001 12.827976500000002 0.96687895796550427 48.550000000000004 35.600000000000001 36.250000000000007 1 67.500000000000014 -1.0000000180025095e-35 36.150000000000013 27.157142500000003
decision_type=1 2 2 2 2 2 2 1 2 2 2 2
left_child=1 2 3 -1 10 8 11 -4 -2 -10 -3 -7
right_child=5 4 7 -5 -6 6 -8 -9 9 -11 -12 -13
leaf_value=0.016454019795055466 -0.047345530271408767 -0.04829872799827311 0.090802813881151384 -0.035745555977249543 0.023089992561549814 0.026771249314054647 -0.038468848660081399 0.029274475047190492 -0.040901186646873228 0.09327999102855114 -0.0041541303160805036 0.0070917027196309634
leaf_weight=197.24476948566735 66.186783472076058 8.6324987486004812 4.050707194954156 7.2566274609416714 2.8134687691926947 1.5068897269666188 3.2267904123291373 3.8263098709285259 4.335290752351284 0.39394708815961976 1.1013486105948675 2.3137706536799669
leaf_count=1932 10511 149 23 166 28 24 429 23 659 30 24 37
internal_value=-0.000527808 0.0134821 0.0167153 0.0144368 -0.0284864 -0.0375567 -0.00894531 0.0675797 -0.0454584 -0.0153934 -0.0441563 0.0187968
internal_weight=302.889 224.926 212.378 204.501 12.5473 77.9635 7.04745 7.87702 70.916 4.72924 9.73385 3.82066
internal_count=14035 2345 2144 2098 201 11690 490 46 11200 689 173 61
cat_boundaries=0 1 2
cat_threshold=8 1
is_linear=0
shrinkage=0.05


Tree=32
num_leaves=11
num_cat=2
split_feature=0 33 43 43 1 43 43 15 15 31
split_gain=62.5083 7.61387 7.71134 12.3262 11.2923 4.38311 3.58886 0.634474 1.23487 0.725256
threshold=0 30.850000000000005 27.300000000000001 33.750000000000007 1 35.600000000000001 36.250000000000007 28.350000000000005 28.600000000000005 41.600000000000001
decision_type=1 2 2 2 1 2 2 2 2 2
left_child=1 -1 4 -4 -3 7 -7 9 -9 -2
right_child=5 2 3 -5 -6 6 -8 8 -10 -11
leaf_value=-0.040126071749015314 -0.049418586536793242 0.03033367039486078 -0.029327614325052029 0.02791374823459903 0.0051599949830475984 0.024013984571399239 -0.038390164635529515 0.038621356502203254 -0.0264298697715349 -0.029393872496760738
leaf_weight=5.5756078846752635 55.831043565645814 98.140762817114592 21.913893066346645 14.982656931504605 81.784710649400949 4.1216850019991389 3.2038726070895791 0.12731099873781104 1.1067907735705373 10.934572954662142
leaf_count=63 9390 924 237 153 941 63 446 9 182 1656
internal_value=-0.00088747 0.0126169 0.0147304 -0.00596028 0.0189828 -0.0371832 -0.00461174 -0.0459633 -0.00543571 -0.0466212
internal_weight=297.723 222.398 216.822 36.8965 179.925 75.3253 7.32556 67.9997 1.2341 66.7656
internal_count=14064 2318 2255 390 1865 11746 509 11237 191 11046
cat_boundaries=0 1 2
cat_threshold=8 1
is_linear=0
shrinkage=0.05


end of trees

feature_importances:
rain_max_daily_7d=57
gender=34
age_group=31
day_of_year_sin=26
day_of_year_cos=23
temperature_min_7d=23
wind_gust_max_7d=21
humidity_min_7d=18
temperature_mean_7d=13
precipitation_sum_3d=11
month=10
temperature_max_3d=8
temperature_max_7d=8
wind_speed_max_7d=8
precipitation_sum_7d=6
precipitation_sum_current=5
wind_speed_mean_7d=5
temperature_mean_3d=4
temperature_min_3d=4
wind_speed_mean_3d=4
wind_gust_max_3d=4
wind_speed_max_3d=3
humidity_max_7d=3
rain_days_7d=3
temperature_mean_current=2
temperature_max_current=2
wind_speed_max_current=2
humidity_mean_7d=2
rain_sum_7d=2
temperature_min_current=1
humidity_max_current=1
wind_speed_mean_current=1
wind_gust_max_current=1
humidity_mean_3d=1
humidity_max_3d=1
humidity_min_3d=1

parameters:
[boosting: gbdt]
[objective: binary]
[metric: binary_logloss]
[tree_learner: serial]
[device_type: cpu]
[data_sample_strategy: bagging]
[data: ]
[valid: ]
[num_iterations: 33]
[learning_rate: 0.05]
[num_leaves: 15]
[num_threads: 8]
[seed: 42]
[deterministic: 0]
[force_col_wise: 0]
[force_row_wise: 0]
[histogram_pool_size: -1]
[max_depth: 4]
[min_data_in_leaf: 20]
[min_sum_hessian_in_leaf: 0.001]
[bagging_fraction: 0.9]
[pos_bagging_fraction: 1]
[neg_bagging_fraction: 1]
[bagging_freq: 1]
[bagging_seed: 400]
[bagging_by_query: 0]
[feature_fraction: 0.9]
[feature_fraction_bynode: 1]
[feature_fraction_seed: 30056]
[extra_trees: 0]
[extra_seed: 12879]
[early_stopping_round: 0]
[early_stopping_min_delta: 0]
[first_metric_only: 0]
[max_delta_step: 0]
[lambda_l1: 0]
[lambda_l2: 1]
[linear_lambda: 0]
[min_gain_to_split: 0]
[drop_rate: 0.1]
[max_drop: 50]
[skip_drop: 0.5]
[xgboost_dart_mode: 0]
[uniform_drop: 0]
[drop_seed: 17869]
[top_rate: 0.2]
[other_rate: 0.1]
[min_data_per_group: 100]
[max_cat_threshold: 32]
[cat_l2: 10]
[cat_smooth: 10]
[max_cat_to_onehot: 4]
[top_k: 20]
[monotone_constraints: ]
[monotone_constraints_method: basic]
[monotone_penalty: 0]
[feature_contri: ]
[forcedsplits_filename: ]
[refit_decay_rate: 0.9]
[cegb_tradeoff: 1]
[cegb_penalty_split: 0]
[cegb_penalty_feature_lazy: ]
[cegb_penalty_feature_coupled: ]
[path_smooth: 0]
[interaction_constraints: ]
[verbosity: -1]
[saved_feature_importance_type: 0]
[use_quantized_grad: 0]
[num_grad_quant_bins: 4]
[quant_train_renew_leaf: 0]
[stochastic_rounding: 1]
[linear_tree: 0]
[max_bin: 255]
[max_bin_by_feature: ]
[min_data_in_bin: 3]
[bin_construct_sample_cnt: 200000]
[data_random_seed: 175]
[is_enable_sparse: 1]
[enable_bundle: 1]
[use_missing: 1]
[zero_as_missing: 0]
[feature_pre_filter: 1]
[pre_partition: 0]
[two_round: 0]
[header: 0]
[label_column: ]
[weight_column: ]
[group_column: ]
[ignore_column: ]
[categorical_feature: 0,1,3]
[forcedbins_filename: ]
[precise_float_parser: 0]
[parser_config_file: ]
[objective_seed: 16083]
[num_class: 1]
[is_unbalance: 0]
[scale_pos_weight: 1]
[sigmoid: 1]
[boost_from_average: 1]
[reg_sqrt: 0]
[alpha: 0.9]
[fair_c: 1]
[poisson_max_delta_step: 0.7]
[tweedie_variance_power: 1.5]
[lambdarank_truncation_level: 30]
[lambdarank_norm: 1]
[label_gain: ]
[lambdarank_position_bias_regularization: 0]
[eval_at: ]
[multi_error_top_k: 1]
[auc_mu_weights: ]
[num_machines: 1]
[local_listen_port: 12400]
[time_out: 120]
[machine_list_filename: ]
[machines: ]
[gpu_platform_id: -1]
[gpu_device_id: -1]
[gpu_device_id_list: ]
[gpu_use_dp: 0]
[num_gpu: 1]

end of parameters

pandas_categorical:[]
