tree
version=v4
num_class=1
num_tree_per_iteration=1
label_index=0
max_feature_idx=44
objective=binary sigmoid:1
feature_names=age_group gender month season day_of_year_sin day_of_year_cos weather_code_current temperature_mean_current temperature_max_current temperature_min_current humidity_mean_current humidity_max_current humidity_min_current wind_speed_mean_current wind_speed_max_current precipitation_sum_current rain_sum_current wind_gust_max_current rain_day_current temperature_mean_3d temperature_max_3d temperature_min_3d humidity_mean_3d humidity_max_3d humidity_min_3d wind_speed_mean_3d wind_speed_max_3d precipitation_sum_3d rain_sum_3d rain_days_3d rain_max_daily_3d wind_gust_max_3d temperature_mean_7d temperature_max_7d temperature_min_7d humidity_mean_7d humidity_max_7d humidity_min_7d wind_speed_mean_7d wind_speed_max_7d precipitation_sum_7d rain_sum_7d rain_days_7d rain_max_daily_7d wind_gust_max_7d
feature_infos=-1:0:1:2:3:4:5 -1:0:1 [1:12] -1:1:0 [-0.99999942202469239:0.99998555065071859] [-0.99997919295908244:0.9999907524084426] [0:61] [23.658332999999999:32.533332999999999] [25.899999999999999:39.200000000000003] [17.899999999999999:29.300000000000001] [48.958333000000003:91.625] [63:100] [23:86] [2.8541669999999999:19.695833] [6.4000000000000004:30.100000000000001] [0:63.100000000000001] [0:63.100000000000001] [14:56.899999999999999] [0:1] [23.766667000000002:32.427778000000004] [27.699999999999999:39.200000000000003] [17.899999999999999:28.100000000000001] [52.569443999999997:90.694444000000004] [73:100] [23:79] [4.125:17.329167000000002] [9.6999999999999993:30.100000000000001] [0:93.900000000000006] [0:93.900000000000006] [0:3] [0:63.100000000000001] [17.300000000000001:56.899999999999999] [24.365476000000001:32.235118999999997] [28.699999999999999:39.200000000000003] [17.899999999999999:27.5] [55.767856999999999:89.523809999999997] [77:100] [23:72] [4.5327380000000002:15.469643] [11.6:30.100000000000001] [0:163.90000000000001] [0:163.90000000000001] [0:7] [0:63.100000000000001] [23:56.899999999999999]
tree_sizes=1688 1726 1725 1719 1704 1628 1733 1625 1613 1430 1729 1714 1533 1523 1636 1635 1429 1750 1321 1521 1385 1508 1311 1313 1403 1506 1415 1521 1284 1541 1017 1314 1620 1522 1410 1003 1102 1116 1114

Tree=0
num_leaves=15
num_cat=2
split_feature=0 32 44 4 44 34 4 0 5 38 32 34 23 4
split_gain=494.299 342.142 80.1591 90.661 65.6408 69.8083 37.2503 52.4328 52.9321 23.5898 14.1336 21.2489 8.03213 0.42142
threshold=0 28.497917000000005 33.650000000000006 -0.71504373327588355 46.250000000000007 26.400000000000002 -0.34235669412071196 1 0.44312301391210612 11.524702500000002 29.116071500000004 25.250000000000004 86.500000000000014 0.98049069993378934
decision_type=1 2 2 2 2 2 2 1 2 2 2 2 2 2
left_child=1 2 12 -4 5 -3 7 8 -2 -9 -8 -12 -1 -6
right_child=6 4 3 -5 13 -7 10 9 -10 -11 11 -13 -14 -15
leaf_value=-3.6240375819975399 -3.704546907251161 -3.2741639126190116 -3.457895749913896 -3.6505619714585293 -3.7293702339902741 -3.7326884973211136 -3.7599150246486062 -3.760240741602785 -3.5775817304432036 -3.6662034879603573 -3.6751073071882172 -3.7582778600949589 -3.749799590595984 -3.6922308170420397
leaf_weight=0.46642113476991554 26.352794114500284 10.191301794722673 8.0690856315195543 21.595298539847139 0.60634747520089038 0.79291592910885889 148.76502093486488 49.324035001918674 10.984217723831533 6.9030327945947638 12.943186489865186 16.184813376516104 12.196912674233316 0.46642113476991653
leaf_count=20 1130 437 346 926 26 34 6379 2115 471 296 555 694 523 20
internal_value=-3.71062 -3.5867 -3.63544 -3.59164 -3.33993 -3.30639 -3.73926 -3.71472 -3.67409 -3.74246 -3.75371 -3.72139 -3.73921 -3.71242
internal_weight=325.842 54.3847 42.3277 29.6644 12.057 10.9842 271.457 93.5641 37.337 56.2271 177.893 29.128 12.6633 1.07277
internal_count=13972 2332 1815 1272 517 471 11640 4012 1601 2411 7628 1249 543 46
cat_boundaries=0 1 2
cat_threshold=1 12
is_linear=0
shrinkage=1


Tree=1
num_leaves=15
num_cat=2
split_feature=0 20 36 40 4 26 0 2 4 33 26 19 38 4
split_gain=417.6 211.795 64.5181 54.2039 48.6904 45.2179 44.7175 64.571 38.5518 37.1948 33.4344 28.0517 5.04573 16.1284
threshold=0 34.150000000000013 91.500000000000014 120.15000000000002 0.60555468348150676 23.150000000000002 1 7.5000000000000009 -0.96235977360714686 31.850000000000005 16.350000000000005 29.084027500000001 11.524702500000002 -0.46801505794253101
decision_type=1 2 2 2 2 2 1 2 2 2 2 2 2 2
left_child=1 3 4 10 -3 -4 7 11 -9 -5 -1 -2 -8 -14
right_child=6 2 5 9 -6 -7 12 8 -10 -11 -12 -13 13 -15
leaf_value=-0.014249821548032938 -0.04748434467560534 -0.018981246398849665 0.21286210296963548 0.35390740339174104 0.42590334400350804 -0.021203188962819395 -0.050796102876135008 -0.045549384656670473 0.072585095649645243 -0.021987092958789367 0.077481775172668868 0.031081885038820752 0.049196536959869287 -0.047916533572078569
leaf_weight=15.229122921824453 53.594443663954735 0.58475340530276554 9.7785643544048053 1.4704191498458379 5.8084471486508846 2.341109422966837 136.50153108127415 8.0175832137465459 31.705416955053806 0.74556236341595639 26.169350940734148 13.598234329372643 4.9843488633632687 14.589149832725523
leaf_count=626 2401 22 315 53 190 80 6120 342 1302 27 1010 594 205 638
internal_value=0.000583782 0.106704 0.261016 0.0607379 0.388149 0.169479 -0.027784 -0.00148801 0.0482081 0.259927 0.0441966 -0.0313617 -0.0445136 -0.0219977
internal_weight=325.118 62.1273 18.5129 43.6145 6.3932 12.1197 262.991 106.916 39.723 2.21598 41.3985 67.1927 156.075 19.5735
internal_count=13925 2323 607 1716 212 395 11602 4639 1644 80 1636 2995 6963 843
cat_boundaries=0 1 2
cat_threshold=1 12
is_linear=0
shrinkage=0.05


Tree=2
num_leaves=15
num_cat=2
split_feature=0 20 37 19 34 43 44 0 2 32 42 25 38 5
split_gain=379.843 133.194 65.4183 63.7737 77.1829 52.5784 44.6802 39.0698 49.5727 38.0125 32.1633 13.4627 6.26638 12.4621
threshold=0 32.850000000000001 63.500000000000007 30.538889000000001 26.400000000000002 1.3500000000000003 46.250000000000007 1 7.5000000000000009 28.981547500000005 6.5000000000000009 5.0236110000000007 11.524702500000002 -0.77243990499604276
decision_type=1 2 2 2 2 2 2 1 2 2 2 2 2 2
left_child=1 2 11 5 -5 -3 -4 8 9 -2 -10 -1 -9 -14
right_child=7 3 6 4 -6 -7 -8 12 10 -11 -12 -13 13 -15
leaf_value=0.12467653504332486 -0.050146709592104211 0.06176125964298676 0.16490543580252326 0.45627526627682058 -0.024964703896937796 0.20215236106488452 -0.038714320915440949 -0.05072522152780571 -0.034095399147828956 0.039472460369841131 0.063728471212841017 -0.020930815301895413 0.032904267652738836 -0.047317945568560109
leaf_weight=0.71163257397711532 51.661030102521181 12.657200070098044 11.247354179620741 2.9345183148980136 0.93047676794230927 16.713216982781887 3.0279588922858229 131.6622475720942 10.653894791379569 14.448569940403102 31.167249124497175 22.040884727612138 6.7374715618789223 12.309335319325326
leaf_count=27 2417 397 387 60 28 482 108 6196 412 618 1238 863 281 557
internal_value=0.000858677 0.0955676 0.0419391 0.18026 0.359102 0.145676 0.122008 -0.0277513 -0.00318134 -0.0302637 0.0385937 -0.0113194 -0.0439338 -0.0187149
internal_weight=328.903 70.2632 37.0278 33.2354 3.865 29.3704 14.2753 258.64 107.931 66.1096 41.8211 22.7525 150.709 19.0468
internal_count=14071 2352 1385 967 88 879 495 11719 4685 3035 1650 890 7034 838
cat_boundaries=0 1 2
cat_threshold=1 12
is_linear=0
shrinkage=0.05


Tree=3
num_leaves=15
num_cat=3
split_feature=0 37 43 1 4 0 4 38 4 4 4 38 32 34
split_gain=310.284 95.3577 55.4869 91.1518 36.1582 43.163 32.2221 31.2085 37.4472 35.8957 26.6745 17.6724 14.3294 20.7318
threshold=0 37.500000000000007 27.750000000000004 1 -0.31799228562170639 2 -0.95754239937548935 8.8559525000000026 0.22700754078277599 0.99466373373798567 -0.90163369914317004 11.524702500000002 29.116071500000004 25.250000000000004
decision_type=1 2 2 1 2 1 2 2 2 2 2 2 2 2
left_child=1 7 10 -4 5 6 -2 8 -1 -9 -3 -7 -6 -14
right_child=4 2 3 -5 12 11 -8 9 -10 -11 -12 -13 13 -15
leaf_value=0.2131904974912836 -0.046011614138432147 0.11242723823863021 -0.0029931860671170603 0.2574826017113036 -0.049898564818168456 -0.049904177587518667 0.057212681275360694 0.22090622643983121 -0.02438089011216335 0.016852060460318778 0.00096958343232560738 0.029188847520779007 0.035018773948021602 -0.048019091765121293
leaf_weight=1.4613757822662616 8.7671097572892887 5.4062309581786385 6.1947304718196374 6.2780602313578129 128.7466695997864 43.494245499372482 34.910429518669844 17.639733400195841 4.562318954616785 2.6329795718193045 33.234193278476596 7.711308952420949 12.925996275618674 15.401345685124396
leaf_count=53 366 170 189 189 6323 2156 1304 392 153 56 1156 309 551 713
internal_value=0.000117225 0.0811433 0.0500039 0.137495 -0.0271342 -0.00376546 0.0293563 0.167347 0.0554021 0.196442 0.0190066 -0.0316077 -0.0428538 -0.0102262
internal_weight=329.367 77.4096 51.1132 12.4728 251.957 94.8831 43.6775 26.2964 6.02369 20.2727 38.6404 51.2056 157.074 28.3273
internal_count=14080 2358 1704 378 11722 4135 1670 654 206 448 1326 2465 7587 1264
cat_boundaries=0 1 2 3
cat_threshold=1 1 12
is_linear=0
shrinkage=0.05


Tree=4
num_leaves=15
num_cat=4
split_feature=0 20 4 5 4 0 5 21 34 39 38 32 1 1
split_gain=264.843 62.4791 54.5297 61.5293 38.3301 43.059 33.3478 21.3066 40.0867 23.2225 16.9709 12.9949 16.5298 9.87454
threshold=0 32.850000000000001 -0.65234524191686594 0.28313308994381586 -0.31799228562170639 1 0.44312301391210612 25.750000000000004 26.400000000000002 23.250000000000004 11.524702500000002 28.981547500000005 2 3
decision_type=1 2 2 2 2 1 2 2 2 2 2 2 1 1
left_child=1 2 3 -1 5 6 -2 9 -9 -3 -7 -6 -13 -4
right_child=4 7 13 -5 11 10 -8 8 -10 -11 -12 12 -14 -15
leaf_value=0.14985346921482193 0.0049206490809225855 0.12634686079738389 0.016371110537867488 -0.043273522024307856 -0.050575321734560821 -0.049804102692102996 0.09419321614184295 0.22605296410724854 -0.031509302654056541 0.034110320848654091 0.027215324456979047 -0.048277708288497548 0.020385517214088145 -0.047477074607248974
leaf_weight=13.370513793081047 30.114653833210468 21.661876196041703 10.823871172964573 5.2567111011594525 116.80675354227424 41.633133703842759 15.126680132001637 8.4692976698279363 1.5288948155939568 11.123041192069648 7.9263246934860936 16.750218825414777 16.488408677279949 11.716957764700055
leaf_count=366 1176 545 416 192 6032 2165 497 130 40 249 309 766 756 427
internal_value=0.000434801 0.071723 0.0349204 0.095924 -0.0260578 -0.00217372 0.0297313 0.121911 0.187383 0.0969894 -0.03105 -0.042759 -0.0146159 -0.0174248
internal_weight=328.797 83.9512 41.1681 18.6272 244.846 94.8008 45.2413 42.7831 9.99819 32.7849 49.5595 150.045 33.2386 22.5408
internal_count=14066 2365 1401 558 11701 4147 1673 964 170 794 2474 7554 1522 843
cat_boundaries=0 1 2 3 4
cat_threshold=1 12 1 1
is_linear=0
shrinkage=0.05


Tree=5
num_leaves=14
num_cat=2
split_feature=0 44 0 2 44 2 34 32 34 4 5 38 4
split_gain=213.774 52.1218 39.1033 46.4511 35.7359 38.9891 31.0339 30.8533 22.2563 17.0877 8.61359 6.33623 15.4972
threshold=0 34.400000000000013 1 7.5000000000000009 46.250000000000007 10.500000000000002 23.750000000000004 28.981547500000005 25.150000000000002 0.97696484778429815 0.99855310097228323 11.524702500000002 -0.452744437932114
decision_type=1 2 1 2 2 2 2 2 2 2 2 2 2
left_child=1 8 3 7 5 -3 -5 -2 10 -6 -1 -4 -13
right_child=2 4 11 6 9 -7 -8 -9 -10 -11 -12 12 -14
leaf_value=-0.032252334932538713 -0.049883269720003155 0.11079357607006708 -0.050520679759668043 0.0084829127982830686 -0.045065793613790713 -0.041263434865060761 0.097251619816793644 0.031575500012829466 0.12941315266358694 0.1164957110122281 0.080929529209920831 0.045765692721115456 -0.047354081307877188
leaf_weight=17.180172642692931 45.708970278501511 57.915633032098413 114.0138986390084 31.514487843960524 6.6927444264292708 4.0421433709561816 13.467181218788026 14.710824774578212 1.753082264214753 1.0866379775106905 0.89870985597371955 5.7025516033172634 12.71358343400061
leaf_count=629 2445 1283 6157 1123 212 148 496 624 30 26 32 212 624
internal_value=-0.000502302 0.0610467 -0.0253359 -0.00129848 0.0878721 0.100375 0.0365966 -0.0298588 -0.00366774 -0.0117998 -0.0226791 -0.0429006 -0.0176476
internal_weight=327.401 89.5691 237.831 105.401 69.7372 61.9578 44.9817 60.4198 19.832 7.77938 18.0789 132.43 18.4161
internal_count=14041 2360 11681 4688 1669 1431 1619 3069 691 238 661 6993 836
cat_boundaries=0 1 2
cat_threshold=1 12
is_linear=0
shrinkage=0.05


Tree=6
num_leaves=15
num_cat=2
split_feature=32 4 1 19 32 39 39 44 44 34 34 37 1 44
split_gain=52.2897 35.1412 29.3248 37.4967 30.5173 40.3869 19.5046 18.7758 22.2952 18.5429 17.477 16.6901 13.6812 4.5531
threshold=28.845238000000005 -0.30983472475487861 0 30.520139000000004 29.851785500000002 22.350000000000005 23.850000000000005 30.800000000000004 47.70000000000001 26.400000000000002 23.350000000000005 39.500000000000007 1 43.400000000000013
decision_type=2 2 1 2 2 2 2 2 2 2 2 2 1 2
left_child=1 7 3 10 5 -4 -6 -1 -9 -5 -2 12 -3 -13
right_child=2 11 4 9 6 -7 -8 8 -10 -11 -12 13 -14 -15
leaf_value=-0.041927817359384986 0.087683574138943315 0.018242478640170465 0.17024629390535256 0.12290119870122106 -0.040702284085825151 0.029785725659161835 0.082430322597939087 0.023813193971725904 -0.04725530757891399 -0.034276239094629964 -0.045012251005508763 -0.046446892763352135 -0.030562883352689609 -0.013834706449586762
leaf_weight=15.14811013266444 1.8726478330791057 27.713306346908212 10.68813479319215 6.6400287039577943 7.5476846639066917 10.013589909300206 4.161992160603404 96.578413596376777 11.505806172266601 1.9969857335090635 20.364023961126804 72.803007278591394 27.789051404222846 13.762746099382637
leaf_count=665 68 1282 363 188 263 350 123 3879 470 85 744 3629 1285 689
internal_value=-0.00124584 -0.0110124 0.0392313 0.0039683 0.0716972 0.106808 0.00610514 0.00849725 0.0158839 0.0867741 -0.0305448 -0.0278765 -0.00630194 -0.0414792
internal_weight=328.586 265.3 63.2851 30.8737 32.4114 20.7017 11.7097 123.232 108.084 8.63701 22.2367 142.068 55.5024 86.5658
internal_count=14083 11899 2184 1085 1099 713 386 5014 4349 273 812 6885 2567 4318
cat_boundaries=0 1 2
cat_threshold=1 1
is_linear=0
shrinkage=0.05


Tree=7
num_leaves=14
num_cat=2
split_feature=0 34 44 0 4 39 32 5 44 38 5 38 4
split_gain=188.905 45.3071 39.5606 36.9088 36.6942 35.3849 31.6883 26.3889 24.1626 22.1368 8.08315 7.64136 15.929
threshold=0 25.150000000000002 34.400000000000013 1 -0.31799228562170639 23.350000000000005 29.116071500000004 0.44312301391210612 40.500000000000007 7.4860120000000014 0.99855310097228323 11.524702500000002 -0.452744437932114
decision_type=1 2 2 1 2 2 2 2 2 2 2 2 2
left_child=1 2 10 4 7 -4 -6 -2 9 -3 -1 -5 -13
right_child=3 8 5 11 6 -7 -8 -9 -10 -11 -12 12 -14
leaf_value=-0.031129626196789696 0.002272093054940057 0.19250586465447339 0.087971723299689997 -0.050451364383563103 -0.047650043546215513 0.005666721359479281 0.039044880710800194 0.078567955085151159 0.21029218972358843 0.024039657298869435 0.077420173635060097 0.046140991667949022 -0.047059464279582693
leaf_weight=16.198232738301162 30.667316747829318 1.8521429374814014 43.048981368541718 108.82690391130745 45.066045772284269 18.767203338444233 12.841552916914223 17.034700367599726 6.141640316694974 7.3190995305776596 0.94959337450563808 6.1853138189762857 11.838700739666818
leaf_count=616 1136 26 999 6204 2549 462 506 502 72 116 32 221 605
internal_value=-0.000383696 0.0556012 0.0450533 -0.0245595 -0.00142104 0.0634722 -0.0280882 0.0305716 0.137981 0.0736432 -0.0211836 -0.0421728 -0.0143316
internal_weight=326.737 94.2769 78.964 232.461 105.61 61.8162 57.9076 47.702 15.3129 9.17124 17.1478 126.851 18.024
internal_count=14046 2323 2109 11723 4693 1461 3055 1638 214 142 648 7030 826
cat_boundaries=0 1 2
cat_threshold=1 12
is_linear=0
shrinkage=0.05


Tree=8
num_leaves=14
num_cat=3
split_feature=0 36 0 2 32 21 43 1 4 35 38 4 5
split_gain=177.632 39.2338 32.2069 28.3051 28.9984 28.1238 25.686 62.8385 21.5427 19.1665 6.24479 13.0558 5.34624
threshold=0 91.500000000000014 1 7.5000000000000009 28.981547500000005 23.750000000000004 27.750000000000004 2 0.60555468348150676 72.544643000000022 11.524702500000002 -0.452744437932114 -0.38243420677835344
decision_type=1 2 1 2 2 2 2 1 2 2 2 2 2
left_child=1 8 3 4 -2 -5 9 -8 -1 -3 -4 -12 -10
right_child=2 6 10 5 -6 -7 7 -9 12 -11 11 -13 -14
leaf_value=-0.03266103703495938 -0.049650290576822104 0.060977884775888426 -0.050379214691163056 -0.0097320153877168969 0.028335611524934787 0.065040514308605565 -0.016825100245085385 0.16915657832135816 0.045591994755878218 0.0047282398840150005 0.036712911736956899 -0.047038258050330614 0.15073392051563711
leaf_weight=1.6802912168204809 40.575535742565989 23.122356824576855 102.87108260393143 27.65940535068512 15.953281097114084 21.725761100649834 7.4456424973905087 10.013880316168072 2.5106707364320799 41.192087151110172 6.3812316115945604 11.896209601312874 14.000338945537802
leaf_count=45 2422 507 6162 937 624 725 181 195 36 1215 218 633 171
internal_value=-0.000695896 0.0515925 -0.0250071 -0.00329023 -0.0275315 0.0238003 0.0409718 0.0932295 0.121596 0.0255751 -0.0421387 -0.0174104 0.138263
internal_weight=327.028 99.9653 227.063 105.914 56.5288 49.3852 81.774 17.4595 18.1913 64.3144 121.149 18.2774 16.511
internal_count=14071 2350 11721 4708 3046 1662 2098 376 252 1722 7013 851 207
cat_boundaries=0 1 2 3
cat_threshold=1 12 1
is_linear=0
shrinkage=0.05


Tree=9
num_leaves=12
num_cat=2
split_feature=0 2 4 0 32 44 5 32 32 34 4
split_gain=173.479 36.2464 33.4125 27.8279 36.2982 27.1565 24.5716 12.0625 9.51867 15.1472 0.805694
threshold=0 10.500000000000002 -0.40614700388750385 1 26.765178500000001 32.600000000000001 -0.98521978256641018 28.894345000000005 29.116071500000004 25.250000000000004 -0.32614396506100213
decision_type=1 2 2 1 2 2 2 2 2 2 2
left_child=1 5 3 4 -2 7 -7 -1 10 -10 -4
right_child=2 -3 8 -5 -6 6 -8 -9 9 -11 -12
leaf_value=-0.040389512964493814 -0.019188880154513283 -0.045406634565675147 -0.024626766794907912 -0.036111426428745819 0.057003258090428416 -0.041241097451169891 0.078274905882788751 0.082778115157614504 0.023967651695990654 -0.047846567621307234 -0.049335666086709057
leaf_weight=8.0983659364283067 30.019532145932317 7.5736153591424218 6.574626454152166 26.735292205587029 30.778944888152182 3.9393084812909356 82.532171383500099 1.5645260140299786 12.964242095127704 14.66053231153637 100.17694977298379
leaf_count=304 1186 300 318 1525 1121 131 1570 19 545 723 6321
internal_value=0.000156434 0.0504784 -0.0246412 -0.00165363 0.0169401 0.0636189 0.072421 -0.0145544 -0.0413129 -0.0144844 -0.0480566
internal_weight=325.618 103.708 221.91 87.5338 60.7985 96.1344 86.4715 9.66289 134.376 27.6248 106.752
internal_count=14063 2324 11739 3832 2307 2024 1701 323 7907 1268 6639
cat_boundaries=0 1 2
cat_threshold=1 14
is_linear=0
shrinkage=0.05


Tree=10
num_leaves=15
num_cat=2
split_feature=0 20 34 44 5 4 34 0 19 43 40 34 4 38
split_gain=142.087 39.2615 21.3913 17.6228 25.3598 13.8201 32.3546 22.4824 9.36197 6.07085 8.3018 5.24405 2.82074 1.96097
threshold=0 36.850000000000001 26.400000000000002 30.400000000000002 0.39629089145655316 -0.452744437932114 23.750000000000004 1 29.302777500000005 38.900000000000006 66.850000000000009 24.450000000000003 0.97508442350096225 5.7779760000000016
decision_type=1 2 2 2 2 2 2 1 2 2 2 2 2 2
left_child=1 3 11 8 -5 6 13 -8 -1 12 -11 -3 -7 -2
right_child=5 2 -4 4 -6 9 7 -9 -10 10 -12 -13 -14 -15
leaf_value=-0.043264802562965693 -0.0084776613831004394 0.025357594248965467 -0.034120538480877177 0.016174053118772944 0.063165959589853812 -0.050279351560873042 0.049207702418182814 -0.025105803339300133 0.077532114423696799 0.091445885843046443 -0.035692528463617111 0.14144383151693041 -0.022863593604545311 -0.049550128846749225
leaf_weight=11.575585637241598 3.7088850047439328 1.5909373825415958 1.8826830219477404 92.603921202942729 41.319355249404907 87.734891596250236 14.969726203009486 10.62710465118289 0.9110513776540764 1.1117787500843399 2.3645726377144456 11.519809696823357 13.259250501170753 30.605082573369145
leaf_count=515 187 37 52 2633 1266 5533 564 561 14 53 157 154 746 1572
internal_value=-0.000171864 0.0320723 0.108682 0.0257187 0.0310332 -0.031848 -0.0142998 0.0276328 -0.0293559 -0.0447 0.0163131 0.130153 -0.0469395 -0.0454765
internal_weight=325.785 161.403 14.9934 146.41 133.923 164.381 59.9108 25.5968 12.4866 104.47 3.47635 13.1107 100.994 34.314
internal_count=14044 4671 243 4428 3899 9373 2884 1125 529 6489 210 191 6279 1759
cat_boundaries=0 1 2
cat_threshold=9 6
is_linear=0
shrinkage=0.05


Tree=11
num_leaves=15
num_cat=4
split_feature=0 4 35 1 43 0 4 25 35 35 32 5 36 1
split_gain=134.411 28.8329 28.3196 31.3717 33.7413 25.2346 22.3203 19.5001 19.0392 13.4221 13.3958 18.8583 12.8153 8.27388
threshold=0 -0.31799228562170639 72.544643000000022 1 27.750000000000004 2 -0.96235977360714686 8.2937500000000011 86.669643000000022 69.428571500000018 29.116071500000004 0.26659387353423863 97.500000000000014 3
decision_type=1 2 2 1 2 1 2 2 2 2 2 2 2 1
left_child=2 5 7 8 -5 6 -2 13 -4 -9 -3 -12 -7 -1
right_child=1 10 3 4 -6 12 -8 9 -10 -11 11 -13 -14 -15
leaf_value=0.047840899692481537 -0.046244633493044349 -0.050218141457214954 -0.044654528922170006 0.015551495363273613 0.11973643552849077 0.017787897511745854 0.03679302164344507 0.070537600927076047 0.035483507086308617 0.15168111190979935 -0.027916848310753313 0.079107024331923959 -0.04933147222479535 -0.042226947527645949
leaf_weight=4.0146463569253665 9.0448749437928182 92.229921989142895 18.789455721154813 21.086938265711069 11.648434897884725 8.4154846761375648 42.460429225116968 34.344635600224137 10.936165487393735 6.5404488611966363 22.688602796755735 3.9930915329605332 33.309945397078991 4.189913734793663
leaf_count=106 356 6301 544 591 188 345 1301 430 250 101 1085 168 2153 115
internal_value=-0.000872465 -0.0239252 0.0412518 0.0220263 0.0550746 -0.00414471 0.0181508 0.0730215 -0.0149762 0.0868297 -0.041265 -0.00962089 -0.0289249 0.00225442
internal_weight=323.693 212.142 111.551 62.461 32.7354 93.2307 51.5053 49.0896 29.7256 40.8851 118.912 26.6817 41.7254 8.20456
internal_count=14034 11709 2325 1573 779 4155 1657 752 794 531 7554 1253 2498 221
cat_boundaries=0 1 2 3 4
cat_threshold=1 1 12 1
is_linear=0
shrinkage=0.05


Tree=12
num_leaves=13
num_cat=2
split_feature=0 0 2 5 2 4 4 44 38 4 25 10
split_gain=110.966 25.6386 22.6256 19.5472 18.9441 24.6771 18.9584 16.4327 9.30451 15.6508 3.53401 1.56627
threshold=0 1 10.500000000000002 -0.96687281075841669 7.5000000000000009 0.87397152483179585 -0.95754239937548935 32.600000000000001 11.524702500000002 -0.452744437932114 11.440278000000001 62.416666500000012
decision_type=1 1 2 2 2 2 2 2 2 2 2 2
left_child=2 4 3 10 5 -2 -6 -5 -3 -10 -1 -4
right_child=1 8 11 7 6 -7 -8 -9 9 -11 -12 -13
leaf_value=-0.044736366420986245 -0.049389205851665278 -0.050161182026700439 0.021812638823423137 -0.012485550506125286 -0.046035694093652962 0.022651968978294461 0.031471655676823716 0.056893902477554173 0.046700929428542211 -0.046300687223726177 0.041177036979343891 -0.045239831999676017
leaf_weight=6.2653249111026517 33.926517514511943 86.914734703488648 0.38382051885127921 9.040624547749756 8.7277627047151309 17.295047892257571 42.202921371906996 91.965404601767659 6.6431699283421066 10.13628263119608 0.62185067869722832 7.3323305416852236
leaf_count=200 2188 6144 13 301 356 858 1269 1514 218 620 13 295
internal_value=-0.0012669 -0.0229071 0.0360068 0.0450493 -0.00352384 -0.0250964 0.0175589 0.0506225 -0.0398327 -0.00892459 -0.0327419 -0.0397846
internal_weight=321.456 205.846 115.609 107.893 102.152 51.2216 50.9307 101.006 103.694 16.7795 6.88718 7.71615
internal_count=13989 11653 2336 2028 4671 3046 1625 1815 6982 838 213 308
cat_boundaries=0 1 2
cat_threshold=1 12
is_linear=0
shrinkage=0.05


Tree=13
num_leaves=13
num_cat=2
split_feature=0 0 34 26 39 5 35 5 44 38 39 5
split_gain=112.06 29.7373 21.7834 26.5718 24.4889 19.5305 27.9403 13.0084 12.6067 8.04539 12.7707 7.85484
threshold=0 1 25.150000000000002 16.350000000000005 23.350000000000005 -0.8142754349318998 85.303571500000018 -0.13398942717002901 38.70000000000001 11.524702500000002 24.650000000000002 0.99249573635719013
decision_type=1 1 2 2 2 2 2 2 2 2 2 2
left_child=2 5 3 11 -5 -2 -7 8 -4 -3 -11 -1
right_child=1 9 7 4 -6 6 -8 -9 -10 10 -12 -13
leaf_value=-0.031321919007575624 -0.048241801397185119 -0.050101130073803159 0.04635533733904186 0.060462609338656728 -0.00026843846766152102 -0.013199086898588709 0.045301183432872018 -0.02265974358836002 0.13473406672647403 0.037800917894028695 -0.046363817203802747 0.06114345158793575
leaf_weight=18.149501465260986 17.32836165651679 83.374240259639919 8.7429337501525932 56.16978569701314 23.378242712467909 54.147760286927223 31.456787924282253 2.1233205944299689 10.217737091705201 6.8780266223475364 9.6240266049280745 1.6732544247061003
leaf_count=586 1046 6188 108 1037 446 2652 1024 23 84 353 481 58
internal_value=0.00105543 -0.0213451 0.037321 0.0300261 0.0428327 -0.00124426 0.00857265 0.0856854 0.0983458 -0.0398825 -0.0111286 -0.0209553
internal_weight=323.264 202.809 120.455 99.3708 79.548 102.933 85.6045 21.084 18.9607 99.8763 16.5021 19.8228
internal_count=14086 11744 2342 2127 1483 4722 3676 215 192 7022 834 644
cat_boundaries=0 1 2
cat_threshold=1 12
is_linear=0
shrinkage=0.05


Tree=14
num_leaves=14
num_cat=2
split_feature=0 36 38 34 4 0 44 32 43 35 19 19 38
split_gain=92.5375 21.4739 20.2976 15.1311 31.9454 20.1946 13.1135 18.9369 9.17896 5.89303 5.44206 1.77183 1.75823
threshold=0 90.500000000000014 9.2428570000000025 23.750000000000004 -0.452744437932114 1 30.400000000000002 26.930357000000004 38.900000000000006 58.401786000000008 29.302777500000005 29.561111000000004 5.7779760000000016
decision_type=1 2 2 2 2 1 2 2 2 2 2 2 2
left_child=1 2 -1 11 5 -5 10 -8 -6 -4 -3 12 -2
right_child=3 6 9 4 8 -7 7 -9 -10 -11 -12 -13 -14
leaf_value=-0.039323732545507639 -0.013335384489993255 -0.042653879746377188 0.0011585571102585574 0.047872624420078322 -0.044317850567872602 -0.024074289701446382 0.046624119786766532 0.0085176976208841248 0.037267435852564416 0.099362735256097123 0.051793139823509055 0.021749008788866337 -0.050152312526918201
leaf_weight=2.9986153151839998 4.3144005974754682 10.695085983723398 1.7042582640424395 15.792885075323284 45.502774555236101 9.8061832804232836 48.846443710848689 95.961415451020002 2.9815217200666657 16.030772401019931 0.89453126862645227 0.38804121688008208 67.005675084888935
leaf_count=97 244 495 25 567 3216 563 1325 2506 201 224 13 21 4555
internal_value=-0.000909967 0.0227891 0.0707712 -0.0292241 -0.0150602 0.0293902 0.0174667 0.0216033 -0.0386491 0.0904913 -0.0318292 -0.0474682 -0.0481403
internal_weight=322.923 177.131 20.7336 145.791 74.0834 25.5991 156.397 144.808 48.4843 17.735 11.5896 71.7081 71.3201
internal_count=14052 4685 346 9367 4547 1130 4339 3831 3417 249 508 4820 4799
cat_boundaries=0 1 2
cat_threshold=9 6
is_linear=0
shrinkage=0.05


Tree=15
num_leaves=14
num_cat=2
split_feature=0 39 5 34 19 4 32 37 23 1 36 13 4
split_gain=85.0443 22.8904 34.6573 26.3508 19.4862 14.5539 17.5711 6.72441 9.15924 9.65736 3.67751 0.792014 7.4804
threshold=0 20.150000000000002 -0.7614016681079937 23.650000000000002 26.179167000000003 0.63257020223555627 28.768452500000002 68.500000000000014 95.500000000000014 1 90.500000000000014 10.862500000000002 -0.57078386445773377
decision_type=1 2 2 2 2 2 2 2 2 1 2 2 2
left_child=1 5 4 -4 -3 6 -1 11 9 -9 -7 -2 -13
right_child=7 2 3 -5 -6 10 -8 8 -10 -11 -12 12 -14
leaf_value=-0.0011425798360718601 -0.049928066391824032 0.11691346267376729 0.012561257691440321 0.061524380415579616 -0.033179231792876421 0.035391747431293467 0.092434622060458008 0.13355668860665521 -0.039667469619042085 -0.027444843899346528 -0.049265622112104224 0.026771194828341761 -0.047792793736315897
leaf_weight=65.866676012054086 67.631807707250118 1.3756760964170123 49.064259771257639 63.337237644940615 25.870772579684854 0.68871305137872951 4.4280496193096033 1.1690427782014003 3.5303631871938705 1.135924763046205 16.528716802597046 3.5030360771343139 15.969008653424678
leaf_count=2407 5409 38 1432 1326 1061 12 93 45 226 43 673 191 1138
internal_value=-0.00146627 0.0150945 0.0282505 0.0404508 -0.0217303 -0.00427577 0.00596593 -0.0391165 0.00751419 0.069916 -0.0441224 -0.0467301 -0.0337262
internal_weight=320.099 227.16 139.648 112.401 27.2464 87.5122 70.2947 92.9392 5.83533 2.30497 17.2174 87.1039 19.472
internal_count=14094 7042 3857 2758 1099 3185 2500 7052 314 88 685 6738 1329
cat_boundaries=0 1 2
cat_threshold=13 1
is_linear=0
shrinkage=0.05


Tree=16
num_leaves=12
num_cat=2
split_feature=0 0 2 35 5 32 5 31 38 4 10
split_gain=82.0411 23.1377 18.2321 18.1882 55.9286 21.8888 12.6431 11.6528 9.45297 13.6212 1.35967
threshold=0 1 10.500000000000002 85.303571500000018 0.44312301391210612 28.981547500000005 -0.98521978256641018 44.100000000000001 11.524702500000002 -0.452744437932114 63.437500000000007
decision_type=1 1 2 2 2 2 2 2 2 2 2
left_child=2 3 6 5 -5 -2 -1 -8 -3 -10 -4
right_child=1 8 10 4 -6 -7 7 -9 9 -11 -12
leaf_value=-0.041698217251704153 -0.039010374740994266 -0.049930958632237343 0.016800182065923219 -0.0090937676700253729 0.12396356915498419 0.026475471199176304 0.044368814008978769 -0.013392629154527901 0.041794173800712424 -0.045682351387140989 -0.045093309951208214
leaf_weight=4.1828601397573939 44.165088400244713 73.076787302270532 0.4847640935331573 34.385053324513137 9.2077873386442644 16.976886805146933 106.66952468827367 9.0615341532975417 7.0370498970150974 9.0025172950699908 7.0969223482534289
leaf_count=147 2448 6196 16 1442 200 643 1710 186 223 631 289
internal_value=-0.000235715 -0.0203177 0.0295037 -0.00295806 0.0211606 -0.0206939 0.0366071 0.0397702 -0.0381532 -0.00710327 -0.0396394
internal_weight=321.347 193.851 127.496 104.735 43.5928 61.142 119.914 115.731 89.1164 16.0396 7.58169
internal_count=14131 11783 2348 4733 1642 3091 2043 1896 7050 854 305
cat_boundaries=0 1 2
cat_threshold=1 12
is_linear=0
shrinkage=0.05


Tree=17
num_leaves=15
num_cat=1
split_feature=0 44 30 32 44 34 2 4 43 34 2 27 7 10
split_gain=84.337 17.7648 21.1124 30.9001 14.6247 13.4981 23.9863 45.9815 9.87891 7.62455 6.25019 2.80276 1.98924 0.393388
threshold=0 34.400000000000013 13.250000000000002 26.964285500000003 35.800000000000004 23.750000000000004 8.5000000000000018 -0.95754239937548935 38.900000000000006 25.150000000000002 9.5000000000000018 19.050000000000004 30.285416500000004 90.041666500000005
decision_type=1 2 2 2 2 2 2 2 2 2 2 2 2 2
left_child=1 9 3 -3 -4 12 8 -8 -7 10 -1 -11 13 -2
right_child=5 2 4 -5 -6 6 7 -9 -10 11 -12 -13 -14 -15
leaf_value=-0.03595114358086015 -0.049264292294567157 0.10720946196904796 0.066810055090126871 0.03049398397867736 -0.0090322069255003128 -0.033444327988655508 -0.043686956823812392 0.14737802774963574 0.04902561748957128 0.00058236240966881797 0.0073971331811891628 0.080801369966272199 0.0268208750010357 -0.013328345576482777
leaf_weight=18.032459305599332 62.383804033510387 14.953437531366943 6.4906032849103203 84.201645918190479 41.020784496329725 56.106247973628342 5.8749949689954519 5.0232223942875844 3.0120806805789462 1.7504236176609986 14.254804297350345 1.9461082350462673 0.29690131731331248 1.6667148964479555
leaf_count=776 4704 391 144 1683 1069 3854 330 192 205 34 530 28 14 98
internal_value=-0.000476396 0.0211601 0.029996 0.0430183 0.00249235 -0.0292312 -0.0158532 0.049364 -0.0284969 -0.00897002 -0.0171656 0.0510273 -0.0477956 -0.0485484
internal_weight=317.014 182.65 146.666 99.1551 47.5114 134.364 70.0165 10.8982 59.1183 35.9838 32.2873 3.69653 64.3474 64.0505
internal_count=14052 4655 3287 2074 1213 9397 4581 522 4059 1368 1306 62 4816 4802
cat_boundaries=0 1
cat_threshold=9
is_linear=0
shrinkage=0.05


Tree=18
num_leaves=11
num_cat=1
split_feature=0 44 5 33 38 38 4 39 19 10
split_gain=69.4447 16.1825 16.312 23.268 18.4336 9.95165 13.8535 22.7468 6.04118 4.44164
threshold=0 30.400000000000002 -0.8142754349318998 34.150000000000013 5.9392855000000013 11.524702500000002 -0.452744437932114 24.650000000000002 29.302777500000005 90.041666500000005
decision_type=1 2 2 2 2 2 2 2 2 2
left_child=1 8 3 -3 -4 -2 7 -7 9 -1
right_child=5 2 4 -5 -6 6 -8 -9 -10 -11
leaf_value=-0.047947723468317181 -0.049821761124457714 -0.030566864686724333 0.087702960027779428 0.07647175120966522 0.019632864878971042 0.12351945971035945 -0.045299199906592508 -0.04011249849809273 0.044092807314103977 0.04787921155179968
leaf_weight=14.677197470329702 66.945777170360088 29.872339949943125 9.6794303581118566 5.0978501113131633 174.24238962680101 3.2854586578905574 8.3855102024972421 3.482375156134367 1.5114965438842762 0.52429796196520406
leaf_count=751 6173 1369 232 117 4504 93 634 116 23 22
internal_value=-0.000404734 0.0135107 0.0177349 -0.0132709 0.0236702 -0.0371732 -0.00468125 0.0449982 -0.0320649 -0.0418914
internal_weight=317.704 235.605 218.892 34.9702 183.922 82.0991 15.1533 6.76783 16.713 15.2015
internal_count=14034 7018 6222 1486 4736 7016 843 209 796 773
cat_boundaries=0 1
cat_threshold=13
is_linear=0
shrinkage=0.05


Tree=19
num_leaves=13
num_cat=0
split_feature=39 39 5 37 25 44 39 37 9 5 10 7
split_gain=22.3037 32.5033 18.7022 15.0402 14.3512 13.3348 14.0675 13.1459 4.18619 3.33289 3.21261 0.297586
threshold=20.250000000000004 20.450000000000003 -0.84313311835787952 66.500000000000014 6.9229165000000012 30.800000000000004 17.850000000000005 54.500000000000007 27.150000000000002 0.98486764554468398 90.041666500000005 31.797917000000005
decision_type=2 2 2 2 2 2 2 2 2 2 2 2
left_child=4 -2 7 -4 5 10 -7 -3 9 -6 -1 -10
right_child=1 2 3 -5 8 6 -8 -9 11 -11 -12 -13
leaf_value=-0.041898376119490002 0.12467814547494738 0.08077903338015098 0.0084524567077044147 0.054391790843517564 -0.037497629148376642 0.044795719348233759 -0.0099483384904790247 -0.037366604115852527 0.038873160670672473 0.013891796293144278 0.034497091115197213 0.001373599435616588
leaf_weight=15.292292877100408 5.1311975503340355 1.6305891703814293 138.69215796142817 19.550143744796515 57.516595168039203 20.620353513397276 25.030081235803664 27.789060299284756 1.1402867874130596 2.8457743898034087 0.76348815020173866 0.803370727226138
leaf_count=1016 162 64 5051 629 3042 937 1171 1665 28 178 43 22
internal_value=0.000730951 0.0113506 0.00760751 0.014434 -0.0157375 0.00139951 0.0152098 -0.0283781 -0.0324635 -0.034888 -0.036456 0.0291056
internal_weight=316.805 192.793 187.662 158.242 124.012 61.7062 45.6504 29.4196 62.306 60.3624 16.0558 1.94366
internal_count=14008 7571 7409 5680 6437 3167 2108 1729 3270 3220 1059 50
is_linear=0
shrinkage=0.05


Tree=20
num_leaves=12
num_cat=4
split_feature=0 44 33 33 44 34 1 38 39 1 1
split_gain=65.3674 18.1844 12.5346 20.5578 15.2031 10.8602 10.3064 8.36782 11.3347 17.5793 4.98865
threshold=0 33.300000000000004 36.850000000000001 37.100000000000009 47.350000000000009 25.150000000000002 1 11.524702500000002 24.650000000000002 2 3
decision_type=1 2 2 2 2 2 1 2 2 1 1
left_child=1 5 4 -4 -3 10 -7 -2 9 -9 -1
right_child=7 2 3 -5 -6 6 -8 8 -10 -11 -12
leaf_value=-0.048457964561814379 -0.04975852839443879 0.017240124826677444 0.14143889459718581 0.028612549409830264 -0.046540616375635377 -0.034617173190068393 0.099193305973985096 0.10159043519627822 -0.045510482462205001 -0.039812503955284635 -0.008519660182771267
leaf_weight=16.086251896806061 63.67289071995765 164.75714151095599 4.0870531387627151 23.857899181544781 8.9528374504297954 1.7607281133532515 2.5204807026311755 3.5818797368556252 8.1601150920614582 3.4423303324729204 15.366464866325261
leaf_count=769 6185 4541 77 414 375 42 42 181 482 180 762
internal_value=-0.000740242 0.0125266 0.0188755 0.0494302 0.0137054 -0.0194306 0.0480268 -0.0372401 -0.00792535 0.035968 -0.0298096
internal_weight=316.246 237.389 201.655 27.945 173.71 35.7339 4.28121 78.8572 15.1843 7.02421 31.4527
internal_count=14050 7022 5407 491 4916 1615 84 7028 843 361 1531
cat_boundaries=0 1 2 3 4
cat_threshold=13 1 1 2
is_linear=0
shrinkage=0.05


Tree=21
num_leaves=13
num_cat=3
split_feature=0 0 2 4 4 2 44 37 23 1 25 4
split_gain=61.6203 15.2683 21.5601 19.962 18.5839 17.8113 10.4948 6.62329 7.73343 8.03965 1.91427 8.32659
threshold=0 1 7.5000000000000009 -0.96235977360714686 0.89017062131308955 10.500000000000002 46.250000000000007 68.500000000000014 95.500000000000014 2 11.488194500000001 -0.57078386445773377
decision_type=1 1 2 2 2 2 2 2 2 1 2 2
left_child=1 5 4 -4 -3 6 -1 10 9 -9 -2 -12
right_child=7 2 3 -5 -6 -7 -8 8 -10 -11 11 -13
leaf_value=0.03295640060908988 -0.049677291866251666 -0.049236729771066759 -0.046265030747822122 0.031663530680965619 0.013122207040173512 -0.045617406489682433 -0.017928106773025199 0.11634379177543014 -0.038539444642249593 -0.027275375993145053 0.041976326803967984 -0.045908809691187456
leaf_weight=118.98668522201478 57.848028151318431 31.378847260028124 9.0091094011440855 46.692255588248372 18.37928235065192 7.7028972255066028 10.446670662611721 1.3861105348914853 3.1197473183274269 1.12017238792032 2.752732314169406 9.5447638193145377
leaf_count=1825 5820 2265 350 1299 825 308 235 43 227 45 109 788
internal_value=-0.00040631 0.0120633 -0.002515 0.0184658 -0.0263983 0.0226285 0.0287435 -0.0367514 0.0092073 0.0626819 -0.0456808 -0.0245589
internal_weight=318.367 242.596 105.459 55.7014 49.7581 137.136 129.433 75.7716 5.62603 2.50628 70.1455 12.2975
internal_count=14139 7107 4739 1649 3090 2368 2060 7032 315 88 6717 897
cat_boundaries=0 1 2 3
cat_threshold=13 1 1
is_linear=0
shrinkage=0.05


Tree=22
num_leaves=11
num_cat=2
split_feature=0 0 2 32 30 33 2 31 44 44
split_gain=61.0166 17.7446 14.8624 20.5714 19.3562 13.6888 12.024 4.42734 6.47862 10.7636
threshold=0 1 7.5000000000000009 28.981547500000005 18.150000000000002 38.800000000000004 10.500000000000002 41.600000000000001 45.20000000000001 44.45000000000001
decision_type=1 1 2 2 2 2 2 2 2 2
left_child=1 5 3 -3 -4 6 -1 -2 9 -9
right_child=7 2 4 -5 -6 -7 -8 8 -10 -11
leaf_value=0.025209287842944822 -0.048810031884058247 -0.049028812045819554 0.031190355440669809 0.017634526669881388 -0.031701598123262835 0.10367999226247596 -0.03870155725605734 -0.03162526213311994 -0.045238339784679553 0.079223345798292863
leaf_weight=125.22037098184228 57.483243558555841 30.045859108678997 40.964110921137035 17.785473513416946 16.352389253675938 4.3784599155187598 6.9428515685722223 4.2504328442737451 8.0373672666028124 2.8183824000880122
leaf_count=1993 5969 2436 1178 625 484 19 290 363 607 82
internal_value=-0.000402417 0.0118726 -0.00372019 -0.0243874 0.0130114 0.0232623 0.0215865 -0.0374084 -0.0169113 0.0169119
internal_weight=314.279 241.69 105.148 47.8313 57.3165 136.542 132.163 72.5894 15.1062 7.06882
internal_count=14046 7025 4723 3061 1662 2302 2283 7021 1052 445
cat_boundaries=0 1 2
cat_threshold=13 1
is_linear=0
shrinkage=0.05


Tree=23
num_leaves=11
num_cat=2
split_feature=0 21 1 5 32 34 44 38 39 4
split_gain=51.2943 14.3696 17.2475 16.454 21.4104 18.324 15.7854 8.93267 10.7126 15.8078
threshold=0 23.050000000000004 1 -0.49812626372919405 26.854762000000004 23.550000000000004 41.600000000000001 11.557440500000002 24.650000000000002 -0.452744437932114
decision_type=1 2 1 2 2 2 2 2 2 2
left_child=1 2 6 4 -3 -5 -1 -2 9 -9
right_child=7 3 -4 5 -6 -7 -8 8 -10 -11
leaf_value=-0.00470993000683524 -0.049590491935065033 0.058937437017707331 -0.049706317201584332 0.0038976249772979623 -0.014785001256448001 0.041511237156405666 0.10881717955092639 0.09687767583259764 -0.044703515003002785 -0.03860340971476911
leaf_weight=16.974362561479214 55.734012778382748 10.660539521835743 19.208149712532759 55.27393089607358 62.458124983124435 77.951866871677339 2.7163583179935804 3.7005061134696007 7.1310265921056271 3.2050799038261157
leaf_count=678 6194 353 759 1477 2168 1512 83 83 477 265
internal_value=-0.00102178 0.00999445 -0.0171616 0.0156538 -0.00338627 0.0260511 0.0154536 -0.0357049 -0.00468468 0.0370679
internal_weight=315.014 245.243 38.8989 206.344 73.1187 133.226 19.6907 69.7706 14.0366 6.90559
internal_count=14049 7030 1520 5510 2521 2989 761 7019 825 348
cat_boundaries=0 1 2
cat_threshold=13 1
is_linear=0
shrinkage=0.05


Tree=24
num_leaves=12
num_cat=3
split_feature=0 0 35 5 32 2 38 5 1 5 5
split_gain=48.9453 12.3286 15.6476 41.6749 16.5521 12.4606 9.78093 10.9239 17.4864 9.4136 1.32209
threshold=0 1 85.303571500000018 0.44312301391210612 28.981547500000005 10.500000000000002 11.524702500000002 -0.7614016681079937 2 0.97263757644091864 0.99803555425430601
decision_type=1 1 2 2 2 2 2 2 1 2 2
left_child=1 5 4 -4 -3 9 -2 8 -8 -1 -7
right_child=6 2 3 -5 -6 10 7 -9 -10 -11 -12
leaf_value=0.021748200437579412 -0.04950877248476919 -0.037791408384917714 -0.0096960869281294687 0.095777828984320468 0.018741705370432595 -0.044835555011968398 0.097900035420952963 -0.0445043713752524 -0.040090210780949168 0.094141649858578258 0.016090276709236139
leaf_weight=132.74572468176484 52.87161834910512 40.085349388420582 34.775730957277119 11.741047468036411 18.172631021589041 6.7746826363727441 4.0088425083085895 7.0770209673792106 3.4605364827439189 3.7675535958260289 0.50308096967637528
leaf_count=1962 6213 2415 1461 201 607 294 138 568 146 82 21
internal_value=-5.68359e-06 0.010453 -0.0027633 0.0183814 -0.0201381 0.0195952 -0.0346226 -0.00308243 0.0367845 0.0244162 -0.039189
internal_weight=315.984 248.566 104.775 46.5168 58.258 143.791 67.418 14.5464 7.46938 136.513 7.27776
internal_count=14108 7043 4684 1662 3022 2359 7065 852 284 2044 315
cat_boundaries=0 1 2 3
cat_threshold=13 1 1
is_linear=0
shrinkage=0.05


Tree=25
num_leaves=13
num_cat=3
split_feature=0 34 44 1 5 4 25 4 1 17 37 14
split_gain=46.4929 12.1354 19.6668 14.6443 11.2103 8.11804 7.02691 12.0296 13.205 1.20916 0.544843 0.525953
threshold=0 21.700000000000006 41.600000000000001 1 -0.98521978256641018 0.99818282439137029 11.347222500000003 -0.452744437932114 2 44.800000000000004 69.500000000000014 21.550000000000004
decision_type=1 2 2 1 2 2 2 2 1 2 2 2
left_child=1 2 11 -4 -3 -6 9 8 -8 -2 -11 -1
right_child=6 4 3 -5 5 -7 7 -9 -10 10 -12 -13
leaf_value=-0.048800379182183384 -0.049419895080865792 -0.044671754378328737 0.14153154523905098 -0.032730743120338156 0.018218912086556276 -0.031459406943869582 0.087705617323881546 -0.0454443379594811 -0.038150437173609796 -0.016407518229636528 0.028817024575436459 -0.0082357926462883878
leaf_weight=16.161381624639041 47.92434997158125 6.8431937573477617 1.828609822317957 1.5636423584073782 214.30374973174185 7.6669919174164525 4.0064741419628254 8.933898061513899 2.8090863991528749 0.48246954567730327 0.25820184126496315 1.3130593979731191
leaf_count=759 5803 432 49 50 5542 157 118 918 109 60 5 46
internal_value=0.00062173 0.0105856 -0.0246999 0.0720422 0.0143576 0.0163696 -0.033993 -0.00941295 0.0375888 -0.0484426 0.00685597 -0.0463631
internal_weight=314.095 249.681 20.8667 3.39225 228.814 221.971 64.4145 15.7495 6.81556 48.665 0.740671 17.4744
internal_count=14048 7035 904 99 6131 5699 7013 1145 227 5868 65 805
cat_boundaries=0 1 2 3
cat_threshold=13 1 1
is_linear=0
shrinkage=0.05


Tree=26
num_leaves=12
num_cat=2
split_feature=0 39 39 5 38 44 38 5 44 35 1
split_gain=43.7734 11.6344 24.8331 19.7156 18.2527 14.0451 8.69779 9.14275 14.2668 5.25034 3.53391
threshold=0 20.250000000000004 20.450000000000003 -0.8142754349318998 7.3476190000000008 36.20000000000001 11.524702500000002 -0.7614016681079937 45.900000000000013 86.812500000000014 1
decision_type=1 2 2 2 2 2 2 2 2 2 1
left_child=1 4 10 -4 5 -1 -2 8 -8 -6 -3
right_child=6 2 3 -5 9 -7 7 -9 -10 -11 -12
leaf_value=0.026396815055695286 -0.049371550075576233 0.044522516266838535 -0.030652516855937357 0.021440134633859496 -0.040041285575493191 -0.029698785326378704 0.086611900075301521 -0.043945132727270221 -0.039209742462381451 0.012524495607667411 0.15011136185293189
leaf_weight=45.572238712571561 47.84091144381091 2.4870968107134095 20.150548878591508 131.48865803331137 29.382157053332776 13.767432236112652 4.0327363135293126 6.4791970821097475 3.2758014351129532 5.146725262515246 2.846506891772151
leaf_count=1611 6194 43 925 2791 1120 359 87 570 183 144 39
internal_value=0.000332918 0.00983857 0.0185153 0.0143623 -0.00367637 0.0131055 -0.0340332 -0.00408667 0.0322851 -0.0320741 0.115678
internal_weight=312.47 250.841 156.973 151.639 93.8686 59.3397 61.6286 13.7877 7.30854 34.5289 5.3336
internal_count=14066 7032 3798 3716 3234 1970 7034 840 270 1264 82
cat_boundaries=0 1 2
cat_threshold=13 1
is_linear=0
shrinkage=0.05


Tree=27
num_leaves=13
num_cat=2
split_feature=0 26 4 19 24 34 35 37 23 1 25 5
split_gain=44.7377 11.5288 10.5283 24.3603 15.7065 7.84915 5.71308 4.77303 3.7462 3.92085 0.562535 1.98185
threshold=0 14.65 -0.58482361983252518 26.689583500000001 59.500000000000007 25.150000000000002 87.824405000000013 68.500000000000014 95.500000000000014 1 11.488194500000001 -0.77243990499604276
decision_type=1 2 2 2 2 2 2 2 2 1 2 2
left_child=1 5 3 -3 -4 6 -1 10 9 -9 -2 -12
right_child=7 2 4 -5 -6 -7 -8 8 -10 -11 11 -13
leaf_value=-0.038533448876226846 -0.049262530114596491 -0.0011233221951451613 0.01434695635723293 0.058253626110837134 -0.024059593872334705 0.056208921904307631 0.020127681131992183 0.067386297418941074 -0.035989502950574723 -0.026919904166077827 -0.00061566542800245167 -0.04425150751749439
leaf_weight=21.626335803419359 43.158441505860537 33.320318788290024 122.43671355303377 34.785819405689836 32.980028576217592 2.1344660278409711 4.4213405307382336 1.9191620498895636 2.4370122556574643 1.0775532573461533 3.9028205573558807 6.9827301604673249
leaf_count=900 5787 727 3047 684 1495 35 103 43 219 43 193 740
internal_value=-0.000325468 0.00918494 0.0133594 0.0296081 0.00609523 -0.0201002 -0.0282003 -0.0356784 0.00265594 0.0352249 -0.0459927 -0.0299747
internal_weight=311.183 251.705 223.523 68.1061 155.417 28.1821 26.0477 59.4777 5.43373 2.99672 54.044 10.8856
internal_count=14016 6991 5953 1411 4542 1038 1003 7025 305 86 6720 933
cat_boundaries=0 1 2
cat_threshold=13 1
is_linear=0
shrinkage=0.05


Tree=28
num_leaves=11
num_cat=4
split_feature=0 21 1 39 1 2 32 38 39 1
split_gain=39.4127 10.7295 16.1635 15.6612 9.78335 55.6269 25.9262 5.73278 6.24763 8.81756
threshold=0 23.050000000000004 1 20.850000000000005 2 10.500000000000002 28.479464000000004 11.524702500000002 24.650000000000002 3
decision_type=1 2 1 2 1 2 2 2 2 1
left_child=1 2 3 -1 5 -3 -6 -2 9 -9
right_child=7 4 -4 -5 6 -7 -8 8 -10 -11
leaf_value=-0.020883918907513892 -0.049229380578753555 -0.010260066230579422 -0.049476864839410523 0.06579211902749392 0.0029053745029838816 0.11202048947989154 0.051642326630118911 0.059183000570332912 -0.044122265453139999 -0.038937738663270244
leaf_weight=11.943289979360999 43.302835444454104 94.506693272851408 17.622009382583201 7.803564920090138 66.580673414748162 9.3042299859225732 45.388290169648826 4.3772521028295142 6.5028804051689804 3.0880765868350863
leaf_count=515 6167 2551 736 227 1975 209 773 184 497 184
internal_value=-0.000639386 0.00815399 -0.0159624 0.0148889 0.012761 0.00166376 0.0229439 -0.0344653 -0.0114899 0.0187898
internal_weight=310.42 253.149 37.3689 19.7469 215.78 103.811 111.969 57.271 13.9682 7.46533
internal_count=14018 6986 1478 742 5508 2760 2748 7032 865 368
cat_boundaries=0 1 2 3 4
cat_threshold=13 1 1 1
is_linear=0
shrinkage=0.05


Tree=29
num_leaves=13
num_cat=1
split_feature=0 34 2 43 30 5 44 38 19 38 7 19
split_gain=35.9049 15.2442 19.6436 12.9261 12.8825 9.73356 8.08886 8.46969 5.59222 2.07015 2.07117 1.76656
threshold=0 23.750000000000004 7.5000000000000009 38.900000000000006 21.950000000000003 -0.97874870457683605 30.400000000000002 6.9169645000000015 29.302777500000005 5.7779760000000016 30.285416500000004 26.782638500000001
decision_type=1 2 2 2 2 2 2 2 2 2 2 2
left_child=5 9 3 -3 -4 -1 8 -8 -7 11 -11 -2
right_child=1 2 4 -5 -6 6 7 -9 -10 10 -12 -13
leaf_value=-0.044533734907950574 -0.033141124740378371 -0.040170340092161097 0.048037261834790443 0.061586629457095587 -0.035411253577501731 -0.041294831586411 0.039453774014751031 0.011391210595779903 0.045230900127635372 -0.049772615961806016 0.027865588197480324 0.023912219783222454
leaf_weight=6.4246637844480565 1.8073908858932548 31.959787862375379 17.374419799540195 2.5585554144345215 5.3704790915362528 9.1897248527966422 32.01933388132602 154.22127231396735 1.4203604664653529 44.279328586068004 0.27894234377890725 1.6663448438048361
leaf_count=342 126 3314 675 209 361 500 704 3088 15 4568 15 124
internal_value=-0.000859741 -0.0231746 -0.0076854 -0.0311064 0.0276721 0.0113356 0.0139478 0.0164008 -0.0268136 -0.0458336 -0.0486856 -0.00654528
internal_weight=308.571 105.295 57.2632 34.5183 22.7449 203.275 196.851 186.241 10.6101 48.032 44.5583 3.47374
internal_count=14041 9392 4559 3523 1036 4649 4307 3792 515 4833 4583 250
cat_boundaries=0 1
cat_threshold=9
is_linear=0
shrinkage=0.05


Tree=30
num_leaves=8
num_cat=1
split_feature=0 44 4 19 44 19 23
split_gain=29.4233 11.754 9.9498 19.9235 16.8952 5.47161 3.58192
threshold=0 31.500000000000004 -0.21022463061426777 28.059722000000004 47.70000000000001 29.285416500000004 85.500000000000014
decision_type=1 2 2 2 2 2 2
left_child=-1 5 4 -4 -3 6 -2
right_child=1 2 3 -5 -6 -7 -8
leaf_value=-0.038572033663071423 0.042476162574589138 0.025516188426668824 -0.026755988053258253 0.012265613038737562 -0.046073219765131547 0.036218499614452497 -0.039889585200977115
leaf_weight=35.057928994297981 0.61016575619578972 96.484741928521544 47.68480722559616 98.698913489468396 8.0912187662906927 2.1695470125414422 21.165114692877978
leaf_count=4685 39 2602 2531 2378 362 37 1381
internal_value=-0.00157151 0.00450454 0.00789347 -0.000541049 0.0195933 -0.0281007 -0.0358179
internal_weight=309.962 274.905 250.96 146.384 104.576 23.9448 21.7753
internal_count=14015 9330 7873 4909 2964 1457 1420
cat_boundaries=0 1
cat_threshold=48
is_linear=0
shrinkage=0.05


Tree=31
num_leaves=11
num_cat=2
split_feature=0 44 38 40 38 38 1 4 21 10
split_gain=31.7353 11.887 7.76139 11.8625 9.40758 7.49686 7.24845 10.105 3.69969 1.26557
threshold=0 30.400000000000002 5.9392855000000013 83.65000000000002 8.5497025000000004 11.524702500000002 1 -0.452744437932114 26.150000000000002 90.041666500000005
decision_type=1 2 2 2 2 2 1 2 2 2
left_child=1 8 3 -3 -4 -2 7 -7 9 -1
right_child=5 2 4 -5 -6 6 -8 -9 -10 -11
leaf_value=-0.047276613538656691 -0.049076157858967913 0.082367132053327755 -0.0045499113818767856 -0.0061560889784188794 0.016096476441674969 0.069423402680307819 -0.043432698936741641 -0.037671274131031253 0.028584543604798281 0.011563891357053192
leaf_weight=12.197761870920655 39.073287651408464 7.8166815848089737 92.110070333816111 6.4023550967685878 135.26334291603416 4.3167524710297585 5.6307540498673916 2.9267237149178964 1.3244283385574807 0.60607440583407957
leaf_count=746 6197 201 2790 154 3075 98 426 308 17 23
internal_value=-0.000395344 0.00716638 0.0101007 0.0447226 0.00774923 -0.0323039 -0.00481534 0.0268312 -0.0356241 -0.0438554
internal_weight=307.668 255.721 241.592 14.219 227.373 51.9475 12.8742 7.24348 14.1283 12.8038
internal_count=14035 7006 6220 355 5865 7029 832 406 786 769
cat_boundaries=0 1 2
cat_threshold=13 1
is_linear=0
shrinkage=0.05


Tree=32
num_leaves=14
num_cat=2
split_feature=0 39 39 5 4 34 37 22 1 36 13 13 10
split_gain=32.8122 10.6286 17.8546 19.4679 11.7067 10.3085 5.0493 4.94314 4.5279 4.29791 0.918524 2.92473 0.349679
threshold=0 20.250000000000004 20.450000000000003 -0.76696334127844745 0.63257020223555627 22.250000000000004 67.500000000000014 87.187500000000014 1 88.500000000000014 12.756250000000001 12.93125 72.64583300000001
decision_type=1 2 2 2 2 2 2 2 1 2 2 2 2
left_child=1 4 12 -4 5 -1 10 8 -8 -6 -2 -12 -3
right_child=6 2 3 -5 9 -7 7 -9 -10 -11 11 -13 -14
leaf_value=-0.042055808115968478 -0.049117740547807535 0.040033179516600237 -0.029659675605894283 0.018675665241935542 0.017447863229348201 0.010288346149693272 0.069580517259432192 -0.038590184266727744 -0.027989034032553147 -0.049597178678364169 0.025828397948089263 -0.040959434657941704 0.10813852895168637
leaf_weight=10.000098983291535 38.012046298477799 2.0021039545536032 23.655997844412923 135.62933978997171 2.2669790415093329 64.028975398745388 2.2598143131472161 3.1548108072020113 1.1850745598785581 16.124165025074035 1.5832075127400447 4.2500459984876215 3.8366516530513763
leaf_count=606 5998 23 1052 2660 33 1895 58 345 65 672 94 505 58
internal_value=-0.000587382 0.00699207 0.0148297 0.011357 -0.00627151 0.00275123 -0.0335125 0.000700886 0.0372701 -0.0408593 -0.0460361 -0.0217054 0.094054
internal_weight=307.989 257.544 165.124 159.285 92.4202 74.0291 50.445 6.5997 3.44489 18.3911 43.8453 5.83325 5.83876
internal_count=14064 6999 3793 3712 3206 2501 7065 468 123 705 6597 599 81
cat_boundaries=0 1 2
cat_threshold=13 1
is_linear=0
shrinkage=0.05


Tree=33
num_leaves=13
num_cat=1
split_feature=0 44 4 5 31 44 44 19 33 10 13 13
split_gain=27.9445 10.3887 9.30625 9.95424 6.75846 7.51174 7.31796 3.25351 2.57062 1.31007 0.176247 0.851938
threshold=0 30.400000000000002 0.99700008544936913 -0.97111920233974802 41.600000000000001 45.20000000000001 44.45000000000001 29.302777500000005 35.350000000000001 90.041666500000005 12.827083500000002 12.9
decision_type=1 2 2 2 2 2 2 2 2 2 2 2
left_child=1 7 3 -3 10 6 -6 9 -4 -1 -2 -12
right_child=4 2 8 -5 5 -7 -8 -9 -10 -11 11 -13
leaf_value=-0.046767173110901727 -0.04888263522166722 -0.036755260870330556 0.02419674885658097 0.013973451807062132 -0.026055633340009317 -0.043380573688478745 0.065879998497011358 0.02398174830183674 -0.044511693241880187 0.013315350320504127 0.018961934325647634 -0.031578838852789719
leaf_weight=11.038408587686714 33.688102681655437 9.156752229202537 0.93825230468064447 227.662269346416 3.0633172956295294 5.8515000357292593 4.0220291777513921 1.4581576976925124 8.6511595975607616 0.56187184806913215 0.43482863903045599 1.6802552375011144
leaf_count=729 5722 578 24 5470 364 609 83 20 172 20 22 241
internal_value=0.00042244 0.00723173 0.00985899 0.0118657 -0.0305544 -0.0051836 0.0278255 -0.0343747 -0.0361389 -0.0430312 -0.0476339 -0.0184368
internal_weight=308.207 259.467 246.408 236.819 48.74 12.9368 7.08535 13.0584 9.58941 11.6003 35.8032 2.11508
internal_count=14054 7013 6244 6048 7041 1056 447 769 196 749 5985 263
cat_boundaries=0 1
cat_threshold=13
is_linear=0
shrinkage=0.05


Tree=34
num_leaves=12
num_cat=3
split_feature=0 4 32 1 1 5 37 2 44 33 44
split_gain=28.5034 13.5981 16.3253 21.9211 15.2408 52.8568 15.4383 12.7886 9.65079 10.5827 10.2565
threshold=0 -0.31799228562170639 28.981547500000005 1 2 0.44312301391210612 66.500000000000014 10.500000000000002 46.250000000000007 31.850000000000005 49.150000000000006
decision_type=1 2 2 1 1 2 2 2 2 2 2
left_child=7 4 -3 -4 5 -2 -6 8 9 -1 -10
right_child=1 2 3 -5 6 -7 -8 -9 10 -11 -12
leaf_value=0.05372931751491683 -0.020346444641158919 -0.049381540801789019 -0.047606612756988687 0.038986111095743348 -0.042278831734142763 0.094128642362564158 0.02430713158947484 -0.045322320044100452 -0.048431404907198605 0.016322398345729808 0.047316723034573425
leaf_weight=22.271509750746191 28.902647214010358 45.060107364319265 12.470256546046585 14.978394579607993 29.216337853576988 14.274100116454063 11.466689251828937 7.2118295347318044 8.9479625234380347 111.39883505925536 2.9919919688254586
leaf_count=326 1419 6048 774 774 1507 614 567 311 173 1485 66
internal_value=-5.84326e-05 -0.0145668 -0.0311916 -0.000644594 -0.00171064 0.0187727 -0.0233784 0.0147715 0.0190442 0.0229076 -0.0226358
internal_weight=309.191 156.369 72.5088 27.4487 83.8598 43.1767 40.683 152.822 145.61 133.67 11.94
internal_count=14064 11703 7596 1548 4107 2033 2074 2361 2050 1811 239
cat_boundaries=0 1 2 3
cat_threshold=1 1 1
is_linear=0
shrinkage=0.05


Tree=35
num_leaves=8
num_cat=2
split_feature=0 0 4 4 33 32 39
split_gain=22.9115 9.86652 19.0784 16.7984 13.3614 12.455 11.2041
threshold=0 1 -0.32614396506100213 -0.96235977360714686 38.800000000000004 29.144940500000001 23.350000000000005
decision_type=1 1 2 2 2 2 2
left_child=-1 4 3 -3 6 -4 -2
right_child=1 2 5 -5 -6 -7 -8
leaf_value=-0.03683713195728526 0.017307260614832051 -0.046756665493108161 -0.046480856856171128 0.019877413783962194 0.086085372262290391 0.0034430527708560334 -0.014041640556325475
leaf_weight=29.228273150045425 110.91349641000852 10.19605148071423 35.214513644576073 60.834919465240091 4.9265191256999961 18.873118381015956 37.400586497038603
leaf_count=4674 1782 516 3821 1958 20 729 534
internal_value=-0.00156594 0.0034513 -0.00667968 0.00979618 0.0116165 -0.0293143 0.00936086
internal_weight=307.587 278.359 125.119 71.031 153.241 54.0876 148.314
internal_count=14034 9360 7024 2474 2336 4550 2316
cat_boundaries=0 1 2
cat_threshold=48 1
is_linear=0
shrinkage=0.05


Tree=36
num_leaves=9
num_cat=2
split_feature=0 39 39 4 34 4 8 1
split_gain=23.9544 10.2305 12.4354 11.0029 10.0898 9.59887 5.32258 4.58244
threshold=0 20.250000000000004 20.450000000000003 0.63257020223555627 21.850000000000005 -0.49813634056773481 36.45000000000001 1
decision_type=1 2 2 2 2 2 2 1
left_child=-1 3 7 4 -2 -4 -5 -3
right_child=1 2 5 6 -6 -7 -8 -9
leaf_value=-0.036632559409299777 -0.046223201680654705 0.014707608814628043 0.025654976958708664 -0.049758376000126163 0.0069205482067754027 0.0009613760295129046 0.027476161844711466 0.10524651132774648
leaf_weight=28.600737554952502 9.1849606055766326 2.4993920135311773 58.48196180537343 17.09146849997342 71.567631999962032 116.54384142858908 1.900349250063299 3.7768764216452837
leaf_count=4669 714 51 1304 910 2652 3658 37 55
internal_value=-0.000149791 0.00480795 0.0120307 -0.00783255 0.000384407 0.0093112 -0.0410424 0.0761678
internal_weight=309.647 281.046 181.302 99.7444 80.7526 175.026 18.9918 6.27627
internal_count=14050 9381 5068 4313 3366 4962 947 106
cat_boundaries=0 1 2
cat_threshold=48 1
is_linear=0
shrinkage=0.05


Tree=37
num_leaves=9
num_cat=1
split_feature=0 38 38 40 35 44 42 7
split_gain=21.5995 8.77338 13.1897 12.0021 10.6721 14.0827 9.17564 8.37876
threshold=0 8.5497025000000004 5.9392855000000013 79.550000000000011 86.669643000000022 46.250000000000007 2.5000000000000004 28.843750000000004
decision_type=1 2 2 2 2 2 2 2
left_child=-1 2 3 -2 6 -6 -3 -4
right_child=1 4 7 -5 5 -7 -8 -9
leaf_value=-0.036170262612503633 0.064102474397608009 0.031907793804422643 -0.016076655943290743 -0.014026724801326369 0.061946714519154893 -0.022940166364892114 -0.0011109990134722119 0.035312732069573437
leaf_weight=27.4434355632402 10.832950528245421 25.799463231582195 103.01468720426783 7.890892604365944 18.744886807166043 5.905273189302533 97.621711471583694 7.6525287660770109
leaf_count=4684 344 636 4440 257 452 265 2721 217
internal_value=-0.0010235 0.00373502 -0.00562042 0.0321343 0.0121436 0.0415094 0.00599209 -0.0122387
internal_weight=304.906 277.462 129.391 18.7238 148.071 24.6502 123.421 110.667
internal_count=14016 9332 5258 601 4074 717 3357 4657
cat_boundaries=0 1
cat_threshold=48
is_linear=0
shrinkage=0.05


Tree=38
num_leaves=9
num_cat=1
split_feature=0 39 39 38 44 44 10 5
split_gain=22.2512 10.3916 15.8487 13.0376 13.7205 8.19803 2.64787 0.26646
threshold=0 20.250000000000004 20.450000000000003 7.4752975000000008 36.20000000000001 45.20000000000001 90.27083300000001 -0.15101602693478736
decision_type=1 2 2 2 2 2 2 2
left_child=-1 3 7 4 -2 -4 -5 -3
right_child=1 2 5 6 -6 -7 -8 -9
leaf_value=-0.035931088928040471 0.016596846126392346 0.092710757051910439 0.013858126391927636 -0.038108801972297275 -0.034033046771958356 -0.015196641073054198 0.028242687907348109 0.027708426023305872
leaf_weight=26.828014239668846 52.42113020317629 4.9129373361356556 145.49441992724314 28.559944119304422 16.863924719393253 28.240400013979524 0.89035948691889544 1.29707128740847
leaf_count=4706 2323 81 3869 1440 548 1077 44 20
internal_value=0.000143471 0.00484388 0.0121453 -0.00796555 0.00396469 0.00907537 -0.0352412 0.08486
internal_weight=305.508 278.68 179.945 98.7354 69.2851 173.735 29.4503 6.21001
internal_count=14108 9402 5047 4355 2871 4946 1484 101
cat_boundaries=0 1
cat_threshold=48
is_linear=0
shrinkage=0.05


end of trees

feature_importances:
age_group=56
day_of_year_sin=51
wind_gust_max_7d=40
day_of_year_cos=35
wind_speed_mean_7d=32
gender=27
temperature_min_7d=26
temperature_mean_7d=24
wind_speed_max_7d=24
month=19
temperature_mean_3d=14
humidity_mean_7d=11
humidity_min_7d=11
humidity_mean_current=9
temperature_max_7d=8
rain_max_daily_7d=8
wind_speed_mean_3d=7
humidity_max_7d=6
wind_speed_mean_current=5
temperature_min_3d=5
humidity_max_3d=5
temperature_mean_current=4
temperature_max_3d=4
wind_speed_max_3d=4
precipitation_sum_7d=4
rain_max_daily_3d=3
wind_gust_max_3d=3
rain_days_7d=2
temperature_max_current=1
temperature_min_current=1
wind_speed_max_current=1
wind_gust_max_current=1
humidity_mean_3d=1
humidity_min_3d=1
precipitation_sum_3d=1

parameters:
[boosting: gbdt]
[objective: binary]
[metric: binary_logloss]
[tree_learner: serial]
[device_type: cpu]
[data_sample_strategy: bagging]
[data: ]
[valid: ]
[num_iterations: 39]
[learning_rate: 0.05]
[num_leaves: 15]
[num_threads: 8]
[seed: 42]
[deterministic: 0]
[force_col_wise: 0]
[force_row_wise: 0]
[histogram_pool_size: -1]
[max_depth: 4]
[min_data_in_leaf: 20]
[min_sum_hessian_in_leaf: 0.001]
[bagging_fraction: 0.9]
[pos_bagging_fraction: 1]
[neg_bagging_fraction: 1]
[bagging_freq: 1]
[bagging_seed: 400]
[bagging_by_query: 0]
[feature_fraction: 0.9]
[feature_fraction_bynode: 1]
[feature_fraction_seed: 30056]
[extra_trees: 0]
[extra_seed: 12879]
[early_stopping_round: 0]
[early_stopping_min_delta: 0]
[first_metric_only: 0]
[max_delta_step: 0]
[lambda_l1: 0]
[lambda_l2: 1]
[linear_lambda: 0]
[min_gain_to_split: 0]
[drop_rate: 0.1]
[max_drop: 50]
[skip_drop: 0.5]
[xgboost_dart_mode: 0]
[uniform_drop: 0]
[drop_seed: 17869]
[top_rate: 0.2]
[other_rate: 0.1]
[min_data_per_group: 100]
[max_cat_threshold: 32]
[cat_l2: 10]
[cat_smooth: 10]
[max_cat_to_onehot: 4]
[top_k: 20]
[monotone_constraints: ]
[monotone_constraints_method: basic]
[monotone_penalty: 0]
[feature_contri: ]
[forcedsplits_filename: ]
[refit_decay_rate: 0.9]
[cegb_tradeoff: 1]
[cegb_penalty_split: 0]
[cegb_penalty_feature_lazy: ]
[cegb_penalty_feature_coupled: ]
[path_smooth: 0]
[interaction_constraints: ]
[verbosity: -1]
[saved_feature_importance_type: 0]
[use_quantized_grad: 0]
[num_grad_quant_bins: 4]
[quant_train_renew_leaf: 0]
[stochastic_rounding: 1]
[linear_tree: 0]
[max_bin: 255]
[max_bin_by_feature: ]
[min_data_in_bin: 3]
[bin_construct_sample_cnt: 200000]
[data_random_seed: 175]
[is_enable_sparse: 1]
[enable_bundle: 1]
[use_missing: 1]
[zero_as_missing: 0]
[feature_pre_filter: 1]
[pre_partition: 0]
[two_round: 0]
[header: 0]
[label_column: ]
[weight_column: ]
[group_column: ]
[ignore_column: ]
[categorical_feature: 0,1,3]
[forcedbins_filename: ]
[precise_float_parser: 0]
[parser_config_file: ]
[objective_seed: 16083]
[num_class: 1]
[is_unbalance: 0]
[scale_pos_weight: 1]
[sigmoid: 1]
[boost_from_average: 1]
[reg_sqrt: 0]
[alpha: 0.9]
[fair_c: 1]
[poisson_max_delta_step: 0.7]
[tweedie_variance_power: 1.5]
[lambdarank_truncation_level: 30]
[lambdarank_norm: 1]
[label_gain: ]
[lambdarank_position_bias_regularization: 0]
[eval_at: ]
[multi_error_top_k: 1]
[auc_mu_weights: ]
[num_machines: 1]
[local_listen_port: 12400]
[time_out: 120]
[machine_list_filename: ]
[machines: ]
[gpu_platform_id: -1]
[gpu_device_id: -1]
[gpu_device_id_list: ]
[gpu_use_dp: 0]
[num_gpu: 1]

end of parameters

pandas_categorical:[]
