tree
version=v4
num_class=1
num_tree_per_iteration=1
label_index=0
max_feature_idx=44
objective=binary sigmoid:1
feature_names=age_group gender month season day_of_year_sin day_of_year_cos weather_code_current temperature_mean_current temperature_max_current temperature_min_current humidity_mean_current humidity_max_current humidity_min_current wind_speed_mean_current wind_speed_max_current precipitation_sum_current rain_sum_current wind_gust_max_current rain_day_current temperature_mean_3d temperature_max_3d temperature_min_3d humidity_mean_3d humidity_max_3d humidity_min_3d wind_speed_mean_3d wind_speed_max_3d precipitation_sum_3d rain_sum_3d rain_days_3d rain_max_daily_3d wind_gust_max_3d temperature_mean_7d temperature_max_7d temperature_min_7d humidity_mean_7d humidity_max_7d humidity_min_7d wind_speed_mean_7d wind_speed_max_7d precipitation_sum_7d rain_sum_7d rain_days_7d rain_max_daily_7d wind_gust_max_7d
feature_infos=-1:0:1:2:3:4:5 -1:0:1 [1:12] -1:1:0 [-0.99999942202469239:0.99998555065071859] [-0.99997919295908244:0.9999907524084426] [0:61] [23.658332999999999:32.533332999999999] [25.899999999999999:39.200000000000003] [17.899999999999999:29.300000000000001] [48.958333000000003:91.625] [63:100] [23:86] [2.8541669999999999:19.695833] [6.4000000000000004:30.100000000000001] [0:63.100000000000001] [0:63.100000000000001] [14:56.899999999999999] [0:1] [23.766667000000002:32.427778000000004] [27.699999999999999:39.200000000000003] [17.899999999999999:28.100000000000001] [52.569443999999997:90.694444000000004] [73:100] [23:79] [4.125:17.329167000000002] [9.6999999999999993:30.100000000000001] [0:93.900000000000006] [0:93.900000000000006] [0:3] [0:63.100000000000001] [17.300000000000001:56.899999999999999] [24.365476000000001:32.235118999999997] [28.699999999999999:39.200000000000003] [17.899999999999999:27.5] [55.767856999999999:89.523809999999997] [77:100] [23:72] [4.5327380000000002:15.469643] [11.6:30.100000000000001] [0:163.90000000000001] [0:163.90000000000001] [0:7] [0:63.100000000000001] [23:56.899999999999999]
tree_sizes=1066 994 1098 1103 1003 1104 1415 1088 1006 1100 902 1003 997 1008 1008 995 1110 1091 1117 1421 1101 1108 1115 1018 997 1008 1102 1011 1117 1116 1091 1109 1108

Tree=0
num_leaves=9
num_cat=2
split_feature=0 0 4 38 5 32 33 43
split_gain=532.063 82.3067 93.3684 116.987 80.529 117.995 45.0825 12.7376
threshold=0 1 -0.67803021058859214 5.5770835000000014 0.98332250088165762 26.804464500000005 38.800000000000004 11.200000000000001
decision_type=1 1 2 2 2 2 2 2
left_child=-1 4 7 -4 6 -6 -2 -3
right_child=1 2 3 -5 5 -7 -8 -9
leaf_value=-2.6065559619669179 -2.5163971075934377 -2.4957490469604084 -2.259246517176166 -2.5363319852991042 -2.2213354177574511 -2.5115824332019367 -2.3339862956469766 -2.6016620998959232
leaf_weight=310.85332009941339 296.86659374833107 2.1415083408355704 2.877651832997798 239.11279068142176 4.9522380381822577 9.3690989911556226 2.4761190190911284 66.38675856590271
leaf_count=4645 4436 32 43 3573 74 140 37 992
internal_value=-2.55418 -2.52764 -2.54668 -2.53184 -2.5097 -2.39602 -2.51416 -2.59755
internal_weight=935.036 624.183 310.519 241.99 313.664 14.3213 299.343 68.5283
internal_count=13972 9327 4640 3616 4687 214 4473 1024
cat_boundaries=0 1 2
cat_threshold=48 9
is_linear=0
shrinkage=1


Tree=1
num_leaves=8
num_cat=2
split_feature=0 43 0 4 15 23 9
split_gain=496.184 70.8036 68.9826 75.0945 49.3593 4.77903 2.29798
threshold=0 34.600000000000001 1 -0.71504373327588355 1.3500000000000003 99.500000000000014 23.850000000000005
decision_type=1 2 1 2 2 2 2
left_child=-1 2 4 -4 -2 6 -3
right_child=1 5 3 -5 -6 -7 -8
leaf_value=-0.051772351354015124 0.029060014417136921 0.0097298758520294251 -0.021679450101330652 0.029039531355954828 0.086848751219677167 0.032039379307729543 -0.049318132012717952
leaf_weight=297.06740109622478 66.984814442694187 1.4179512709379185 90.865591108798981 357.25379964709282 85.612834453582764 1.3710393011569966 32.0562504529953
leaf_count=4642 958 21 1376 5203 1235 20 470
internal_value=0.000460172 0.0253324 0.0297645 0.0183219 0.0580562 -0.0427052 -0.0466072
internal_weight=932.63 635.562 600.717 448.119 152.598 34.8452 33.4742
internal_count=13925 9283 8772 6579 2193 511 491
cat_boundaries=0 1 2
cat_threshold=48 1
is_linear=0
shrinkage=0.05


Tree=2
num_leaves=9
num_cat=2
split_feature=0 0 5 38 5 19 37 34
split_gain=462.327 73.9099 65.3271 95.8684 55.5961 87.4703 44.2038 37.7433
threshold=0 1 -0.91595872546125101 6.112797500000001 0.98486764554468398 27.459027500000001 60.500000000000007 20.350000000000005
decision_type=1 1 2 2 2 2 2 2
left_child=-1 4 3 -3 7 -6 -4 -2
right_child=1 2 6 -5 5 -7 -8 -9
leaf_value=-0.051527786768593244 -0.046485373050613586 0.21833219069070725 0.010032051570144668 0.027589116915761575 0.20862456379480632 -0.019549483533499099 -0.032936859564175941 0.039311253969482859
leaf_weight=286.92103575915098 12.563324376940725 6.8883160278201094 182.44970174878836 42.527017168700695 10.58419542014599 6.3393253087997428 87.857926778495312 307.55532880872488
leaf_count=4689 177 87 2640 612 128 89 1342 4307
internal_value=0.000273189 0.0233754 0.00555396 0.0579813 0.0395713 0.126832 -0.00400403 0.0358098
internal_weight=943.686 656.765 319.723 49.4153 337.042 16.9235 270.308 320.119
internal_count=14071 9382 4681 699 4701 217 3982 4484
cat_boundaries=0 1 2
cat_threshold=48 9
is_linear=0
shrinkage=0.05


Tree=3
num_leaves=9
num_cat=2
split_feature=0 0 4 32 39 37 4 43
split_gain=419.753 57.917 58.8582 125.416 50.2557 69.7822 16.7284 5.63274
threshold=0 1 -0.85227431625818906 27.026488000000004 17.750000000000004 37.500000000000007 0.2603727204637144 33.750000000000007
decision_type=1 1 2 2 2 2 2 2
left_child=-1 4 7 -4 6 -6 -2 -3
right_child=1 2 3 -5 5 -7 -8 -9
leaf_value=-0.051262006892688061 0.018938643142527422 -0.036876371258107513 0.061175115170310934 0.0014463578934217369 0.010602444851169851 0.086492421133028685 -0.050035846442425917 0.0066531526001856875
leaf_weight=273.02521691098809 28.290962234139442 58.492676943540573 122.5583221539855 304.60288485139608 45.234739609062672 92.625725142657757 11.561366714537142 8.1741497889161092
leaf_count=4667 370 906 1735 4286 613 1218 157 128
internal_value=-0.000187723 0.0210716 0.0116235 0.0186862 0.0451179 0.0618471 -0.0018062 -0.0315197
internal_weight=944.566 671.541 493.828 427.161 177.713 137.86 39.8523 66.6668
internal_count=14080 9413 7055 6021 2358 1831 527 1034
cat_boundaries=0 1 2
cat_threshold=48 1
is_linear=0
shrinkage=0.05


Tree=4
num_leaves=8
num_cat=1
split_feature=0 43 33 36 5 23 22
split_gain=388.539 53.8634 47.2455 74.0427 4.42582 4.63022 3.45726
threshold=0 34.600000000000001 38.400000000000006 95.500000000000014 0.24997576770840005 99.500000000000014 65.472222000000002
decision_type=1 2 2 2 2 2 2
left_child=-1 2 3 -2 5 -3 -4
right_child=1 4 6 -5 -6 -7 -8
leaf_value=-0.051009882937192379 -0.0095459325785184259 -0.04911715334799438 0.14860697459866853 0.030640645571117283 0.030028924358787675 0.02724822243962273 0.044105215552653593
leaf_weight=260.83932769298553 148.88323407620192 30.869048722088337 6.8957184553146345 491.28536304458976 1.4276435859501351 1.502195119857787 2.0932979807257652
leaf_count=4664 2055 457 90 6730 21 20 29
internal_value=-0.000346926 0.0195095 0.0230144 0.0212942 -0.0409277 -0.0448631 0.131123
internal_weight=943.796 682.957 649.158 640.169 33.7989 32.3712 8.98902
internal_count=14066 9402 8904 8785 498 477 119
cat_boundaries=0 1
cat_threshold=48
is_linear=0
shrinkage=0.05


Tree=5
num_leaves=9
num_cat=2
split_feature=0 0 2 4 38 39 33 4
split_gain=358.592 58.1498 53.0713 48.5244 44.6802 40.2534 46.0405 17.2151
threshold=0 1 10.500000000000002 -0.73866753694953124 6.4553575000000007 17.550000000000004 36.050000000000004 -0.8781231054254196
decision_type=1 1 2 2 2 2 2 2
left_child=-1 5 3 -3 -4 7 -7 -2
right_child=1 2 4 -5 -6 6 -8 -9
leaf_value=-0.050758774230085381 0.068931742292541329 -0.033277946416621795 -0.0019268897783579369 0.010133484276290293 0.081519733082633258 0.066013057069372064 -0.012321848910829708 -0.017928727412469654
leaf_weight=248.69852855801582 5.9086967706680289 77.290552385151386 25.775395102798939 361.16288016736507 41.279325664043427 129.25507240742445 21.579181030392647 31.757528699934483
leaf_count=4652 74 1194 350 4940 545 1593 282 411
internal_value=-0.000543711 0.0179698 0.00863419 0.00242261 0.0498864 0.041149 0.0547987 -0.00287259
internal_weight=942.707 694.009 505.508 438.453 67.0547 188.5 150.834 37.6662
internal_count=14041 9389 7029 6134 895 2360 1875 485
cat_boundaries=0 1 2
cat_threshold=48 1
is_linear=0
shrinkage=0.05


Tree=6
num_leaves=12
num_cat=0
split_feature=43 32 4 33 43 36 7 35 23 5 4
split_gain=38.6311 34.0581 51.2565 43.8177 28.9592 27.9417 17.7112 5.40568 2.88836 2.11656 1.73777
threshold=34.600000000000001 27.817261500000004 -0.88622299073327826 38.400000000000006 33.750000000000007 95.500000000000014 26.610416500000003 64.55952400000001 99.500000000000014 0.26659387353423863 0.96234642434711437
decision_type=2 2 2 2 2 2 2 2 2 2 2
left_child=1 2 4 6 -1 -4 -3 -5 9 10 -2
right_child=8 3 5 7 -6 -7 -8 -9 -10 -11 -12
leaf_value=-0.03038818574479071 -0.052220702842258472 0.072150609884369832 -0.017349518445366485 0.099442933724806171 0.055250055477220797 0.019797517569045971 -0.018170420536747139 0.030416673739580596 0.0074939430085444406 0.0067443652257662681 -0.013802432647237409
leaf_weight=99.507388953119516 38.958080675452948 4.5712753273546687 56.426790188997984 7.4557302482426149 10.028214130550621 439.02269622683525 273.94662858173251 6.1328089609742165 2.3066902980208388 1.5387280583381642 4.110353108495473
leaf_count=1585 640 66 852 99 156 6350 4124 88 33 24 66
internal_value=-0.000403464 0.00193076 0.00869675 -0.0120642 -0.0221189 0.0155404 -0.0164352 0.0725103 -0.0441474 -0.0469236 -0.0489506
internal_weight=944.005 897.092 604.985 292.106 109.536 495.449 278.518 13.5885 46.9139 44.6072 43.0684
internal_count=14083 13320 8943 4377 1741 7202 4190 187 763 730 706
is_linear=0
shrinkage=0.05


Tree=7
num_leaves=9
num_cat=3
split_feature=0 0 4 32 26 37 37 1
split_gain=353.036 47.4078 46.3133 108.36 34.1683 36.1983 28.0041 18.8502
threshold=0 1 -0.71504373327588355 27.026488000000004 15.050000000000002 38.500000000000007 55.500000000000007 2
decision_type=1 1 2 2 2 2 2 1
left_child=-1 4 6 -4 7 -6 -3 -2
right_child=1 2 3 -5 5 -7 -8 -9
leaf_value=-0.050532840346502766 -0.038606070091850103 0.070705952317515211 0.05754127483633116 0.0011525767186113319 0.015779100857455191 0.06757853365864494 -0.029510758644236013 0.032866553970495906
leaf_weight=239.51175798103213 17.647167444229126 6.6325936093926421 118.30330802872777 298.17113522067666 50.158470973372459 106.85130082815886 85.999721013009548 17.266010947525501
leaf_count=4692 218 91 1496 4086 650 1243 1358 212
internal_value=0.000529948 0.0184796 0.00996319 0.0172698 0.0393061 0.0512352 -0.0216566 -0.00332895
internal_weight=940.541 701.03 509.107 416.474 191.923 157.01 92.6323 34.9132
internal_count=14046 9354 7031 5582 2323 1893 1449 430
cat_boundaries=0 1 2 3
cat_threshold=48 1 1
is_linear=0
shrinkage=0.05


Tree=8
num_leaves=8
num_cat=1
split_feature=0 43 43 4 38 36 36
split_gain=312.565 48.5852 39.2745 55.4948 33.0121 3.68145 2.3856
threshold=0 34.600000000000001 31.350000000000005 -0.90893996196865012 6.7098215000000012 99.500000000000014 94.500000000000014
decision_type=1 2 2 2 2 2 2
left_child=-1 2 3 -2 -4 6 -3
right_child=1 5 4 -5 -6 -7 -8
leaf_value=-0.050292499077209389 -0.029143133465425519 0.010158619958545799 -0.0053556105920003856 0.020552248903260007 0.1009963770789124 0.018111427506268509 -0.050295495022633557
leaf_weight=228.59574600309134 61.232076980173588 1.4021444693207765 10.160435013473032 587.26416600868106 24.038979277014732 1.8044947311282147 29.161808479577303
leaf_count=4686 915 21 127 7543 300 22 457
internal_value=-0.000789794 0.0155686 0.0186422 0.0158223 0.0701454 -0.0432087 -0.0472881
internal_weight=943.66 715.064 682.696 648.496 34.1994 32.3684 30.564
internal_count=14071 9385 8885 8458 427 500 478
cat_boundaries=0 1
cat_threshold=48
is_linear=0
shrinkage=0.05


Tree=9
num_leaves=9
num_cat=2
split_feature=0 0 4 36 5 19 34 43
split_gain=293.165 43.8142 57.304 76.1543 36.1774 57.2911 31.802 10.5214
threshold=0 1 -0.67803021058859214 98.500000000000014 0.98770287048522643 27.450000000000003 20.550000000000004 11.200000000000001
decision_type=1 1 2 2 2 2 2 2
left_child=-1 4 7 -4 6 -6 -2 -3
right_child=1 2 3 -5 5 -7 -8 -9
leaf_value=-0.050052846830367925 -0.03905028161145379 0.047048578950020653 -0.0083788519770922852 0.045740506305535895 0.15572056292453951 -0.026084931231099506 0.026836424769771407 -0.044751672402171282
leaf_weight=217.89222241565585 18.479303643107414 2.4971273615956298 177.17639375850558 101.4469547867775 11.68002460896969 6.1959561035037032 344.71670154482126 62.014488860964775
leaf_count=4673 237 35 2389 1284 102 82 4237 1024
internal_value=-0.000652266 0.0147463 0.00151805 0.0114192 0.0262808 0.0946618 0.0233861 -0.0405343
internal_weight=942.099 724.207 343.135 278.623 381.072 17.876 363.196 64.5116
internal_count=14063 9390 4732 3673 4658 184 4474 1059
cat_boundaries=0 1 2
cat_threshold=48 9
is_linear=0
shrinkage=0.05


Tree=10
num_leaves=7
num_cat=1
split_feature=0 33 34 36 34 7
split_gain=269.861 41.1464 50.3336 42.745 26.5915 1.86477
threshold=0 38.400000000000006 24.550000000000004 95.500000000000014 26.550000000000004 32.072916500000012
decision_type=1 2 2 2 2 2
left_child=-1 2 3 -2 -4 -3
right_child=1 5 4 -5 -6 -7
leaf_value=-0.049816644258539211 -0.0093735579679324922 0.11672039243760846 -0.019938411713618605 0.024851477941118631 0.092874205519250477 0.045262402319346362
leaf_weight=207.82271702215075 112.37567658349872 8.5824208930134755 130.0805144906044 473.61697762086987 4.4607971683144561 3.0397896245121947
leaf_count=4664 1521 90 1690 5982 60 37
internal_value=-0.00103495 0.0133581 0.0119548 0.0182834 -0.0155404 0.103097
internal_weight=939.979 732.156 720.534 585.993 134.541 11.6222
internal_count=14044 9380 9253 7503 1750 127
cat_boundaries=0 1
cat_threshold=48
is_linear=0
shrinkage=0.05


Tree=11
num_leaves=8
num_cat=1
split_feature=0 43 43 4 4 5 23
split_gain=263.207 39.2546 37.0551 37.4969 16.2957 3.89708 3.18451
threshold=0 34.600000000000001 31.350000000000005 -0.90163369914317004 0.83376496542330847 0.24997576770840005 99.500000000000014
decision_type=1 2 2 2 2 2 2
left_child=-1 2 3 -2 -4 6 -3
right_child=1 5 4 -5 -6 -7 -8
leaf_value=-0.049608203002755265 -0.022584335432219098 -0.046948348231538796 0.041919208344016134 0.017398023470542173 0.11766135236108136 0.026119975210878277 0.01261458025113971
leaf_weight=200.14918119460344 64.095441956073046 29.242811329662803 27.807318441569805 602.21247890219092 9.692667104303835 1.5446963533759106 2.0196584910154334
leaf_count=4699 964 465 328 7428 104 23 23
internal_value=-0.000319655 0.0136099 0.0163027 0.0135238 0.064044 -0.0389057 -0.0428287
internal_weight=936.764 736.615 703.808 666.308 37.5 32.8072 31.2625
internal_count=14034 9335 8824 8392 432 511 488
cat_boundaries=0 1
cat_threshold=48
is_linear=0
shrinkage=0.05


Tree=12
num_leaves=8
num_cat=2
split_feature=0 43 0 4 38 5 4
split_gain=238.064 36.4675 33.9408 55.7648 38.8287 4.27041 2.33728
threshold=0 34.600000000000001 1 -0.67803021058859214 6.112797500000001 0.24997576770840005 0.96234642434711437
decision_type=1 2 1 2 2 2 2
left_child=-1 2 4 -4 -2 6 -3
right_child=1 5 3 -5 -6 -7 -8
leaf_value=-0.049349087792197092 -0.023938648671751262 -0.048186650255467388 -0.041090912957834465 0.0119640230324042 0.030181557314440784 0.029661047869718057 -0.00033015885530098487
leaf_weight=188.99115645885468 35.913376964628696 27.25556122511626 59.424661837518215 273.69882205873728 345.00681399554014 1.4352148212492455 2.8198112323880187
leaf_count=4643 427 444 981 3450 3978 21 45
internal_value=-0.000851894 0.0119917 0.0144928 0.0023352 0.0243911 -0.0396969 -0.0438547
internal_weight=934.545 745.554 714.044 333.123 380.92 31.5106 30.0754
internal_count=13989 9346 8836 4431 4405 510 489
cat_boundaries=0 1 2
cat_threshold=48 9
is_linear=0
shrinkage=0.05


Tree=13
num_leaves=8
num_cat=1
split_feature=0 43 36 34 33 5 23
split_gain=223.036 30.7629 33.402 59.9988 42.7103 3.89467 3.39518
threshold=0 34.600000000000001 95.500000000000014 24.750000000000004 38.400000000000006 0.24997576770840005 99.500000000000014
decision_type=1 2 2 2 2 2 2
left_child=-1 2 4 -4 -2 6 -3
right_child=1 5 3 -5 -6 -7 -8
leaf_value=-0.049140732655250798 -0.013559504546869628 -0.04609564845347322 0.025171424330374982 -0.024893911477764447 0.078369964530750638 0.0279319602168214 0.016453201425755511
leaf_weight=181.78487830236554 156.44325963407755 26.952403914183385 491.3920007199049 67.309844695031643 12.742415167391298 1.4837509393692005 1.8644253239035595
leaf_count=4673 2058 463 5893 831 125 21 22
internal_value=-0.00107306 0.0110036 0.0132199 0.0191061 -0.00621592 -0.0374427 -0.0416327
internal_weight=939.973 758.188 727.888 558.702 169.186 30.3006 28.8168
internal_count=14086 9413 8907 6724 2183 506 485
cat_boundaries=0 1
cat_threshold=48
is_linear=0
shrinkage=0.05


Tree=14
num_leaves=8
num_cat=1
split_feature=0 43 43 43 38 5 23
split_gain=220.163 32.0101 40.1536 34.4526 18.7419 3.72904 3.45364
threshold=0 34.600000000000001 31.350000000000005 27.300000000000001 6.7098215000000012 0.24997576770840005 99.500000000000014
decision_type=1 2 2 2 2 2 2
left_child=-1 2 3 -2 -4 6 -3
right_child=1 5 4 -5 -6 -7 -8
leaf_value=-0.048908633435926899 0.014395296449795794 -0.047495427179260558 0.0050668781355044483 -0.028288382722873824 0.082878346689742283 0.024518989092558004 0.015597016828549363
leaf_weight=173.30270512774587 643.85146336257458 25.746714361011989 10.632252205163239 50.097076810896397 28.838879212737083 1.5889448598027218 1.8960857763886441
leaf_count=4661 7800 460 126 664 297 22 22
internal_value=0.000206647 0.0119015 0.0141191 0.0112776 0.0625615 -0.0384264 -0.0427743
internal_weight=935.954 762.651 733.42 693.949 39.4711 29.2317 27.6428
internal_count=14052 9391 8887 8464 423 504 482
cat_boundaries=0 1
cat_threshold=48
is_linear=0
shrinkage=0.05


Tree=15
num_leaves=8
num_cat=2
split_feature=0 43 33 34 1 23 5
split_gain=202.969 29.6533 27.0137 39.7174 4.57673 2.74785 2.86122
threshold=0 34.600000000000001 38.800000000000004 24.550000000000004 1 99.500000000000014 -0.26867065956352881
decision_type=1 2 2 2 1 2 2
left_child=-1 2 3 -2 -4 6 -3
right_child=1 5 4 -5 -6 -7 -8
leaf_value=-0.048722040058657302 0.016871467097467303 -0.050650750665940471 0.12874565590894316 -0.013054023567067677 0.043851976990976836 0.012856470957944311 -0.0095780203252986609
leaf_weight=167.73216503858566 595.91177233308554 21.163059990853078 4.3940884172916395 135.38517592474818 4.4757182151079178 2.0098905116319647 5.9082645028829566
leaf_count=4719 7079 397 37 1700 38 23 101
internal_value=-0.000675125 0.0103492 0.0124466 0.0113211 0.0946915 -0.0382314 -0.0423472
internal_weight=936.98 769.248 740.167 731.297 8.86981 29.0812 27.0713
internal_count=14094 9375 8854 8779 75 521 498
cat_boundaries=0 1 2
cat_threshold=48 1
is_linear=0
shrinkage=0.05


Tree=16
num_leaves=9
num_cat=2
split_feature=0 0 4 32 36 37 4 43
split_gain=190.609 28.1368 37.7646 72.661 25.5935 41.4869 19.1078 11.1482
threshold=0 1 -0.85227431625818906 27.073809500000003 99.500000000000014 37.500000000000007 -0.814291907305839 33.750000000000007
decision_type=1 1 2 2 2 2 2 2
left_child=-1 4 7 -4 5 -2 -6 -3
right_child=1 2 3 -5 6 -7 -8 -9
leaf_value=-0.048482610298925727 -0.00060161887596602926 -0.040790367138696243 0.034770468309134883 -0.0054704168490077223 0.043467414054233058 0.051587935817202737 -0.025027370598805554 0.018414160481834918
leaf_weight=159.50499108433723 56.365588825196028 54.380863796919584 169.57951293513179 327.01081629469991 13.088716730475424 116.22450931370258 35.824485182762146 8.6906009688973409
leaf_count=4695 648 910 1882 4165 133 1205 362 131
internal_value=-0.000538062 0.00979575 0.00360321 0.00831361 0.0245314 0.0346383 -0.00619515 -0.0324725
internal_weight=940.67 781.165 559.662 496.59 221.503 172.59 48.9132 63.0715
internal_count=14131 9436 7088 6047 2348 1853 495 1041
cat_boundaries=0 1 2
cat_threshold=48 1
is_linear=0
shrinkage=0.05


Tree=17
num_leaves=9
num_cat=3
split_feature=0 0 26 43 4 32 1 40
split_gain=176.133 31.7938 29.776 31.7928 29.3825 57.1101 15.5883 8.43339
threshold=0 1 15.250000000000002 0.35000000000000003 -0.88622299073327826 26.981845500000002 2 115.65000000000002
decision_type=1 1 2 2 2 2 1 2
left_child=-1 2 6 -4 7 -6 -2 -3
right_child=1 4 3 -5 5 -7 -8 -9
leaf_value=-0.048257415946719409 -0.041776230814480952 -0.042005565743394167 -0.028310901013350976 0.041153564387168086 0.030805220801809988 -0.0054418128421110648 0.017064269724504321 0.0094972274263221985
leaf_weight=152.4468019977212 20.908067189157009 43.471918117254972 17.613029338419437 162.7930910140276 157.46821270138025 345.07937971130013 22.314433846622705 9.2800936810672265
leaf_count=4695 234 762 206 1650 1717 4412 237 139
internal_value=-0.00103315 0.00876566 0.024278 0.0342531 0.00216831 0.00595445 -0.0116998 -0.0329371
internal_weight=931.375 778.928 223.629 180.406 555.3 502.548 43.2225 52.752
internal_count=14052 9357 2327 1856 7030 6129 471 901
cat_boundaries=0 1 2 3
cat_threshold=48 1 1
is_linear=0
shrinkage=0.05


Tree=18
num_leaves=9
num_cat=1
split_feature=0 43 36 39 33 5 23 27
split_gain=171.882 24.4238 26.5683 32.2991 30.133 3.61966 3.98848 3.25614
threshold=0 34.600000000000001 95.500000000000014 19.550000000000004 38.100000000000009 -0.26867065956352881 99.500000000000014 57.750000000000007
decision_type=1 2 2 2 2 2 2 2
left_child=-1 2 4 -4 -2 6 -3 -7
right_child=1 5 3 -5 -6 7 -8 -9
leaf_value=-0.048038732398310857 -0.01347210836951309 -0.050567007534632238 0.0042251718789859819 0.027731867591422384 0.054069496803156793 0.029232847329401863 0.01927371432670115 -0.036999647365879809
leaf_weight=146.00625792704523 153.28614414483309 20.552274513989694 289.68700066581368 294.76169562712312 17.503601752221584 3.2512819729745379 1.7435233592987049 2.2931823767721653
leaf_count=4703 1988 391 3356 3312 172 50 19 43
internal_value=-0.000241655 0.00921523 0.0110443 0.0161077 -0.00627557 -0.0358709 -0.0445126 0.000371381
internal_weight=929.085 783.079 755.238 584.449 170.79 27.8403 22.2958 5.54446
internal_count=14034 9331 8828 6668 2160 503 410 93
cat_boundaries=0 1
cat_threshold=48
is_linear=0
shrinkage=0.05


Tree=19
num_leaves=12
num_cat=0
split_feature=43 43 4 32 38 39 31 38 5 23 4
split_gain=25.4535 22.3289 27.4153 31.7578 11.4981 7.76791 7.00675 6.99886 3.01106 1.14947 0.93025
threshold=34.600000000000001 31.350000000000005 -0.90163369914317004 26.981845500000002 6.7098215000000012 21.450000000000003 35.100000000000001 8.8303570000000011 0.24997576770840005 99.500000000000014 0.96234642434711437
decision_type=2 2 2 2 2 2 2 2 2 2 2
left_child=1 2 5 -4 6 -1 -3 -6 9 10 -2
right_child=8 4 3 -5 7 -7 -8 -9 -10 -11 -12
leaf_value=-0.039904486073218372 -0.050685213011585739 -0.026891069577085647 0.018060992945305911 -0.0039718348456354675 0.063682377854305763 -0.0071089047789187274 0.048249084471652048 0.016455000515567371 0.011933991851985151 -0.0068566506889832755 -0.014686980348189516
leaf_weight=49.480679415166378 26.976301703602079 9.8364728316664678 235.29733134433627 530.41055591776967 23.893300957977772 28.90127857401967 3.3577080294489852 12.747090063989161 2.083789048716425 2.2146315723657599 2.9928221628069869
leaf_count=922 632 150 3149 8025 280 526 41 155 34 32 62
internal_value=0.000213708 0.0018554 -8.26911e-05 0.00281344 0.0340383 -0.0280539 -0.00571706 0.0481258 -0.0414508 -0.0451627 -0.0476806
internal_weight=928.192 893.924 844.09 765.708 49.8346 78.382 13.1942 36.6404 34.2675 32.1838 29.9691
internal_count=14008 13248 12622 11174 626 1448 191 435 760 726 694
is_linear=0
shrinkage=0.05


Tree=20
num_leaves=9
num_cat=2
split_feature=0 0 4 38 5 32 34 43
split_gain=157.273 27.7193 46.8999 61.1003 28.5869 28.976 24.4537 10.3165
threshold=0 1 -0.67803021058859214 5.2648805000000012 0.98174098242282859 27.390178500000001 20.350000000000005 11.200000000000001
decision_type=1 1 2 2 2 2 2 2
left_child=-1 4 7 -4 6 -6 -2 -3
right_child=1 2 3 -5 5 -7 -8 -9
leaf_value=-0.047765800763354016 -0.048266519259951339 0.045038976973334456 0.1897386214204862 0.003408379743224318 0.099788674573409633 -0.011123653657522325 0.016100587973457311 -0.04535713078453505
leaf_weight=137.81386374123394 14.388242326676844 2.5542937144637099 3.4659894481301299 300.11036014184356 18.372455865144733 8.1935398876667005 386.58991208672523 60.146320201456547
leaf_count=4653 174 33 28 3661 131 98 4253 1019
internal_value=-0.00055682 0.00818679 -0.00196055 0.00615172 0.0167111 0.0664183 0.0136766 -0.0410253
internal_weight=931.635 793.821 366.277 303.576 427.544 26.566 400.978 62.7006
internal_count=14050 9397 4741 3689 4656 229 4427 1052
cat_boundaries=0 1 2
cat_threshold=48 9
is_linear=0
shrinkage=0.05


Tree=21
num_leaves=9
num_cat=2
split_feature=0 0 4 36 34 42 25 43
split_gain=148.652 27.9963 43.1376 47.061 26.9813 37.9031 22.8705 9.93822
threshold=0 1 -0.67803021058859214 97.500000000000014 23.750000000000004 6.5000000000000009 13.800000000000002 11.200000000000001
decision_type=1 1 2 2 2 2 2 2
left_child=-1 4 7 -4 5 -2 -6 -3
right_child=1 2 3 -5 6 -7 -8 -9
leaf_value=-0.047547801903815197 0.011626193161664749 0.043147114014616461 -0.01643803032453418 0.02297627286095311 -0.0011369652936171347 0.052905208956719997 0.065279953409542193 -0.044978501527385958
leaf_weight=132.15718919783831 140.58608228713274 2.6146273389458647 137.65606900677085 165.97205176204443 194.33285051584244 91.83772787079215 12.88560928404331 58.591634474694729
leaf_count=4665 1520 32 1809 1869 2174 916 120 1034
internal_value=-0.00056734 0.00769471 -0.00257352 0.00511168 0.0160706 0.0280936 0.00328677 -0.0405808
internal_weight=936.634 804.477 364.834 303.628 439.642 232.424 207.218 61.2063
internal_count=14139 9474 4744 3678 4730 2436 2294 1066
cat_boundaries=0 1 2
cat_threshold=48 9
is_linear=0
shrinkage=0.05


Tree=22
num_leaves=9
num_cat=1
split_feature=0 43 43 4 26 5 27 23
split_gain=140.286 19.8745 21.1153 34.2494 10.083 3.61569 3.05349 2.93652
threshold=0 34.600000000000001 31.350000000000005 -0.90893996196865012 14.850000000000003 -0.26867065956352881 57.750000000000007 99.500000000000014
decision_type=1 2 2 2 2 2 2 2
left_child=-1 2 3 -2 -4 7 -7 -3
right_child=1 5 4 -5 -6 6 -8 -9
leaf_value=-0.047331431887973077 -0.029090817416453668 -0.050055935094399144 -0.01466124062196195 0.0099753315243928924 0.051181814712690892 0.028989669420260461 -0.036079778512663453 0.0072364510765296807
leaf_weight=126.86540643312037 60.276102133095264 18.548943169415004 6.3656561598181716 667.79408602043986 38.470872089266777 3.2588211931288233 2.1282346397638321 2.2612572610378256
leaf_count=4684 932 385 71 7508 350 50 42 24
internal_value=-0.000721318 0.0072296 0.00878797 0.00670562 0.0417178 -0.0347221 0.00165895 -0.0437841
internal_weight=925.969 799.104 772.907 728.07 44.8365 26.1973 5.38706 20.8102
internal_count=14046 9362 8861 8440 421 501 92 409
cat_boundaries=0 1
cat_threshold=48
is_linear=0
shrinkage=0.05


Tree=23
num_leaves=8
num_cat=1
split_feature=0 43 34 5 34 36 4
split_gain=132.5 22.4402 20.2587 47.3993 31.5396 2.27285 2.72344
threshold=0 34.600000000000001 24.550000000000004 -0.54219087765047058 26.150000000000002 99.500000000000014 0.96234642434711437
decision_type=1 2 2 2 2 2 2
left_child=-1 2 3 -2 -4 6 -3
right_child=1 5 4 -5 -6 -7 -8
leaf_value=-0.047097058283732757 0.034502031586655678 -0.048149236159133052 -0.017798264893402301 0.0039037021994547043 0.047743179264077104 0.0069572604458480632 0.0052549176318881889
leaf_weight=121.26944090984762 173.74074753001332 21.043246895074851 125.09468295425177 460.22193146124482 20.504421971738338 2.2741938903927794 2.4691230356693259
leaf_count=4682 1779 442 1541 5334 204 24 43
internal_value=-0.000687838 0.00684934 0.00847057 0.0123305 -0.00830549 -0.0380921 -0.0425555
internal_weight=926.618 805.348 779.562 633.963 145.599 25.7866 23.5124
internal_count=14049 9367 8858 7113 1745 509 485
cat_boundaries=0 1
cat_threshold=48
is_linear=0
shrinkage=0.05


Tree=24
num_leaves=8
num_cat=2
split_feature=0 44 44 35 34 1 24
split_gain=124.159 17.1665 36.5683 22.749 6.03091 7.68914 1.01551
threshold=0 48.800000000000004 48.400000000000013 85.892857500000005 24.450000000000003 1 71.500000000000014
decision_type=1 2 2 2 2 1 2
left_child=-1 2 3 -2 6 -6 -3
right_child=1 4 -4 -5 5 -7 -8
leaf_value=-0.046867228061680845 0.012133370318098878 -0.047120873433100147 0.1287553991843591 -0.0072134056119992898 0.03077597269167074 -0.033963196214435852 -0.0071442329732440317
leaf_weight=116.14847025088966 562.41723515838385 18.799402508884672 5.2127582207322112 207.29338125512004 7.7819099426269531 8.610965274274351 2.1560177728533736
leaf_count=4690 6302 244 46 2606 95 104 21
internal_value=-0.00090076 0.00622141 0.00790487 0.00692043 -0.0263808 -0.00322818 -0.0435206
internal_weight=928.42 812.272 774.923 769.711 37.3483 16.3929 20.9554
internal_count=14108 9418 8954 8908 464 199 265
cat_boundaries=0 1 2
cat_threshold=48 2
is_linear=0
shrinkage=0.05


Tree=25
num_leaves=8
num_cat=1
split_feature=0 43 34 5 33 5 23
split_gain=115.92 17.8802 16.6985 37.0779 30.0702 3.18793 2.99808
threshold=0 34.600000000000001 24.550000000000004 -0.57077231802681661 38.400000000000006 0.24997576770840005 99.500000000000014
decision_type=1 2 2 2 2 2 2
left_child=-1 2 3 -2 -4 6 -3
right_child=1 5 4 -5 -6 -7 -8
leaf_value=-0.046627753825496984 0.030225475259443097 -0.045686831207170132 -0.015790171597553603 0.0031439369302815319 0.056653184127631886 0.02135636964633467 0.01296829795744643
leaf_weight=111.05525100789964 172.60277008265257 21.012431818991907 132.99554105848074 465.76042469963431 15.054683238267897 1.6852378025650967 1.9887206479907025
leaf_count=4688 1712 462 1657 5365 121 22 21
internal_value=-0.00118323 0.00559404 0.0069956 0.0105022 -0.008093 -0.0354107 -0.0402864
internal_weight=922.155 811.1 786.413 638.363 148.05 24.6864 23.0012
internal_count=14048 9360 8855 7077 1778 505 483
cat_boundaries=0 1
cat_threshold=48
is_linear=0
shrinkage=0.05


Tree=26
num_leaves=9
num_cat=2
split_feature=0 0 4 38 38 5 33 43
split_gain=111.16 23.8182 39.55 47.6399 28.5318 25.3432 10.9352 6.82042
threshold=0 1 -0.69057362043749781 5.5770835000000014 6.112797500000001 0.98899263613956456 33.350000000000001 10.800000000000002
decision_type=1 1 2 2 2 2 2 2
left_child=-1 4 7 -4 6 -6 -2 -3
right_child=1 2 3 -5 5 -7 -8 -9
leaf_value=-0.046377794161337922 -0.039149560640181921 0.027983278887459113 0.12784622810178861 0.00013628074282568973 0.014669318190642381 0.072076549750241331 0.024272425099222589 -0.045960711509002487
leaf_weight=106.01624893769622 31.93073071166873 2.6669487059116355 6.4800391122698775 307.44838905334473 389.47424978017807 19.323829166591167 7.8335944488644591 53.542775465175509
leaf_count=4677 346 32 45 3659 4097 143 88 979
internal_value=-0.000772142 0.00567936 -0.00368864 0.00317002 0.0133128 0.0175522 -0.0263665 -0.0420245
internal_weight=924.717 818.701 370.138 313.928 448.562 408.798 39.7643 56.2097
internal_count=14066 9389 4715 3704 4674 4240 434 1011
cat_boundaries=0 1 2
cat_threshold=48 9
is_linear=0
shrinkage=0.05


Tree=27
num_leaves=8
num_cat=1
split_feature=0 43 36 34 33 5 23
split_gain=107.674 18.6773 18.7871 38.4166 27.4545 3.02827 1.41079
threshold=0 34.600000000000001 95.500000000000014 24.750000000000004 38.400000000000006 0.24997576770840005 99.500000000000014
decision_type=1 2 2 2 2 2 2
left_child=-1 2 4 -4 -2 6 -3
right_child=1 5 3 -5 -6 -7 -8
leaf_value=-0.046134233168737895 -0.013332517402627479 -0.04533363955490477 0.015882465180214876 -0.023772479852783718 0.053873753258532622 0.017594452744629976 0.0010010047459677574
leaf_weight=101.46271252818406 159.58137890696526 20.208097057417042 550.1857172138989 67.792299576103687 15.797718584537504 1.823672018945216 1.7345056757330883
leaf_count=4679 2040 461 5839 834 121 24 18
internal_value=-0.00023334 0.00600612 0.00740577 0.0115009 -0.00700762 -0.036704 -0.041787
internal_weight=918.586 817.123 793.357 617.978 175.379 23.7663 21.9426
internal_count=14016 9337 8834 6673 2161 503 479
cat_boundaries=0 1
cat_threshold=48
is_linear=0
shrinkage=0.05


Tree=28
num_leaves=9
num_cat=1
split_feature=0 43 36 34 34 5 27 23
split_gain=99.4205 15.7901 17.4069 30.5218 23.1466 3.87599 2.35187 1.43231
threshold=0 34.600000000000001 95.500000000000014 24.750000000000004 26.150000000000002 -0.26867065956352881 57.750000000000007 99.500000000000014
decision_type=1 2 2 2 2 2 2 2
left_child=-1 2 4 -4 -2 7 -7 -3
right_child=1 5 3 -5 -6 6 -8 -9
leaf_value=-0.045886604527745282 -0.014654438275858692 -0.049300577776112568 0.014150582906257248 -0.021513707359903083 0.03762995126790665 0.025232918906873049 -0.033521803056445511 -0.002374735094187945
leaf_weight=97.11537984572351 152.51317136362195 16.359723292291172 553.13617255911231 66.378323718905449 23.581352651119232 3.4600608460605136 1.7621820252388714 1.9091572612524021
leaf_count=4683 1970 398 5802 833 217 54 41 20
internal_value=-0.000803209 0.00508894 0.00636088 0.0103008 -0.00747993 -0.0344127 0.00320576 -0.0447744
internal_weight=916.216 819.1 795.609 619.514 176.095 23.4911 5.22224 18.2689
internal_count=14018 9335 8822 6635 2187 513 95 418
cat_boundaries=0 1
cat_threshold=48
is_linear=0
shrinkage=0.05


Tree=29
num_leaves=9
num_cat=1
split_feature=0 35 26 32 32 44 5 10
split_gain=98.3339 16.9854 28.5085 45.9536 26.9067 26.7317 19.8962 12.335
threshold=0 85.345238000000009 20.850000000000005 26.520535500000005 27.817261500000004 34.400000000000013 0.5475998096715059 83.229166500000005
decision_type=1 2 2 2 2 2 2 2
left_child=-1 4 7 -4 6 -6 -2 -3
right_child=1 2 3 -5 5 -7 -8 -9
leaf_value=-0.045673979908631215 0.036602197640319876 0.027046953491194448 0.07278621516601444 -0.00540307182548021 -0.037351424592537798 0.0059955054975442193 0.010491433200894063 -0.019582501753065029
leaf_weight=93.702002665027976 118.4523887000978 14.622396621853111 26.316775014624 59.820053422823548 42.107600308954716 202.37623655050993 190.58370311558247 167.31586609780788
leaf_count=4720 1239 160 275 682 547 2469 1876 2073
internal_value=-4.99238e-06 0.00573818 -0.00451115 0.0190467 0.0108047 -0.0015919 0.0205854 -0.0157075
internal_weight=915.297 821.595 268.075 86.1368 553.52 244.484 309.036 181.938
internal_count=14041 9321 3190 957 6131 3016 3115 2233
cat_boundaries=0 1
cat_threshold=48
is_linear=0
shrinkage=0.05


Tree=30
num_leaves=9
num_cat=3
split_feature=0 0 34 32 36 44 40 1
split_gain=91.7838 19.2722 26.0703 55.1892 27.8333 21.499 33.8399 25.1597
threshold=0 1 24.050000000000004 26.738393000000006 95.500000000000014 32.20000000000001 2.8500000000000001 2
decision_type=1 1 2 2 2 2 2 1
left_child=-1 5 4 -4 -3 7 -7 -2
right_child=1 2 3 -5 -6 6 -8 -9
leaf_value=-0.045382502005817296 -0.051931933332146456 -0.020730866227376483 0.12388664393920666 -0.019999001441078346 0.013868416455592732 -0.016080831187964714 0.034406483204132039 0.023145210762592211
leaf_weight=89.029443247243762 21.288342580199242 70.03115289658308 5.9243511687964192 184.3823947943747 320.40398393571377 41.033071242272854 162.04639694839716 21.495864294469357
leaf_count=4685 220 920 60 2448 3565 435 1472 210
internal_value=-0.000117022 0.00529166 0.000228476 -0.0148956 0.00762534 0.0167292 0.0241765 -0.0145442
internal_weight=915.635 826.606 580.742 190.307 390.435 245.864 203.079 42.7842
internal_count=14015 9330 6993 2508 4485 2337 1907 430
cat_boundaries=0 1 2 3
cat_threshold=48 1 1
is_linear=0
shrinkage=0.05


Tree=31
num_leaves=9
num_cat=2
split_feature=0 35 39 21 6 1 37 44
split_gain=84.755 18.9367 25.3416 28.9117 20.8616 26.5022 10.2047 8.9596
threshold=0 85.345238000000009 20.750000000000004 24.550000000000004 2.5000000000000004 1 23.500000000000004 36.550000000000004
decision_type=1 2 2 2 2 1 2 2
left_child=-1 4 7 -4 6 -6 -2 -3
right_child=1 2 3 -5 5 -7 -8 -9
leaf_value=-0.045131290166794631 0.062784370123310326 -0.010743281562564141 0.023200554546326801 -0.026802126275651341 0.0030070739465483907 0.028849926413506033 -0.0076871897186881867 -0.037052975365076367
leaf_weight=85.379120770841837 4.3157611042261115 79.132832448929548 98.075992833822966 39.878071013838053 199.93090647831559 196.42790530994534 157.18755460530519 55.213527580723166
leaf_count=4693 29 999 1080 443 2135 2085 1877 694
internal_value=-0.00073402 0.00437128 -0.00636943 0.00865753 0.0096942 0.0158547 -0.00542925 -0.0217499
internal_weight=915.542 830.163 272.3 137.954 557.862 396.359 161.503 134.346
internal_count=14035 9342 3216 1523 6126 4220 1906 1693
cat_boundaries=0 1 2
cat_threshold=48 1
is_linear=0
shrinkage=0.05


Tree=32
num_leaves=9
num_cat=2
split_feature=0 0 4 36 25 5 4 35
split_gain=81.769 17.3092 37.3391 45.8935 15.8381 24.8549 7.28067 6.42758
threshold=0 1 -0.67803021058859214 98.500000000000014 6.2076385000000007 0.99445195900249039 -0.76141707087277943 85.583333500000023
decision_type=1 1 2 2 2 2 2 2
left_child=-1 4 7 -4 6 -6 -2 -3
right_child=1 2 3 -5 5 -7 -8 -9
leaf_value=-0.04489195176549763 0.012708020635327919 -0.012202645856410357 -0.012151625811266678 0.026944036989517441 0.012690149082852624 0.083022890558009932 -0.020709595085570229 -0.050647101064356242
leaf_weight=82.140837317332625 23.103791631758213 15.666009565815328 190.68351981416345 122.39893054962158 377.40868280082941 12.041680261492727 50.214980144053698 41.384606460109353
leaf_count=4718 259 224 2396 1244 3840 79 496 808
internal_value=-0.00044235 0.00447453 -0.00355369 0.00316986 0.0108291 0.0150719 -0.0101499 -0.0404824
internal_weight=915.043 832.902 370.133 313.082 462.769 389.45 73.3188 57.0506
internal_count=14064 9346 4672 3640 4674 3919 755 1032
cat_boundaries=0 1 2
cat_threshold=48 9
is_linear=0
shrinkage=0.05


end of trees

feature_importances:
age_group=46
rain_max_daily_7d=31
day_of_year_sin=27
day_of_year_cos=23
temperature_min_7d=16
humidity_max_7d=15
humidity_max_3d=13
temperature_mean_7d=11
temperature_max_7d=11
wind_speed_mean_7d=11
gender=6
humidity_min_7d=6
humidity_mean_7d=5
wind_speed_max_7d=5
wind_gust_max_7d=5
wind_speed_max_3d=4
precipitation_sum_3d=3
temperature_mean_current=2
temperature_mean_3d=2
wind_speed_mean_3d=2
precipitation_sum_7d=2
month=1
weather_code_current=1
temperature_min_current=1
humidity_mean_current=1
precipitation_sum_current=1
temperature_min_3d=1
humidity_mean_3d=1
humidity_min_3d=1
wind_gust_max_3d=1
rain_days_7d=1

parameters:
[boosting: gbdt]
[objective: binary]
[metric: binary_logloss]
[tree_learner: serial]
[device_type: cpu]
[data_sample_strategy: bagging]
[data: ]
[valid: ]
[num_iterations: 33]
[learning_rate: 0.05]
[num_leaves: 15]
[num_threads: 8]
[seed: 42]
[deterministic: 0]
[force_col_wise: 0]
[force_row_wise: 0]
[histogram_pool_size: -1]
[max_depth: 4]
[min_data_in_leaf: 20]
[min_sum_hessian_in_leaf: 0.001]
[bagging_fraction: 0.9]
[pos_bagging_fraction: 1]
[neg_bagging_fraction: 1]
[bagging_freq: 1]
[bagging_seed: 400]
[bagging_by_query: 0]
[feature_fraction: 0.9]
[feature_fraction_bynode: 1]
[feature_fraction_seed: 30056]
[extra_trees: 0]
[extra_seed: 12879]
[early_stopping_round: 0]
[early_stopping_min_delta: 0]
[first_metric_only: 0]
[max_delta_step: 0]
[lambda_l1: 0]
[lambda_l2: 1]
[linear_lambda: 0]
[min_gain_to_split: 0]
[drop_rate: 0.1]
[max_drop: 50]
[skip_drop: 0.5]
[xgboost_dart_mode: 0]
[uniform_drop: 0]
[drop_seed: 17869]
[top_rate: 0.2]
[other_rate: 0.1]
[min_data_per_group: 100]
[max_cat_threshold: 32]
[cat_l2: 10]
[cat_smooth: 10]
[max_cat_to_onehot: 4]
[top_k: 20]
[monotone_constraints: ]
[monotone_constraints_method: basic]
[monotone_penalty: 0]
[feature_contri: ]
[forcedsplits_filename: ]
[refit_decay_rate: 0.9]
[cegb_tradeoff: 1]
[cegb_penalty_split: 0]
[cegb_penalty_feature_lazy: ]
[cegb_penalty_feature_coupled: ]
[path_smooth: 0]
[interaction_constraints: ]
[verbosity: -1]
[saved_feature_importance_type: 0]
[use_quantized_grad: 0]
[num_grad_quant_bins: 4]
[quant_train_renew_leaf: 0]
[stochastic_rounding: 1]
[linear_tree: 0]
[max_bin: 255]
[max_bin_by_feature: ]
[min_data_in_bin: 3]
[bin_construct_sample_cnt: 200000]
[data_random_seed: 175]
[is_enable_sparse: 1]
[enable_bundle: 1]
[use_missing: 1]
[zero_as_missing: 0]
[feature_pre_filter: 1]
[pre_partition: 0]
[two_round: 0]
[header: 0]
[label_column: ]
[weight_column: ]
[group_column: ]
[ignore_column: ]
[categorical_feature: 0,1,3]
[forcedbins_filename: ]
[precise_float_parser: 0]
[parser_config_file: ]
[objective_seed: 16083]
[num_class: 1]
[is_unbalance: 0]
[scale_pos_weight: 1]
[sigmoid: 1]
[boost_from_average: 1]
[reg_sqrt: 0]
[alpha: 0.9]
[fair_c: 1]
[poisson_max_delta_step: 0.7]
[tweedie_variance_power: 1.5]
[lambdarank_truncation_level: 30]
[lambdarank_norm: 1]
[label_gain: ]
[lambdarank_position_bias_regularization: 0]
[eval_at: ]
[multi_error_top_k: 1]
[auc_mu_weights: ]
[num_machines: 1]
[local_listen_port: 12400]
[time_out: 120]
[machine_list_filename: ]
[machines: ]
[gpu_platform_id: -1]
[gpu_device_id: -1]
[gpu_device_id_list: ]
[gpu_use_dp: 0]
[num_gpu: 1]

end of parameters

pandas_categorical:[]
