tree
version=v4
num_class=1
num_tree_per_iteration=1
label_index=0
max_feature_idx=44
objective=binary sigmoid:1
feature_names=age_group gender month season day_of_year_sin day_of_year_cos weather_code_current temperature_mean_current temperature_max_current temperature_min_current humidity_mean_current humidity_max_current humidity_min_current wind_speed_mean_current wind_speed_max_current precipitation_sum_current rain_sum_current wind_gust_max_current rain_day_current temperature_mean_3d temperature_max_3d temperature_min_3d humidity_mean_3d humidity_max_3d humidity_min_3d wind_speed_mean_3d wind_speed_max_3d precipitation_sum_3d rain_sum_3d rain_days_3d rain_max_daily_3d wind_gust_max_3d temperature_mean_7d temperature_max_7d temperature_min_7d humidity_mean_7d humidity_max_7d humidity_min_7d wind_speed_mean_7d wind_speed_max_7d precipitation_sum_7d rain_sum_7d rain_days_7d rain_max_daily_7d wind_gust_max_7d
feature_infos=-1:0:1:2:3:4:5 -1:0:1 [1:12] -1:1:0 [-0.99999942202469239:0.99998555065071859] [-0.99997919295908244:0.9999907524084426] [0:61] [23.658332999999999:32.533332999999999] [25.899999999999999:39.200000000000003] [17.899999999999999:29.300000000000001] [48.958333000000003:91.625] [63:100] [23:86] [2.8541669999999999:19.695833] [6.4000000000000004:30.100000000000001] [0:63.100000000000001] [0:63.100000000000001] [14:56.899999999999999] [0:1] [23.766667000000002:32.427778000000004] [27.699999999999999:39.200000000000003] [17.899999999999999:28.100000000000001] [52.569443999999997:90.694444000000004] [73:100] [23:79] [4.125:17.329167000000002] [9.6999999999999993:30.100000000000001] [0:93.900000000000006] [0:93.900000000000006] [0:3] [0:63.100000000000001] [17.300000000000001:56.899999999999999] [24.365476000000001:32.235118999999997] [28.699999999999999:39.200000000000003] [17.899999999999999:27.5] [55.767856999999999:89.523809999999997] [77:100] [23:72] [4.5327380000000002:15.469643] [11.6:30.100000000000001] [0:163.90000000000001] [0:163.90000000000001] [0:7] [0:63.100000000000001] [23:56.899999999999999]
tree_sizes=1253 1410 1610 1515 1521 1604 1214 1425 1609 1216

Tree=0
num_leaves=11
num_cat=3
split_feature=0 40 32 1 4 4 34 38 1 38
split_gain=131.991 152.043 136.777 76.0791 28.6747 48.5077 28.625 19.0272 12.2947 9.84199
threshold=0 55.750000000000007 26.643750000000001 1 0.74443451080969758 0.9193901325473397 19.650000000000002 7.1764880000000009 2 5.6827385000000001
decision_type=1 2 2 1 2 2 2 2 1 2
left_child=1 4 9 -4 -1 -6 7 8 -2 -3
right_child=6 2 3 -5 5 -7 -8 -9 -10 -11
leaf_value=-4.8583644100196688 -4.5121763558106256 -4.6948303032945153 -4.688697262482477 -4.3895437342484867 -4.6349605262131686 -4.853033838959834 -4.8604596395456223 -4.8368219824328964 -4.823636051070352 -4.853033838959834
leaf_weight=13.601477142423393 0.28820081055164237 0.20013945177197356 5.067530918866396 5.0355086065828782 3.8506830520927888 4.7393022179603577 72.994860850274563 1.0167084150016306 0.3202231228351593 4.7393022179603577
leaf_count=1699 36 25 633 629 481 592 9118 127 40 592
internal_value=-4.81308 -4.74666 -4.61245 -4.51503 -4.81437 -4.74707 -4.85008 -4.69024 -4.58179 -4.82807
internal_weight=111.854 37.2339 15.0425 10.103 22.1915 8.58999 74.62 1.62513 0.608424 4.93944
internal_count=13972 4651 1879 1262 2772 1073 9321 203 76 617
cat_boundaries=0 1 2 3
cat_threshold=3 2 1
is_linear=0
shrinkage=1


Tree=1
num_leaves=12
num_cat=2
split_feature=0 43 33 39 39 4 35 1 5 5 21
split_gain=119.936 207.064 79.4252 93.4795 40.3237 16.3536 52.8232 14.535 12.9455 19.9629 1.94791
threshold=0 18.150000000000002 31.350000000000005 17.950000000000003 12.450000000000001 0.71503381463111937 82.479166500000005 1 -0.28519997588938983 -0.44505783185115427 18.800000000000004
decision_type=1 2 2 2 2 2 2 1 2 2 2
left_child=1 8 -3 -4 7 10 -7 -2 9 -1 -6
right_child=4 2 3 -5 5 6 -8 -9 -10 -11 -12
leaf_value=-0.0075490342079039142 0.26171981577609332 -0.02874436940557662 0.037800969062290399 0.46989576862214255 0.025291698592618907 -0.025489909846553124 0.19519713546459883 -0.016821885774140233 -0.044738848528161089 0.20315109424591854 -0.048868568161835962
leaf_weight=3.671646430157125 0.6030492978170503 1.3259864710271347 1.8368503330275414 4.7656501205638051 0.32645574677735467 23.10330089554191 2.0552201624959698 0.50100633036345243 7.8924831524491319 0.57900120504200536 64.441193264909089
leaf_count=420 64 163 194 487 42 2957 253 64 993 64 8224
internal_value=-0.001346 0.0848781 0.307962 0.370469 -0.0273271 -0.0350008 -0.000688905 0.1874 -0.00854667 0.054376 -0.0481159
internal_weight=111.102 20.0716 7.92849 6.6025 91.0302 89.9262 25.1585 1.10406 12.1431 4.25065 64.7676
internal_count=13925 2321 844 681 11604 11476 3210 128 1477 484 8266
cat_boundaries=0 1 2
cat_threshold=2 1
is_linear=0
shrinkage=0.05


Tree=2
num_leaves=14
num_cat=3
split_feature=0 40 32 34 34 22 0 37 1 37 5 5 11
split_gain=117.423 165.698 75.8732 75.6579 35.9543 25.1965 18.8126 40.7452 17.6382 7.70947 7.11129 14.6301 0.0109292
threshold=0 55.750000000000007 26.643750000000001 24.150000000000002 19.650000000000002 75.277778000000026 1 27.500000000000004 2 69.500000000000014 -0.38243420677835344 -0.46800559042974538 99.500000000000014
decision_type=1 2 2 2 2 2 1 2 1 2 2 2 2
left_child=1 10 9 -4 5 -2 7 -6 -7 -3 11 -1 -8
right_child=4 2 3 -5 6 8 12 -9 -10 -11 -12 -13 -14
leaf_value=-0.023430807463986562 -0.027043467953187905 -0.035808445801456028 0.41386389293028847 0.096107484923081687 0.22134940590866481 0.31965557708069514 -0.049608260649858703 -0.0058407048988346902 -0.014658663623908089 0.10887234082574598 -0.044872636522402289 0.17106174497511448 -0.023741059685373971
leaf_weight=2.7185756461694841 1.1580800036899739 2.4410929242148991 5.243030106648801 3.7711856262758374 1.2093232851475502 0.62205461226403691 64.753433562349528 18.066803658846766 0.41020914539694786 0.25809814315289248 8.1148591362871247 0.35612834524363179 2.7688145148567846
leaf_count=325 151 275 370 271 150 52 8794 2149 53 30 1043 31 377
internal_value=0.0022823 0.08235 0.240381 0.303799 -0.0253454 0.137748 -0.0338699 0.0124741 0.244962 0.00371754 -0.0216706 0.0355492 -0.0426808
internal_weight=111.892 22.903 11.7134 9.01422 88.9887 2.19034 86.7984 19.2761 1.03226 2.69919 11.1896 3.0747 67.5222
internal_count=14071 2345 946 641 11726 256 11470 2299 105 305 1399 356 9171
cat_boundaries=0 1 2 3
cat_threshold=2 1 1
is_linear=0
shrinkage=0.05


Tree=3
num_leaves=13
num_cat=2
split_feature=0 41 38 39 34 10 4 4 1 4 37 6
split_gain=94.6299 104.092 46.2641 52.2614 27.3938 17.6868 16.8369 40.6275 11.4593 4.56644 16.0633 1.43889
threshold=0 55.750000000000007 9.8008930000000003 17.950000000000003 19.650000000000002 74.666666500000005 0.71503381463111937 0.878110924644389 1 0.88621069759564464 45.500000000000007 27.000000000000004
decision_type=1 2 2 2 2 2 2 2 1 2 2 2
left_child=1 9 3 -3 5 -2 -6 -8 -7 11 -11 -1
right_child=4 2 -4 -5 6 8 7 -9 -10 10 -12 -13
leaf_value=-0.044521957154858828 -0.0270286498312046 0.015350818783259496 -0.03343199221465596 0.26452653286109679 -0.048706739253917927 0.24726005857099931 0.080292116774732747 -0.04736604043843632 -0.014502622582957956 -0.03606354600453026 0.16638445302835073 0.018912812886709849
leaf_weight=7.5806250739842671 1.1563744503073388 2.7949665058404198 1.9306848449632514 9.4601527117192727 59.301679614465684 0.84780055005103327 8.9496852294541913 15.682497661095111 0.40414463169872761 2.5136312744580205 0.38532103225588787 0.44825457409024227
leaf_count=997 153 224 153 550 8233 54 1152 2097 53 325 34 55
internal_value=-0.000655811 0.0685728 0.179593 0.213144 -0.0261979 0.110975 -0.0344786 0.000339317 0.193843 -0.021031 0.0266179 -0.0392779
internal_weight=111.456 25.1136 14.1858 12.2551 86.3422 2.40832 83.9339 24.6322 1.25195 10.9278 2.89895 8.02888
internal_count=14080 2338 927 774 11742 260 11482 3249 107 1411 359 1052
cat_boundaries=0 1 2
cat_threshold=2 1
is_linear=0
shrinkage=0.05


Tree=4
num_leaves=13
num_cat=2
split_feature=0 40 32 43 34 22 4 4 1 5 4 9
split_gain=88.2201 78.1059 39.2396 38.1113 30.4546 17.0013 15.2536 32.9881 11.3444 7.00213 12.5248 0.0331172
threshold=0 55.750000000000007 26.463690500000002 36.250000000000007 19.650000000000002 75.277778000000026 0.71503381463111937 0.878110924644389 1 -0.38243420677835344 0.88621069759564464 21.950000000000003
decision_type=1 2 2 2 2 2 2 2 1 2 2 2
left_child=1 9 -3 -4 5 -2 11 -8 -7 10 -1 -6
right_child=4 2 3 -5 6 8 7 -9 -10 -11 -12 -13
leaf_value=-0.022295473562412581 -0.026663027813545032 -0.034756824072978976 0.20304998452913298 -0.032109500168057456 -0.022985203782976311 0.23560457524974454 0.066455509475702751 -0.047188784454728044 -0.015123338245980757 -0.044463793640776766 0.15408914330223136 -0.049432902257179882
leaf_weight=2.5705129383131884 1.1241542492061847 2.2035635309293893 13.355802312958984 1.6727163093164552 2.6682658120989791 1.096562474966049 9.6971234781667608 14.84395640529692 0.42892317986115802 7.5235087065957487 0.46822072006762017 53.689032623078674
leaf_count=323 154 228 637 78 400 54 1154 2083 57 1046 33 7819
internal_value=0.000681922 0.0640667 0.149066 0.176506 -0.0254772 0.113905 -0.0344882 -0.00143981 0.187033 -0.0200962 0.0363061 -0.0486033
internal_weight=111.342 27.7943 17.2321 15.0285 83.548 2.64964 80.8984 24.5411 1.52549 10.5622 3.03873 56.3573
internal_count=14066 2345 943 715 11721 265 11456 3237 111 1402 356 8219
cat_boundaries=0 1 2
cat_threshold=2 1
is_linear=0
shrinkage=0.05


Tree=5
num_leaves=14
num_cat=3
split_feature=0 5 1 34 37 4 43 10 37 1 37 11 2
split_gain=81.1197 49.7277 51.1452 46.4056 41.2165 23.7363 17.2307 16.3838 11.2732 10.3929 0.804821 0.119928 1.30963
threshold=0 -0.99052477729077237 1 19.650000000000002 59.500000000000007 0.80417553764032002 17.750000000000004 72.187500000000014 59.500000000000007 2 63.500000000000007 99.500000000000014 11.500000000000002
decision_type=1 2 1 2 2 2 2 2 2 1 2 2 2
left_child=1 6 4 7 -3 -4 10 -2 -8 -9 -1 -5 -13
right_child=3 2 5 11 -6 -7 8 9 -10 -11 -12 12 -14
leaf_value=-0.020106466323186307 -0.022929299199737196 0.017859638230819177 -0.04780142061185251 -0.049475217547810868 0.14812140948474886 0.068792327568356779 0.050053039736408601 0.24987332612871774 0.31478022583086562 -0.012842045197426709 0.033903762710044492 -0.034310770565146691 0.028962232100717439
leaf_weight=0.65877467300742809 0.83609359432011787 12.145940251182767 16.454102930147204 57.46914523653686 11.802970536984501 4.867675819899886 0.98730589728802476 1.1620418876409528 1.7332554119639096 0.34212995879352082 0.19005493959411979 2.1414113184437151 0.26532656233757723
leaf_count=72 120 1366 1713 8761 866 530 64 45 76 46 14 327 41
internal_value=0.00164494 0.0445744 0.036751 -0.0339134 0.0854216 -0.0192942 0.211591 0.143971 0.257984 0.208852 0.00378361 -0.0486878 -0.0208814
internal_weight=111.056 48.8401 45.2707 62.2161 23.9489 21.3218 3.56939 2.34027 2.72056 1.50417 0.84883 59.8759 2.40674
internal_count=14041 4701 4475 9340 2232 2243 226 211 140 91 86 9129 368
cat_boundaries=0 1 2 3
cat_threshold=3 1 1
is_linear=0
shrinkage=0.05


Tree=6
num_leaves=10
num_cat=1
split_feature=1 5 32 44 44 34 37 4 37
split_gain=27.4728 35.9173 36.385 25.8291 36.664 39.9335 24.1981 11.4196 42.7632
threshold=0 -0.99052477729077237 27.230357000000001 43.750000000000007 40.850000000000009 23.350000000000005 51.500000000000007 0.80417553764032002 45.500000000000007
decision_type=1 2 2 2 2 2 2 2 2
left_child=3 2 -2 4 6 -6 -1 -3 -9
right_child=1 7 -4 -5 5 -7 -8 8 -10
leaf_value=-0.028776437074914514 0.25053936249046904 -0.049127470883049647 -0.032690499018392209 -0.045937172057032558 -0.034513734462110625 0.20186389422379772 0.048456440206511263 -0.045653135091219682 0.15159816324107972
leaf_weight=15.175466728396712 1.3238148302771144 36.642019997350872 1.82129680365324 9.715358507819472 2.1542204157449296 5.1367547051049769 26.686596298590302 9.600449826102702 2.7106639877893022
leaf_count=2124 117 5108 232 1198 284 568 2855 1324 273
internal_value=0.00208205 -0.0241193 0.118206 0.0252857 0.0399985 0.136284 0.0204405 -0.0354466 0.00590379
internal_weight=110.967 52.0982 3.14511 58.8684 49.153 7.29098 41.8621 48.9531 12.3111
internal_count=14083 7054 349 7029 5831 852 4979 6705 1597
cat_boundaries=0 1
cat_threshold=1
is_linear=0
shrinkage=0.05


Tree=7
num_leaves=12
num_cat=1
split_feature=0 24 4 34 4 39 33 36 10 9 9
split_gain=73.2004 45.734 66.5475 40.1789 38.6882 31.5918 17.1684 25.3259 10.2348 0.0179954 1.11854
threshold=0 59.500000000000007 -0.21022463061426777 19.650000000000002 -0.86976336936302323 18.250000000000004 35.100000000000009 94.500000000000014 72.187500000000014 21.950000000000003 21.850000000000005
decision_type=1 2 2 2 2 2 2 2 2 2 2
left_child=1 6 4 8 -3 -4 -1 -8 -2 10 -5
right_child=3 2 5 9 -6 -7 7 -9 -10 -11 -12
leaf_value=-0.046651822511251377 -0.021302454059717119 0.093916300515019535 0.0055917115550650504 -0.03524330455174686 -0.046147668596152845 0.20173056083218716 -0.019904207477614927 0.1486027912936406 0.16196261452126018 -0.04941087611372192 0.022190824323329885
leaf_weight=11.907231878954919 0.73381273448467199 8.3100381242111343 2.5627300469204775 2.3379376837983723 9.5720517165027577 10.648825733456759 5.5580571815371496 2.5163570092990994 2.0504128057509661 54.323065022937953 0.38353988435119379
leaf_count=1470 112 607 221 376 834 568 683 278 98 8737 62
internal_value=0.00163368 0.0410179 0.0858841 -0.0333675 0.0204685 0.166755 -0.0100153 0.0431992 0.120796 -0.048592 -0.0233612
internal_weight=110.904 51.0753 31.0936 59.8288 17.8821 13.2116 19.9816 8.07441 2.78423 57.0445 2.72148
internal_count=14046 4661 2230 9385 1441 789 2431 961 210 9175 438
cat_boundaries=0 1
cat_threshold=3
is_linear=0
shrinkage=0.05


Tree=8
num_leaves=14
num_cat=3
split_feature=0 34 34 4 34 4 38 40 1 1 35 2 9
split_gain=61.6018 36.5141 31.5816 32.6249 51.7202 27.3103 12.4869 9.37205 7.27387 4.63955 2.13316 0.108903 0.842572
threshold=0 19.650000000000002 23.350000000000005 -0.21022463061426777 24.050000000000004 -0.92274349529687905 5.9175595000000003 0.35000000000000003 1 2 57.017857500000005 11.500000000000002 21.950000000000003
decision_type=1 2 2 2 2 2 2 2 1 1 2 2 2
left_child=2 7 6 5 -5 -4 9 -2 -9 -1 -8 -3 -13
right_child=1 11 3 4 -6 -7 10 8 -10 -11 -12 12 -14
leaf_value=0.13450321486461966 -0.022429540593284118 -0.049357329283301027 0.080793498280056067 0.19216176735384627 0.040787014150209439 -0.04606700941010286 0.037070875151591007 0.17454100357785979 -0.015169214058560497 -0.016130510026312463 -0.04301465115906894 0.01657267422969395 -0.033117290388369955
leaf_weight=0.62086696224287041 0.79314979258924667 52.012982902582735 6.1982094189152113 8.4345485642552394 15.884989835321901 9.345528813544659 0.14776500500738521 1.8767510429024692 0.43054464086890276 0.46571980370208621 12.270229905843733 0.49987648008391206 1.928928581997752
leaf_count=49 104 8750 410 508 1285 787 19 58 55 54 1565 85 342
internal_value=0.000216271 -0.032805 0.0353085 0.063789 0.0988031 0.00634566 -0.0230201 0.107352 0.145258 0.0931517 -0.0393699 -0.0484963 -0.0210398
internal_weight=110.91 57.5422 53.3679 39.8633 24.3195 15.5437 13.5046 3.10045 2.3073 1.08659 12.418 54.4418 2.42881
internal_count=14071 9394 4677 2990 1793 1197 1687 217 113 103 1584 9177 427
cat_boundaries=0 1 2 3
cat_threshold=3 1 1
is_linear=0
shrinkage=0.05


Tree=9
num_leaves=10
num_cat=1
split_feature=0 5 4 4 34 10 10 2 9
split_gain=59.3489 26.1224 29.8081 57.1163 25.0242 5.91461 2.19889 0.126744 0.816035
threshold=0 0.67007489853957602 0.9193901325473397 0.71503381463111937 19.650000000000002 72.187500000000014 79.145833500000023 11.500000000000002 21.950000000000003
decision_type=1 2 2 2 2 2 2 2 2
left_child=1 2 3 -1 5 -2 -7 -6 -9
right_child=4 -3 -4 -5 7 6 -8 8 -10
leaf_value=0.037725336705917344 -0.021748275554018797 -0.044302118107764479 -0.04373284166478339 0.18436217573489824 -0.049294159001225246 0.12927352194002184 0.0097572704077198112 0.016229369473932866 -0.032708499471224374
leaf_weight=34.317190138157457 0.76104101259261314 7.3277736231684676 6.2752957530319682 7.4968263180926433 49.449856048449874 1.7662135884165766 0.64906675741076458 0.50758080137893502 1.861790949013084
leaf_count=2283 119 1154 676 567 8746 65 27 85 341
internal_value=-7.98218e-05 0.0333008 0.0525711 0.0677079 -0.0336482 0.0803073 0.109417 -0.0483919 -0.0205195
internal_weight=110.413 55.4171 48.0893 41.814 54.9955 3.17632 2.41528 51.8192 2.36937
internal_count=14063 4680 3526 2850 9383 211 92 9172 426
cat_boundaries=0 1
cat_threshold=3
is_linear=0
shrinkage=0.05


end of trees

feature_importances:
day_of_year_sin=17
temperature_min_7d=12
gender=11
age_group=10
day_of_year_cos=8
humidity_min_7d=8
temperature_min_current=5
humidity_mean_current=5
temperature_mean_7d=4
wind_speed_mean_7d=4
wind_speed_max_7d=4
precipitation_sum_7d=4
month=3
rain_max_daily_7d=3
humidity_max_current=2
humidity_mean_3d=2
temperature_max_7d=2
humidity_mean_7d=2
wind_gust_max_7d=2
weather_code_current=1
temperature_min_3d=1
humidity_min_3d=1
humidity_max_7d=1
rain_sum_7d=1

parameters:
[boosting: gbdt]
[objective: binary]
[metric: binary_logloss]
[tree_learner: serial]
[device_type: cpu]
[data_sample_strategy: bagging]
[data: ]
[valid: ]
[num_iterations: 10]
[learning_rate: 0.05]
[num_leaves: 15]
[num_threads: 8]
[seed: 42]
[deterministic: 0]
[force_col_wise: 0]
[force_row_wise: 0]
[histogram_pool_size: -1]
[max_depth: 4]
[min_data_in_leaf: 20]
[min_sum_hessian_in_leaf: 0.001]
[bagging_fraction: 0.9]
[pos_bagging_fraction: 1]
[neg_bagging_fraction: 1]
[bagging_freq: 1]
[bagging_seed: 400]
[bagging_by_query: 0]
[feature_fraction: 0.9]
[feature_fraction_bynode: 1]
[feature_fraction_seed: 30056]
[extra_trees: 0]
[extra_seed: 12879]
[early_stopping_round: 0]
[early_stopping_min_delta: 0]
[first_metric_only: 0]
[max_delta_step: 0]
[lambda_l1: 0]
[lambda_l2: 1]
[linear_lambda: 0]
[min_gain_to_split: 0]
[drop_rate: 0.1]
[max_drop: 50]
[skip_drop: 0.5]
[xgboost_dart_mode: 0]
[uniform_drop: 0]
[drop_seed: 17869]
[top_rate: 0.2]
[other_rate: 0.1]
[min_data_per_group: 100]
[max_cat_threshold: 32]
[cat_l2: 10]
[cat_smooth: 10]
[max_cat_to_onehot: 4]
[top_k: 20]
[monotone_constraints: ]
[monotone_constraints_method: basic]
[monotone_penalty: 0]
[feature_contri: ]
[forcedsplits_filename: ]
[refit_decay_rate: 0.9]
[cegb_tradeoff: 1]
[cegb_penalty_split: 0]
[cegb_penalty_feature_lazy: ]
[cegb_penalty_feature_coupled: ]
[path_smooth: 0]
[interaction_constraints: ]
[verbosity: -1]
[saved_feature_importance_type: 0]
[use_quantized_grad: 0]
[num_grad_quant_bins: 4]
[quant_train_renew_leaf: 0]
[stochastic_rounding: 1]
[linear_tree: 0]
[max_bin: 255]
[max_bin_by_feature: ]
[min_data_in_bin: 3]
[bin_construct_sample_cnt: 200000]
[data_random_seed: 175]
[is_enable_sparse: 1]
[enable_bundle: 1]
[use_missing: 1]
[zero_as_missing: 0]
[feature_pre_filter: 1]
[pre_partition: 0]
[two_round: 0]
[header: 0]
[label_column: ]
[weight_column: ]
[group_column: ]
[ignore_column: ]
[categorical_feature: 0,1,3]
[forcedbins_filename: ]
[precise_float_parser: 0]
[parser_config_file: ]
[objective_seed: 16083]
[num_class: 1]
[is_unbalance: 0]
[scale_pos_weight: 1]
[sigmoid: 1]
[boost_from_average: 1]
[reg_sqrt: 0]
[alpha: 0.9]
[fair_c: 1]
[poisson_max_delta_step: 0.7]
[tweedie_variance_power: 1.5]
[lambdarank_truncation_level: 30]
[lambdarank_norm: 1]
[label_gain: ]
[lambdarank_position_bias_regularization: 0]
[eval_at: ]
[multi_error_top_k: 1]
[auc_mu_weights: ]
[num_machines: 1]
[local_listen_port: 12400]
[time_out: 120]
[machine_list_filename: ]
[machines: ]
[gpu_platform_id: -1]
[gpu_device_id: -1]
[gpu_device_id_list: ]
[gpu_use_dp: 0]
[num_gpu: 1]

end of parameters

pandas_categorical:[]
