tree
version=v4
num_class=1
num_tree_per_iteration=1
label_index=0
max_feature_idx=44
objective=binary sigmoid:1
feature_names=age_group gender month season day_of_year_sin day_of_year_cos weather_code_current temperature_mean_current temperature_max_current temperature_min_current humidity_mean_current humidity_max_current humidity_min_current wind_speed_mean_current wind_speed_max_current precipitation_sum_current rain_sum_current wind_gust_max_current rain_day_current temperature_mean_3d temperature_max_3d temperature_min_3d humidity_mean_3d humidity_max_3d humidity_min_3d wind_speed_mean_3d wind_speed_max_3d precipitation_sum_3d rain_sum_3d rain_days_3d rain_max_daily_3d wind_gust_max_3d temperature_mean_7d temperature_max_7d temperature_min_7d humidity_mean_7d humidity_max_7d humidity_min_7d wind_speed_mean_7d wind_speed_max_7d precipitation_sum_7d rain_sum_7d rain_days_7d rain_max_daily_7d wind_gust_max_7d
feature_infos=-1:0:1:2:3:4:5 -1:0:1 [1:12] -1:1:0 [-0.99999942202469239:0.99998555065071859] [-0.99997919295908244:0.9999907524084426] [0:61] [23.658332999999999:32.533332999999999] [25.899999999999999:39.200000000000003] [17.899999999999999:29.300000000000001] [48.958333000000003:91.625] [63:100] [23:86] [2.8541669999999999:19.695833] [6.4000000000000004:30.100000000000001] [0:63.100000000000001] [0:63.100000000000001] [14:56.899999999999999] [0:1] [23.766667000000002:32.427778000000004] [27.699999999999999:39.200000000000003] [17.899999999999999:28.100000000000001] [52.569443999999997:90.694444000000004] [73:100] [23:79] [4.125:17.329167000000002] [9.6999999999999993:30.100000000000001] [0:93.900000000000006] [0:93.900000000000006] [0:3] [0:63.100000000000001] [17.300000000000001:56.899999999999999] [24.365476000000001:32.235118999999997] [28.699999999999999:39.200000000000003] [17.899999999999999:27.5] [55.767856999999999:89.523809999999997] [77:100] [23:72] [4.5327380000000002:15.469643] [11.6:30.100000000000001] [0:163.90000000000001] [0:163.90000000000001] [0:7] [0:63.100000000000001] [23:56.899999999999999]
tree_sizes=1385 1400 1087 1489 1400 1418 1112 1511 1520 1298 1300 1409 1410 1399 1302 1321 1297 1290 1297 1121 1292 1284 1303 1316 789 1382 780 789 777 1404 1297 789 788 1104 791 788 792 1100 686 1116 785 787 1106 685 794 686 1632 1120 794 908 1103 786 1100 1110 793 792 1118 1124 1759 686 1109 685 1119 1107 906 1104 804

Tree=0
num_leaves=12
num_cat=2
split_feature=0 1 35 4 34 4 37 5 5 5 37
split_gain=948.978 1554.29 593.761 360.837 164.98 3.07388 6.46326 18.5904 1.38435 1.12164 4.23396
threshold=0 1 84.056547500000008 -0.67803021058859214 25.050000000000004 0.96465729447553372 40.500000000000007 0.029024409397335454 0.23328369003117272 -0.85225707553516283 63.500000000000007
decision_type=1 1 2 2 2 2 2 2 2 2 2
left_child=1 -1 4 -4 -3 9 8 -8 -7 10 -2
right_child=5 2 3 -5 -6 6 7 -9 -10 -11 -12
leaf_value=-3.2437605988615248 -3.2432312303499806 -3.1145982632995053 -2.9858080716352182 -2.6663276996604273 -2.8748796139789285 -3.2420349849733214 -3.2377229803926606 -3.1101623048947684 -3.1984343115375324 -3.2441389271642076 -3.2154646845292536
leaf_weight=87.965867295861244 45.707383006811142 40.249785035848618 18.154093250632286 21.148192137479782 8.0726969987153989 21.527191996574405 6.8598974496126157 3.4867987036705017 2.3118991404771796 250.74630677700043 23.308491334319115
leaf_count=2321 1206 1062 479 558 213 568 181 92 61 6616 615
internal_value=-3.19232 -3.10059 -2.94757 -2.80511 -3.06893 -3.23921 -3.22439 -3.19129 -3.23822 -3.24216 -3.23432
internal_weight=529.539 175.591 87.6248 39.3023 48.3225 353.948 34.1858 10.3467 23.8391 319.762 69.0159
internal_count=13972 4633 2312 1037 1275 9339 902 273 629 8437 1821
cat_boundaries=0 1 2
cat_threshold=34 1
is_linear=0
shrinkage=1


Tree=1
num_leaves=12
num_cat=3
split_feature=0 1 2 44 0 4 5 43 21 43 9
split_gain=805.871 1066.78 253.339 129.861 112.405 1.72693 3.39619 15.5688 1.33624 7.44065 0.120466
threshold=0 1 4.5000000000000009 31.150000000000002 2 0.96904697354198299 0.029024409397335454 4.2500000000000009 24.950000000000003 28.350000000000005 25.850000000000005
decision_type=1 1 2 2 1 2 2 2 2 2 2
left_child=1 -1 4 -4 -3 8 -7 -8 10 -10 -2
right_child=5 2 3 -5 -6 6 7 -9 9 -11 -12
leaf_value=-0.051344503543697996 -0.051746020863807064 0.12321388615049929 0.051934415386885369 0.26015515360892411 -0.032367298681742589 -0.049017462674843665 -0.043151442375556077 0.070670020359351229 -0.047737646172069395 0.0039484939467368451 -0.0222242795293386
leaf_weight=84.679787334054708 248.23581865429878 17.913274191319942 9.0822668187320215 65.433309391140938 17.831515595316887 16.674541093409065 10.556697711348532 3.0868468731641761 46.888790868222713 7.9771359115838996 2.429067187011241
leaf_count=2343 6857 425 207 1264 423 460 289 76 1295 219 67
internal_value=-0.000495191 0.0778708 0.183676 0.2358 0.0715562 -0.0469947 -0.0343645 -0.014332 -0.0496649 -0.0402867 -0.0515494
internal_weight=530.789 194.94 110.26 74.5156 35.7448 335.849 30.3181 13.6435 305.531 54.8659 250.665
internal_count=13925 4662 2319 1471 848 9263 825 365 8438 1514 6924
cat_boundaries=0 1 2 3
cat_threshold=34 1 2
is_linear=0
shrinkage=0.05


Tree=2
num_leaves=9
num_cat=3
split_feature=0 1 2 39 24 39 1 21
split_gain=703.487 790.103 145.387 112.511 48.0254 1.69024 3.50126 5.66659
threshold=0 1 3.5000000000000004 16.350000000000005 39.500000000000007 22.850000000000005 2 24.650000000000002
decision_type=1 1 2 2 2 2 1 2
left_child=1 -1 4 -4 -3 -2 -7 -8
right_child=5 2 3 -5 -6 6 7 -9
leaf_value=-0.051220213758885504 -0.050562746343707325 -0.001226626531772813 0.039465905444907232 0.19412004728538412 0.13876010179493131 -0.050785357446402196 -0.043372736468452772 -0.0074163118577020432
leaf_weight=80.917207360267639 231.51828600093722 19.58514386788011 14.188403740525244 89.589960508048534 7.9046571254730216 46.298734713345766 28.650444652885199 18.145838931202888
leaf_count=2348 6695 460 284 1437 182 1326 826 513
internal_value=-0.000720647 0.0681017 0.146635 0.173554 0.042484 -0.0464429 -0.0407046 -0.0298771
internal_weight=536.799 212.185 131.268 103.778 27.4898 324.613 93.095 46.7963
internal_count=14071 4711 2363 1721 642 9360 2665 1339
cat_boundaries=0 1 2 3
cat_threshold=34 1 1
is_linear=0
shrinkage=0.05


Tree=3
num_leaves=13
num_cat=4
split_feature=0 1 0 34 2 1 4 35 7 4 37 26
split_gain=629.031 572.903 135.47 135.29 126.009 143.795 69.4996 53.7559 17.6135 2.79589 5.53596 1.14866
threshold=0 1 2 22.450000000000003 9.5000000000000018 3 -0.63921128368950708 84.056547500000008 27.752083500000001 0.96465729447553372 40.500000000000007 22.850000000000005
decision_type=1 1 1 2 2 1 2 2 2 2 2 2
left_child=1 -1 4 8 7 -6 -5 -2 -3 11 -11 -4
right_child=2 3 9 6 5 -7 -8 -9 -10 10 -12 -13
leaf_value=-0.050440741212845135 -0.045880482980206735 -0.012748803748978056 -0.050932450726254436 0.11692511327788885 -0.045957213630130257 0.2109877069550366 0.2448230881895937 0.031827443516029084 0.13085193229197475 -0.044956378624846194 0.00058688233210850188 -0.038836739698202942
leaf_weight=38.214593935757875 45.037932001054287 9.0453445352613908 240.30730913579464 17.457205645740032 7.9189313314855099 14.503875426948072 47.151005376130342 42.124985910952091 1.7394412793219078 21.181892361491922 9.506523881107567 41.556664370000362
leaf_count=1163 1103 182 7284 261 241 238 695 739 37 632 267 1238
internal_value=-0.0011433 0.0978991 -0.0295809 0.18558 0.0175937 0.122156 0.212574 -0.00838997 0.0195502 -0.0461569 -0.0312749 -0.0492927
internal_weight=535.746 113.608 422.138 75.393 109.586 22.4228 64.6082 87.1629 10.7848 312.552 30.6884 281.864
internal_count=14080 2338 11742 1175 2321 479 956 1842 219 9421 899 8522
cat_boundaries=0 1 2 3 4
cat_threshold=2 1 32 1
is_linear=0
shrinkage=0.05


Tree=4
num_leaves=12
num_cat=3
split_feature=0 1 40 4 0 4 37 5 5 4 4
split_gain=556.149 517.791 84.1407 59.469 47.6465 2.5781 6.62037 14.1498 1.50828 9.58946 0.810567
threshold=0 1 64.250000000000014 0.71503381463111937 2 0.96904697354198299 40.500000000000007 0.029024409397335454 -0.85225707553516283 0.30983042691905766 0.97112537654464559
decision_type=1 1 2 2 1 2 2 2 2 2 2
left_child=1 -1 4 -4 -3 8 10 -8 9 -2 -7
right_child=5 2 3 -5 -6 6 7 -9 -10 -11 -12
leaf_value=-0.051021469836304484 -0.05059240157092653 0.1015418320467255 0.16060010670927222 -0.042119388171077486 0.014740274777727026 -0.0017329681718409589 -0.043521653835112077 0.073566890147793759 -0.051438994701693802 -0.0020012233133328357 -0.048979908395320459
leaf_weight=75.088576748967171 45.355867423117161 51.208945132791996 64.274094372987747 3.4389206022024146 42.265601973980665 1.0321037508547366 5.2715042978525144 3.3889787159860134 211.65044397488236 13.109642833471296 17.937896784394979
leaf_count=2362 1421 759 750 51 763 30 159 82 6723 405 561
internal_value=-0.00126594 0.054659 0.107271 0.149842 0.0751733 -0.0459703 -0.030777 0.00516923 -0.0491008 -0.0399137 -0.0466248
internal_weight=534.023 236.276 161.188 67.713 93.4745 297.746 27.6305 8.66048 270.116 58.4655 18.97
internal_count=14066 4685 2323 801 1522 9381 832 241 8549 1826 591
cat_boundaries=0 1 2 3
cat_threshold=34 1 2
is_linear=0
shrinkage=0.05


Tree=5
num_leaves=12
num_cat=2
split_feature=0 1 36 39 34 4 37 5 5 4 5
split_gain=484.283 414.794 72.0851 61.8117 52.0007 3.61226 6.41894 15.6559 1.92571 10.9902 1.83679
threshold=0 1 96.500000000000014 14.850000000000003 25.150000000000002 0.96465729447553372 40.500000000000007 0.029024409397335454 -0.85225707553516283 0.30983042691905766 0.23328369003117272
decision_type=1 1 2 2 2 2 2 2 2 2 2
left_child=1 -1 4 -4 -3 8 10 -8 9 -2 -7
right_child=5 2 3 -5 -6 6 7 -9 -10 -11 -12
leaf_value=-0.050900137785755445 -0.050475090392074186 -0.00052235297876066108 -0.020875268677244856 0.11789570545830415 0.12395939278737832 -0.048830142234390916 -0.044082409254268963 0.074269609519866414 -0.051338166151726705 0.0013887583506196277 0.0028455868479701123
leaf_weight=71.04959337413311 43.936335558071733 31.12093897536397 8.2689869552850706 126.322171356529 10.481660164892672 17.445186352357275 5.7870675027370435 3.7546650506556034 198.40049028582871 13.151239611208437 1.7787833437323559
leaf_count=2344 1443 572 139 1495 133 571 182 85 6616 407 54
internal_value=-0.00144191 0.0486223 0.0915592 0.109279 0.033014 -0.045128 -0.0281813 0.00511651 -0.0486782 -0.038709 -0.0441443
internal_weight=531.497 247.243 176.194 134.591 41.6026 284.254 28.7657 9.54173 255.488 57.0876 19.224
internal_count=14041 4683 2339 1634 705 9358 892 267 8466 1850 625
cat_boundaries=0 1 2
cat_threshold=34 1
is_linear=0
shrinkage=0.05


Tree=6
num_leaves=9
num_cat=1
split_feature=1 35 4 38 34 37 5 19
split_gain=337.65 67.4884 83.8763 37.4763 27.7436 33.0636 22.0569 18.2902
threshold=0 85.610119000000012 -0.76141707087277943 10.283929000000002 25.050000000000004 32.500000000000007 0.18281312110578127 31.047222000000001
decision_type=1 2 2 2 2 2 2 2
left_child=-1 4 6 -4 5 -2 -3 -6
right_child=1 2 3 -5 7 -7 -8 -9
leaf_value=-0.051292887126499036 -0.03721153895348972 -0.0083184844716943478 0.11374706402528466 0.022870775098685691 0.072926561411431348 0.016071140202110697 0.063978445869560308 -0.0191752403153026
leaf_weight=203.60591538622975 35.963160205632448 38.489237476140261 55.362896049395204 14.935609797015784 25.791606543585658 136.30533944070339 13.439992306753991 6.2959136925637713
leaf_count=7029 1012 791 958 251 520 3114 277 131
internal_value=-0.000901337 0.0305755 0.0598155 0.0950311 0.0128806 0.00479716 0.0112482 0.0548218
internal_weight=530.19 326.584 122.228 70.2985 204.356 172.268 51.9292 32.0875
internal_count=14083 7054 2277 1209 4777 4126 1068 651
cat_boundaries=0 1
cat_threshold=1
is_linear=0
shrinkage=0.05


Tree=7
num_leaves=13
num_cat=3
split_feature=0 1 0 36 39 4 37 5 21 35 4 9
split_gain=436.275 320.825 63.4945 77.3035 61.9492 1.77979 4.41134 9.26427 1.83937 24.9936 0.903161 0.312606
threshold=0 1 2 97.500000000000014 18.550000000000004 0.96465729447553372 40.500000000000007 0.029024409397335454 24.950000000000003 86.931547500000008 0.96687895796550427 25.850000000000005
decision_type=1 1 1 2 2 2 2 2 2 2 2 2
left_child=1 -1 4 -4 -3 8 10 -8 11 -10 -7 -2
right_child=5 2 3 -5 -6 6 7 -9 9 -11 -12 -13
leaf_value=-0.050672534641723325 -0.051244382668616709 0.048720600281994639 -0.035585057911444555 0.065236529780051331 0.13675227778710849 0.00072273883178946283 -0.043588807925053076 0.046889786192880173 -0.047995116064911907 0.0826422619016636 -0.048734494470275148 -0.017222549614260688
leaf_weight=64.379014723002911 195.03166682645679 29.161987848579884 26.381980959326029 62.511861473321915 75.252381086349487 0.9414531197398962 5.4395103305578214 4.0523858293890953 41.517808211967349 3.1019857246428719 17.353294122964144 1.9544782619923342
leaf_count=2338 6888 347 467 717 813 31 181 87 1423 89 600 65
internal_value=-0.00185899 0.043743 0.0775371 0.0317227 0.103082 -0.045418 -0.0325436 -0.00417325 -0.0486305 -0.0373007 -0.0462839 -0.0509955
internal_weight=527.08 257.687 193.308 88.8938 104.414 269.393 27.7866 9.4919 241.606 44.6198 18.2947 196.986
internal_count=14046 4682 2344 1184 1160 9364 899 268 8465 1512 631 6953
cat_boundaries=0 1 2 3
cat_threshold=34 1 2
is_linear=0
shrinkage=0.05


Tree=8
num_leaves=13
num_cat=2
split_feature=0 1 44 35 7 4 37 5 21 35 5 9
split_gain=406.716 284.975 49.0897 45.737 11.2719 3.22071 5.08547 11.1928 1.94307 23.7141 1.81656 0.274743
threshold=0 1 47.350000000000009 85.464285500000017 26.787500000000005 0.96465729447553372 40.500000000000007 0.029024409397335454 24.950000000000003 86.931547500000008 0.23328369003117272 25.850000000000005
decision_type=1 1 2 2 2 2 2 2 2 2 2 2
left_child=1 -1 3 -3 -4 8 10 -8 11 -10 -7 -2
right_child=5 2 4 -5 -6 6 7 -9 9 -11 -12 -13
leaf_value=-0.05056846667183941 -0.051157414757525145 0.056351530475275892 0.039387683749048108 0.1070852850310216 -0.042883393818214613 -0.048372235800955787 -0.043204507511040935 0.057243244759507456 -0.047761783692515061 0.077654979973211677 0.0032579265806369044 -0.018089132707836481
leaf_weight=61.738598568364978 186.67667765170336 109.14859975501895 5.7150758206844321 80.356088370084763 10.110897470265625 15.70448755845428 5.1879122816026193 4.0269242264330387 39.664751498028636 3.2560296431183806 1.7617803011089552 2.0330426003783932
leaf_count=2352 6921 1470 47 695 114 574 180 83 1422 87 57 69
internal_value=-0.000972217 0.0414807 0.0712793 0.0783135 -0.0125985 -0.0447298 -0.0281284 0.00199825 -0.0484358 -0.036696 -0.04327 -0.0508984
internal_weight=525.381 267.069 205.331 189.505 15.826 258.312 26.6811 9.21484 231.631 42.9208 17.4663 188.71
internal_count=14071 4678 2326 2165 161 9393 894 263 8499 1509 631 6990
cat_boundaries=0 1 2
cat_threshold=34 1
is_linear=0
shrinkage=0.05


Tree=9
num_leaves=11
num_cat=3
split_feature=0 1 0 2 34 4 33 5 5 4
split_gain=385.61 253.405 62.5783 113.23 49.1683 3.93001 7.00492 14.1573 1.75942 9.24121
threshold=0 1 2 9.5000000000000018 22.450000000000003 0.96465729447553372 35.750000000000007 0.029024409397335454 -0.85225707553516283 0.30983042691905766
decision_type=1 1 1 2 2 2 2 2 2 2
left_child=1 -1 4 -4 -3 8 7 -7 9 -2
right_child=5 2 3 -5 -6 6 -8 -9 -10 -11
leaf_value=-0.050455952610497123 -0.050107552601297511 0.0065657257540308366 -0.0036611554394736477 0.1212013577151394 0.1067679754243996 -0.044522159420124718 -0.048110267153247933 0.056906842445960684 -0.051052372379979075 -0.0012737737811679833
leaf_weight=58.467571357265115 38.510949693620205 13.925773184746502 72.642224602401257 23.1828673183918 109.17900793999434 6.4262064993381518 14.623221093788741 5.4119331911206245 169.10889361985028 12.905257243663071
leaf_count=2337 1453 213 936 237 970 235 554 116 6603 409
internal_value=0.000234341 0.0399535 0.0660345 0.0249134 0.0884502 -0.0441859 -0.0261234 0.002668 -0.0482201 -0.0381086
internal_weight=524.384 277.397 218.93 95.8251 123.105 246.986 26.4614 11.8381 220.525 51.4162
internal_count=14063 4693 2356 1173 1183 9370 905 351 8465 1862
cat_boundaries=0 1 2 3
cat_threshold=34 1 2
is_linear=0
shrinkage=0.05


Tree=10
num_leaves=11
num_cat=3
split_feature=0 1 0 2 34 4 33 5 5 4
split_gain=350.498 222.994 47.2791 74.2741 38.55 4.92383 7.99084 14.1789 1.92938 9.42571
threshold=0 1 2 9.5000000000000018 25.150000000000002 0.96465729447553372 35.750000000000007 0.029024409397335454 -0.85225707553516283 0.30983042691905766
decision_type=1 1 1 2 2 2 2 2 2 2
left_child=1 -1 4 -4 -3 8 7 -7 9 -2
right_child=5 2 3 -5 -6 6 -8 -9 -10 -11
leaf_value=-0.050356942528877291 -0.049953425338360252 0.07436786577323877 0.00080419332102553724 0.09875068387108453 0.16149871237812621 -0.043969407054057719 -0.047847466579733329 0.057681754284830779 -0.050970190145993112 0.00024209666729133663
leaf_weight=56.121176343411207 36.014217410236597 116.6811058036983 73.802786055952311 25.24385691434145 14.430225320160387 5.9271989874541777 13.720906659960745 5.8130286484956741 161.34519119001925 12.501601923257111
leaf_count=2353 1424 1074 943 237 109 226 544 120 6616 398
internal_value=0.000540607 0.037066 0.0601122 0.0240966 0.0791186 -0.043587 -0.0232777 0.00693886 -0.047996 -0.0372753
internal_weight=521.601 286.279 230.158 99.0466 131.111 235.322 25.4611 11.7402 209.861 48.5158
internal_count=14044 4716 2363 1180 1183 9328 890 346 8438 1822
cat_boundaries=0 1 2 3
cat_threshold=34 1 2
is_linear=0
shrinkage=0.05


Tree=11
num_leaves=12
num_cat=3
split_feature=0 1 44 5 27 4 37 1 5 4 4
split_gain=308.196 187.206 37.7117 49.179 13.537 3.44851 6.23808 10.5338 1.57132 7.78386 0.951913
threshold=0 1 47.350000000000009 -0.70289845916694649 40.150000000000013 0.96465729447553372 40.500000000000007 2 -0.85225707553516283 0.30983042691905766 0.96687895796550427
decision_type=1 1 2 2 2 2 2 1 2 2 2
left_child=1 -1 3 -3 -4 8 10 -8 9 -2 -7
right_child=5 2 4 -5 -6 6 7 -9 -10 -11 -12
leaf_value=-0.050252649887093083 -0.049833395936448338 0.090627249792868195 -0.04581958951953146 0.040455573437186691 0.043566859593957882 0.0028364434701538205 -0.043072840761285917 0.052984698363005373 -0.050891353799170605 -0.0037603720532704368 -0.047971688393613113
leaf_weight=53.480023249983788 34.574504192918539 76.205801606178284 12.01372539624572 142.4020983800292 5.3585089072585097 0.86529626511037605 4.7118921931833011 4.7160587012767792 153.86343579739332 12.582060944288967 14.463852254673837
leaf_count=2353 1434 563 127 1607 40 28 137 128 6623 398 596
internal_value=-0.00124642 0.0324214 0.0526588 0.0582782 -0.0173775 -0.0438589 -0.0263888 0.00545037 -0.0480402 -0.0378738 -0.0451056
internal_weight=515.237 289.46 235.98 218.608 17.3722 225.777 24.7571 9.42795 201.02 47.1566 15.3291
internal_count=14034 4690 2337 2170 167 9344 889 265 8455 1832 624
cat_boundaries=0 1 2 3
cat_threshold=34 1 1
is_linear=0
shrinkage=0.05


Tree=12
num_leaves=12
num_cat=3
split_feature=0 1 44 44 27 4 37 1 5 4 4
split_gain=289.354 166.141 34.1062 49.1623 10.7124 4.9711 7.97086 11.3698 1.37758 6.92903 0.898155
threshold=0 1 47.350000000000009 40.150000000000006 33.750000000000007 0.96904697354198299 40.500000000000007 2 -0.8611288361322974 0.30983042691905766 0.97112537654464559
decision_type=1 1 2 2 2 2 2 1 2 2 2
left_child=1 -1 3 -3 -4 8 10 -8 9 -2 -7
right_child=5 2 4 -5 -6 6 7 -9 -10 -11 -12
leaf_value=-0.050136990884030785 -0.049660765281716868 0.038962489213451051 -0.047912854489208713 0.090548411685011113 0.025994565455208687 0.0020489131900304348 -0.04181198265138375 0.061631197156556163 -0.050829006577761918 -0.0045388690588015921 -0.047507810907656101
leaf_weight=50.287263290956616 32.044766524806619 162.69298182427883 10.311642669141294 65.484067391604185 7.8003840893506995 0.89237492531538265 4.0280961710959655 4.7129827700555325 149.72439668141305 11.748289825394748 12.869330085813997
leaf_count=2321 1396 1577 116 581 58 29 118 119 6737 373 564
internal_value=-0.000700765 0.0309299 0.0488687 0.0540975 -0.0163882 -0.0434905 -0.021834 0.0145634 -0.0481194 -0.0379276 -0.0443732
internal_weight=512.597 296.576 246.289 228.177 18.112 216.02 22.5028 8.74108 193.517 43.7931 13.7617
internal_count=13989 4653 2332 2158 174 9336 830 237 8506 1769 593
cat_boundaries=0 1 2 3
cat_threshold=34 1 1
is_linear=0
shrinkage=0.05


Tree=13
num_leaves=12
num_cat=4
split_feature=0 1 0 36 43 39 21 1 19 33 33
split_gain=269.208 149.87 37.3176 52.631 31.9954 3.26778 6.17347 10.935 1.00663 0.427309 4.13065
threshold=0 1 2 97.500000000000014 0.35000000000000003 22.850000000000005 24.650000000000002 3 29.443750000000005 35.350000000000001 35.750000000000007
decision_type=1 1 1 2 2 2 2 1 2 2 2
left_child=1 -1 4 -4 -3 9 8 -8 -7 -2 -11
right_child=5 2 3 -5 -6 6 7 -9 -10 10 -12
leaf_value=-0.050034371919621769 -0.050733177525620871 -0.02438646759762312 -0.039157530784903707 0.039180703068884763 0.070933265597220241 -0.048396311283336345 -0.047477419452515685 0.01519700896093433 0.0033215562098245846 0.0062885478910661326 -0.048023685131634422
leaf_weight=47.914234349504113 126.62587385252118 8.9205818735063058 28.470974158495665 78.404150910675526 139.60158677771688 35.416156252846122 12.185102177783847 13.978320572525263 0.83841058611869712 4.1686906069517162 15.547919010743497
leaf_count=2320 5889 112 462 706 1071 1614 512 508 26 134 732
internal_value=-0.000293558 0.0294011 0.0455875 0.0166032 0.0610034 -0.0427362 -0.0339757 -0.0146656 -0.0471432 -0.0491172 -0.0367912
internal_weight=512.072 303.312 255.397 106.875 148.522 208.76 62.418 26.1634 36.2546 146.342 19.7166
internal_count=14086 4671 2351 1168 1183 9415 2660 1020 1640 6755 866
cat_boundaries=0 1 2 3 4
cat_threshold=34 1 2 1
is_linear=0
shrinkage=0.05


Tree=14
num_leaves=11
num_cat=3
split_feature=0 1 32 2 0 4 5 24 5 4
split_gain=226.159 125.257 32.7803 49.0709 45.0576 3.43307 4.94756 12.099 2.75593 10.9262
threshold=0 1 26.028571500000002 10.500000000000002 2 0.96465729447553372 0.029024409397335454 40.500000000000007 -0.85225707553516283 0.30983042691905766
decision_type=1 1 2 2 1 2 2 2 2 2
left_child=1 -1 3 -3 -4 8 -7 -8 9 -2
right_child=5 2 4 -5 -6 6 7 -9 -10 -11
leaf_value=-0.049942663187802994 -0.049497211543053449 -0.034486630353894203 0.050621862085114613 0.16856331129296592 0.0052782461032041443 -0.046987758971521465 -0.044350037893722508 0.049298487325890691 -0.050673543147704558 0.006006980203811553
leaf_weight=46.102297428995371 30.703197212889791 3.7336258478462687 146.26022949069738 9.5202630311250669 102.33256782777607 11.147946804761888 6.5174041073769313 5.3735357969999313 133.37739927135408 12.031581047922371
leaf_count=2342 1457 43 1110 82 1105 494 300 100 6620 399
internal_value=-0.00211305 0.0245076 0.0386883 0.112957 0.0342919 -0.0423044 -0.0245434 -0.00148876 -0.0468648 -0.0340905
internal_weight=507.1 307.949 261.847 13.2539 248.593 199.151 23.0389 11.8909 176.112 42.7348
internal_count=14052 4682 2340 125 2215 9370 894 400 8476 1856
cat_boundaries=0 1 2 3
cat_threshold=34 1 2
is_linear=0
shrinkage=0.05


Tree=15
num_leaves=11
num_cat=2
split_feature=0 1 39 32 4 33 5 13 5 4
split_gain=224.146 120.991 27.8161 40.4071 5.15821 7.06933 11.9419 2.58746 2.36211 8.83643
threshold=0 1 14.850000000000003 26.028571500000002 0.96465729447553372 35.750000000000007 0.029024409397335454 5.5895835000000007 -0.85225707553516283 0.30983042691905766
decision_type=1 1 2 2 2 2 2 2 2 2
left_child=1 -1 7 -4 8 6 -6 -3 9 -2
right_child=4 2 3 -5 5 -7 -8 -9 -10 -11
leaf_value=-0.049843853380051768 -0.049347193555465747 0.00079721736867634219 0.13036923927342367 0.037570930841640482 -0.043277366837325755 -0.046920361020115681 0.050251703073931786 -0.049716367418575831 -0.050604855654960396 0.00084377837050163675
leaf_weight=44.022173035889864 28.915361797437072 3.5067322663962823 11.546859215945004 244.57053940370679 5.4429884273558873 11.302263814955948 6.2792911492288113 7.8650667034089565 127.60443213954568 12.358990296721457
leaf_count=2346 1441 39 95 2115 237 554 119 91 6649 408
internal_value=-0.000559912 0.025366 0.038828 0.0422454 -0.0417107 -0.0204069 0.00683535 -0.0353341 -0.0469333 -0.0346538
internal_weight=503.415 311.511 267.489 256.117 191.903 23.0245 11.7223 11.3718 168.879 41.2744
internal_count=14094 4686 2340 2210 9408 910 356 130 8498 1849
cat_boundaries=0 1 2
cat_threshold=34 1
is_linear=0
shrinkage=0.05


Tree=16
num_leaves=11
num_cat=3
split_feature=0 1 39 38 39 1 4 4 4 32
split_gain=218.481 112.121 28.1314 34.4938 4.4989 6.804 10.6756 0.318057 1.60202 0.180859
threshold=0 1 14.750000000000002 7.0422620000000009 22.850000000000005 2 0.30983042691905766 0.97314989601849466 0.97875492728876534 27.596131000000003
decision_type=1 1 2 2 2 1 2 2 2 2
left_child=1 -1 9 -4 7 -6 -7 -2 -9 -3
right_child=4 2 3 -5 5 6 -8 8 -10 -11
leaf_value=-0.04974219586115966 -0.050547697872065304 -0.049197742764219447 0.068723434895546956 0.028692753522084981 -0.049296797791363922 -0.047324870291045804 0.011312855458280511 0.011062581126077824 -0.04011846983101422 -0.014825294993256631
leaf_weight=41.933012647554278 118.49752824939787 7.6151976659893972 75.358700048178434 193.28995576500893 26.556699104607105 12.652225242927672 17.298478120937943 1.3950944989919642 7.9178731273859739 1.5556470267474649
leaf_count=2345 6383 91 560 1688 1333 624 709 38 342 18
internal_value=0.000110654 0.0248676 0.0371588 0.040135 -0.0418248 -0.0312575 -0.0141865 -0.0494649 -0.0321222 -0.045398
internal_weight=504.07 319.753 277.82 268.649 184.318 56.5074 29.9507 127.81 9.31297 9.17084
internal_count=14131 4702 2357 2248 9429 2666 1333 6763 380 109
cat_boundaries=0 1 2 3
cat_threshold=34 1 1
is_linear=0
shrinkage=0.05


Tree=17
num_leaves=11
num_cat=4
split_feature=0 1 0 2 34 39 1 4 4 4
split_gain=190.969 97.6609 29.55 52.0253 32.9993 4.08059 6.03917 9.04785 0.401238 1.57239
threshold=0 1 2 9.5000000000000018 21.700000000000006 22.850000000000005 3 0.30983042691905766 0.97314989601849466 0.97875492728876534
decision_type=1 1 1 2 2 2 1 2 2 2
left_child=1 -1 4 -4 -3 8 -7 -8 -2 -10
right_child=5 2 3 -5 -6 6 7 -9 9 -11
leaf_value=-0.049653769811307202 -0.050473852711819416 -0.024698232412051973 -0.010019711614893848 0.063534839988563033 0.054787386312418834 -0.049142814137271174 -0.047083933183798811 0.007591960757187691 0.011622329611136392 -0.039329645097645582
leaf_weight=40.380070462822914 111.44456603936851 13.709580380469559 85.32305796071887 32.358437396585941 152.33378128707409 25.155726823955774 11.979477701708676 17.589684111997485 1.3731862790882567 7.3695506732910872
leaf_count=2369 6301 159 953 240 1015 1323 619 705 37 331
internal_value=-0.000990342 0.021597 0.0326348 0.00974881 0.0453982 -0.041592 -0.0315004 -0.0153747 -0.0493212 -0.0309553
internal_weight=499.017 324.105 283.725 117.681 166.043 174.912 54.7249 29.5692 120.187 8.74274
internal_count=14052 4736 2367 1193 1174 9316 2647 1324 6669 368
cat_boundaries=0 1 2 3 4
cat_threshold=34 1 2 1
is_linear=0
shrinkage=0.05


Tree=18
num_leaves=11
num_cat=3
split_feature=0 1 44 44 27 4 0 33 37 4
split_gain=169.287 86.8652 24.1602 38.2506 10.3528 4.51194 10.2008 20.3266 2.82985 18.7166
threshold=0 1 47.350000000000009 40.150000000000006 34.850000000000001 0.96465729447553372 2 35.750000000000007 63.500000000000007 0.30983042691905766
decision_type=1 1 2 2 2 2 1 2 2 2
left_child=1 -1 3 -3 -4 8 7 -7 -2 -10
right_child=5 2 4 -5 -6 6 -8 -9 9 -11
leaf_value=-0.049547464202515649 -0.05044830011890139 0.021414646569948279 -0.050411422064085366 0.063446344476314601 0.021587278030652343 0.13748015810809125 -0.030692175856231768 -0.036309910507494762 -0.049236426789553096 0.038469501794671013
leaf_weight=38.306070763617754 110.70660025812685 186.55433385074139 11.936773497611286 76.367611017078161 7.3957216739654532 2.6993637159466743 16.068030908703808 2.4748938083648682 29.775132173672318 6.7885102164000264
leaf_count=2357 6461 1562 122 581 48 84 677 133 1745 264
internal_value=-0.0016176 0.0196244 0.0298466 0.0338172 -0.023161 -0.0406624 -0.020158 0.0236435 -0.0462065 -0.0323621
internal_weight=489.073 320.561 282.254 262.922 19.3325 168.513 21.2423 5.17426 147.27 36.5636
internal_count=14034 4670 2313 2143 170 9364 894 217 8470 2009
cat_boundaries=0 1 2 3
cat_threshold=34 1 4
is_linear=0
shrinkage=0.05


Tree=19
num_leaves=9
num_cat=1
split_feature=1 5 38 32 4 26 38 19
split_gain=150.098 31.1046 41.2956 32.0122 29.5795 28.7468 23.124 13.0572
threshold=0 -0.71502926860092908 10.253571500000001 26.028571500000002 -0.056952163117076689 15.550000000000002 10.886607000000003 26.945138500000002
decision_type=1 2 2 2 2 2 2 2
left_child=-1 2 5 4 -3 -2 -5 -4
right_child=1 3 7 6 -6 -7 -8 -9
leaf_value=-0.05042392739629236 6.7013813634458165e-05 0.097650532321916408 0.023523742941448867 -0.0084491176431098127 -0.043773039494429254 0.062871199871917915 0.03237723798861103 -0.046182199235519014
leaf_weight=112.61843388993293 23.453607531264424 14.624715220183136 10.036502582952382 183.71406067255884 4.1997673111036411 80.686700146645308 41.701872117817402 16.704912431538105
leaf_count=7038 369 239 149 3815 116 1125 877 280
internal_value=-6.07481e-05 0.0151531 0.0347231 0.00456715 0.0654823 0.0488621 -0.000786615 -0.0201155
internal_weight=487.741 375.122 130.882 244.24 18.8245 104.14 225.416 26.7414
internal_count=14008 6970 1923 5047 355 1494 4692 429
cat_boundaries=0 1
cat_threshold=1
is_linear=0
shrinkage=0.05


Tree=20
num_leaves=11
num_cat=4
split_feature=0 1 0 2 39 39 1 43 4 4
split_gain=161.901 76.1535 27.1033 43.4282 27.91 4.38925 5.85669 9.45076 1.88632 0.545371
threshold=0 1 2 9.5000000000000018 17.250000000000004 22.850000000000005 3 28.350000000000005 0.99700008544936913 0.99939377080793557
decision_type=1 1 1 2 2 2 1 2 2 2
left_child=1 -1 4 -4 -3 8 -7 -8 -2 -10
right_child=5 2 3 -5 -6 6 7 -9 9 -11
leaf_value=-0.049342436148938379 -0.050372122770500127 -0.0037219790311876356 -0.011252057354864163 0.055936699164080186 0.050487621422314381 -0.048769535027711176 -0.025981646817481066 0.049865364041101985 0.002411200478536196 -0.029608036473757506
leaf_weight=34.790830930694938 104.28696745913476 28.098745405673981 86.727680006995797 32.155515402555466 147.69581354409456 22.135438074357808 24.619684204459194 3.9392111133784047 2.7030928619205943 1.3816833719611166
leaf_count=2359 6527 226 942 227 953 1330 1157 159 98 72
internal_value=-0.000842202 0.0190927 0.0279578 0.00667903 0.0396103 -0.0406475 -0.0299385 -0.0141868 -0.049054 -0.0121122
internal_weight=488.535 329.469 294.678 118.883 175.795 159.066 50.6943 28.5589 108.372 4.08478
internal_count=14050 4707 2348 1169 1179 9343 2646 1316 6697 170
cat_boundaries=0 1 2 3 4
cat_threshold=34 1 2 1
is_linear=0
shrinkage=0.05


Tree=21
num_leaves=11
num_cat=4
split_feature=0 1 0 2 39 4 0 33 37 4
split_gain=140.959 66.1502 21.0603 41.9178 21.1905 4.60547 9.37381 17.0004 3.10781 17.5522
threshold=0 1 2 9.5000000000000018 18.550000000000004 0.96465729447553372 3 35.750000000000007 63.500000000000007 0.30983042691905766
decision_type=1 1 1 2 2 2 1 2 2 2
left_child=1 -1 4 -4 -3 8 7 -7 -2 -10
right_child=5 2 3 -5 -6 6 -8 -9 9 -11
leaf_value=-0.049232697474292243 -0.050313574907653619 0.0079444759708318866 -0.012334444311004944 0.051905337691620757 0.046847896518932064 0.12054677243903851 -0.029680825304679359 -0.035936470624355996 -0.048967591457901451 0.035978196612706445
leaf_weight=33.020442105829716 100.10333585366607 48.25702179223299 86.612270697951317 34.777534954249859 131.08545459806919 3.0572419501841068 14.885347442701461 2.3999797971919179 26.71844650991261 7.0013117333874098
leaf_count=2350 6513 356 942 236 824 89 674 140 1746 269
internal_value=-0.0017937 0.0164777 0.024378 0.00586447 0.0345653 -0.0397038 -0.0188072 0.0222944 -0.0456621 -0.0308019
internal_weight=487.918 333.753 300.732 121.39 179.342 154.166 20.3426 5.45722 133.823 33.7198
internal_count=14139 4708 2358 1178 1180 9431 903 229 8528 2015
cat_boundaries=0 1 2 3 4
cat_threshold=34 1 2 4
is_linear=0
shrinkage=0.05


Tree=22
num_leaves=11
num_cat=3
split_feature=0 1 39 25 4 0 5 21 35 25
split_gain=134.699 63.0194 21.4605 28.3663 5.80608 10.1892 18.9371 2.89567 21.6762 0.219872
threshold=0 1 14.750000000000002 6.9458335000000009 0.96465729447553372 2 0.029024409397335454 24.950000000000003 86.931547500000008 5.4958335000000007
decision_type=1 1 2 2 2 1 2 2 2 2
left_child=1 -1 9 -4 7 6 -6 -2 -9 -3
right_child=4 2 3 -5 5 -7 -8 8 -10 -11
leaf_value=-0.049129550975412439 -0.049781574025325154 -0.014428527269477801 0.051902758919768033 0.016910816845897878 -0.036632451044559401 -0.028942511361645169 0.12535425204585413 -0.046646809913742142 0.076320561474436749 -0.049890471338623336
leaf_weight=31.496885841712356 101.15776811353862 1.5368817262351502 79.990432698279619 209.64197325706482 2.5246560126543045 14.070218781940641 3.2220767550170422 22.884053899906579 3.2906735464930525 8.0613564662635309
leaf_count=2350 6964 16 541 1675 124 657 104 1437 84 94
internal_value=-0.00107995 0.0166229 0.0242383 0.0267202 -0.0391888 -0.0156342 0.0238935 -0.0457579 -0.0289478 -0.0461094
internal_weight=477.877 330.728 299.231 289.632 147.149 19.817 5.74673 127.332 26.1747 9.59824
internal_count=14046 4676 2326 2216 9370 885 228 8485 1521 110
cat_boundaries=0 1 2 3
cat_threshold=34 1 4
is_linear=0
shrinkage=0.05


Tree=23
num_leaves=11
num_cat=2
split_feature=0 1 35 4 33 4 5 24 37 4
split_gain=129.818 57.3054 27.0714 28.2218 9.89548 3.94201 5.8372 10.5301 2.11896 11.8922
threshold=0 1 64.55952400000001 -0.77245553105869302 39.150000000000013 0.96465729447553372 0.046214085385334856 40.500000000000007 63.500000000000007 0.30983042691905766
decision_type=1 1 2 2 2 2 2 2 2 2
left_child=1 -1 4 -4 -3 8 -7 -8 -2 -10
right_child=5 2 3 -5 -6 6 7 -9 9 -11
leaf_value=-0.049012628011081735 -0.050180193957253788 -0.034604548587758341 -0.0018756210378479772 0.035736976906846657 0.065358152459698976 -0.046232298241368416 -0.042289962657849567 0.051128048680583717 -0.048748784005882652 0.021686577278687766
leaf_weight=29.819443923421204 89.92212270386517 24.235719040036205 64.629728756844997 215.99220586195588 1.8221169039607037 9.5863647311925906 4.8638508655130845 5.2305045370012522 24.63612776808441 7.1804550047963849
leaf_count=2334 6448 312 438 1579 14 528 273 90 1768 265
internal_value=-0.00129769 0.0156322 0.0225648 0.0270986 -0.0254574 -0.0397172 -0.0202537 0.00636103 -0.045909 -0.0326763
internal_weight=477.919 336.499 306.68 280.622 26.0578 141.419 19.6807 10.0944 121.739 31.8166
internal_count=14049 4677 2343 2017 326 9372 891 363 8481 2033
cat_boundaries=0 1 2
cat_threshold=34 1
is_linear=0
shrinkage=0.05


Tree=24
num_leaves=6
num_cat=2
split_feature=0 1 24 4 38
split_gain=115.053 77.9478 28.8214 34.572 14.7769
threshold=0 1 39.500000000000007 -0.67803021058859214 13.700595000000002
decision_type=1 1 2 2 2
left_child=1 -1 4 -4 -3
right_child=-2 2 3 -5 -6
leaf_value=-0.049590672189970916 -0.045918107304933425 -0.019659513378127089 -0.0012249884472679516 0.037815993090355653 0.081828249600028741
leaf_weight=44.52404797822237 101.54615668300539 51.460331930778921 79.194122618064284 198.14237976726145 2.868284046649932
leaf_count=3539 7046 840 773 1883 27
internal_value=-0.00147838 0.0115193 0.0201936 0.0267034 -0.0129193
internal_weight=477.735 376.189 331.665 277.337 54.3286
internal_count=14108 7062 3523 2656 867
cat_boundaries=0 1 2
cat_threshold=38 1
is_linear=0
shrinkage=0.05


Tree=25
num_leaves=12
num_cat=5
split_feature=0 1 0 20 34 4 0 1 21 35 26
split_gain=111.723 48.9096 22.1103 36.287 20.2542 4.18407 7.06559 13.1695 3.93985 20.608 0.00334842
threshold=0 1 2 33.350000000000001 21.950000000000003 0.96904697354198299 3 4 24.950000000000003 85.943452500000021 26.050000000000004
decision_type=1 1 1 2 2 2 1 1 2 2 2
left_child=1 -1 4 -4 -3 8 7 -7 10 -10 -2
right_child=5 2 3 -5 -6 6 -8 -9 9 -11 -12
leaf_value=-0.048785064043021339 -0.050097974410840622 -0.019419714042267677 0.016307015501009017 -0.048976276207905178 0.037437603668210459 -0.035981191554752288 -0.02727263300459843 0.10185317209802801 -0.048229694679631639 0.058930349689418696 -0.024144703390599421
leaf_weight=26.961817353963852 86.962044501677155 16.648059450089931 102.68914930522442 25.787107447162271 168.42538663744926 2.2619234742596745 12.369118968956174 3.2142587760463357 19.096877366304401 4.8629410816356531 2.7760880729183546
leaf_count=2324 6833 175 783 399 981 106 635 107 1370 148 187
internal_value=-0.00091354 0.0142669 0.0202801 0.00271679 0.0306016 -0.0382138 -0.0172706 0.0189284 -0.0446534 -0.0249906 -0.04957
internal_weight=472.055 340.512 313.55 128.476 185.073 131.543 17.8453 5.47618 113.698 23.9598 89.7381
internal_count=14048 4662 2338 1182 1156 9386 848 213 8538 1518 7020
cat_boundaries=0 1 2 3 4 5
cat_threshold=34 1 2 4 1
is_linear=0
shrinkage=0.05


Tree=26
num_leaves=6
num_cat=2
split_feature=0 1 5 38 38
split_gain=104.283 68.5418 23.2871 38.9379 24.0576
threshold=0 1 -0.70289845916694649 10.2125 10.886607000000003
decision_type=1 1 2 2 2
left_child=1 -1 3 -3 -4
right_child=-2 2 4 -5 -6
leaf_value=-0.04942695550379797 -0.045441698168377273 0.050090199487612896 0.0007082984587138642 -0.017997063271417403 0.044445441861974605
leaf_weight=40.468913440592587 92.706462712027133 98.393801218830049 174.96475324500352 26.06492960639298 37.337039556354284
leaf_count=3531 7009 768 2060 231 467
internal_value=-0.000938921 0.0109997 0.0187118 0.0358011 0.00857256
internal_weight=469.936 377.229 336.761 124.459 212.302
internal_count=14066 7057 3526 999 2527
cat_boundaries=0 1 2
cat_threshold=38 1
is_linear=0
shrinkage=0.05


Tree=27
num_leaves=6
num_cat=2
split_feature=0 1 44 44 15
split_gain=95.0207 61.3972 26.6271 33.5765 5.28797
threshold=0 1 47.350000000000009 40.150000000000006 13.350000000000003
decision_type=1 1 2 2 2
left_child=1 -1 3 -3 -4
right_child=-2 2 4 -5 -6
leaf_value=-0.0493292044426899 -0.045179042755766535 0.0097670070674780989 -0.052557619202177996 0.045408448359278729 -0.0016984190953019741
leaf_weight=38.334992320276797 88.542444630526006 222.75406225956976 14.219990931451322 93.43155150488019 7.797848434187471
leaf_count=3513 7005 2358 188 885 67
internal_value=-0.00167153 0.00959431 0.0166818 0.0204089 -0.0354016
internal_weight=465.081 376.538 338.203 316.186 22.0178
internal_count=14016 7011 3498 3243 255
cat_boundaries=0 1 2
cat_threshold=38 1
is_linear=0
shrinkage=0.05


Tree=28
num_leaves=6
num_cat=3
split_feature=0 1 35 32 0
split_gain=94.1672 59.8121 22.3849 32.8723 22.9827
threshold=0 1 85.610119000000012 27.260119500000005 2
decision_type=1 1 2 2 1
left_child=1 -1 4 -4 -3
right_child=-2 2 3 -5 -6
leaf_value=-0.049243658901118481 -0.044932008880864766 0.019532928877099079 0.022552144743232808 0.092500621434377386 -0.013040401254054732
leaf_weight=36.606390199624002 84.788436628878117 121.41252837702632 119.26593113783747 18.816272334195673 82.907076699659228
leaf_count=3513 6998 815 977 131 1584
internal_value=-0.000535185 0.0103978 0.0172017 0.0326805 0.00663268
internal_weight=463.797 379.008 342.402 138.082 204.32
internal_count=14018 7020 3507 1108 2399
cat_boundaries=0 1 2 3
cat_threshold=38 1 2
is_linear=0
shrinkage=0.05


Tree=29
num_leaves=12
num_cat=3
split_feature=0 1 44 44 7 4 0 33 43 43 14
split_gain=85.7632 35.2467 22.674 25.5975 6.931 5.07511 6.68061 12.3678 3.23739 9.29701 0.885199
threshold=0 1 47.350000000000009 40.150000000000006 26.560416500000006 0.96904697354198299 2 35.750000000000007 28.350000000000005 28.600000000000005 26.050000000000004
decision_type=1 1 2 2 2 2 1 2 2 2 2
left_child=1 -1 3 -3 -4 8 7 -7 10 -10 -2
right_child=5 2 4 -5 -6 6 -8 -9 9 -11 -12
leaf_value=-0.048331364874969369 -0.04997303849936461 0.0091048818243740486 0.011501019481024629 0.040691981106670806 -0.051223794689157345 0.10031939517685107 -0.02528121079822282 -0.034810613274069722 0.055929698495110564 -0.038009748376399123 -0.0021038154606969053
leaf_weight=22.406377158127725 79.239088231697679 212.48998703062534 5.6351962089538601 91.398275092244148 15.00897798873484 3.2317620171234012 10.666530686430635 2.1570556666702032 2.2457339875400093 14.764326659031211 1.0684974351897825
leaf_count=2341 7160 1585 34 597 137 76 624 132 52 1223 80
internal_value=-0.00181278 0.0106965 0.0152364 0.0187074 -0.0343616 -0.0375076 -0.0136689 0.0191978 -0.0450764 -0.0231907 -0.0493698
internal_weight=460.312 346.939 324.532 303.888 20.6442 113.373 16.0553 5.38882 97.3176 17.0101 80.3076
internal_count=14041 4694 2353 2182 171 9347 832 208 8515 1275 7240
cat_boundaries=0 1 2 3
cat_threshold=34 1 4
is_linear=0
shrinkage=0.05


Tree=30
num_leaves=11
num_cat=3
split_feature=0 1 44 2 44 4 0 5 21 35
split_gain=88.5444 35.0879 22.4498 31.4835 12.9641 3.82643 5.17124 10.5021 3.98481 18.0611
threshold=0 1 30.800000000000004 11.500000000000002 27.900000000000002 0.96904697354198299 2 0.029024409397335454 24.950000000000003 86.931547500000008
decision_type=1 1 2 2 2 2 1 2 2 2
left_child=1 -1 4 -4 -3 8 7 -7 -2 -10
right_child=5 2 3 -5 -6 6 -8 -9 9 -11
leaf_value=-0.04818256616645742 -0.04987726205982046 0.015675883844234597 0.017819708075810393 0.10237214327019428 -0.049798783548175525 -0.035319263144563219 -0.025004601813978761 0.087532894261358796 -0.04504500768565739 0.066187547891110032
leaf_weight=21.107980559580028 73.05147800501436 12.003136847168209 282.94532215408981 10.521425336599348 17.808270245790482 2.2157155657187104 10.461027794517575 3.2545370878651738 16.942182072438303 3.6468545310199252
leaf_count=2313 7002 117 1962 66 169 111 632 92 1462 89
internal_value=-6.73311e-05 0.0124971 0.0169808 0.0211885 -0.0237832 -0.0370892 -0.0164069 0.0157153 -0.0443164 -0.0231896
internal_weight=453.958 344.386 323.278 293.467 29.8114 109.572 15.9313 5.47025 93.6405 20.589
internal_count=14015 4627 2314 2028 286 9388 835 203 8553 1551
cat_boundaries=0 1 2 3
cat_threshold=34 1 4
is_linear=0
shrinkage=0.05


Tree=31
num_leaves=6
num_cat=2
split_feature=0 1 24 39 33
split_gain=78.6978 49.0962 19.94 22.7077 9.10531
threshold=0 1 36.500000000000007 16.350000000000005 39.150000000000013
decision_type=1 1 2 2 2
left_child=1 -1 4 -4 -3
right_child=-2 2 3 -5 -6
leaf_value=-0.049043482830532927 -0.044190477246709318 -0.022166209421688197 -0.016287517836219047 0.024362893227808744 0.060960719134969199
leaf_weight=32.360835425555706 74.709120233543217 42.744911866262555 38.777165566571057 263.35036014113575 2.6058805845677844
leaf_count=3537 7002 681 469 2324 22
internal_value=-0.000836425 0.00871585 0.0144704 0.019109 -0.0161775
internal_weight=454.548 379.839 347.478 302.128 45.3508
internal_count=14035 7033 3496 2793 703
cat_boundaries=0 1 2
cat_threshold=38 1
is_linear=0
shrinkage=0.05


Tree=32
num_leaves=6
num_cat=2
split_feature=0 1 35 43 2
split_gain=74.8421 45.856 25.6858 22.1092 10.1613
threshold=0 1 64.55952400000001 38.900000000000006 3.5000000000000004
decision_type=1 1 2 2 2
left_child=1 -1 4 -4 -3
right_child=-2 2 3 -5 -6
leaf_value=-0.048943656240156119 -0.043914763783246241 -0.048259076458152361 0.019960358709658642 -0.058815555941955956 0.016192976585146186
leaf_weight=30.789720636792481 71.609690729528666 21.004316142760221 316.82825917750597 8.2175504965707642 7.8958068620413533
leaf_count=3529 7030 396 2946 79 84
internal_value=-0.000655343 0.00840982 0.0137598 0.0177945 -0.0306975
internal_weight=456.345 384.736 353.946 325.046 28.9001
internal_count=14064 7034 3505 3025 480
cat_boundaries=0 1 2
cat_threshold=38 1
is_linear=0
shrinkage=0.05


Tree=33
num_leaves=9
num_cat=2
split_feature=0 0 36 34 37 32 4 5
split_gain=69.9116 20.5698 28.2792 24.5919 30.5164 19.3408 18.8686 9.07393
threshold=0 1 97.500000000000014 25.150000000000002 31.500000000000004 26.028571500000002 0.92273069556937581 -0.97507822412530132
decision_type=1 1 2 2 2 2 2 2
left_child=1 3 7 4 -1 -4 -5 -3
right_child=-2 2 5 6 -6 -7 -8 -9
leaf_value=-0.053371986345070746 -0.04364117520273874 0.042960109541586571 0.072994449686997781 0.033526887966266669 0.018758889789410066 0.0015392199033111733 0.13215793403763176 -0.042499544156374865
leaf_weight=15.065994297619907 68.632895954884589 2.5408436050638548 9.2990744300186616 16.024934219662104 171.05630469555035 118.2368355775252 6.675143029075115 45.876336408779025
leaf_count=270 7010 63 184 153 1879 2651 57 1787
internal_value=-0.000934927 0.00770749 -0.00483972 0.0179929 0.0126661 0.00727662 0.0668827 -0.0372362
internal_weight=453.408 384.775 175.953 208.822 186.122 127.536 22.7001 48.4172
internal_count=14054 7044 4685 2359 2149 2835 210 1850
cat_boundaries=0 1 2
cat_threshold=38 2
is_linear=0
shrinkage=0.05


Tree=34
num_leaves=6
num_cat=2
split_feature=0 1 44 44 28
split_gain=68.2665 42.1438 17.2004 28.5763 6.84857
threshold=0 1 47.350000000000009 40.150000000000006 40.150000000000013
decision_type=1 1 2 2 2
left_child=1 -1 3 -3 -4
right_child=-2 2 4 -5 -6
leaf_value=-0.048805242063888504 -0.043388145167891766 0.0060378428500491299 -0.049345641297193044 0.037665681884768119 0.0073730646275653776
leaf_weight=28.883025420829654 66.048949528019875 230.87737117800862 13.777351243421437 102.72905349172652 7.9539699014276257
leaf_count=3499 7035 2371 183 913 63
internal_value=-0.00034918 0.00805989 0.0130323 0.0158606 -0.0291747
internal_weight=450.27 384.221 355.338 333.606 21.7313
internal_count=14064 7029 3530 3284 246
cat_boundaries=0 1 2
cat_threshold=38 1
is_linear=0
shrinkage=0.05


Tree=35
num_leaves=6
num_cat=2
split_feature=1 0 39 32 35
split_gain=59.4548 37.9485 16.7983 20.3641 0.366573
threshold=0 1 14.750000000000002 26.028571500000002 87.348214000000013
decision_type=1 1 2 2 2
left_child=-1 2 4 -4 -2
right_child=1 -3 3 -5 -6
leaf_value=-0.04959118576403293 -0.051219908536932694 -0.038407719238904736 0.066160259170234118 0.0096713024586609214 -0.011795533161567916
leaf_weight=56.105710602831095 9.6647144677117449 34.45479049673304 15.82449252065271 326.68182652909309 1.373373471200465
leaf_count=7038 147 3481 144 3206 18
internal_value=-0.00195408 0.00504414 0.0101716 0.0124662 -0.047702
internal_weight=444.105 387.999 353.544 342.506 11.0381
internal_count=14034 6996 3515 3350 165
cat_boundaries=0 1 2
cat_threshold=1 38
is_linear=0
shrinkage=0.05


Tree=36
num_leaves=6
num_cat=2
split_feature=0 1 4 35 34
split_gain=56.7998 34.9086 19.6044 35.8529 16.7592
threshold=0 1 -0.77245553105869302 85.943452500000021 23.450000000000003
decision_type=1 1 2 2 2
left_child=1 -1 4 -4 -3
right_child=-2 2 3 -5 -6
leaf_value=-0.048614781944031217 -0.042811217012345151 -0.046299734176736482 0.0055358811442801185 0.046577976551845618 0.0041294610717587917
leaf_weight=26.451188776642084 60.732970902230591 24.197776628658175 213.4351442437619 70.035499577410519 47.176219047047198
leaf_count=3520 7049 232 2358 479 412
internal_value=-0.00198055 0.00559153 0.00991463 0.015804 -0.0133709
internal_weight=442.029 381.296 354.845 283.471 71.374
internal_count=14050 7001 3481 2837 644
cat_boundaries=0 1 2
cat_threshold=38 1
is_linear=0
shrinkage=0.05


Tree=37
num_leaves=9
num_cat=2
split_feature=0 0 36 34 37 7 19 5
split_gain=56.8307 21.4036 24.489 20.5502 20.3547 17.5265 17.4719 8.71018
threshold=0 1 97.500000000000014 25.450000000000003 31.500000000000004 31.435416500000006 25.918055500000005 -0.97507822412530132
decision_type=1 1 2 2 2 2 2 2
left_child=1 3 7 4 -1 -5 -4 -3
right_child=-2 2 6 5 -6 -7 -8 -9
leaf_value=-0.039797612470168525 -0.042446250468117765 0.041227490360040697 0.068848569085449035 0.089990462289939677 0.018039597861551591 -0.03704380808941176 -0.00029263125250572381 -0.042273343468647688
leaf_weight=15.688120208214967 57.718390222173184 2.5767036555334917 8.8995815017260593 14.445410119369628 177.82442622026429 2.714633096009492 118.51704511744902 44.20533535676077
leaf_count=275 7001 64 178 126 1920 26 2654 1772
internal_value=-0.000495173 0.00681329 -0.00603095 0.017206 0.0131702 0.068961 0.00503515 -0.0369076
internal_weight=442.59 384.871 174.199 210.673 193.513 17.16 127.417 46.782
internal_count=14016 7015 4668 2347 2195 152 2832 1836
cat_boundaries=0 1 2
cat_threshold=38 2
is_linear=0
shrinkage=0.05


Tree=38
num_leaves=5
num_cat=2
split_feature=1 0 43 43
split_gain=54.2539 33.5248 17.3889 38.1513
threshold=0 1 38.900000000000006 34.250000000000007
decision_type=1 1 2 2
left_child=-1 2 3 -2
right_child=1 -3 -4 -5
leaf_value=-0.049432439726983961 0.007843398993153743 -0.037368948692147623 -0.058960029449985574 0.079244441385335082
leaf_weight=50.09209565538913 332.89887183904648 31.062983319628984 7.9014799045398822 18.850049898959696
leaf_count=7061 3303 3530 80 134
internal_value=-0.000974139 0.00534888 0.00989363 0.0118835
internal_weight=440.805 390.713 359.65 351.749
internal_count=14108 7047 3517 3437
cat_boundaries=0 1 2
cat_threshold=1 38
is_linear=0
shrinkage=0.05


Tree=39
num_leaves=9
num_cat=1
split_feature=1 44 44 43 38 27 30 35
split_gain=51.3313 14.1185 16.3111 24.1813 20.245 5.21312 4.17905 0.408827
threshold=0 47.350000000000009 40.150000000000006 28.350000000000005 7.0270830000000002 33.750000000000007 19.050000000000004 87.44642850000001
decision_type=1 2 2 2 2 2 2 2
left_child=-1 2 4 -4 -2 7 -7 -3
right_child=1 5 3 -5 -6 6 -8 -9
leaf_value=-0.049360004183067227 0.017686124146816747 -0.053889318048669921 0.011612065741369436 0.069131613859411439 -0.010969933721781367 0.022489000561745926 -0.035932521120025096 -0.010759048789497263
leaf_weight=47.357133379206061 102.79628593614325 12.058429810218515 89.466988367959857 22.157993539236486 150.7401367938146 5.8239457905292493 4.5660055996850133 1.1701467605307687
leaf_count=7000 1777 321 1522 257 2935 88 70 21
internal_value=-0.000772918 0.00525691 0.00770871 0.0235424 0.000672496 -0.0314233 -0.00408579 -0.0510985
internal_weight=436.137 388.78 365.161 111.625 253.536 23.6185 10.39 13.2286
internal_count=13991 6991 6491 1779 4712 500 158 342
cat_boundaries=0 1
cat_threshold=1
is_linear=0
shrinkage=0.05


Tree=40
num_leaves=6
num_cat=2
split_feature=0 1 24 4 38
split_gain=47.9331 29.0882 16.5686 22.6177 8.58212
threshold=0 1 36.500000000000007 -0.65234524191686594 13.1619045
decision_type=1 1 2 2 2
left_child=1 -1 4 -4 -3
right_child=-2 2 3 -5 -6
leaf_value=-0.048272018587774676 -0.041716873897993362 -0.027569236369225841 -0.0080080227044712123 0.021222817746090545 0.039129025261787936
leaf_weight=22.815660730004311 52.272986559197307 39.014688299037516 92.704246276989579 226.47646196186543 4.5957702584564677
leaf_count=3526 7011 656 805 2013 44
internal_value=-0.00135821 0.00515235 0.00877726 0.0127344 -0.0198209
internal_weight=437.88 385.607 362.791 319.181 43.6105
internal_count=14055 7044 3518 2818 700
cat_boundaries=0 1 2
cat_threshold=38 1
is_linear=0
shrinkage=0.05


Tree=41
num_leaves=6
num_cat=2
split_feature=0 1 40 43 38
split_gain=46.5648 27.2874 17.0867 25.5877 10.2211
threshold=0 1 6.7500000000000009 5.3500000000000005 6.3586310000000017
decision_type=1 1 2 2 2
left_child=1 -1 4 -4 -3
right_child=-2 2 3 -5 -6
leaf_value=-0.04811000801420575 -0.041453068484194597 0.044887710631542621 0.090808062107312792 0.011105334934233713 -0.01948707062536369
leaf_weight=21.43176934402436 50.507556936237961 5.8709524255245915 9.4695413494482619 285.51682001445442 63.476704127155244
leaf_count=3497 7044 80 89 2395 936
internal_value=-0.00101613 0.00530628 0.0087168 0.0139621 -0.0134765
internal_weight=436.273 385.766 364.334 294.986 69.3477
internal_count=14041 6997 3500 2484 1016
cat_boundaries=0 1 2
cat_threshold=38 1
is_linear=0
shrinkage=0.05


Tree=42
num_leaves=9
num_cat=2
split_feature=1 0 38 4 43 39 32 32
split_gain=40.3079 25.1765 27.4592 20.7699 21.2484 21.166 18.4538 1.09111
threshold=0 1 10.182142500000003 -0.63921128368950708 34.250000000000007 17.250000000000004 26.010714500000002 26.053571500000004
decision_type=1 1 2 2 2 2 2 2
left_child=-1 3 6 4 -2 -5 -3 -4
right_child=1 2 7 5 -6 -7 -8 -9
leaf_value=-0.049169937710269319 -0.021736623410539096 0.063583027935386269 0.0023020946701729434 -0.018897022799892693 0.10476605550020145 0.029225874929238279 -0.0080316321217901235 -0.054994410653170789
leaf_weight=41.637839565053582 50.728982054628432 8.698493763804434 0.77186653949320216 26.406601998955011 2.5605036569759241 144.06792815681547 123.38901209644973 31.692334349267185
leaf_count=7062 526 196 29 326 30 1459 3330 1125
internal_value=-0.00302182 0.00204008 -0.0123964 0.0126529 -0.0138405 0.0217049 -0.0028732 -0.053604
internal_weight=429.954 388.316 164.552 223.764 53.2895 170.475 132.088 32.4642
internal_count=14083 7021 4680 2341 556 1785 3526 1154
cat_boundaries=0 1 2
cat_threshold=1 6
is_linear=0
shrinkage=0.05


Tree=43
num_leaves=5
num_cat=2
split_feature=0 1 43 43
split_gain=39.6662 23.276 16.0874 34.5581
threshold=0 1 38.900000000000006 34.250000000000007
decision_type=1 1 2 2
left_child=1 -1 3 -3
right_child=-2 2 -4 -5
leaf_value=-0.047885371783973826 -0.040746419694712571 0.0045388699774703938 -0.059154420201319391 0.070385024105569557
leaf_weight=19.546624530572444 46.27558292588219 334.50832514930516 8.0264421105384809 20.203305454924703
leaf_count=3490 6993 3308 81 133
internal_value=-0.00194708 0.00380739 0.00682158 0.0084766
internal_weight=428.56 382.285 362.738 354.712
internal_count=14005 7012 3522 3441
cat_boundaries=0 1 2
cat_threshold=38 1
is_linear=0
shrinkage=0.05


Tree=44
num_leaves=6
num_cat=2
split_feature=0 1 4 35 34
split_gain=39.9911 23.4531 16.9668 28.3081 12.5221
threshold=0 1 -0.78326540922535159 85.610119000000012 23.450000000000003
decision_type=1 1 2 2 2
left_child=1 -1 4 -4 -3
right_child=-2 2 3 -5 -6
leaf_value=-0.047814335079489761 -0.040493210638394915 -0.042327187703029012 0.002545521365451013 0.035970832713563008 0.0012514731790473526
leaf_weight=19.061128194443882 44.817356915678829 24.364025373011827 202.28623165842146 91.334530092775822 46.928265929222107
leaf_count=3559 6986 236 2266 608 391
internal_value=-0.000917238 0.00472437 0.00772099 0.0130297 -0.014021
internal_weight=428.792 383.974 364.913 293.621 71.2923
internal_count=14046 7060 3501 2874 627
cat_boundaries=0 1 2
cat_threshold=38 1
is_linear=0
shrinkage=0.05


Tree=45
num_leaves=5
num_cat=2
split_feature=0 1 43 43
split_gain=37.3428 21.1618 13.6367 28.7135
threshold=0 1 38.900000000000006 34.250000000000007
decision_type=1 1 2 2
left_child=1 -1 3 -3
right_child=-2 2 -4 -5
leaf_value=-0.04762500548304071 -0.040191412580259399 0.0046731857518429367 -0.057476493359493189 0.064446861811912226
leaf_weight=17.767632678151131 43.26804915536195 336.48984810803086 7.0788293620571485 20.384493607096374
leaf_count=3482 7046 3317 76 131
internal_value=-0.0013708 0.00406692 0.00682546 0.00825797
internal_weight=424.989 381.721 363.953 356.874
internal_count=14052 7006 3524 3448
cat_boundaries=0 1 2
cat_threshold=38 1
is_linear=0
shrinkage=0.05


Tree=46
num_leaves=14
num_cat=2
split_feature=0 36 32 37 20 0 32 19 5 33 4 40 12
split_gain=37.5506 19.6525 16.1601 25.8079 17.1623 16.0401 12.5218 11.7934 5.36417 6.66349 3.23142 1.99439 1.91475
threshold=0 97.500000000000014 29.670238000000005 31.500000000000004 33.150000000000013 1 26.028571500000002 31.047222000000001 -0.97507822412530132 33.95000000000001 0.96465729447553372 1.7500000000000002 37.500000000000007
decision_type=1 2 2 2 2 1 2 2 2 2 2 2 2
left_child=2 8 3 -1 -5 6 -3 12 9 -2 -10 -9 -4
right_child=1 5 7 4 -6 -7 -8 11 10 -11 -12 -13 -14
leaf_value=-0.053044380213526067 -0.036517831405511091 0.055174249928609864 0.033491606484738277 0.0066822184118618859 0.042734855348673287 -0.035259999088517173 -0.0021457299715341217 0.021705150763656523 -0.049557909678847156 0.082081853072492772 -0.018459600793057359 -0.033675090026519576 0.099292361069682311
leaf_weight=14.001930432394145 1.7051761304028326 9.3860330618917924 2.8180147516541174 140.65685180341825 42.340462132822722 25.605866235680878 114.61311101121828 2.3693538890220216 45.386502023320645 1.1845503174699841 12.187820514664052 2.1802931651473045 8.427354946266858
leaf_count=273 102 178 25 1428 499 4309 2643 20 3710 55 791 20 74
internal_value=-0.000930859 -0.0155042 0.0135523 0.010116 0.0152107 -0.00641251 0.00240718 0.061326 -0.0400516 0.0207019 -0.0434023 -0.00612009 0.0868847
internal_weight=422.863 210.069 212.794 196.999 182.997 149.605 123.999 15.795 60.464 2.88973 57.5743 4.54965 11.2454
internal_count=14127 11788 2339 2200 1927 7130 2821 139 4658 157 4501 40 99
cat_boundaries=0 1 2
cat_threshold=2 36
is_linear=0
shrinkage=0.05


Tree=47
num_leaves=9
num_cat=1
split_feature=1 44 5 40 5 7 30 43
split_gain=35.5047 14.3989 19.3412 21.0581 19.022 5.09845 2.41193 1.17531
threshold=0 47.350000000000009 -0.73865259438682551 35.20000000000001 -0.27694043983797378 26.618750000000002 19.050000000000004 29.550000000000004
decision_type=1 2 2 2 2 2 2 2
left_child=-1 2 3 -2 -4 6 -3 -7
right_child=1 5 4 -5 -6 7 -8 -9
leaf_value=-0.048848480694450427 -0.044819851628976261 0.025868888060395608 -0.024714404055631366 0.028647287983611876 0.0064989298306759816 -0.053164972573976524 -0.02996609758341259 -0.0069766031622410275
leaf_weight=33.911534688435495 9.7887501660734397 3.8690274753607836 65.745925746392459 111.68555145850405 180.70104095106944 14.198729115538301 2.2221374870277941 1.8765799058601249
leaf_count=7013 160 60 1205 1440 3737 357 37 33
internal_value=-0.000536991 0.00377704 0.00616896 0.0224095 -0.00189424 -0.0344769 0.00414621 -0.0484974
internal_weight=423.999 390.088 367.921 121.474 246.447 22.1665 6.09116 16.0753
internal_count=14042 7029 6542 1600 4942 487 97 390
cat_boundaries=0 1
cat_threshold=1
is_linear=0
shrinkage=0.05


Tree=48
num_leaves=6
num_cat=2
split_feature=0 1 44 44 7
split_gain=34.8603 19.7525 14.3639 15.8481 5.79253
threshold=0 1 47.350000000000009 40.150000000000006 26.787500000000005
decision_type=1 1 2 2 2
left_child=1 -1 3 -3 -4
right_child=-2 2 4 -5 -6
leaf_value=-0.047360199304310097 -0.039361784294075476 0.002725003898235271 0.00056901311723681102 0.025910197481951183 -0.051957450402440521
leaf_weight=16.236635450040922 39.301237061154097 238.53747143317014 8.5155913019552845 105.84310015384108 12.592123061418532
leaf_count=3518 7042 2364 71 896 189
internal_value=-0.000180103 0.00484802 0.00742253 0.00990521 -0.0316992
internal_weight=421.026 381.725 365.488 344.381 21.1077
internal_count=14080 7038 3520 3260 260
cat_boundaries=0 1 2
cat_threshold=38 1
is_linear=0
shrinkage=0.05


Tree=49
num_leaves=7
num_cat=1
split_feature=0 37 44 2 5 44
split_gain=29.8025 14.1039 14.8832 21.7781 7.63993 7.36814
threshold=0 29.500000000000004 30.800000000000004 11.500000000000002 -0.16799793862756093 28.250000000000004
decision_type=1 2 2 2 2 2
left_child=1 4 5 -4 -1 -3
right_child=-2 2 3 -5 -6 -7
leaf_value=0.033943919426368756 -0.039081473391316027 -0.0010011070033546442 0.0052025765551142571 0.070112239330694298 -0.051660836920959165 -0.047260213906423265
leaf_weight=2.3678470856975791 38.102421873016283 15.69897750020027 311.37479733559303 12.496085899649186 15.86610628874041 18.177111167926341
leaf_count=42 7089 395 5304 189 604 439
internal_value=-0.00247572 0.00230338 0.00459478 0.00791513 -0.0393574 -0.026466
internal_weight=414.083 375.981 357.747 323.871 18.234 33.8761
internal_count=14062 6973 6327 5493 646 834
cat_boundaries=0 1
cat_threshold=38
is_linear=0
shrinkage=0.05


Tree=50
num_leaves=9
num_cat=2
split_feature=1 0 2 5 39 38 38 38
split_gain=29.6838 20.413 28.6233 29.4578 18.5769 18.5192 15.4084 9.8962
threshold=0 1 9.5000000000000018 -0.6391983530350368 17.250000000000004 6.413393000000001 5.6827385000000001 6.8410710000000003
decision_type=1 1 2 2 2 2 2 2
left_child=-1 4 3 -3 7 -4 -6 -2
right_child=1 2 5 -5 6 -7 -8 -9
leaf_value=-0.048655394792184933 0.0016105388966060085 -0.0029956969788841191 0.061006287145780574 -0.053625673461663852 -0.062913430712134497 -0.0036215835986953314 0.020468582065338178 -0.051130807292080221
leaf_weight=30.403067529434338 20.562208469957113 65.985820030327886 17.004204955417663 50.056314640212804 4.7603464359417549 28.571694417390972 184.86951402109116 14.595283775590358
leaf_count=7043 266 1440 364 2296 42 593 1837 173
internal_value=-0.00190481 0.00188971 -0.0112811 -0.0251072 0.0113637 0.021283 0.0180564 -0.0210931
internal_weight=416.808 386.405 161.618 116.042 224.787 45.5759 189.63 35.1575
internal_count=14054 7011 4693 3736 2318 957 1879 439
cat_boundaries=0 1 2
cat_threshold=1 6
is_linear=0
shrinkage=0.05


Tree=51
num_leaves=6
num_cat=2
split_feature=0 43 43 0 32
split_gain=27.6127 13.2754 22.9973 15.3043 3.79517
threshold=0 38.900000000000006 35.600000000000001 1 26.971428500000005
decision_type=1 2 2 1 2
left_child=1 2 3 -1 -4
right_child=-2 -3 4 -5 -6
leaf_value=0.010418025637982237 -0.038353711257903121 -0.058251344252794962 9.9247849478973282e-05 -0.0096437147212969834 0.079117367659102211
leaf_weight=204.1752094719559 35.199824502924457 7.7671916855033478 1.753676255699246 159.72505053645 10.505990322679279
leaf_count=2253 7029 150 20 4495 126
internal_value=-0.00184887 0.00251989 0.00399267 0.00163134 0.0686742
internal_weight=419.127 383.927 376.16 363.9 12.2597
internal_count=14073 7044 6894 6748 146
cat_boundaries=0 1 2
cat_threshold=38 2
is_linear=0
shrinkage=0.05


Tree=52
num_leaves=9
num_cat=2
split_feature=1 0 2 5 33 39 24 33
split_gain=28.1361 18.8554 31.3716 27.3491 18.5362 18.1486 17.8859 13.6636
threshold=0 1 9.5000000000000018 -0.6523320455745395 32.050000000000004 18.550000000000004 36.500000000000007 31.250000000000004
decision_type=1 1 2 2 2 2 2 2
left_child=-1 5 3 -3 -4 7 -7 -2
right_child=1 2 4 -5 -6 6 -8 -9
leaf_value=-0.048517676697701961 0.052896009855448456 -0.0037886220023738561 0.0403763494218446 -0.053456756919841857 -0.032255248445158362 -0.015034991363811465 0.027447787516919009 -0.019910534703337437
leaf_weight=28.258283831877634 6.3218161882832637 63.61308919172734 35.33280295226723 48.342786201508716 10.75831768196076 29.375316644087434 140.17609964031726 54.551704802084714
leaf_count=7023 81 1404 696 2337 250 421 1224 625
internal_value=-0.00123241 0.00232296 -0.0106171 -0.0255188 0.0230982 0.0111816 0.0200425 -0.0116168
internal_weight=416.73 388.472 158.047 111.956 46.0911 230.425 169.551 60.8735
internal_count=14061 7038 4687 3741 946 2351 1645 706
cat_boundaries=0 1 2
cat_threshold=1 6
is_linear=0
shrinkage=0.05


Tree=53
num_leaves=9
num_cat=1
split_feature=0 44 39 2 20 8 4 35
split_gain=25.661 13.3932 14.9292 25.3442 12.5098 5.24934 2.47314 1.68226
threshold=0 47.350000000000009 16.350000000000005 10.500000000000002 30.550000000000004 29.950000000000003 -0.35846811432664222 88.062500000000014
decision_type=1 2 2 2 2 2 2 2
left_child=1 2 4 -4 -1 6 -3 -7
right_child=-2 5 3 -5 -6 7 -8 -9
leaf_value=0.042252583784371932 -0.037751040561536428 -0.029006420407193163 0.0038414423749169807 0.049693007128574003 -0.032784372130481895 -0.054111424762216226 0.0271732131130001 0.0022855141988678894
leaf_weight=5.6097872373647979 33.020849626976997 2.3642528506461531 278.57629195251502 32.825316188391298 37.468649364309385 14.168490217998622 3.719777062302458 1.3618389051407565
leaf_count=102 7054 48 5072 447 884 375 51 22
internal_value=-0.00164244 0.00255298 0.00498753 0.00881832 -0.022276 -0.0347003 0.00432897 -0.0493269
internal_weight=409.115 376.094 354.48 311.402 43.0784 21.6144 6.08403 15.5303
internal_count=14055 7001 6505 5519 986 496 99 397
cat_boundaries=0 1
cat_threshold=38
is_linear=0
shrinkage=0.05


Tree=54
num_leaves=6
num_cat=2
split_feature=1 0 39 44 25
split_gain=26.7961 15.4138 13.7842 14.2762 2.72591
threshold=0 1 14.850000000000003 46.600000000000001 5.4958335000000007
decision_type=1 1 2 2 2
left_child=-1 2 4 -4 -2
right_child=1 -3 3 -5 -6
leaf_value=-0.048396856504723341 0.0049531571493251457 -0.031952723644894758 0.010354340789292052 -0.02606385948696718 -0.052047973866074515
leaf_weight=26.460920691257343 2.3385686604306093 19.070169241400436 326.63815688481554 28.36666470952332 11.101758494973181
leaf_count=7002 29 3485 3022 318 171
internal_value=-0.000665371 0.00271008 0.00530705 0.00737931 -0.0424738
internal_weight=413.976 387.515 368.445 355.005 13.4403
internal_count=14027 7025 3540 3340 200
cat_boundaries=0 1 2
cat_threshold=1 38
is_linear=0
shrinkage=0.05


Tree=55
num_leaves=6
num_cat=2
split_feature=1 0 39 38 25
split_gain=25.9718 15.1622 13.6296 15.4145 0.299303
threshold=0 1 14.750000000000002 7.0422620000000009 5.0236110000000007
decision_type=1 1 2 2 2
left_child=-1 2 4 -4 -2
right_child=1 -3 3 -5 -6
leaf_value=-0.048293591017534172 -0.012743328221576998 -0.031588136163064211 0.023981935838419427 0.0010159989591761373 -0.050653903781503043
leaf_weight=25.152531416621059 1.4029881162568916 18.49992301594466 101.52900422271341 254.56646456103772 9.3207023059949261
leaf_count=6990 16 3507 831 2534 153
internal_value=-7.2311e-05 0.0031923 0.0057305 0.00761281 -0.0472041
internal_weight=410.472 385.319 366.819 356.095 10.7237
internal_count=14031 7041 3534 3365 169
cat_boundaries=0 1 2
cat_threshold=1 38
is_linear=0
shrinkage=0.05


Tree=56
num_leaves=9
num_cat=1
split_feature=1 4 35 38 33 43 38 19
split_gain=23.3843 14.5787 17.7171 26.2109 14.9718 14.5171 7.65078 0.0797426
threshold=0 -0.67803021058859214 84.452381000000017 10.283929000000002 31.950000000000003 34.250000000000007 6.0776785000000002 26.220833000000002
decision_type=1 2 2 2 2 2 2 2
left_child=-1 5 4 -4 -3 6 -2 -7
right_child=1 2 3 -5 -6 7 -8 -9
leaf_value=-0.048209666199573134 0.0075968026171392006 0.038125143495320604 0.032003318110209754 -0.027181324007967824 -0.008600250182222503 0.018283965704512725 -0.029174918749796754 0.049684629771730104
leaf_weight=24.1551042876672 17.328631433658302 18.29370641335845 101.70637115207501 22.065864977659658 153.28286149050109 1.8972398457117359 68.197354465490207 6.1347380473744124
leaf_count=7032 271 326 1256 329 3569 22 1171 93
internal_value=-0.00148809 0.00153001 0.00698059 0.0213187 -0.00342628 -0.0155685 -0.0217228 0.045113
internal_weight=413.062 388.907 295.349 123.772 171.577 93.558 85.526 8.03198
internal_count=14069 7037 5480 1585 3895 1557 1442 115
cat_boundaries=0 1
cat_threshold=1
is_linear=0
shrinkage=0.05


Tree=57
num_leaves=9
num_cat=1
split_feature=1 6 4 32 34 5 43 11
split_gain=22.7585 11.2137 16.1233 18.0488 14.2459 9.28363 10.9667 1.58248
threshold=0 2.5000000000000004 -0.78326540922535159 26.409821500000003 23.450000000000003 -0.77243990499604276 4.2500000000000009 99.500000000000014
decision_type=1 2 2 2 2 2 2 2
left_child=-1 5 4 -4 -3 7 -7 -2
right_child=1 2 3 -5 -6 6 -8 -9
leaf_value=-0.048095493206301396 -0.060417789017357587 -0.047926561280002 0.04591604368629737 0.0067660586840856199 0.00038925922786909304 -0.028879300803180977 0.014189085886856179 -5.5386043229170611e-05
leaf_weight=22.888388532679528 10.462714262306687 21.276578640798107 33.337683889782056 210.28597005526535 48.360958695178851 28.263917897362262 28.978015115950257 1.2014278657734401
leaf_count=6975 183 424 532 3704 785 855 541 16
internal_value=-0.000747583 0.00220625 0.00622984 0.0122892 -0.0148423 -0.0159133 -0.00720719 -0.0546957
internal_weight=405.056 382.167 313.261 243.624 69.6375 68.9061 57.2419 11.6641
internal_count=14015 7040 5445 4236 1209 1595 1396 199
cat_boundaries=0 1
cat_threshold=1
is_linear=0
shrinkage=0.05


Tree=58
num_leaves=15
num_cat=1
split_feature=0 2 34 4 43 33 4 43 35 33 19 4 33 4
split_gain=22.6791 24.5555 15.7698 15.0145 26.591 14.0202 19.6795 13.9895 12.9741 33.9071 11.764 8.95308 6.86036 2.24737
threshold=0 9.5000000000000018 21.700000000000006 -0.63921128368950708 34.250000000000007 32.050000000000004 -0.61237985104942771 38.900000000000006 84.056547500000008 32.250000000000007 27.828472500000004 -0.97113884758256674 30.600000000000005 0.22700754078277599
decision_type=1 2 2 2 2 2 2 2 2 2 2 2 2 2
left_child=2 8 10 4 -4 6 -3 -5 13 -10 12 -7 -1 -2
right_child=1 5 3 7 -6 11 -8 -9 9 -11 -12 -13 -14 -15
leaf_value=0.029270544242031321 -0.018656317536302626 0.00025389724069499567 -0.020423984839369715 0.023358335098596542 0.090347325334376588 0.043067555309703444 0.075234447642848826 -0.056744671873515388 -0.0463444829481073 0.021959590834992354 0.098646287571758709 -0.054095433592530218 -0.053864840013989369 -0.05198593229870483
leaf_weight=2.248533451696864 7.4597312402911475 21.891108223004263 51.338718227343634 157.58947688643821 5.0515766432508817 2.3043671553023151 13.586443353910001 4.7157929518725714 36.750752357533202 34.173513867892325 0.65275083133019407 8.8035535484086704 16.228847974911332 40.662907334743068
leaf_count=46 612 874 1018 2861 76 84 489 105 1736 1315 20 417 533 3851
internal_value=-0.000983386 -0.0146386 0.00879298 0.0130081 -0.00909947 0.0150298 0.0302437 0.0206977 -0.0274964 -0.0135857 -0.0332787 -0.0320465 -0.0427646 -0.0473043
internal_weight=403.458 165.632 237.826 218.696 56.3903 46.5855 35.4776 162.305 119.047 70.9243 19.1301 11.1079 18.4774 48.1226
internal_count=14037 9378 4659 4060 1094 1864 1363 2966 7514 3051 599 501 579 4463
cat_boundaries=0 1
cat_threshold=6
is_linear=0
shrinkage=0.05


Tree=59
num_leaves=5
num_cat=2
split_feature=0 1 43 43
split_gain=22.2422 13.0301 12.8094 20.2958
threshold=0 1 38.900000000000006 35.600000000000001
decision_type=1 1 2 2
left_child=1 2 3 -1
right_child=-2 -3 -4 -5
leaf_value=0.004720381653535291 -0.035938936056321417 -0.046193596907454115 -0.057000632872623927 0.067973524494707838
leaf_weight=348.46657233219594 27.551555430050939 11.528878339566289 6.9894849080592385 12.172634415328501
leaf_count=3373 6975 3514 80 71
internal_value=0.000307436 0.0038724 0.00566858 0.00703742
internal_weight=406.709 379.158 367.629 360.639
internal_count=14013 7038 3524 3444
cat_boundaries=0 1 2
cat_threshold=38 2
is_linear=0
shrinkage=0.05


Tree=60
num_leaves=9
num_cat=2
split_feature=1 0 38 2 44 44 32 32
split_gain=20.4072 13.8679 24.8821 15.9941 15.1311 22.2336 13.9621 1.1943
threshold=0 1 10.182142500000003 4.5000000000000009 40.150000000000006 44.45000000000001 27.275297500000004 26.053571500000004
decision_type=1 1 2 2 2 2 2 2
left_child=-1 4 3 -3 6 -6 -2 -4
right_child=1 2 7 -5 5 -7 -8 -9
leaf_value=-0.04788739933417363 -0.015088782981227816 -0.048914228183337585 0.0056808236383887514 0.0057745054685661868 0.048668593049302239 -0.003861247842057677 0.015289692213680997 -0.055162561154532969
leaf_weight=20.894698470598087 74.484035215806216 14.201207909267394 0.64865793730132537 109.94386771484278 47.304416708648205 34.316328009590507 74.809350775089115 25.701663962565362
leaf_count=7045 813 998 28 2521 422 344 771 1140
internal_value=-0.000942895 0.00174736 -0.00969982 -0.000822321 0.0092375 0.0268037 0.000134001 -0.0535119
internal_weight=402.304 381.41 150.495 124.145 230.914 81.6207 149.293 26.3503
internal_count=14082 7037 4687 3519 2350 766 1584 1168
cat_boundaries=0 1 2
cat_threshold=1 6
is_linear=0
shrinkage=0.05


Tree=61
num_leaves=5
num_cat=2
split_feature=0 1 43 43
split_gain=19.0217 10.9256 10.68 19.5726
threshold=0 1 38.900000000000006 35.600000000000001
decision_type=1 1 2 2
left_child=1 2 3 -1
right_child=-2 -3 -4 -5
leaf_value=0.0026574534446537177 -0.035308168049465197 -0.045798884286044762 -0.055653156164717471 0.062675078510509047
leaf_weight=345.39733033301309 25.946019544731826 10.446991380071266 6.4049062002450219 13.146145990118383
leaf_count=3370 6992 3491 73 81
internal_value=-0.00107798 0.0022536 0.00381212 0.00502622
internal_weight=401.341 375.395 364.948 358.543
internal_count=14007 7015 3524 3451
cat_boundaries=0 1 2
cat_threshold=38 2
is_linear=0
shrinkage=0.05


Tree=62
num_leaves=9
num_cat=1
split_feature=0 25 39 43 44 4 22 44
split_gain=17.4942 9.79529 24.5817 14.7836 12.2894 12.0896 10.0372 7.46165
threshold=0 7.0027780000000002 18.650000000000002 28.350000000000005 30.800000000000004 -0.78326540922535159 59.513889000000013 27.200000000000003
decision_type=1 2 2 2 2 2 2 2
left_child=1 4 6 -4 7 -6 -3 -1
right_child=-2 2 3 -5 5 -7 -8 -9
leaf_value=0.019851915331230277 -0.034893640868705174 0.062633368217811874 -0.0028107238064720751 0.03203866582434791 -0.0061325413172710905 0.03207701232919722 -0.042287103675324018 -0.03912641355773349
leaf_weight=7.3402536553330746 24.968943738378584 1.5429219529032696 174.43738574837334 35.831265273038298 28.928584286710247 69.364985336316749 42.782429820392281 14.886145621770991
leaf_count=184 7005 46 3557 523 461 1027 869 374
internal_value=-0.00160258 0.00158585 -0.00393296 0.0032514 0.0133111 0.0208831 -0.0373336 -0.0196327
internal_weight=400.083 375.114 254.594 210.269 120.52 98.2936 44.3254 22.2264
internal_count=14046 7041 4995 4080 2046 1488 915 558
cat_boundaries=0 1
cat_threshold=38
is_linear=0
shrinkage=0.05


Tree=63
num_leaves=9
num_cat=2
split_feature=1 0 2 34 4 35 33 20
split_gain=18.2079 11.7403 25.8765 14.7442 13.863 13.588 13.3453 5.28371
threshold=0 1 9.5000000000000018 21.950000000000003 -0.63921128368950708 84.056547500000008 32.050000000000004 29.850000000000005
decision_type=1 1 2 2 2 2 2 2
left_child=-1 3 5 7 -5 -3 -4 -2
right_child=1 2 6 4 -6 -7 -8 -9
leaf_value=-0.047604307485220786 0.035305432127697073 -0.047118760067526515 0.03693455554395924 -0.0088821900586981018 0.020518783688269621 -0.0093360912133765052 -0.026281661875330199 -0.037728092894674076
leaf_weight=18.634940717834979 2.0226633520796922 36.935287839965895 33.998534572543576 53.150324862916023 156.40252419328317 65.624281250638887 10.171356560429556 19.461662441026419
leaf_count=7005 20 2222 694 545 1432 1530 248 339
internal_value=-0.000658418 0.00177695 -0.00894202 0.00860807 0.0130548 -0.0232666 0.0221177 -0.0295879
internal_weight=396.402 377.767 146.729 231.037 209.553 102.56 44.1699 21.4843
internal_count=14035 7030 4694 2336 1977 3752 942 359
cat_boundaries=0 1 2
cat_threshold=1 6
is_linear=0
shrinkage=0.05


Tree=64
num_leaves=7
num_cat=1
split_feature=1 37 32 35 32 5
split_gain=16.8818 11.5576 13.2123 22.5776 15.355 7.5234
threshold=0 29.500000000000004 27.275297500000004 85.464285500000017 26.396428500000003 -0.20180761162458913
decision_type=1 2 2 2 2 2
left_child=-1 5 4 -4 -3 -2
right_child=1 2 3 -5 -6 -7
leaf_value=-0.047480361182335014 0.035922628448217107 0.016837410987704377 0.0053828607579900541 0.05601694531242532 -0.013966366477519858 -0.051504206602769081
leaf_weight=17.767772603081539 2.194390345830473 54.808532995171845 136.47172283497639 25.315380764659494 146.48766808374785 14.362353987758977
leaf_count=7000 33 923 2772 288 2371 607
internal_value=-0.00118891 0.00109665 0.00300454 0.0136012 -0.0055374 -0.0385308
internal_weight=397.408 379.64 363.083 161.787 201.296 16.5567
internal_count=13994 6994 6354 3060 3294 640
cat_boundaries=0 1
cat_threshold=1
is_linear=0
shrinkage=0.05


Tree=65
num_leaves=9
num_cat=2
split_feature=1 0 2 5 39 38 22 33
split_gain=15.2182 9.69019 22.9283 22.4877 15.0601 14.5497 12.7573 9.51487
threshold=0 1 9.5000000000000018 -0.6523320455745395 18.550000000000004 5.9639880000000014 64.520833500000023 33.150000000000013
decision_type=1 1 2 2 2 2 2 2
left_child=-1 4 3 -3 7 -4 -6 -2
right_child=1 2 5 -5 6 -7 -8 -9
leaf_value=-0.047351030705416589 -0.027743091754949503 -0.0044733381027915976 0.073642929626455397 -0.052933810918678492 -0.023638703454599196 0.0041582737937970486 0.018557670745800978 0.016039246167724796
leaf_weight=16.949482700321823 42.390472670551389 59.330842769239098 8.4822148331440967 39.366607091622427 19.396040627267212 37.33604028262198 153.479686033912 16.617763034999371
leaf_count=7008 528 1401 176 2311 291 785 1352 177
internal_value=-0.00237206 -0.000226529 -0.00995995 -0.0241394 0.00602525 0.01832 0.0137147 -0.0153514
internal_weight=393.349 376.4 144.516 98.6974 231.884 45.8183 172.876 59.0082
internal_count=14029 7021 4673 3712 2348 961 1643 705
cat_boundaries=0 1 2
cat_threshold=1 6
is_linear=0
shrinkage=0.05


Tree=66
num_leaves=6
num_cat=1
split_feature=0 43 43 44 32
split_gain=16.1696 11.0119 15.3952 10.2802 2.87716
threshold=0 38.900000000000006 35.600000000000001 44.45000000000001 26.971428500000005
decision_type=1 2 2 2 2
left_child=1 2 3 -1 -4
right_child=-2 -3 4 -5 -6
leaf_value=0.0051043299375708538 -0.033792339940382769 -0.055575183490204384 -0.00038279433154745881 -0.019143822620225306 0.0631793933098347
leaf_weight=303.38306558749173 22.583960121148266 7.006061893887817 2.062737227883189 50.046150657813996 11.474799964809788
leaf_count=5773 7028 151 23 971 128
internal_value=-0.000544294 0.00238586 0.00370531 0.00162643 0.0541342
internal_weight=396.557 373.973 366.967 353.429 13.5375
internal_count=14074 7046 6895 6744 151
cat_boundaries=0 1
cat_threshold=38
is_linear=0
shrinkage=0.05


end of trees

feature_importances:
age_group=83
gender=67
day_of_year_sin=65
day_of_year_cos=40
rain_max_daily_7d=30
wind_gust_max_7d=29
wind_speed_max_7d=23
humidity_mean_7d=21
month=19
temperature_max_7d=19
wind_speed_mean_7d=19
temperature_mean_7d=18
humidity_min_7d=18
temperature_min_7d=15
temperature_min_3d=8
temperature_mean_3d=7
humidity_min_3d=7
temperature_mean_current=6
humidity_max_7d=6
wind_speed_mean_3d=5
temperature_max_3d=4
precipitation_sum_3d=4
precipitation_sum_7d=4
temperature_min_current=3
wind_speed_max_3d=3
humidity_mean_3d=2
rain_max_daily_3d=2
weather_code_current=1
temperature_max_current=1
humidity_max_current=1
humidity_min_current=1
wind_speed_mean_current=1
wind_speed_max_current=1
precipitation_sum_current=1
rain_sum_3d=1

parameters:
[boosting: gbdt]
[objective: binary]
[metric: binary_logloss]
[tree_learner: serial]
[device_type: cpu]
[data_sample_strategy: bagging]
[data: ]
[valid: ]
[num_iterations: 67]
[learning_rate: 0.05]
[num_leaves: 15]
[num_threads: 8]
[seed: 42]
[deterministic: 0]
[force_col_wise: 0]
[force_row_wise: 0]
[histogram_pool_size: -1]
[max_depth: 4]
[min_data_in_leaf: 20]
[min_sum_hessian_in_leaf: 0.001]
[bagging_fraction: 0.9]
[pos_bagging_fraction: 1]
[neg_bagging_fraction: 1]
[bagging_freq: 1]
[bagging_seed: 400]
[bagging_by_query: 0]
[feature_fraction: 0.9]
[feature_fraction_bynode: 1]
[feature_fraction_seed: 30056]
[extra_trees: 0]
[extra_seed: 12879]
[early_stopping_round: 0]
[early_stopping_min_delta: 0]
[first_metric_only: 0]
[max_delta_step: 0]
[lambda_l1: 0]
[lambda_l2: 1]
[linear_lambda: 0]
[min_gain_to_split: 0]
[drop_rate: 0.1]
[max_drop: 50]
[skip_drop: 0.5]
[xgboost_dart_mode: 0]
[uniform_drop: 0]
[drop_seed: 17869]
[top_rate: 0.2]
[other_rate: 0.1]
[min_data_per_group: 100]
[max_cat_threshold: 32]
[cat_l2: 10]
[cat_smooth: 10]
[max_cat_to_onehot: 4]
[top_k: 20]
[monotone_constraints: ]
[monotone_constraints_method: basic]
[monotone_penalty: 0]
[feature_contri: ]
[forcedsplits_filename: ]
[refit_decay_rate: 0.9]
[cegb_tradeoff: 1]
[cegb_penalty_split: 0]
[cegb_penalty_feature_lazy: ]
[cegb_penalty_feature_coupled: ]
[path_smooth: 0]
[interaction_constraints: ]
[verbosity: -1]
[saved_feature_importance_type: 0]
[use_quantized_grad: 0]
[num_grad_quant_bins: 4]
[quant_train_renew_leaf: 0]
[stochastic_rounding: 1]
[linear_tree: 0]
[max_bin: 255]
[max_bin_by_feature: ]
[min_data_in_bin: 3]
[bin_construct_sample_cnt: 200000]
[data_random_seed: 175]
[is_enable_sparse: 1]
[enable_bundle: 1]
[use_missing: 1]
[zero_as_missing: 0]
[feature_pre_filter: 1]
[pre_partition: 0]
[two_round: 0]
[header: 0]
[label_column: ]
[weight_column: ]
[group_column: ]
[ignore_column: ]
[categorical_feature: 0,1,3]
[forcedbins_filename: ]
[precise_float_parser: 0]
[parser_config_file: ]
[objective_seed: 16083]
[num_class: 1]
[is_unbalance: 0]
[scale_pos_weight: 1]
[sigmoid: 1]
[boost_from_average: 1]
[reg_sqrt: 0]
[alpha: 0.9]
[fair_c: 1]
[poisson_max_delta_step: 0.7]
[tweedie_variance_power: 1.5]
[lambdarank_truncation_level: 30]
[lambdarank_norm: 1]
[label_gain: ]
[lambdarank_position_bias_regularization: 0]
[eval_at: ]
[multi_error_top_k: 1]
[auc_mu_weights: ]
[num_machines: 1]
[local_listen_port: 12400]
[time_out: 120]
[machine_list_filename: ]
[machines: ]
[gpu_platform_id: -1]
[gpu_device_id: -1]
[gpu_device_id_list: ]
[gpu_use_dp: 0]
[num_gpu: 1]

end of parameters

pandas_categorical:[]
