tree
version=v4
num_class=1
num_tree_per_iteration=1
label_index=0
max_feature_idx=44
objective=binary sigmoid:1
feature_names=age_group gender month season day_of_year_sin day_of_year_cos weather_code_current temperature_mean_current temperature_max_current temperature_min_current humidity_mean_current humidity_max_current humidity_min_current wind_speed_mean_current wind_speed_max_current precipitation_sum_current rain_sum_current wind_gust_max_current rain_day_current temperature_mean_3d temperature_max_3d temperature_min_3d humidity_mean_3d humidity_max_3d humidity_min_3d wind_speed_mean_3d wind_speed_max_3d precipitation_sum_3d rain_sum_3d rain_days_3d rain_max_daily_3d wind_gust_max_3d temperature_mean_7d temperature_max_7d temperature_min_7d humidity_mean_7d humidity_max_7d humidity_min_7d wind_speed_mean_7d wind_speed_max_7d precipitation_sum_7d rain_sum_7d rain_days_7d rain_max_daily_7d wind_gust_max_7d
feature_infos=-1:0:1:2:3:4:5 -1:0:1 [1:12] -1:1:0 [-0.99999942202469239:0.99998555065071859] [-0.99997919295908244:0.9999907524084426] [0:61] [23.658332999999999:32.533332999999999] [25.899999999999999:39.200000000000003] [17.899999999999999:29.300000000000001] [48.958333000000003:91.625] [63:100] [23:86] [2.8541669999999999:19.695833] [6.4000000000000004:30.100000000000001] [0:63.100000000000001] [0:63.100000000000001] [14:56.899999999999999] [0:1] [23.766667000000002:32.427778000000004] [27.699999999999999:39.200000000000003] [17.899999999999999:28.100000000000001] [52.569443999999997:90.694444000000004] [73:100] [23:79] [4.125:17.329167000000002] [9.6999999999999993:30.100000000000001] [0:93.900000000000006] [0:93.900000000000006] [0:3] [0:63.100000000000001] [17.300000000000001:56.899999999999999] [24.365476000000001:32.235118999999997] [28.699999999999999:39.200000000000003] [17.899999999999999:27.5] [55.767856999999999:89.523809999999997] [77:100] [23:72] [4.5327380000000002:15.469643] [11.6:30.100000000000001] [0:163.90000000000001] [0:163.90000000000001] [0:7] [0:63.100000000000001] [23:56.899999999999999]
tree_sizes=1055 1070 1066 1082 1087 1076 1108 1091 1092 985 965 1096 774 773 776 776 774 775 777 905 686 671 683 792 685 790 792 771 776 682 1101 687 689 1633 792 689 792

Tree=0
num_leaves=9
num_cat=3
split_feature=1 0 40 34 34 19 34 0
split_gain=622.432 1058.91 188.369 128.275 119.459 93.0445 45.8457 35.1322
threshold=0 1 65.65000000000002 25.150000000000002 24.150000000000002 29.785416500000004 26.050000000000004 2
decision_type=1 1 2 2 2 2 2 1
left_child=-1 2 3 -2 -4 7 -7 -3
right_child=1 5 4 -5 -6 6 -8 -9
leaf_value=-3.1613905910403295 -2.9974169342266115 -3.0988273231914989 -2.8954535851124206 -2.7823186250961154 -2.667597476642066 -2.9272016274476518 -3.1242408658269296 -3.1497686089857537
leaf_weight=284.48819102346897 56.275984883308411 44.374595638364553 22.49403465539217 7.4434805586934081 9.7337822690606099 7.1162946000695211 4.4170104414224625 135.08690266683698
leaf_count=6956 1376 1085 550 182 238 174 108 3303
internal_value=-3.10907 -3.0572 -2.93226 -2.96763 -2.81541 -3.12878 -2.99783 -3.13884
internal_weight=571.43 286.942 95.9473 63.7195 32.2278 190.995 11.5333 179.461
internal_count=13972 7016 2346 1558 788 4670 282 4388
cat_boundaries=0 1 2 3
cat_threshold=1 5 2
is_linear=0
shrinkage=1


Tree=1
num_leaves=9
num_cat=3
split_feature=1 0 35 34 43 19 34 0
split_gain=557.469 756.2 92.1542 158.585 95.814 89.803 51.8037 33.4866
threshold=0 1 86.238095500000014 25.150000000000002 32.550000000000004 30.295139000000002 26.050000000000004 2
decision_type=1 1 2 2 2 2 2 1
left_child=-1 2 3 -2 -4 7 -7 -3
right_child=1 5 4 -5 -6 6 -8 -9
leaf_value=-0.05192814444102567 0.092090487321065451 0.010609313672649045 0.27098779034901743 0.28711593301699095 0.044348053134724078 0.20026863684927743 -0.021222340415377825 -0.03849489986462596
leaf_weight=273.0275582447648 69.176010563969612 45.860295191407204 24.943264752626423 11.793479282408951 6.2220614627003661 6.1267286688089353 3.913405928760767 129.8565631583333
leaf_count=7002 1490 1108 486 212 118 127 97 3285
internal_value=-0.000418625 0.0468073 0.14201 0.123653 0.228525 -0.0177682 0.119834 -0.0272697
internal_weight=570.919 297.892 112.135 80.9695 31.1653 185.757 10.0401 175.717
internal_count=13925 6923 2306 1702 604 4617 224 4393
cat_boundaries=0 1 2 3
cat_threshold=1 5 2
is_linear=0
shrinkage=0.05


Tree=2
num_leaves=9
num_cat=3
split_feature=1 0 19 40 33 26 34 0
split_gain=496.723 603.501 84.6942 65.5764 91.5362 49.1283 27.6341 27.4603
threshold=0 1 29.705555500000006 62.500000000000007 35.600000000000009 15.15 26.050000000000004 2
decision_type=1 1 2 2 2 2 2 1
left_child=-1 3 7 4 -2 -5 -4 -3
right_child=1 2 6 5 -6 -7 -8 -9
leaf_value=-0.051812672055452605 0.06168214033320063 0.0064524951126168489 0.13100272362935947 0.063597122324429767 0.18167272792842581 0.19728426783052255 -0.014086099382923344 -0.039511434815563767
leaf_weight=261.06176141649485 56.64417764544487 45.614630207419395 10.698588926345108 9.7099128141999227 22.20327964797616 40.657085873186588 4.3106568418443194 126.2575821839273
leaf_count=7023 1117 1094 201 163 391 654 109 3319
internal_value=-0.000878465 0.0412185 -0.0181937 0.118892 0.0973233 0.173251 0.0910562 -0.0292582
internal_weight=577.158 316.096 186.881 129.214 78.8475 50.367 15.0092 171.872
internal_count=14071 7048 4723 2325 1508 817 310 4413
cat_boundaries=0 1 2 3
cat_threshold=1 5 2
is_linear=0
shrinkage=0.05


Tree=3
num_leaves=9
num_cat=3
split_feature=1 0 34 41 0 32 37 38
split_gain=448.605 461.634 152.998 86.3924 70.9329 18.8741 20.6072 19.6227
threshold=0 1 25.150000000000002 1.0500000000000003 2 30.780952000000003 27.500000000000004 11.614285500000003
decision_type=1 1 2 2 1 2 2 2
left_child=-1 2 4 -4 -2 6 -3 -7
right_child=1 5 3 -5 -6 7 -8 -9
leaf_value=-0.051701448054650212 0.086732433607482604 0.034942744001013291 -0.0033495623974226455 0.25156656193276972 0.004383245258442474 0.12594944883569545 -0.046245976376327949 -0.039061087946613671
leaf_weight=248.39004330337048 128.97123090922832 7.6468478105962268 3.9768823347985771 18.459509961307049 45.009241208434105 2.6435972414910784 120.11640641838312 2.8555799759924412
leaf_count=7010 2146 206 56 264 1068 47 3221 62
internal_value=-0.00107117 0.0371162 0.0832345 0.208167 0.0707825 -0.0345946 -0.0411531 0.0474377
internal_weight=578.069 329.679 196.417 22.4364 173.98 133.262 127.763 5.49918
internal_count=14080 7070 3534 320 3214 3536 3427 109
cat_boundaries=0 1 2 3
cat_threshold=1 7 5
is_linear=0
shrinkage=0.05


Tree=4
num_leaves=9
num_cat=2
split_feature=1 0 34 35 40 32 37 40
split_gain=429.905 409.541 90.7928 59.3173 50.0675 13.7789 16.1385 15.861
threshold=0 1 25.150000000000002 86.300595500000014 1.0500000000000003 30.780952000000003 27.500000000000004 3.1500000000000008
decision_type=1 1 2 2 2 2 2 2
left_child=-1 2 3 -2 -4 6 -3 -7
right_child=1 5 4 -5 -6 7 -8 -9
leaf_value=-0.0515965232356062 0.047043118995869888 0.025820017468432477 0.0048782728268135459 0.10847196208283245 0.19507776865528656 -0.038570701438392613 -0.045020989000771935 0.11448083504351883
leaf_weight=237.9331823065877 123.77545317262411 8.0105179622769338 4.1291231513023403 58.94955924898386 22.154841385781765 2.7254430800676337 114.68553055822849 2.2922547906637192
leaf_count=7045 2295 209 58 894 260 60 3207 38
internal_value=-0.000270736 0.0360422 0.0768818 0.0673434 0.166472 -0.0341885 -0.0402246 0.0387535
internal_weight=574.656 336.723 209.009 182.725 26.284 127.714 122.696 5.0177
internal_count=14066 7021 3507 3189 318 3514 3416 98
cat_boundaries=0 1 2
cat_threshold=1 7
is_linear=0
shrinkage=0.05


Tree=5
num_leaves=9
num_cat=3
split_feature=1 0 7 19 0 32 38 37
split_gain=399.309 350.593 74.4136 72.4127 60.8283 18.2194 15.9535 13.9645
threshold=0 1 30.068750000000005 30.675694500000002 2 30.780952000000003 11.614285500000003 27.500000000000004
decision_type=1 1 2 2 1 2 2 2
left_child=-1 2 4 -4 -2 7 -7 -3
right_child=1 5 3 -5 -6 6 -8 -9
leaf_value=-0.051494812148632524 0.076539214622808466 0.021181756976211594 0.26666310953621586 0.054499218706192933 0.0054256639818937684 0.11059071605753044 -0.037990112236085373 -0.045485145022924778
leaf_weight=226.47580444812775 157.31001015380025 7.8924139514565459 8.4626094773411769 8.1132108420133573 50.716492708772421 2.9688385315239421 2.606578528881073 108.95938036590815
leaf_count=7036 2227 201 92 95 1111 43 60 3176
internal_value=2.1023e-05 0.0336923 0.0689177 0.171827 0.063232 -0.0338106 0.0459138 -0.0408408
internal_weight=573.505 347.03 224.602 16.5758 208.027 122.427 5.57542 116.852
internal_count=14041 7005 3525 187 3338 3480 103 3377
cat_boundaries=0 1 2 3
cat_threshold=1 7 5
is_linear=0
shrinkage=0.05


Tree=6
num_leaves=9
num_cat=1
split_feature=1 34 43 19 35 43 40 30
split_gain=359.997 59.2579 41.6311 40.9594 38.8981 38.0569 34.0916 7.04634
threshold=0 25.150000000000002 27.950000000000006 29.490277500000001 86.238095500000014 32.550000000000004 3.9500000000000006 30.750000000000004
decision_type=1 2 2 2 2 2 2 2
left_child=-1 4 3 -3 6 -6 -2 -4
right_child=1 2 7 -5 5 -7 -8 -9
leaf_value=-0.051397368304403251 0.037045790518555347 -0.024024906558868828 0.22680779374654519 0.089376314255109751 0.062802018226653614 -0.015442530962127533 -0.0046957869653233598 0.064689403683797539
leaf_weight=215.61474224925041 74.644832421094179 10.269484683871267 4.4860288500785819 29.636279970407486 80.227143801748753 18.788963876664639 137.9004962593317 1.9516320452094076
leaf_count=7029 1598 158 60 384 1463 370 2990 31
internal_value=-0.000496228 0.0302262 0.0824322 0.0603194 0.0222219 0.0479486 0.0100685 0.192966
internal_weight=573.52 357.905 46.3434 39.9058 311.561 99.0161 212.545 6.43766
internal_count=14083 7054 633 542 6421 1833 4588 91
cat_boundaries=0 1
cat_threshold=1
is_linear=0
shrinkage=0.05


Tree=7
num_leaves=9
num_cat=2
split_feature=1 0 4 4 40 32 5 38
split_gain=330.512 286.948 51.2967 41.0616 38.6209 18.6263 16.5045 15.867
threshold=0 1 0.99374995976406788 0.86548282553247169 4.0500000000000007 30.780952000000003 -0.97507822412530132 11.614285500000003
decision_type=1 1 2 2 2 2 2 2
left_child=-1 2 3 -2 -4 6 -3 -7
right_child=1 5 4 -5 -6 7 -8 -9
leaf_value=-0.051302996767206802 0.063792714685213622 0.021854296767783322 0.2373157965520406 0.0046185484227915493 0.042450003744761669 0.10349627678916225 -0.045906618865895796 -0.038727424635910404
leaf_weight=204.55817786604166 196.46539042145014 9.2140453234314901 6.1386399716138822 34.619486480951309 4.7592972666025162 3.4431686811149111 108.10046315938234 2.7812545038759708
leaf_count=6998 2848 283 62 515 78 42 3158 62
internal_value=-0.000556126 0.027906 0.0581065 0.0549858 0.162935 -0.033238 -0.0404449 0.0433824
internal_weight=570.08 365.522 241.983 231.085 10.8979 123.539 117.315 6.22442
internal_count=14046 7048 3503 3363 140 3545 3441 104
cat_boundaries=0 1 2
cat_threshold=1 7
is_linear=0
shrinkage=0.05


Tree=8
num_leaves=9
num_cat=2
split_feature=1 0 34 37 43 32 38 5
split_gain=312.185 246.932 46.7002 53.4042 35.3598 16.0815 13.5989 13.269
threshold=0 1 25.150000000000002 68.500000000000014 27.950000000000006 30.780952000000003 11.614285500000003 -0.97507822412530132
decision_type=1 1 2 2 2 2 2 2
left_child=-1 2 3 -2 -4 7 -7 -3
right_child=1 5 4 -5 -6 6 -8 -9
leaf_value=-0.051215419922750118 0.039200828059278311 0.01569224332613002 0.080209543613274592 0.13873012085283509 0.21264447832162517 0.087742476598690444 -0.039153498977297356 -0.044956897271776486
leaf_weight=196.47527863830328 206.42618371546268 9.4006330482661706 29.33549041301012 13.657443828880785 5.998366452753543 3.9171525835990897 2.9183108322322369 101.63539174571633
leaf_count=7054 3053 283 264 159 47 44 67 3100
internal_value=-0.000351536 0.0264852 0.0528722 0.0459768 0.107926 -0.0323806 0.0354832 -0.0397279
internal_weight=569.764 373.289 255.417 220.084 35.3339 117.871 6.83546 111.036
internal_count=14071 7017 3523 3212 311 3494 111 3383
cat_boundaries=0 1 2
cat_threshold=1 7
is_linear=0
shrinkage=0.05


Tree=9
num_leaves=8
num_cat=3
split_feature=1 0 5 5 0 23 20
split_gain=293.376 224.254 39.8082 29.5246 16.1799 36.6322 3.12807
threshold=0 1 0.98005052076767474 -0.12545862287572043 2 89.500000000000014 33.650000000000013
decision_type=1 1 2 2 1 2 2
left_child=-1 2 3 -2 5 -3 -4
right_child=1 4 6 -5 -6 -7 -8
leaf_value=-0.051126392693711178 0.039559099519504905 0.10114596264858292 -0.048620155931686719 0.07422145396163024 -0.045379890770094883 -0.023391774061140423 0.013722870595972866
leaf_weight=185.23783683776855 142.76395811885595 6.1652322728186837 9.4601383917033655 114.22033300995827 76.471636321395636 32.569926548749208 2.0235128141939631
leaf_count=6980 1732 158 150 1635 2345 1030 33
internal_value=0.000386486 0.0253251 0.049279 0.0551933 -0.0319316 -0.00121696 -0.0374155
internal_weight=568.913 383.675 268.468 256.984 115.207 38.7352 11.4837
internal_count=14063 7083 3550 3367 3533 1188 183
cat_boundaries=0 1 2 3
cat_threshold=1 7 8
is_linear=0
shrinkage=0.05


Tree=10
num_leaves=8
num_cat=4
split_feature=1 0 7 0 33 0 23
split_gain=264.843 186.361 35.8442 43.8113 36.5309 16.5772 35.7276
threshold=0 1 30.068750000000005 2 38.250000000000007 3 89.500000000000014
decision_type=1 1 2 1 2 1 2
left_child=-1 2 3 -2 -4 6 -3
right_child=1 5 4 -5 -6 -7 -8
leaf_value=-0.051045039096283606 0.0493829520582185 0.096236340370886228 0.1347846064813682 -0.001977323049981587 -0.0096924239971135587 -0.045026570172628941 -0.023577750259709138
leaf_weight=177.57219877839088 194.23217288404703 6.7207438908517352 18.458350569009784 60.07769675552845 5.4790417924523345 72.877113457769156 31.05183270573616
leaf_count=7023 2222 156 139 1115 57 2331 1001
internal_value=-0.000617306 0.0224801 0.0434034 0.0391463 0.102653 -0.03115 -0.000260269
internal_weight=566.469 388.897 278.247 254.31 23.9374 110.65 37.7726
internal_count=14044 7021 3533 3337 196 3488 1157
cat_boundaries=0 1 2 3 4
cat_threshold=1 7 5 8
is_linear=0
shrinkage=0.05


Tree=11
num_leaves=9
num_cat=2
split_feature=1 0 5 34 7 37 40 14
split_gain=242.434 178.545 36.9154 24.9392 13.3329 13.9292 9.5762 0.331467
threshold=0 1 0.98174098242282859 20.250000000000004 30.722916500000004 27.500000000000004 3.0500000000000003 18.850000000000005
decision_type=1 1 2 2 2 2 2 2
left_child=-1 2 3 -2 5 -3 -6 -4
right_child=1 4 7 -5 6 -7 -8 -9
leaf_value=-0.050966370816670284 -0.046820325684823631 0.021842167285131928 -0.048645370112791277 0.048067113969804509 -0.03677895911244549 -0.04530209499531785 0.077089251501874845 -0.011932563865232212
leaf_weight=169.99125679768622 6.3539465330541125 7.8232177272438994 9.4364614672958833 264.34014720842242 2.3231037557125083 94.298334220424294 3.5525172688066959 1.4830039925873268
leaf_count=7057 92 210 149 3196 54 3208 44 24
internal_value=-0.00131655 0.0204212 0.040574 0.0456757 -0.0327383 -0.0399964 0.0332668 -0.0450787
internal_weight=559.602 389.611 281.614 270.694 107.997 102.122 5.87562 10.9195
internal_count=14034 6977 3461 3288 3516 3418 98 173
cat_boundaries=0 1 2
cat_threshold=1 7
is_linear=0
shrinkage=0.05


Tree=12
num_leaves=6
num_cat=3
split_feature=1 0 34 0 43
split_gain=226.69 147.551 39.8343 55.3133 23.6009
threshold=0 1 25.150000000000002 2 27.950000000000006
decision_type=1 1 2 1 2
left_child=-1 -2 3 -3 -4
right_child=1 2 4 -5 -6
leaf_value=-0.050886217091599684 -0.04438093561396745 0.040119720460119107 0.057109963064024799 -0.0072633076264187538 0.15098126380591204
leaf_weight=160.49603627249599 66.924240626394749 193.46777398884296 40.335965286940336 89.984759245067835 7.9033430330455294
leaf_count=6994 2324 2121 362 2127 61
internal_value=-0.000895594 0.0193093 0.0326084 0.0262599 0.0752434
internal_weight=559.112 398.616 331.692 283.453 48.2393
internal_count=13989 6995 4671 4248 423
cat_boundaries=0 1 2 3
cat_threshold=1 48 5
is_linear=0
shrinkage=0.05


Tree=13
num_leaves=6
num_cat=3
split_feature=1 0 0 19 37
split_gain=223.683 143.908 33.8624 67.9036 27.4935
threshold=0 1 2 29.168750000000003 68.500000000000014
decision_type=1 1 1 2 2
left_child=-1 -2 4 -4 -3
right_child=1 2 3 -5 -6
leaf_value=-0.050813112288432716 -0.0441900027410752 0.040441090139175101 -0.011852718660426751 0.08862515964423591 0.11148888533603379
leaf_weight=153.76402432471514 65.178778365254402 221.01222990453243 87.342074420303106 19.775762479752302 13.96295667439699
leaf_count=7034 2343 2237 2072 293 107
internal_value=0.000374352 0.0197771 0.0324016 0.00672347 0.0432833
internal_weight=561.036 407.272 342.093 107.118 234.975
internal_count=14086 7052 4709 2365 2344
cat_boundaries=0 1 2 3
cat_threshold=1 48 5
is_linear=0
shrinkage=0.05


Tree=14
num_leaves=6
num_cat=3
split_feature=1 0 8 0 37
split_gain=202.231 125.778 28.6761 42.4463 17.4844
threshold=0 1 33.550000000000004 2 25.500000000000004
decision_type=1 1 2 1 2
left_child=-1 -2 3 -3 -4
right_child=1 2 4 -5 -6
leaf_value=-0.050740544940683641 -0.043800757735497006 0.032705502860138909 -0.030772392274077767 -0.011454283120282464 0.058331572179886632
leaf_weight=146.491141570732 62.011052057147026 181.60840825736523 5.2630500197410575 73.492459023371339 89.341805823147297
leaf_count=7035 2328 1787 67 1761 1074
internal_value=-0.000488397 0.0174712 0.0288562 0.0208182 0.0531045
internal_weight=558.208 411.717 349.706 255.101 94.6049
internal_count=14052 7017 4689 3548 1141
cat_boundaries=0 1 2 3
cat_threshold=1 48 5
is_linear=0
shrinkage=0.05


Tree=15
num_leaves=6
num_cat=3
split_feature=1 0 5 0 24
split_gain=192.192 118.806 28.2752 22.4847 1.39807
threshold=0 1 0.98174098242282859 2 32.500000000000007
decision_type=1 1 2 1 2
left_child=-1 -2 3 -3 -4
right_child=1 2 4 -5 -6
leaf_value=-0.050670933548986108 -0.043558125640976449 0.039094703705449901 -0.0024977690580237689 0.0080893552145144734 -0.04908833811260447
leaf_weight=139.89415909163654 60.284069765359163 239.63768930733204 1.9955198001116503 103.27203467488289 10.704652389511464
leaf_count=7053 2356 2220 34 2237 194
internal_value=-0.00018551 0.0168771 0.0276614 0.0311797 -0.0424844
internal_weight=555.788 415.894 355.61 342.91 12.7002
internal_count=14094 7041 4685 4457 228
cat_boundaries=0 1 2 3
cat_threshold=1 48 5
is_linear=0
shrinkage=0.05


Tree=16
num_leaves=6
num_cat=3
split_feature=1 0 34 0 40
split_gain=188.805 113.179 26.9491 38.8818 25.4867
threshold=0 1 25.150000000000002 2 1.0500000000000003
decision_type=1 1 2 1 2
left_child=-1 -2 3 -3 -4
right_child=1 2 4 -5 -6
leaf_value=-0.050602441807291711 -0.043172451810980006 0.032771232963729212 -0.022226762414259468 -0.0061488610332811437 0.07299178168080539
leaf_weight=133.2864074036479 57.504565263167024 219.59430031478405 7.7182829529047003 90.767320757731795 48.607288591563702
leaf_count=7055 2349 2135 79 2152 361
internal_value=0.00108423 0.0174057 0.0274255 0.0222606 0.0597839
internal_weight=557.478 424.192 366.687 310.362 56.3256
internal_count=14131 7076 4727 4287 440
cat_boundaries=0 1 2 3
cat_threshold=1 48 5
is_linear=0
shrinkage=0.05


Tree=17
num_leaves=6
num_cat=3
split_feature=1 0 34 0 40
split_gain=162.277 97.3633 25.0783 25.9914 20.4108
threshold=0 1 25.150000000000002 2 1.0500000000000003
decision_type=1 1 2 1 2
left_child=-1 -2 3 -3 -4
right_child=1 2 4 -5 -6
leaf_value=-0.050533592600101609 -0.042922828502029865 0.026479980389800453 -0.020702056144904391 -0.0054162787003381079 0.066040745114131036
leaf_weight=126.32101569324732 55.805429885163903 223.1867586299777 7.3878345265984526 89.202016530558467 48.268931534141302
leaf_count=7020 2366 2118 78 2122 348
internal_value=-0.00102113 0.0138194 0.0230544 0.018056 0.0543644
internal_weight=550.172 423.851 368.046 312.389 55.6568
internal_count=14052 7032 4666 4240 426
cat_boundaries=0 1 2 3
cat_threshold=1 48 5
is_linear=0
shrinkage=0.05


Tree=18
num_leaves=6
num_cat=3
split_feature=1 0 7 0 33
split_gain=157.778 91.8433 26.4043 24.8982 24.2446
threshold=0 1 30.068750000000005 2 38.250000000000007
decision_type=1 1 2 1 2
left_child=-1 -2 3 -3 -4
right_child=1 2 4 -5 -6
leaf_value=-0.050468689686451663 -0.042503599374623384 0.026600420210887245 0.084166428000289714 -0.0039845410802647405 -0.015643415218519089
leaf_weight=120.46766700223088 53.044655440375209 246.27806336432695 28.278176803141832 93.050245167687535 7.3244539611041537
leaf_count=7029 2347 2224 188 2172 74
internal_value=-0.000162553 0.0140824 0.0227065 0.0188909 0.0637664
internal_weight=548.443 427.976 374.931 339.328 35.6026
internal_count=14034 7005 4658 4396 262
cat_boundaries=0 1 2 3
cat_threshold=1 48 5
is_linear=0
shrinkage=0.05


Tree=19
num_leaves=7
num_cat=1
split_feature=1 5 37 43 43 4
split_gain=140.06 20.7068 17.6776 22.2795 18.0593 0.839094
threshold=0 0.98332250088165762 68.500000000000014 3.0500000000000003 32.850000000000009 0.15951094710994368
decision_type=1 2 2 2 2 2
left_child=-1 2 3 -2 -4 -3
right_child=1 5 4 -5 -6 -7
leaf_value=-0.050405189589128464 0.029629962899323993 -0.04957051538749787 0.072876144807602544 0.0033734069881200483 -0.043663047274789098 -0.00047406959599696226
leaf_weight=114.88252073898911 112.93492061272264 12.953775087371465 19.794666726142172 278.81941166892648 3.2662756182253352 0.94885902665555555
leaf_count=7038 1730 296 268 4605 50 21
internal_value=-0.00162451 0.011534 0.0135853 0.0109988 0.0552413 -0.0464763
internal_weight=543.6 428.718 414.815 391.754 23.0609 13.9026
internal_count=14008 6970 6653 6335 318 317
cat_boundaries=0 1
cat_threshold=1
is_linear=0
shrinkage=0.05


Tree=20
num_leaves=5
num_cat=2
split_feature=1 0 34 43
split_gain=140.539 84.6646 23.3759 21.3059
threshold=0 1 20.250000000000004 3.0500000000000003
decision_type=1 1 2 2
left_child=-1 -2 -3 -4
right_child=1 2 3 -5
leaf_value=-0.050341311071623956 -0.042269083690826256 -0.049677417753451247 0.043067212372460979 0.016149712653259554
leaf_weight=109.1650950089097 51.448417134582996 10.333530720323322 100.79891468398273 273.69225028343499
leaf_count=7022 2335 163 1197 3333
internal_value=0.000131549 0.0128472 0.0208612 0.0234903
internal_weight=545.438 436.273 384.825 374.491
internal_count=14050 7028 4693 4530
cat_boundaries=0 1 2
cat_threshold=1 48
is_linear=0
shrinkage=0.05


Tree=21
num_leaves=5
num_cat=3
split_feature=1 0 34 0
split_gain=130.593 76.2022 20.2137 18.121
threshold=0 1 20.250000000000004 2
decision_type=1 1 2 1
left_child=-1 -2 -3 -4
right_child=1 2 3 -5
leaf_value=-0.050281356049646876 -0.041855485362201683 -0.049142674184966546 0.035214386019792598 0.011324742057389356
leaf_weight=104.3813647236675 49.105276383459568 9.5791761819273216 138.97369889169931 248.28708851151168
leaf_count=7050 2332 158 1156 3443
internal_value=-0.000211764 0.0115942 0.0188743 0.0211651
internal_weight=550.327 445.945 396.84 387.261
internal_count=14139 7089 4757 4599
cat_boundaries=0 1 2 3
cat_threshold=1 48 1
is_linear=0
shrinkage=0.05


Tree=22
num_leaves=5
num_cat=2
split_feature=1 0 37 33
split_gain=119.361 69.1786 20.1804 18.7012
threshold=0 1 70.500000000000014 35.600000000000009
decision_type=1 1 2 2
left_child=-1 -2 3 -3
right_child=1 2 -4 -5
leaf_value=-0.050220097214566189 -0.041524088317400086 0.010161257722564574 0.10375139516719761 0.036734961721952779
leaf_weight=99.338694433681667 47.242682615295053 303.54675521701574 5.7070870231837025 84.190939612686634
leaf_count=7045 2331 3824 50 796
internal_value=-0.000993593 0.0101915 0.0171097 0.016011
internal_weight=540.026 440.687 393.445 387.738
internal_count=14046 7001 4670 4620
cat_boundaries=0 1 2
cat_threshold=1 48
is_linear=0
shrinkage=0.05


Tree=23
num_leaves=6
num_cat=2
split_feature=1 0 4 39 4
split_gain=115.827 66.8919 20.2474 33.8313 30.0533
threshold=0 1 -0.91597725483594616 22.850000000000005 -0.52766804058324157
decision_type=1 1 2 2 2
left_child=-1 -2 3 -3 -4
right_child=1 2 4 -5 -6
leaf_value=-0.050158708017255554 -0.041214893094793849 0.069909222717177519 -0.017104964697141345 -0.033341614068794621 0.020313348158402446
leaf_weight=94.390758907422423 45.649049356579781 36.489993406459689 65.021100379526615 9.4129936322569829 289.34228933602571
leaf_count=7029 2336 405 800 109 3370
internal_value=-0.000142648 0.0105332 0.0171233 0.0484769 0.0134188
internal_weight=540.306 445.915 400.266 45.903 354.363
internal_count=14049 7020 4684 514 4170
cat_boundaries=0 1 2
cat_threshold=1 48
is_linear=0
shrinkage=0.05


Tree=24
num_leaves=5
num_cat=2
split_feature=1 0 37 34
split_gain=103.701 59.5353 19.9232 19.0322
threshold=0 1 70.500000000000014 25.150000000000002
decision_type=1 1 2 2
left_child=-1 -2 3 -3
right_child=1 2 -4 -5
leaf_value=-0.050097841183054027 -0.040919218155649695 0.0087373352629106695 0.097224081862616343 0.038924607043378141
leaf_weight=89.700888561084867 44.261725258082151 340.83076839148998 6.2481591477990142 60.900587726384401
leaf_count=7014 2367 4261 53 413
internal_value=-0.00129727 0.00847137 0.0145612 0.0133989
internal_weight=541.942 452.241 407.98 401.731
internal_count=14108 7094 4727 4674
cat_boundaries=0 1 2
cat_threshold=1 48
is_linear=0
shrinkage=0.05


Tree=25
num_leaves=6
num_cat=2
split_feature=1 0 5 34 24
split_gain=104.232 59.4797 19.4076 15.6462 1.52523
threshold=0 1 0.98332250088165762 20.250000000000004 32.500000000000007
decision_type=1 1 2 2 2
left_child=-1 -2 3 -3 -4
right_child=1 2 4 -5 -6
leaf_value=-0.050038927381333732 -0.040561634160965136 -0.048208310847490055 -0.00044997622630366091 0.01958632075483252 -0.049350150837785767
leaf_weight=85.48680872656405 42.491734964773059 7.7749682907015076 1.8659708779305209 389.2255809083581 10.767719957977532
leaf_count=7019 2355 124 30 4332 188
internal_value=0.000261058 0.00986109 0.015781 0.0181408 -0.0426904
internal_weight=537.613 452.126 409.634 397.001 12.6337
internal_count=14048 7029 4674 4456 218
cat_boundaries=0 1 2
cat_threshold=1 48
is_linear=0
shrinkage=0.05


Tree=26
num_leaves=6
num_cat=2
split_feature=1 0 5 43 24
split_gain=97.1969 53.8112 18.4414 16.5099 1.16791
threshold=0 1 0.98174098242282859 3.0500000000000003 32.500000000000007
decision_type=1 1 2 2 2
left_child=-1 -2 3 -3 -4
right_child=1 2 4 -5 -6
leaf_value=-0.04998144183462494 -0.040076239792375346 0.032935956208463166 -0.0062020820396996431 0.010329683842040657 -0.049085547463127446
leaf_weight=81.621150997467339 40.351488375104964 111.78360395506024 2.2110779937356702 290.35083101317286 10.422809515148399
leaf_count=7037 2336 1171 36 3297 189
internal_value=-8.16587e-05 0.00895732 0.0144294 0.0166798 -0.0425858
internal_weight=536.741 455.12 414.768 402.134 12.6339
internal_count=14066 7029 4693 4468 225
cat_boundaries=0 1 2
cat_threshold=1 48
is_linear=0
shrinkage=0.05


Tree=27
num_leaves=6
num_cat=3
split_feature=1 0 5 36 0
split_gain=89.6229 49.6596 17.0386 27.3522 21.602
threshold=0 1 -0.99465740988130902 99.500000000000014 2
decision_type=1 1 2 2 1
left_child=-1 -2 3 -3 -4
right_child=1 2 4 -5 -6
leaf_value=-0.049919795251650335 -0.039761039170736583 0.018268461405685891 0.018463482128425118 0.16514361484195755 -0.0067807151107521267
leaf_weight=77.388385696336627 39.036184991709888 10.394823081791399 285.98939628154039 3.7589669041335574 115.82026400230825
leaf_count=7006 2347 127 2243 45 2248
internal_value=-0.000534353 0.0079564 0.0131571 0.0655994 0.0114782
internal_weight=532.388 455 415.963 14.1538 401.81
internal_count=14016 7010 4663 172 4491
cat_boundaries=0 1 2 3
cat_threshold=1 48 5
is_linear=0
shrinkage=0.05


Tree=28
num_leaves=6
num_cat=3
split_feature=1 0 40 43 0
split_gain=81.7409 44.3439 15.4164 33.0248 19.8102
threshold=0 1 63.250000000000007 3.0500000000000003 2
decision_type=1 1 2 2 1
left_child=-1 -2 3 -3 -4
right_child=1 2 4 -5 -6
leaf_value=-0.04986251712965941 -0.03935384189023472 0.023089428770336731 0.032421892159984547 -0.012319230849732335 -0.0086941518205683639
leaf_weight=73.889523267745972 37.388149515725672 122.0778425745666 118.65581583231688 140.68856321275234 38.045922596007586
leaf_count=7024 2332 1311 813 1721 817
internal_value=-0.0014384 0.00648526 0.0113216 0.00415634 0.023952
internal_weight=530.746 456.856 419.468 262.766 156.702
internal_count=14018 6994 4662 3032 1630
cat_boundaries=0 1 2 3
cat_threshold=1 48 5
is_linear=0
shrinkage=0.05


Tree=29
num_leaves=5
num_cat=2
split_feature=1 0 37 34
split_gain=76.5538 42.0676 18.2439 18.4273
threshold=0 1 70.500000000000014 25.150000000000002
decision_type=1 1 2 2
left_child=-1 -2 3 -3
right_child=1 2 -4 -5
leaf_value=-0.049804645934430361 -0.039139881850038416 0.0047540836237335163 0.087767571983177362 0.033663267252814592
leaf_weight=70.4885378703475 36.622698340564966 346.87041929922998 6.5756953917443743 64.649630066007376
leaf_count=7036 2376 4157 48 424
internal_value=-0.00170222 0.00584734 0.010554 0.0093663
internal_weight=525.207 454.718 418.096 411.52
internal_count=14041 7005 4629 4581
cat_boundaries=0 1 2
cat_threshold=1 48
is_linear=0
shrinkage=0.05


Tree=30
num_leaves=9
num_cat=2
split_feature=1 0 5 44 23 4 4 20
split_gain=76.8032 42.1163 17.2654 22.1472 20.2617 16.6087 28.7151 16.1929
threshold=0 1 -0.97507822412530132 38.350000000000009 89.500000000000014 0.99374995976406788 0.85673801594079257 36.250000000000007
decision_type=1 1 2 2 2 2 2 2
left_child=-1 5 3 -3 -4 6 -2 -7
right_child=1 2 4 -5 -6 7 -8 -9
leaf_value=-0.049740748412324245 0.018128854979672423 0.13030972628579329 0.015726842893628138 -0.039016958657758963 -0.047950338523802677 0.016745104909340551 -0.019441977606191912 0.10871744755265761
leaf_weight=66.710068076848984 304.13004556670785 2.8608542699366799 15.426979762502013 3.1623330665752292 56.528396992944181 11.167359299957754 60.172466207295656 7.9981098100543013
leaf_count=6992 2816 133 463 146 2782 106 541 36
internal_value=-5.79392e-06 0.00727626 -0.0242694 0.0485115 -0.0342697 0.0140045 0.011887 0.0586148
internal_weight=528.157 461.447 77.9786 6.02319 71.9554 383.468 364.303 19.1655
internal_count=14015 7023 3524 279 3245 3499 3357 142
cat_boundaries=0 1 2
cat_threshold=1 7
is_linear=0
shrinkage=0.05


Tree=31
num_leaves=5
num_cat=2
split_feature=1 0 34 34
split_gain=70.9472 38.7182 14.9214 17.1863
threshold=0 1 20.250000000000004 21.550000000000004
decision_type=1 1 2 2
left_child=-1 -2 -3 -4
right_child=1 2 3 -5
leaf_value=-0.049687024243604716 -0.03844415881694576 -0.049076954186835456 0.046384369485879887 0.0090766136261834374
leaf_weight=64.050344056449831 34.064655356109142 9.2356745135039073 32.701497301459312 381.80013535358012
leaf_count=7049 2349 150 410 4077
internal_value=-0.00082091 0.00610927 0.0104325 0.0121245
internal_weight=521.852 457.802 423.737 414.502
internal_count=14035 6986 4637 4487
cat_boundaries=0 1 2
cat_threshold=1 48
is_linear=0
shrinkage=0.05


Tree=32
num_leaves=5
num_cat=2
split_feature=1 0 5 43
split_gain=68.6205 37.5567 15.3666 13.5763
threshold=0 1 0.98899263613956456 3.0500000000000003
decision_type=1 1 2 2
left_child=-1 -2 3 -3
right_child=1 2 -4 -5
leaf_value=-0.049625645756417675 -0.038111394326376086 0.026640955097710292 -0.048741854540123537 0.006634244021726788
leaf_weight=60.913331219926476 32.971429077908397 117.46974768303335 9.6068645268678647 302.02253898046911
leaf_count=7039 2363 1178 175 3309
internal_value=-0.000188607 0.00642162 0.0105646 0.0122867
internal_weight=522.984 462.071 429.099 419.492
internal_count=14064 7025 4662 4487
cat_boundaries=0 1 2
cat_threshold=1 48
is_linear=0
shrinkage=0.05


Tree=33
num_leaves=14
num_cat=1
split_feature=0 4 4 33 8 32 40 5 5 32 39 40 10
split_gain=52.381 20.3098 30.0952 33.3239 15.1701 13.0915 13.7329 37.2492 14.354 10.1701 9.61784 9.41743 0.242094
threshold=0 0.99374995976406788 0.86548282553247169 35.600000000000009 35.850000000000001 30.780952000000003 0.15000000000000005 0.5475998096715059 -0.97507822412530132 27.240773500000007 23.550000000000004 3.0500000000000003 68.312500000000014
decision_type=1 2 2 2 2 2 2 2 2 2 2 2 2
left_child=1 2 3 -1 10 6 7 -2 -8 -4 -3 -7 -13
right_child=5 4 9 -5 -6 11 8 -9 -10 -11 -12 12 -14
leaf_value=0.0059624057697273743 0.20709107691646125 0.043232141518686248 0.04774009679587439 0.06081612004120876 0.10267262391132835 -0.038128592338550149 0.016956888434833513 -0.041654112709513844 -0.049359654915029819 -0.032238364595883633 -0.044667181213987925 0.074540599640638444 0.018864687811052928
leaf_weight=308.42979473620653 1.1306049805134524 9.1887926105409878 3.3956623692065468 29.456047583371401 8.4027084670960885 2.6283370563760391 8.558791456744073 4.3192617725580931 82.366756495088339 57.304056353867054 3.5553467739373437 3.4684465378522873 1.0889700539410112
leaf_count=5348 58 147 70 363 69 123 559 283 5918 958 64 59 35
internal_value=-0.000513578 0.00749838 0.00507372 0.0109098 0.0542926 -0.0305432 -0.0383383 0.0340565 -0.0430007 -0.027063 0.0172444 0.028604 0.0670255
internal_weight=523.294 419.732 398.586 337.886 21.1468 103.561 96.3754 5.44987 90.9255 60.6997 12.7441 7.18575 4.55742
internal_count=14054 7019 6739 5711 280 7035 6818 341 6477 1028 211 217 94
cat_boundaries=0 1
cat_threshold=7
is_linear=0
shrinkage=0.05


Tree=34
num_leaves=6
num_cat=2
split_feature=1 0 5 37 4
split_gain=63.5654 33.1519 14.9141 13.0801 1.54399
threshold=0 1 0.98332250088165762 68.500000000000014 0.14250626876356548
decision_type=1 1 2 2 2
left_child=-1 -2 3 -3 -4
right_child=1 2 4 -5 -6
leaf_value=-0.049537617822438394 -0.037250215634294336 0.0093810581854678957 -0.04903169433171678 0.046504376347501167 0.00037106938629918873
leaf_weight=56.622236959636211 30.27375284768641 403.53260139748454 10.476861933246253 24.316115343943238 1.8169850129634131
leaf_count=6986 2338 4312 197 201 30
internal_value=3.53095e-05 0.00609464 0.00977644 0.0115944 -0.0422515
internal_weight=527.039 470.416 440.143 427.849 12.2938
internal_count=14064 7078 4740 4513 227
cat_boundaries=0 1 2
cat_threshold=1 48
is_linear=0
shrinkage=0.05


Tree=35
num_leaves=5
num_cat=2
split_feature=1 0 34 5
split_gain=58.5344 29.7083 13.7291 12.5151
threshold=0 1 20.250000000000004 -0.12545862287572043
decision_type=1 1 2 2
left_child=-1 -2 -3 -4
right_child=1 2 3 -5
leaf_value=-0.049481749508355662 -0.036772871195123819 -0.048948128443057265 0.001913895568555069 0.019001597460945201
leaf_weight=54.32795969909057 28.946803338825703 9.1694862190633994 229.91050887294114 200.09719313494861
leaf_count=7038 2319 155 2276 2246
internal_value=-0.00084316 0.00489502 0.0083641 0.00989102
internal_weight=522.452 468.124 439.177 430.008
internal_count=14034 6996 4677 4522
cat_boundaries=0 1 2
cat_threshold=1 48
is_linear=0
shrinkage=0.05


Tree=36
num_leaves=6
num_cat=2
split_feature=1 0 4 43 43
split_gain=52.408 26.4012 14.7636 29.4511 21.3513
threshold=0 1 -0.94705910369513513 27.050000000000004 27.750000000000004
decision_type=1 1 2 2 2
left_child=-1 -2 3 -3 -4
right_child=1 2 4 -5 -6
leaf_value=-0.049421863299488368 -0.036484440945938633 0.071347286668864779 -0.0014145924654705643 -0.010971249215762709 0.030894373380175501
leaf_weight=51.92374761775136 28.17775162961334 22.957085570320487 337.41577585600317 19.455651728436351 59.252766372635961
leaf_count=7061 2332 223 3648 194 592
internal_value=-0.00226337 0.00307142 0.00637129 0.0342031 0.00347714
internal_weight=519.183 467.259 439.081 42.4127 396.669
internal_count=14050 6989 4657 417 4240
cat_boundaries=0 1 2
cat_threshold=1 48
is_linear=0
shrinkage=0.05


end of trees

feature_importances:
age_group=53
gender=36
temperature_min_7d=22
day_of_year_cos=16
rain_max_daily_7d=13
humidity_min_7d=12
precipitation_sum_7d=12
day_of_year_sin=11
temperature_mean_7d=7
temperature_mean_3d=6
temperature_max_7d=5
temperature_mean_current=4
wind_speed_mean_7d=4
humidity_max_3d=3
humidity_min_3d=3
humidity_mean_7d=3
temperature_max_current=2
temperature_max_3d=2
wind_speed_max_7d=2
humidity_mean_current=1
wind_speed_max_current=1
wind_speed_max_3d=1
rain_max_daily_3d=1
humidity_max_7d=1
rain_sum_7d=1
wind_gust_max_7d=1

parameters:
[boosting: gbdt]
[objective: binary]
[metric: binary_logloss]
[tree_learner: serial]
[device_type: cpu]
[data_sample_strategy: bagging]
[data: ]
[valid: ]
[num_iterations: 37]
[learning_rate: 0.05]
[num_leaves: 15]
[num_threads: 8]
[seed: 42]
[deterministic: 0]
[force_col_wise: 0]
[force_row_wise: 0]
[histogram_pool_size: -1]
[max_depth: 4]
[min_data_in_leaf: 20]
[min_sum_hessian_in_leaf: 0.001]
[bagging_fraction: 0.9]
[pos_bagging_fraction: 1]
[neg_bagging_fraction: 1]
[bagging_freq: 1]
[bagging_seed: 400]
[bagging_by_query: 0]
[feature_fraction: 0.9]
[feature_fraction_bynode: 1]
[feature_fraction_seed: 30056]
[extra_trees: 0]
[extra_seed: 12879]
[early_stopping_round: 0]
[early_stopping_min_delta: 0]
[first_metric_only: 0]
[max_delta_step: 0]
[lambda_l1: 0]
[lambda_l2: 1]
[linear_lambda: 0]
[min_gain_to_split: 0]
[drop_rate: 0.1]
[max_drop: 50]
[skip_drop: 0.5]
[xgboost_dart_mode: 0]
[uniform_drop: 0]
[drop_seed: 17869]
[top_rate: 0.2]
[other_rate: 0.1]
[min_data_per_group: 100]
[max_cat_threshold: 32]
[cat_l2: 10]
[cat_smooth: 10]
[max_cat_to_onehot: 4]
[top_k: 20]
[monotone_constraints: ]
[monotone_constraints_method: basic]
[monotone_penalty: 0]
[feature_contri: ]
[forcedsplits_filename: ]
[refit_decay_rate: 0.9]
[cegb_tradeoff: 1]
[cegb_penalty_split: 0]
[cegb_penalty_feature_lazy: ]
[cegb_penalty_feature_coupled: ]
[path_smooth: 0]
[interaction_constraints: ]
[verbosity: -1]
[saved_feature_importance_type: 0]
[use_quantized_grad: 0]
[num_grad_quant_bins: 4]
[quant_train_renew_leaf: 0]
[stochastic_rounding: 1]
[linear_tree: 0]
[max_bin: 255]
[max_bin_by_feature: ]
[min_data_in_bin: 3]
[bin_construct_sample_cnt: 200000]
[data_random_seed: 175]
[is_enable_sparse: 1]
[enable_bundle: 1]
[use_missing: 1]
[zero_as_missing: 0]
[feature_pre_filter: 1]
[pre_partition: 0]
[two_round: 0]
[header: 0]
[label_column: ]
[weight_column: ]
[group_column: ]
[ignore_column: ]
[categorical_feature: 0,1,3]
[forcedbins_filename: ]
[precise_float_parser: 0]
[parser_config_file: ]
[objective_seed: 16083]
[num_class: 1]
[is_unbalance: 0]
[scale_pos_weight: 1]
[sigmoid: 1]
[boost_from_average: 1]
[reg_sqrt: 0]
[alpha: 0.9]
[fair_c: 1]
[poisson_max_delta_step: 0.7]
[tweedie_variance_power: 1.5]
[lambdarank_truncation_level: 30]
[lambdarank_norm: 1]
[label_gain: ]
[lambdarank_position_bias_regularization: 0]
[eval_at: ]
[multi_error_top_k: 1]
[auc_mu_weights: ]
[num_machines: 1]
[local_listen_port: 12400]
[time_out: 120]
[machine_list_filename: ]
[machines: ]
[gpu_platform_id: -1]
[gpu_device_id: -1]
[gpu_device_id_list: ]
[gpu_use_dp: 0]
[num_gpu: 1]

end of parameters

pandas_categorical:[]
