tree
version=v4
num_class=1
num_tree_per_iteration=1
label_index=0
max_feature_idx=44
objective=binary sigmoid:1
feature_names=age_group gender month season day_of_year_sin day_of_year_cos weather_code_current temperature_mean_current temperature_max_current temperature_min_current humidity_mean_current humidity_max_current humidity_min_current wind_speed_mean_current wind_speed_max_current precipitation_sum_current rain_sum_current wind_gust_max_current rain_day_current temperature_mean_3d temperature_max_3d temperature_min_3d humidity_mean_3d humidity_max_3d humidity_min_3d wind_speed_mean_3d wind_speed_max_3d precipitation_sum_3d rain_sum_3d rain_days_3d rain_max_daily_3d wind_gust_max_3d temperature_mean_7d temperature_max_7d temperature_min_7d humidity_mean_7d humidity_max_7d humidity_min_7d wind_speed_mean_7d wind_speed_max_7d precipitation_sum_7d rain_sum_7d rain_days_7d rain_max_daily_7d wind_gust_max_7d
feature_infos=-1:0:1:2:3:4:5 -1:0:1 [1:12] -1:1:0 [-0.99999942202469239:0.99998555065071859] [-0.99997919295908244:0.9999907524084426] [0:61] [23.658332999999999:32.533332999999999] [25.899999999999999:39.200000000000003] [17.899999999999999:29.300000000000001] [48.958333000000003:91.625] [63:100] [23:86] [2.8541669999999999:19.695833] [6.4000000000000004:30.100000000000001] [0:63.100000000000001] [0:63.100000000000001] [14:56.899999999999999] [0:1] [23.766667000000002:32.427778000000004] [27.699999999999999:39.200000000000003] [17.899999999999999:28.100000000000001] [52.569443999999997:90.694444000000004] [73:100] [23:79] [4.125:17.329167000000002] [9.6999999999999993:30.100000000000001] [0:93.900000000000006] [0:93.900000000000006] [0:3] [0:63.100000000000001] [17.300000000000001:56.899999999999999] [24.365476000000001:32.235118999999997] [28.699999999999999:39.200000000000003] [17.899999999999999:27.5] [55.767856999999999:89.523809999999997] [77:100] [23:72] [4.5327380000000002:15.469643] [11.6:30.100000000000001] [0:163.90000000000001] [0:163.90000000000001] [0:7] [0:63.100000000000001] [23:56.899999999999999]
tree_sizes=1571 1610 1607 1597 1506 1740 1746 1705 1726 1734 1724 1713 1726 1522 1636 1708 1519 1515 1530 1740 1512 1502 1515 1529 1514 1533 1714 1696 1531 1621 1505 1723 1723 1523 1623 1719

Tree=0
num_leaves=14
num_cat=3
split_feature=0 1 34 32 32 0 43 33 34 42 44 25 33
split_gain=1193.12 120.118 104.741 98.0796 79.2971 72.7207 34.3129 22.8855 22.3718 21.9454 14.7947 12.7311 1.94964
threshold=0 1 21.050000000000004 29.670238000000005 27.223809500000005 2 19.050000000000004 38.800000000000004 26.400000000000002 3.5000000000000004 28.250000000000004 8.6750000000000025 31.150000000000002
decision_type=1 1 2 2 2 1 2 2 2 2 2 2 2
left_child=1 2 10 6 -4 8 -3 12 9 -2 -1 -5 -7
right_child=5 3 4 11 -6 7 -8 -9 -10 -11 -12 -13 -14
leaf_value=-1.8011188174377428 -1.8329695786776157 -1.8332628741521595 -1.7431365640130072 -1.8279025641925701 -1.7901214382982216 -1.8822354714595348 -1.802201756054381 -1.7834607165622418 -1.7593188631225396 -1.8685178652310599 -1.8749231118637504 -1.7090213127769718 -1.8957983720118385
leaf_weight=7.9281929880380622 53.604051098227501 253.22885066270828 159.037184715271 2.7216184884309795 215.24452306330204 46.267514303326607 136.43591813743114 3.9049308747053137 4.4965870678424826 220.56942880153656 28.51782850921154 21.891279146075249 499.47615824639797
leaf_count=67 453 2140 1344 23 1819 391 1153 33 38 1864 241 185 4221
internal_value=-1.83975 -1.79747 -1.77782 -1.81604 -1.76995 -1.88186 -1.82232 -1.89287 -1.85894 -1.86157 -1.85828 -1.72121 -1.89473
internal_weight=1653.32 825.005 410.728 414.278 374.282 828.319 389.665 549.649 278.67 274.173 36.446 24.6129 545.744
internal_count=13972 6972 3471 3501 3163 7000 3293 4645 2355 2317 308 208 4612
cat_boundaries=0 1 2 3
cat_threshold=7 1 8
is_linear=0
shrinkage=1


Tree=1
num_leaves=14
num_cat=3
split_feature=0 34 1 4 0 31 42 35 33 39 39 33 22
split_gain=1106.85 118.783 123.567 87.3912 73.0527 24.5498 20.7686 28.4515 19.9316 16.7698 8.26575 2.10568 0.0162798
threshold=0 25.950000000000003 1 0.17646842360078757 2 28.250000000000004 3.5000000000000004 65.029762000000019 38.800000000000004 17.850000000000005 24.450000000000003 31.150000000000002 63.541667000000011
decision_type=1 2 1 2 1 2 2 2 2 2 2 2 2
left_child=1 2 3 -1 6 -4 7 -2 11 -8 12 -6 -3
right_child=4 10 5 -5 8 -7 9 -9 -10 -11 -12 -13 -14
leaf_value=0.07747497091109215 -0.021041698622865673 0.088569331201788615 -0.011176071908878833 0.031170582961517725 -0.041361880728852822 0.02219698585617837 -0.049564029491795392 0.052264488292691029 0.044351825242890747 -0.017708914183703652 0.06121185584186975 -0.05573015107859082 0.15285562582517295
leaf_weight=218.064303137362 31.671569362282753 5.1702913567423847 65.264110215008259 194.63645204901695 42.543819762766361 335.3044967725873 55.137014836072922 21.291065461933613 4.434333622455596 165.32867834717035 5.7491542100906363 480.80962620675564 22.209027163684368
leaf_count=1743 266 41 545 1592 371 2793 476 179 36 1425 46 4235 177
internal_value=0.000388246 0.0400068 0.0365904 0.0557652 -0.0414442 0.0167453 -0.0184592 0.00884994 -0.052732 -0.0258635 0.132067 -0.0546433 0.144265
internal_weight=1647.61 846.398 813.269 412.701 801.216 400.569 273.428 52.9626 527.788 220.466 33.1285 523.353 27.3793
internal_count=13925 6937 6673 3335 6988 3338 2346 445 4642 1901 264 4606 218
cat_boundaries=0 1 2 3
cat_threshold=7 1 8
is_linear=0
shrinkage=0.05


Tree=2
num_leaves=14
num_cat=3
split_feature=0 34 1 40 0 31 42 34 33 39 39 33 23
split_gain=1005.29 98.6447 106.961 80.2206 70.0309 22.281 19.7384 20.7435 16.304 16.0942 6.83223 2.45159 0.162482
threshold=0 25.950000000000003 1 36.750000000000007 2 28.250000000000004 3.5000000000000004 21.550000000000004 38.800000000000004 17.850000000000005 24.450000000000003 31.150000000000002 92.500000000000014
decision_type=1 2 1 2 1 2 2 2 2 2 2 2 2
left_child=1 2 3 -1 6 -4 7 -2 11 -8 -3 -6 -12
right_child=4 10 5 -5 8 -7 9 -9 -10 -11 12 -13 -14
leaf_value=0.026894665135909782 -0.029266703968647154 0.12729001053411615 -0.011530027064981137 0.07000737034720167 -0.040531783053718906 0.019869956681316015 -0.049119946093615335 0.032450820000999393 0.036828288527594774 -0.017682121640817009 0.029823150555048247 -0.05536623503574746 0.068948686192908462
leaf_weight=201.16217128932476 21.855316750705242 29.758860170841217 66.976000994443893 236.74429748207331 44.15222006291151 341.3323043063283 54.607731431722641 32.766483031213284 4.3213312923908225 160.77352428436279 3.0323359668254843 463.75883765518665 3.7582106590270996
leaf_count=1593 183 215 564 1811 397 2798 489 273 34 1404 23 4258 29
internal_value=-4.09629e-05 0.0363216 0.0331667 0.050309 -0.0410107 0.0147037 -0.0183809 0.00767415 -0.0523019 -0.025843 0.11621 -0.0541589 0.0575479
internal_weight=1665 882.764 846.215 437.906 782.235 408.308 270.003 54.6218 512.232 215.381 36.5494 507.911 6.79055
internal_count=14071 7033 6766 3404 7038 3362 2349 456 4689 1893 267 4655 52
cat_boundaries=0 1 2 3
cat_threshold=7 1 8
is_linear=0
shrinkage=0.05


Tree=3
num_leaves=14
num_cat=4
split_feature=0 34 1 4 0 43 34 42 33 34 1 39 33
split_gain=914.13 96.7386 69.3598 85.9562 68.8038 24.0643 16.5585 17.1272 14.0252 11.5711 25.3117 8.17681 2.27139
threshold=0 25.250000000000004 1 0.15951094710994368 2 19.050000000000004 26.550000000000004 3.5000000000000004 38.800000000000004 25.950000000000003 3 24.450000000000003 31.150000000000002
decision_type=1 2 1 2 1 2 2 2 2 2 1 2 2
left_child=1 2 3 -1 6 -4 7 -2 12 10 -3 -11 -6
right_child=4 9 5 -5 8 -7 -8 -9 -10 11 -12 -13 -14
leaf_value=0.063042519038691042 0.0044119963364216861 0.10309634880438537 0.0049763765710379715 0.018161711558950407 -0.040004230837236941 0.030767205568354425 0.083661121309569458 -0.026659287244075087 0.026377201508584698 0.11800153365849197 0.017719590778884461 0.0466247053059154 -0.055020527099952123
leaf_weight=236.66547937691212 55.864869490265846 18.173363298177719 262.40733835101128 195.58658441156149 40.565413892269135 137.41185908019543 2.9325855374336234 209.47716371715069 4.9551989436149588 33.078732460737228 16.774359725415707 6.620495304465293 444.19686593860388
leaf_count=1722 464 140 2157 1521 376 1105 24 1878 38 220 133 49 4253
internal_value=-0.00014463 0.0335517 0.0289564 0.0428235 -0.0403541 0.0138949 -0.0180155 -0.0201256 -0.0519268 0.0881503 0.0637497 0.107536 -0.0538489
internal_weight=1664.71 906.718 832.071 432.252 757.992 399.819 268.275 265.342 489.717 74.647 34.9477 39.6992 484.762
internal_count=14080 7047 6505 3243 7033 3262 2366 2342 4667 542 273 269 4629
cat_boundaries=0 1 2 3 4
cat_threshold=7 1 8 1
is_linear=0
shrinkage=0.05


Tree=4
num_leaves=13
num_cat=3
split_feature=0 34 1 0 40 43 34 33 39 36 39 5
split_gain=790.062 76.8953 75.1444 71.3581 62.0801 22.3647 21.5308 17.126 17.0637 5.35417 4.12977 2.67334
threshold=0 25.950000000000003 1 2 36.750000000000007 19.050000000000004 26.400000000000002 38.800000000000004 17.850000000000005 88.500000000000014 22.450000000000003 -0.97507822412530132
decision_type=1 2 1 1 2 2 2 2 2 2 2 2
left_child=1 2 4 6 -1 -4 8 11 -2 -3 -11 -5
right_child=3 9 5 7 -6 -7 -8 -9 -10 10 -12 -13
leaf_value=0.020702644257082035 -0.042101617476215977 0.04275090014438105 0.003215381521927109 -0.037806422292420185 0.057425272064742953 0.027499014902664883 0.082570955834040255 0.03523794856388817 -0.011751734371032552 0.12605998124841758 0.079312962894798777 -0.054284112791517139
leaf_weight=211.61055152118206 59.89586790651083 6.3084514439105979 272.88699750602245 37.061812996864319 255.85218639671803 144.55693224817514 4.363818146288394 4.9131831079721442 199.31056926399469 16.269187048077583 19.943756625056267 427.99291235208511
leaf_count=1605 558 42 2230 370 1800 1138 34 37 1767 100 128 4257
internal_value=-0.000486044 0.0300345 0.0271301 -0.038941 0.0408814 0.0116702 -0.0162979 -0.0509766 -0.0188997 0.0953671 0.103138 -0.0530549
internal_weight=1660.97 927.428 884.907 733.538 467.463 417.444 263.57 469.968 259.206 42.5214 36.2129 465.055
internal_count=14066 7043 6773 7023 3405 3368 2359 4664 2325 270 228 4627
cat_boundaries=0 1 2 3
cat_threshold=7 1 8
is_linear=0
shrinkage=0.05


Tree=5
num_leaves=15
num_cat=2
split_feature=0 0 5 39 38 34 32 34 34 39 2 33 30 33
split_gain=753.549 64.5907 62.6146 53.8198 54.9305 51.1474 34.4578 33.6946 28.8259 17.5039 33.0037 11.6701 7.2256 2.89189
threshold=0 1 0.31595530242620651 18.750000000000004 7.4619050000000007 23.250000000000004 28.410119000000005 23.550000000000004 23.350000000000005 17.850000000000005 9.5000000000000018 38.800000000000004 31.450000000000003 31.150000000000002
decision_type=1 1 2 2 2 2 2 2 2 2 2 2 2 2
left_child=2 9 3 5 -5 -1 7 -4 -8 12 -11 13 -2 -3
right_child=1 11 6 4 -6 -7 8 -9 -10 10 -12 -13 -14 -15
leaf_value=0.085684798298894249 -0.045760231232951504 -0.037309808513213145 0.010946683770557047 0.087218048931823097 0.039748982837507385 0.0017971793735196849 -0.0081709030107977917 -0.050900977967585331 0.08011325777446765 -0.018300305730860868 0.041743050808881993 0.024066110035235663 0.032283901518019957 -0.053934045811924014
leaf_weight=20.045935988426208 54.396787524223328 38.655027195811272 277.17831645905972 73.109395511448383 376.54966711252928 133.33518946915865 12.992290705442427 22.926353394985199 29.653903916478157 176.66602563858032 25.311067149043083 4.4882987290620795 2.4514365792274466 406.79190099239349
leaf_count=149 523 385 2134 532 2734 990 102 171 233 1570 227 33 24 4234
internal_value=-0.000141068 -0.0387877 0.0289346 0.0389306 0.0476433 0.0132448 0.0121271 0.00606851 0.0536462 -0.0169613 -0.0106073 -0.050639 -0.0418949 -0.0525782
internal_weight=1654.55 708.761 945.791 603.04 449.659 153.381 342.751 300.105 42.6462 258.825 201.977 449.935 56.8482 445.447
internal_count=14041 6996 7045 4405 3266 1139 2640 2305 335 2344 1797 4652 547 4619
cat_boundaries=0 1 2
cat_threshold=7 8
is_linear=0
shrinkage=0.05


Tree=6
num_leaves=15
num_cat=1
split_feature=1 5 32 34 39 33 34 40 36 39 4 39 5 35
split_gain=65.2457 53.5249 52.5948 51.6547 46.5082 30.3671 29.2534 23.322 22.4446 26.6757 10.1941 6.31782 6.00115 2.0774
threshold=0 -0.98521978256641018 29.217262000000002 26.400000000000002 17.350000000000005 32.45000000000001 21.050000000000004 2.4500000000000006 97.500000000000014 18.050000000000004 0.77244481603295057 25.350000000000005 -0.031174269516803247 64.291666500000005
decision_type=1 2 2 2 2 2 2 2 2 2 2 2 2 2
left_child=1 4 8 6 -1 -6 -3 11 10 -10 -2 -4 -9 -5
right_child=2 3 7 13 5 -7 -8 12 9 -11 -12 -13 -14 -15
leaf_value=-0.04702103643766152 -0.035006060264802179 -0.026138513712748258 0.061764567977723034 0.037331935754693027 0.017913648141744787 0.1053622162379891 0.0075011620293246612 0.0076422706440805472 -0.024469332254715773 0.0003254102146440748 -0.013435923904751366 0.016620101659574144 -0.042502846117706099 0.10125754041466424
leaf_weight=8.3084617108106595 151.30280999839306 70.080049969255924 33.430168949067593 3.1639729291200664 15.235506311058996 30.28483934700489 712.98046561330557 37.002486526966095 166.05908964574337 309.27089474350214 88.446478694677353 11.188101574778555 6.0777064859867087 13.167885705828665
leaf_count=70 1341 613 253 23 120 241 5869 298 1511 2712 787 98 54 93
internal_value=2.15767e-05 0.00964293 -0.0102036 0.00635665 0.0574403 0.0771077 0.00446108 0.0261418 -0.0146914 -0.00836995 -0.0271374 0.051057 -0.000235874 0.0917417
internal_weight=1656 853.221 802.778 799.392 53.8288 45.5203 783.061 87.6985 715.079 475.33 239.749 44.6183 43.0802 16.3319
internal_count=14083 7029 7054 6598 431 361 6482 703 6351 4223 2128 351 352 116
cat_boundaries=0 1
cat_threshold=1
is_linear=0
shrinkage=0.05


Tree=7
num_leaves=15
num_cat=4
split_feature=0 0 34 34 5 33 42 1 33 33 0 39 4 5
split_gain=668.034 74.2019 54.8442 51.678 94.2257 43.3529 17.3215 22.2226 16.8969 13.9664 7.78585 36.1936 24.1347 3.4705
threshold=0 1 25.250000000000004 24.550000000000004 -0.72694848937061807 33.95000000000001 3.5000000000000004 2 38.100000000000009 38.800000000000004 3 20.650000000000002 0.90162119223771342 -0.97507822412530132
decision_type=1 1 2 2 2 2 2 1 2 2 1 2 2 2
left_child=2 6 3 4 -1 -5 7 -2 -8 13 11 -4 -12 -3
right_child=1 9 10 5 -6 -7 8 -9 -10 -11 12 -13 -14 -15
leaf_value=0.061024756799197236 0.041044931121886771 -0.035231844881699878 0.026676554934109836 -0.033048841062177724 0.018496020551581883 0.028598616704485869 -0.023469361617268373 -0.021314913070477538 0.089428203218217067 0.029603978098619678 0.057029315565957264 0.15333453266110511 -0.012243993182974887 -0.053699899898908603
leaf_weight=166.87254571914673 27.361506029963493 35.508913598954678 8.2372544556856173 68.572056911885738 588.66589817404747 47.375522270798683 199.45622856169939 27.885187573730946 2.407884255051612 4.6754006892442694 38.409735478460789 20.991697862744331 18.01299849152565 395.13363567739725
leaf_count=1175 232 375 57 507 4408 356 1874 237 17 33 248 130 113 4284
internal_value=-0.000226429 -0.0373058 0.0267196 0.0231924 0.0279574 -0.00783088 -0.014365 0.0097501 -0.0216885 -0.0501674 0.0650099 0.0899478 0.0298818 -0.0522623
internal_weight=1649.57 692.429 957.138 871.486 755.538 115.948 257.111 55.2467 201.864 435.318 85.6517 29.229 56.4227 430.643
internal_count=14046 7052 6994 6446 5583 863 2360 469 1891 4692 548 187 361 4659
cat_boundaries=0 1 2 3 4
cat_threshold=7 8 1 1
is_linear=0
shrinkage=0.05


Tree=8
num_leaves=15
num_cat=3
split_feature=0 0 1 34 32 34 43 39 2 39 42 37 38 24
split_gain=639.318 62.9286 57.5647 50.2407 34.9208 34.9176 21.2017 16.7957 29.6842 13.9634 13.664 10.6881 10.5507 2.67963
threshold=0 1 2 21.050000000000004 29.670238000000005 22.350000000000005 19.050000000000004 17.850000000000005 9.5000000000000018 19.050000000000004 2.5000000000000004 23.500000000000004 10.504464000000002 24.500000000000004
decision_type=1 1 1 2 2 2 2 2 2 2 2 2 2 2
left_child=2 7 3 9 6 -5 -4 10 -9 -1 -2 -3 -6 -13
right_child=1 11 4 5 12 -7 -8 8 -10 -11 -12 13 -14 -15
leaf_value=0.019985735264404274 0.030782762218003541 0.028617121584256711 0.00033422205157408334 0.085116926421026792 0.013107688077014063 0.037293448562378193 0.023490546932214855 -0.01727953356435671 0.038549511519495504 -0.040309845353071548 -0.049040201884706862 -0.00065549549790733849 0.075650896796796332 -0.051927063837838273
leaf_weight=14.866547033190725 5.3267309740185729 3.6028684526681891 269.68740355968475 41.69789282977581 9.6094214469194394 439.33016046881676 155.07031042128801 171.66127290576696 26.657278411090374 23.836882546544075 49.160736083984375 2.5901105031371108 26.157076969742775 411.22829871624708
leaf_count=112 48 25 2156 295 59 2919 1155 1559 235 188 506 22 153 4639
internal_value=-8.2993e-05 -0.0373721 0.0255452 0.0372009 0.0128924 0.041607 0.00882344 -0.0158543 -0.00961943 -0.0172294 -0.0408225 -0.0496624 0.0596609 -0.0516085
internal_weight=1650.48 670.227 980.256 519.731 460.524 481.028 424.758 252.806 198.319 38.7034 54.4875 417.421 35.7665 413.818
internal_count=14071 7034 7037 3514 3523 3214 3311 2348 1794 300 554 4686 212 4661
cat_boundaries=0 1 2 3
cat_threshold=7 8 1
is_linear=0
shrinkage=0.05


Tree=9
num_leaves=15
num_cat=2
split_feature=0 0 5 39 32 4 34 34 39 2 33 34 42 5
split_gain=551.248 67.2762 48.1628 53.7959 49.3526 33.1538 17.4315 21.5259 15.5511 30.6706 13.8888 12.6186 10.5732 2.96566
threshold=0 1 0.18281312110578127 18.750000000000004 26.361012000000006 0.95752911693909504 20.350000000000005 22.350000000000005 17.850000000000005 9.5000000000000018 38.800000000000004 19.200000000000003 2.5000000000000004 -0.97507822412530132
decision_type=1 1 2 2 2 2 2 2 2 2 2 2 2 2
left_child=2 8 3 5 -5 -1 11 -8 12 -10 13 -4 -2 -3
right_child=1 10 6 4 -6 -7 7 -9 9 -11 -12 -13 -14 -15
leaf_value=-0.0012736694315059419 0.025699029163299688 -0.034696162694934973 0.022559287599780247 0.10585586319484402 0.036049311321624707 0.092056400454652992 0.03021994369628957 0.0041293884329106885 -0.015836799590047589 0.040643199606668207 0.024740109483099949 -0.039281415231125827 -0.046176303505470771 -0.052660232470838758
leaf_weight=135.48935610055923 5.0991556122899047 33.013240098953247 10.759549349546431 26.254149943590164 435.15441232919693 9.2322141230106336 118.28383981436491 235.57593433558941 169.82173399627209 26.999159075319767 5.5545885860919944 28.06931160390377 46.15978480130434 361.07718151062727
leaf_count=970 45 374 84 175 2918 65 891 1726 1564 231 38 227 494 4261
internal_value=-0.000359328 -0.035938 0.0228568 0.0319144 0.0402416 0.005271 0.00941116 0.0129112 -0.0138498 -0.00792279 -0.0489109 -0.0220091 -0.0386713 -0.051247
internal_weight=1646.54 647.725 998.819 606.13 461.409 144.722 392.689 353.86 248.08 196.821 399.645 38.8289 51.2589 394.09
internal_count=14063 7007 7056 4128 3093 1035 2928 2617 2334 1795 4673 311 539 4635
cat_boundaries=0 1 2
cat_threshold=7 8
is_linear=0
shrinkage=0.05


Tree=10
num_leaves=15
num_cat=3
split_feature=0 0 0 34 4 4 35 4 4 42 35 33 33 33
split_gain=540.356 58.6797 49.4458 82.5109 80.4222 91.2382 49.2453 40.6695 16.1807 16.1016 18.6367 12.3117 11.5055 3.22821
threshold=0 1 2 21.050000000000004 -0.96235977360714686 -0.31799228562170639 87.997024000000025 -0.26037633224328088 -0.26037633224328088 3.5000000000000004 65.267857000000006 38.100000000000009 38.800000000000004 31.150000000000002
decision_type=1 1 1 2 2 2 2 2 2 2 2 2 2 2
left_child=2 9 4 8 6 -6 -1 -5 -4 10 -2 -11 13 -3
right_child=1 12 3 7 5 -7 -8 -9 -10 11 -12 -13 -14 -15
leaf_value=0.16600749132300038 -0.01632439640318745 -0.034126648791385987 0.020603269494491813 0.03483851211875006 -0.0093497706622659004 0.049415188316921668 0.014203920693392031 0.0087156756586513253 -0.057330967343720778 -0.024498036753417229 0.042458550799132848 0.071023234442995034 0.01946408873394467 -0.052860634107471764
leaf_weight=17.935354799032215 31.872956342995167 32.433487556874752 7.2841630950570098 246.3562071248889 94.047163106501102 218.67298821359873 7.7207016050815573 377.06733854860067 44.33315484970808 187.76082118600607 21.912142738699913 2.4938997328281394 5.3448241502046576 344.97418139129877
leaf_count=119 279 379 57 1679 649 1530 51 2618 355 1845 181 17 36 4249
internal_value=-0.00032154 -0.0364473 0.0221766 0.0138247 0.0378783 0.0317688 0.122572 0.0190778 -0.0461504 -0.0154483 0.00796175 -0.0228811 -0.0490305 -0.0513451
internal_weight=1640.21 626.792 1013.42 675.041 338.376 312.72 25.6561 623.424 51.6173 244.04 53.7851 190.255 382.752 377.408
internal_count=14044 6986 7058 4709 2349 2179 170 4297 412 2322 460 1862 4664 4628
cat_boundaries=0 1 2 3
cat_threshold=7 8 1
is_linear=0
shrinkage=0.05


Tree=11
num_leaves=15
num_cat=4
split_feature=0 0 1 34 32 33 0 2 39 39 43 33 5 10
split_gain=483.183 60.485 38.4009 42.6077 32.2721 30.1781 20.0995 15.1233 24.0391 19.872 13.8402 11.4535 3.19907 0.406869
threshold=0 1 2 21.050000000000004 27.223809500000005 37.95000000000001 3 9.5000000000000018 17.450000000000003 21.750000000000004 19.050000000000004 38.800000000000004 -0.97507822412530132 64.812500000000014
decision_type=1 1 1 2 2 2 1 2 2 2 2 2 2 2
left_child=2 7 3 6 -5 10 -1 9 -9 -2 -4 12 -3 -7
right_child=1 11 5 4 -6 13 -8 8 -10 -11 -12 -13 -14 -15
leaf_value=0.024057126154191161 -0.036339904626179365 -0.033403884303767353 0.0013651354136127777 0.047520778498187054 0.022097592264160915 0.047849580513873016 -0.038155002609270336 -0.032162716661747179 0.036550114761443729 -0.0041412902516134338 0.019615674153373733 0.020371009229070251 -0.052243013490432699 0.089924036243158076
leaf_weight=13.020505279302597 101.22275017946959 31.668824046850204 295.88281580805779 226.73799079656601 283.84625650942326 5.219197303056716 25.527962431311607 20.250612251460552 30.850928738713264 90.746661119163036 159.2207512781024 5.2602952271699897 332.95460503548384 9.2556446194648725
leaf_count=99 1013 385 2257 1380 1846 28 207 217 266 846 1127 35 4279 49
internal_value=-0.000585415 -0.0352983 0.0204609 0.0296307 0.0334582 0.0101321 -0.0206294 -0.0142245 0.00922579 -0.0212195 0.00777921 -0.0483364 -0.0507026 0.0788257
internal_weight=1631.67 612.955 1018.71 549.133 510.584 469.578 38.5485 243.071 51.1015 191.969 455.104 369.884 364.623 14.4748
internal_count=14034 7041 6993 3532 3226 3461 306 2342 483 1859 3384 4699 4664 77
cat_boundaries=0 1 2 3 4
cat_threshold=7 8 1 1
is_linear=0
shrinkage=0.05


Tree=12
num_leaves=15
num_cat=3
split_feature=0 0 1 6 5 7 39 39 25 33 38 39 33 5
split_gain=430.021 66.2328 41.6673 38.0948 39.5262 31.5025 16.3323 27.2649 15.3888 11.5555 9.60766 8.77454 7.58878 4.17581
threshold=0 1 2 2.5000000000000004 -0.98521978256641018 29.931250000000002 17.850000000000005 18.150000000000002 6.7881945000000004 36.95000000000001 11.120238000000002 12.150000000000002 38.800000000000004 -0.97507822412530132
decision_type=1 1 1 2 2 2 2 2 2 2 2 2 2 2
left_child=2 6 3 9 -5 8 11 -8 -4 -1 -7 -2 13 -3
right_child=1 12 5 4 -6 10 7 -9 -10 -11 -12 -13 -14 -15
leaf_value=-0.0016659445743873206 0.050316693027304099 -0.030464014610742399 0.020366315708324187 0.088807636496628456 0.031246732890281577 0.017714925324748585 0.086479075719183868 -0.0096500502608294798 -0.00071848163615701127 0.046269511212228456 0.071908280021338075 -0.042729142752096966 0.012366533437093331 -0.051875701970347035
leaf_weight=107.93819373846054 1.8619364127516735 29.995418660342693 116.72129824012518 31.647036671638489 403.08890490978956 13.709740251302717 6.6886177137494078 182.77803409099579 326.45032615214586 13.220922887325285 22.831499576568604 46.371557071805 4.5682703554630271 315.70749013870955
leaf_count=726 18 375 877 181 2526 81 59 1718 2429 81 125 525 30 4238
internal_value=-9.52204e-05 -0.0338806 0.019242 0.0287348 0.0356311 0.00860502 -0.0120173 -0.00582025 0.00486812 0.00390073 0.0525892 -0.0381883 -0.0478998 -0.0501111
internal_weight=1623.58 587.971 1035.61 555.895 434.736 479.713 237.7 189.467 443.172 121.159 36.5412 48.2335 350.271 345.703
internal_count=13989 6963 7026 3514 2707 3512 2320 1777 3306 807 206 543 4643 4613
cat_boundaries=0 1 2 3
cat_threshold=7 8 1
is_linear=0
shrinkage=0.05


Tree=13
num_leaves=13
num_cat=3
split_feature=0 0 5 34 32 0 34 39 33 5 38 33
split_gain=400.209 77.2915 48.4054 37.0658 25.4637 19.156 23.2132 14.4033 11.1854 4.03561 10.6112 2.72757
threshold=0 1 0.31595530242620651 23.950000000000003 29.144940500000001 2 21.050000000000004 17.850000000000005 38.800000000000004 -0.97874870457683605 7.0270830000000002 31.150000000000002
decision_type=1 1 2 2 2 1 2 2 2 2 2 2
left_child=8 2 3 -2 -4 6 -3 -7 9 10 -1 -11
right_child=1 5 4 -5 -6 7 -8 -9 -10 11 -12 -13
leaf_value=0.012284564419935777 0.0521566626351469 -0.038589543082376575 0.0034920908782522585 0.022699905836729671 0.095711155920839189 -0.035814035866605365 0.010696148947015963 -0.0053956368075972795 0.020604107565065432 -0.034652933028569817 -0.051684489638389543 -0.053244998109427233
leaf_weight=9.5175101086497325 173.42932591587305 24.817568950355053 238.2703024148941 283.41624177992344 6.7323562353849402 47.919764198362827 322.87486574053764 192.8051363825798 5.2180459648370734 29.393458016216755 17.359021790325642 277.08597145229578
leaf_count=121 1107 205 1721 1819 46 558 2144 1813 34 385 223 3910
internal_value=0.000152311 0.0129103 0.0240297 0.0339719 0.00640492 -0.000550185 0.00688034 -0.0111142 -0.0473475 -0.0498857 -0.0294037 -0.0515804
internal_weight=1628.84 1290.27 701.848 456.846 245.003 588.417 347.692 240.725 338.574 333.356 26.8765 306.479
internal_count=14086 9413 4693 2926 1767 4720 2349 2371 4673 4639 344 4295
cat_boundaries=0 1 2 3
cat_threshold=48 5 2
is_linear=0
shrinkage=0.05


Tree=14
num_leaves=14
num_cat=2
split_feature=0 0 5 39 21 40 34 6 37 5 38 32 4
split_gain=365.967 74.5037 42.2082 36.0507 24.6479 23.3077 57.7912 22.9281 8.94839 3.16909 8.46919 2.47098 1.03372
threshold=0 1 0.24997576770840005 18.850000000000005 24.450000000000003 0.35000000000000003 20.950000000000003 2.5000000000000004 24.500000000000004 -0.98801846520836334 7.0270830000000002 26.361012000000006 0.96234642434711437
decision_type=1 1 2 2 2 2 2 2 2 2 2 2 2
left_child=8 2 3 -2 -4 6 -3 -7 12 10 -10 -11 -1
right_child=1 5 4 -5 -6 7 -8 -9 9 11 -12 -13 -14
leaf_value=-0.016049108258833007 0.0081003268456375788 -0.052975891782786701 0.0026329174772394812 0.04023784363902197 0.065494163838082362 -0.024066475521296284 0.075814149261701311 0.0010481780207340253 0.015752516159402711 -0.037147254793489286 -0.050460816565262925 -0.052798139591619664 0.017634286243753638
leaf_weight=2.7972900345921508 118.23720250278711 11.90698730945587 243.45227901637554 338.57049336284399 15.669183894991873 114.19990856200457 26.50539231300354 430.0583858564496 6.863133609294894 40.463790319859982 12.693473570048807 256.81802155822515 4.8082065582275391
leaf_count=31 775 107 1747 2085 106 929 210 3432 86 576 170 3767 31
internal_value=-0.000143165 0.0117942 0.0225122 0.0319554 0.00667133 -0.00154815 0.0355609 -0.00425602 -0.0467387 -0.0494581 -0.0275882 -0.0507995 0.00482023
internal_weight=1623.04 1298.6 715.929 456.808 259.121 582.671 38.4124 544.258 324.444 316.838 19.5566 297.282 7.6055
internal_count=14052 9391 4713 2860 1853 4678 317 4361 4661 4599 256 4343 62
cat_boundaries=0 1 2
cat_threshold=48 5
is_linear=0
shrinkage=0.05


Tree=15
num_leaves=15
num_cat=3
split_feature=0 0 34 34 5 33 42 37 33 33 43 39 33 1
split_gain=356.248 54.0458 35.1102 41.803 67.94 34.7739 16.5512 20.771 16.2641 12.7984 7.7418 11.1266 3.70077 0.167266
threshold=0 1 25.250000000000004 24.550000000000004 -0.72694848937061807 33.95000000000001 3.5000000000000004 32.500000000000007 38.100000000000009 38.800000000000004 30.750000000000004 19.450000000000003 31.150000000000002 2
decision_type=1 1 2 2 2 2 2 2 2 2 2 2 2 1
left_child=2 6 3 4 -1 -5 7 -2 -8 12 11 -4 -3 -12
right_child=1 9 10 5 -6 -7 8 -9 -10 -11 13 -13 -14 -15
leaf_value=0.04383696045310987 -0.0148980819706485 -0.029371694959551171 -0.00069136658916616877 -0.035747469478446557 0.010267260025069969 0.016774702290476517 -0.02230969162097509 0.046733994472575056 0.088400029057904811 0.024584731521889502 0.1111485419664736 0.047883009363214046 -0.05061436263613165 0.053963890594663423
leaf_weight=195.91165942698717 32.04250580817461 27.352538764476776 13.891227558255194 70.572659753262997 646.82424981147051 55.491729661822319 180.64260029047728 22.406247682869434 2.4140785932540885 5.4849632233381262 3.928512677550315 75.881241172552109 282.07610829919577 3.8903263658285141
leaf_count=1192 285 382 91 487 4417 373 1876 187 16 35 23 401 4302 27
internal_value=3.17997e-06 -0.0322141 0.0168511 0.0140982 0.0181139 -0.0126779 -0.0126717 0.0108496 -0.0203773 -0.0460277 0.0454676 0.0404419 -0.0488372 0.0920414
internal_weight=1618.81 552.419 1066.39 968.8 842.736 126.064 237.505 54.4488 183.057 314.914 97.5913 89.7725 309.429 7.81884
internal_count=14094 7083 7011 6469 5609 860 2364 472 1892 4719 542 492 4684 50
cat_boundaries=0 1 2 3
cat_threshold=7 8 1
is_linear=0
shrinkage=0.05


Tree=16
num_leaves=13
num_cat=3
split_feature=0 0 33 36 1 34 5 33 36 5 38 33
split_gain=326.841 62.0745 35.0135 47.5371 26.7098 50.4673 19.8186 9.09021 6.48506 4.96791 11.1046 3.89051
threshold=0 1 36.95000000000001 96.500000000000014 2 26.400000000000002 -0.08269194106225343 38.800000000000004 89.500000000000014 -0.97507822412530132 7.0270830000000002 31.150000000000002
decision_type=1 1 2 2 1 2 2 2 2 2 2 2
left_child=7 2 3 -2 5 -3 -6 9 -4 10 -1 -11
right_child=1 4 8 -5 6 -7 -8 -9 -10 11 -12 -13
leaf_value=0.014436351562384623 -0.0054179083028970954 0.0056221325322129085 0.028921299207679926 0.025188131642745262 -0.025566176536060761 0.13742566091289585 0.00098494251490551204 0.012239550183845373 0.068967619749297354 -0.030844985578198349 -0.050828281809279396 -0.05292698214025493
leaf_weight=9.9459223747253436 168.70419897139072 302.3372845351696 16.248991340398788 506.83230239897966 141.55759391188622 6.4454879909753791 138.4864047691226 5.8698392212390891 40.515130043029785 27.146642044186592 16.101839035749435 241.91695176064968
leaf_count=132 1171 2313 87 3236 1176 37 1193 37 223 389 236 3901
internal_value=6.35244e-05 0.0108513 0.020495 0.0175481 -0.00129815 0.00880812 -0.0124794 -0.0460034 0.0582033 -0.0487529 -0.0262956 -0.0508215
internal_weight=1622.11 1321.13 732.301 675.537 588.827 308.783 280.044 300.981 56.7641 295.111 26.0478 269.064
internal_count=14131 9436 4717 4407 4719 2350 2369 4695 310 4658 368 4290
cat_boundaries=0 1 2 3
cat_threshold=48 5 1
is_linear=0
shrinkage=0.05


Tree=17
num_leaves=13
num_cat=3
split_feature=0 0 34 5 4 26 0 4 33 5 33 33
split_gain=300.132 60.438 57.0664 46.2443 59.3409 37.3107 35.2642 20.5556 11.7166 3.15387 7.36504 3.86128
threshold=0 1 21.050000000000004 -0.94137724084408114 -0.95244167294248061 15.450000000000001 2 -0.24372957273992743 38.800000000000004 -0.97507822412530132 32.95000000000001 31.150000000000002
decision_type=1 1 2 2 2 2 1 2 2 2 2 2
left_child=8 3 7 5 -5 -2 -4 -3 9 10 -1 -11
right_child=1 2 6 4 -6 -7 -8 -9 -10 11 -12 -13
leaf_value=-0.044134733445571575 -0.017930726474870352 0.018594174152519929 0.012267653656750064 0.082422115412400743 0.013021635627440929 0.092355562164833871 -0.01083637305045785 -0.051689163689081122 0.020667734747692072 -0.029954192114047602 0.016006209248955634 -0.052284172425704059
leaf_weight=19.492753580212597 9.0528546422719938 12.059437952935694 667.18319914489985 33.614775270223618 285.95849014818668 40.415272101759911 210.38612380623817 58.737451791763306 5.7620655298233023 26.241929747164249 6.1923262104392043 231.09545210376382
leaf_count=281 55 98 4286 192 1845 235 2128 518 36 386 90 3902
internal_value=-0.000180675 0.0100196 0.00320602 0.0269296 0.020556 0.0722174 0.00673902 -0.039625 -0.0453676 -0.0483773 -0.0295791 -0.0501318
internal_weight=1606.19 1317.41 948.366 369.041 319.573 49.4681 877.569 70.7969 288.785 283.022 25.6851 257.337
internal_count=14052 9357 7030 2327 2037 290 6414 616 4695 4659 371 4288
cat_boundaries=0 1 2 3
cat_threshold=48 1 6
is_linear=0
shrinkage=0.05


Tree=18
num_leaves=13
num_cat=2
split_feature=0 0 5 39 40 21 39 44 33 5 43 33
split_gain=284.62 49.9854 32.8861 27.4014 21.3385 36.2174 25.3602 16.1511 8.6282 4.71524 16.0158 5.90966
threshold=0 1 0.28313308994381586 15.050000000000002 0.35000000000000003 21.050000000000004 19.450000000000003 26.100000000000005 38.800000000000004 -0.97507822412530132 17.600000000000005 31.150000000000002
decision_type=1 1 2 2 2 2 2 2 2 2 2 2
left_child=8 2 3 -2 5 -3 -6 -4 9 10 -1 -11
right_child=1 4 7 -5 6 -7 -8 -9 -10 11 -12 -13
leaf_value=0.031876034436029814 -0.02987734406824949 -0.046741198512577332 0.073336352142590988 0.029317827949826583 -0.017395186029176238 0.061223063161001484 0.0050102075478400563 0.0025572961378864836 0.012353090414493652 -0.024902642532312867 -0.050944485638758343 -0.0520661962906835
leaf_weight=7.7650639079511192 19.632559254765511 9.5791202411055547 7.3282631337642661 463.53901279717684 200.58102475851774 29.681976184248924 337.32354215532541 253.70000974088907 5.8267449587583533 25.048155218362808 17.289047889411449 221.62675570324063
leaf_count=111 130 92 54 2737 1698 226 2622 1772 36 378 260 3918
internal_value=0.00064343 0.0103856 0.018889 0.0268558 -0.000726844 0.0343747 -0.00336139 0.00481669 -0.0443866 -0.0472716 -0.0250375 -0.0494196
internal_weight=1598.92 1321.37 744.2 483.172 577.166 39.2611 537.905 261.028 277.556 271.729 25.0541 246.675
internal_count=14034 9331 4693 2867 4638 318 4320 1826 4703 4667 371 4296
cat_boundaries=0 1 2
cat_threshold=48 5
is_linear=0
shrinkage=0.05


Tree=19
num_leaves=15
num_cat=1
split_feature=1 5 37 34 32 4 36 26 20 5 39 19 41 33
split_gain=39.203 33.1802 37.2584 34.3058 28.5017 27.2977 16.4341 20.9904 15.8968 10.5686 5.49602 2.63487 1.22974 0.304737
threshold=0 -0.99761278905001471 57.500000000000007 26.400000000000002 29.595238000000005 0.2603727204637144 97.500000000000014 17.850000000000005 32.95000000000001 -0.28519997588938983 20.750000000000004 29.897222500000005 1.1500000000000001 32.45000000000001
decision_type=1 2 2 2 2 2 2 2 2 2 2 2 2 2
left_child=1 2 -1 5 6 -3 8 -8 -2 10 -6 -11 -5 -4
right_child=4 3 13 12 9 -7 7 -9 -10 11 -12 -13 -14 -15
leaf_value=-0.049682517331041592 -0.04136135702176412 0.01272893794276901 0.049584682908332539 0.029850021812055968 -0.028218503482015468 -0.0057125359634099572 -0.01492446002930177 0.0068452176489751633 -0.01306632595169201 0.010217610041878874 0.016817331022007893 0.056766900999789253 0.078774654613878781 0.10530031234256393
leaf_weight=4.7903276905417469 70.924884978681803 440.75967252254486 3.0731372609734562 3.2371225580573109 7.6483813598752013 366.8726776689291 252.03970120474696 196.07585193216801 165.47274070233107 4.1467694230377701 30.829470381140709 19.746349509805441 14.920401129871605 14.561960585415362
leaf_count=43 700 3564 23 22 59 3191 2446 1768 1610 37 221 129 94 101
internal_value=0.000250109 0.00760139 0.0662941 0.00592925 -0.00809753 0.00435506 -0.0110538 -0.00540496 -0.021694 0.02401 0.00737736 0.049423 0.0720658 0.098773
internal_weight=1595.1 848.215 22.4254 825.79 746.884 807.632 684.513 448.116 236.398 62.371 38.4779 23.8931 18.1575 17.6351
internal_count=14008 7038 167 6871 6970 6755 6524 4214 2310 446 280 166 116 124
cat_boundaries=0 1
cat_threshold=1
is_linear=0
shrinkage=0.05


Tree=20
num_leaves=13
num_cat=3
split_feature=0 0 32 4 34 0 4 36 33 5 43 33
split_gain=258.499 49.8232 50.518 48.885 46.1561 32.7486 22.0056 12.6482 11.0237 4.05849 12.4685 4.10599
threshold=0 1 29.989881000000004 -0.94705910369513513 21.050000000000004 2 -0.26037633224328088 89.500000000000014 38.800000000000004 -0.97507822412530132 16.550000000000001 31.150000000000002
decision_type=1 1 2 2 2 1 2 2 2 2 2 2
left_child=8 2 3 -2 6 -6 -3 -4 9 10 -1 -11
right_child=1 4 7 -5 5 -7 -8 -9 -10 11 -12 -13
leaf_value=0.027455572750695035 0.072804298483673924 0.025042708708746527 0.01854324440033938 0.013217525095069935 0.011171244446063834 -0.011130754956902808 -0.048593802282672537 0.10913131305020668 0.019507200499529448 -0.028243922682330148 -0.048150266455377407 -0.051828676591662071
leaf_weight=6.9940487332642105 37.739108934998512 11.609376788139341 5.2834175080060986 316.79205380380154 681.46460393071175 207.46428421139717 57.796663239598274 20.066960141062737 5.8011393696069709 24.623813595622778 17.354339703917503 208.86333334818482
leaf_count=96 205 92 25 2015 4319 2113 535 93 35 379 267 3876
internal_value=4.16424e-05 0.00904156 0.0241413 0.0197473 0.00285003 0.00596005 -0.0360961 0.0916716 -0.0441757 -0.0473851 -0.0262062 -0.0494725
internal_weight=1601.85 1338.22 379.882 354.531 958.335 888.929 69.406 25.3504 263.637 257.836 24.3484 233.487
internal_count=14050 9397 2338 2220 7059 6432 627 118 4653 4618 363 4255
cat_boundaries=0 1 2 3
cat_threshold=48 1 6
is_linear=0
shrinkage=0.05


Tree=21
num_leaves=13
num_cat=4
split_feature=0 0 1 0 32 2 39 39 33 5 43 33
split_gain=235.287 36.492 22.0416 24.5004 18.3018 13.4368 21.2126 20.4469 8.29151 4.37628 12.2693 4.19115
threshold=0 1 2 3 29.248512000000002 9.5000000000000018 21.550000000000004 17.450000000000003 38.800000000000004 -0.98212955754013376 16.550000000000001 31.150000000000002
decision_type=1 1 1 1 2 2 2 2 2 2 2 2
left_child=8 5 3 -3 -4 6 -2 -7 9 10 -1 -11
right_child=1 2 4 -5 -6 7 -8 -9 -10 11 -12 -13
leaf_value=0.034202304897147644 -0.0342640445772837 0.031295458399910013 0.00011575716095316702 0.0095005132477555265 0.028711029395784612 -0.02856247144243701 -0.00017032185413720741 0.037730146254324082 0.011222095040799827 -0.02767045361662231 -0.046984764860804148 -0.051660195905889252
leaf_weight=5.8077686764299896 89.71965353935957 207.39760676026344 455.2669013813138 397.47277257591486 62.798269391059875 17.916625633835793 91.799405053257942 29.441504396498203 5.8658068329095832 24.157497864216566 14.519795127212999 203.53987494856119
leaf_count=77 995 1172 3226 2370 344 216 893 258 35 381 231 3941
internal_value=-0.000994508 0.00739949 0.0111118 0.0176862 0.00363062 -0.0104886 -0.0171173 0.0125782 -0.0441012 -0.0472203 -0.0232728 -0.0492471
internal_weight=1605.7 1351.81 1122.94 604.87 518.065 228.877 181.519 47.3581 253.891 248.025 20.3276 227.697
internal_count=14139 9474 7112 3542 3570 2362 1888 474 4665 4630 308 4322
cat_boundaries=0 1 2 3 4
cat_threshold=48 8 1 1
is_linear=0
shrinkage=0.05


Tree=22
num_leaves=13
num_cat=3
split_feature=0 0 33 36 1 5 20 33 26 33 2 5
split_gain=233.959 36.0044 24.7738 35.7417 18.143 41.9976 28.0251 5.46775 5.33166 4.17013 10.0043 4.24936
threshold=0 1 36.95000000000001 96.500000000000014 2 -0.4295879841196229 30.050000000000004 38.800000000000004 26.250000000000004 31.150000000000002 10.500000000000002 -0.97507822412530132
decision_type=1 1 2 2 1 2 2 2 2 2 2 2
left_child=7 2 3 -2 5 -3 -6 9 -4 10 -1 -11
right_child=1 4 8 -5 6 -7 -8 -9 -10 11 -12 -13
leaf_value=-0.050107810775718332 -0.007255384178137112 0.02975807903915394 0.038648583259287932 0.019206273235874767 0.073862818941254918 -0.0077433870601222744 -0.013636951140237084 0.00052289739479267233 0.082674697401775118 -0.027250073367588896 0.013963557205615358 -0.051681533978340743
leaf_weight=14.578545026481153 167.33253090083599 122.25178681313992 52.753177329897881 530.52979081124067 8.4968706890940648 188.57814914733171 261.918735653162 6.2234045118093482 8.3239306360483152 23.619814217090607 9.4198849685490114 191.14018034189939
leaf_count=236 1144 896 260 3213 72 1458 2269 37 50 370 152 3889
internal_value=-5.09281e-05 0.00825316 0.0153723 0.01286 -0.00115524 0.00705436 -0.0106256 -0.0438794 0.0458839 -0.0468643 -0.0254059 -0.0491333
internal_weight=1585.17 1340.18 758.939 697.862 581.246 310.83 270.416 244.982 61.0771 238.758 23.9984 214.76
internal_count=14046 9362 4667 4357 4695 2354 2341 4684 310 4647 388 4259
cat_boundaries=0 1 2 3
cat_threshold=48 5 1
is_linear=0
shrinkage=0.05


Tree=23
num_leaves=13
num_cat=2
split_feature=0 0 33 36 40 38 19 33 37 5 43 33
split_gain=205.94 40.6354 23.9271 31.3713 17.6943 43.1904 20.0095 8.59943 5.59155 4.97571 12.682 5.41006
threshold=0 1 36.95000000000001 96.500000000000014 0.35000000000000003 7.3476190000000008 25.956944500000002 38.800000000000004 23.500000000000004 -0.97507822412530132 17.600000000000005 31.150000000000002
decision_type=1 1 2 2 2 2 2 2 2 2 2 2
left_child=7 2 3 -2 5 -3 -6 9 -4 10 -1 -11
right_child=1 4 8 -5 6 -7 -8 -9 -10 11 -12 -13
leaf_value=0.023798767317902661 -0.0064894079533458146 0.12923090734052486 -0.0043436578434196812 0.01819653229625439 0.035675350012393713 0.0025503663075554786 -0.0074299910284581416 0.010733685325745241 0.048872866203524212 -0.023725317002670276 -0.049865903463846284 -0.051225866799943211
leaf_weight=8.6546305976808089 168.57318162918091 7.5036769881844512 5.2232463061809531 537.21156870573759 27.432757265865803 32.430221192538738 510.94273752719164 6.5722842514514914 57.189533859491348 22.65096877142787 14.377902474254368 182.98050445690751
leaf_count=121 1155 56 25 3218 224 269 4133 39 287 374 248 3900
internal_value=-0.00033906 0.00729634 0.0147716 0.0122996 -0.00272384 0.0289295 -0.0051715 -0.0424043 0.044421 -0.045818 -0.0223474 -0.0483261
internal_weight=1581.74 1346.51 768.198 705.785 578.309 39.9339 538.375 235.236 62.4128 228.664 23.0325 205.631
internal_count=14049 9367 4685 4373 4682 325 4357 4682 312 4643 369 4274
cat_boundaries=0 1 2
cat_threshold=48 5
is_linear=0
shrinkage=0.05


Tree=24
num_leaves=13
num_cat=3
split_feature=0 0 9 1 39 39 42 39 33 5 38 33
split_gain=201.844 39.9793 24.7055 23.0206 13.3958 20.5468 6.58593 5.62336 5.1503 5.00082 10.6235 4.54088
threshold=0 1 26.550000000000004 2 17.850000000000005 18.150000000000002 2.5000000000000004 25.100000000000005 38.800000000000004 -0.97507822412530132 7.0270830000000002 31.150000000000002
decision_type=1 1 2 1 2 2 2 2 2 2 2 2
left_child=8 4 3 -3 6 -6 -2 -4 9 10 -1 -11
right_child=1 2 7 -5 5 -7 -8 -9 -10 11 -12 -13
leaf_value=0.016825702467940091 0.016908817234222082 0.016009591337934503 0.047220082190320208 0.0013299214758017237 0.071300039474091415 -0.009877936391109959 -0.044015744684395147 -0.0047487372455285318 8.3439369280756566e-05 -0.025627193980683485 -0.049554673814339367 -0.051315305737253653
leaf_weight=9.6036587767303008 4.4811827391386023 587.30166944861412 53.494643174111843 489.46846408396959 7.1642500758171073 174.24632243067026 37.782710812985897 5.5633762627840033 6.2595580816268912 22.53735838085413 13.572529748082159 174.4487472884357
leaf_count=136 41 3398 258 3397 60 1726 509 29 37 380 243 3894
internal_value=-0.000189059 0.00718678 0.010998 0.00934406 -0.0117752 -0.00629876 -0.0373145 0.042327 -0.0427489 -0.0458945 -0.02249 -0.0485206
internal_weight=1585.92 1359.5 1135.83 1076.77 223.674 181.411 42.2639 59.058 226.422 220.162 23.1762 196.986
internal_count=14108 9418 7082 6795 2336 1786 550 287 4690 4653 379 4274
cat_boundaries=0 1 2 3
cat_threshold=48 8 1
is_linear=0
shrinkage=0.05


Tree=25
num_leaves=13
num_cat=2
split_feature=0 0 34 35 4 32 5 4 33 33 5 5
split_gain=184.478 32.8048 41.1796 35.438 66.5168 24.1612 22.3478 21.8664 8.96576 4.97261 9.01387 4.32479
threshold=0 1 21.050000000000004 82.619047500000008 -0.94705910369513513 26.378273500000002 -0.82413948779581736 -0.26037633224328088 38.800000000000004 31.150000000000002 0.74298546529340237 -0.97507822412530132
decision_type=1 1 2 2 2 2 2 2 2 2 2 2
left_child=8 3 7 6 -5 -4 -2 -3 9 10 -1 -11
right_child=1 2 5 4 -6 -7 -8 -9 -10 11 -12 -13
leaf_value=-0.049259987450483878 0.10918371275939323 0.025161410150820192 0.030844320408049072 0.062554157509787461 -0.0082324256813461651 0.0020895915176618487 0.030846242987711211 -0.048797945661108087 0.013457821949316114 -0.025495355741977251 0.011541197945755696 -0.050833653973017902
leaf_weight=12.408284991979601 8.8151162117719633 11.508541941642759 79.307539351284504 40.006615221500397 173.19042576849461 810.97919109463692 177.63900543749332 55.007893547415733 6.2883508056402198 22.250499852001667 10.604335475713013 165.9535711966455
leaf_count=218 51 88 546 204 1004 5842 1097 528 37 372 179 3882
internal_value=-2.5145e-05 0.00692419 0.0018138 0.0187827 0.00528077 0.00468282 0.0351126 -0.0358185 -0.0416101 -0.045266 -0.0219286 -0.0479886
internal_weight=1573.96 1356.45 956.803 399.651 213.197 890.287 186.454 66.5164 217.505 211.217 23.0126 188.204
internal_count=14048 9360 7004 2356 1208 6388 1148 616 4688 4651 397 4254
cat_boundaries=0 1 2
cat_threshold=48 1
is_linear=0
shrinkage=0.05


Tree=26
num_leaves=15
num_cat=4
split_feature=0 0 34 4 5 27 39 32 1 4 5 43 33 0
split_gain=172.425 27.0912 19.522 24.089 12.0267 20.6776 14.9919 5.5536 10.2062 11.5444 5.34245 13.1804 6.26491 4.02251
threshold=0 1 25.950000000000003 0.34235194516023087 0.28313308994381586 18.050000000000004 20.450000000000003 30.460119000000002 2 0.94704596667653973 -0.97507822412530132 17.600000000000005 31.150000000000002 3
decision_type=1 1 2 2 2 2 2 2 1 2 2 2 2 1
left_child=7 4 3 -3 6 -6 -2 10 -9 -10 11 -1 -12 -4
right_child=1 2 13 -5 5 -7 -8 8 9 -11 12 -13 -14 -15
leaf_value=0.027158265542149448 -0.041009941575728695 0.014076689845954874 0.05109876557541583 -0.0011597774159130859 -0.0066339860540443928 0.056242046174386877 -0.0062766227459358538 -0.050203132189695736 -0.038057362749275118 0.083188468669450344 -0.021340588949462398 -0.04943392047869398 -0.051883116488716623 0.011777605739445803
leaf_weight=8.2501379922032374 48.529580637812614 653.37493442744017 22.680962011218071 429.55694404244423 72.103391274809837 14.932252988219259 84.554199017584324 6.6009792611002904 2.667964018881321 3.5377058982849121 21.047896131873131 13.767975535243748 152.48988334834576 39.486050143837929
leaf_count=115 587 3970 97 2817 744 144 844 96 63 29 370 260 3744 186
internal_value=-0.000118081 0.00644566 0.00953875 0.00803748 -0.00933327 0.00466965 -0.0191537 -0.0412859 -0.0104081 0.0330145 -0.0453452 -0.0208019 -0.0483222 0.0366593
internal_weight=1573.58 1365.22 1145.1 1082.93 220.119 87.0356 133.084 208.363 12.8066 6.20567 195.556 22.0181 173.538 62.167
internal_count=14066 9389 7070 6787 2319 888 1431 4677 188 92 4489 375 4114 283
cat_boundaries=0 1 2 3 4
cat_threshold=48 8 1 1
is_linear=0
shrinkage=0.05


Tree=27
num_leaves=15
num_cat=5
split_feature=0 0 34 34 42 1 3 43 5 43 1 33 5 19
split_gain=161.489 30.0645 19.5675 38.0229 15.1009 22.1211 15.8571 8.56985 4.78257 12.8083 16.6132 5.11097 8.18312 4.55036
threshold=0 1 25.250000000000004 24.550000000000004 3.5000000000000004 2 3 30.750000000000004 -0.97507822412530132 17.600000000000005 4 31.150000000000002 0.74298546529340237 30.368750000000002
decision_type=1 1 2 2 2 1 1 2 2 2 1 2 2 2
left_child=8 4 3 -3 5 -2 -6 -4 9 10 -1 12 -10 -13
right_child=1 2 7 -5 6 -7 -8 -9 11 -11 -12 13 -14 -15
leaf_value=0.085582031599375691 0.043728783413154768 0.010596902654823766 0.024329909763492166 -0.018118820840770818 -0.0090670136070127409 -0.020797795576275098 -0.043386331934374946 0.072631777056585203 -0.048715126753028692 -0.049090090418547193 -0.043033397578201418 -0.051751930007646232 0.011437456877944846 -0.019418427974803365
leaf_weight=4.3794596530497092 26.089614063501358 898.70807046443224 98.081004470586777 131.29513233155012 123.4124226719141 25.195173971354961 45.687452711164951 9.5642532259225828 11.342095896601679 12.962965469807385 3.8527449183166027 144.46523532643914 9.8571929447352868 13.487981256097553
leaf_count=58 226 5607 486 851 1337 234 542 54 212 256 55 3721 168 209
internal_value=-0.000589484 0.0056983 0.00898014 0.00692247 -0.0108644 0.0122367 -0.01854 0.0292505 -0.0412609 -0.0195488 0.0272476 -0.0459972 -0.0214902 -0.0491304
internal_weight=1558.38 1358.03 1137.65 1030 220.385 51.2848 169.1 107.645 200.348 21.1952 8.2322 179.153 21.1993 157.953
internal_count=14016 9337 6998 6458 2339 460 1879 540 4679 369 113 4310 380 3930
cat_boundaries=0 1 2 3 4 5
cat_threshold=48 8 1 2 1
is_linear=0
shrinkage=0.05


Tree=28
num_leaves=13
num_cat=2
split_feature=0 1 5 35 34 44 44 33 33 2 5 5
split_gain=150.494 23.7553 24.6121 27.8111 20.5735 16.0315 15.7947 8.7465 4.50162 9.68901 4.46601 2.90051
threshold=0 1 -0.99761278905001471 83.636904500000014 26.400000000000002 49.150000000000006 46.250000000000007 38.800000000000004 31.150000000000002 10.500000000000002 -0.97507822412530132 -0.94137724084408114
decision_type=1 1 2 2 2 2 2 2 2 2 2 2
left_child=7 2 3 -2 -4 6 -3 8 9 -1 -10 -7
right_child=1 5 4 -5 -6 11 -8 -9 10 -11 -12 -13
leaf_value=-0.048889889496260414 -0.048928704616942702 -0.0025905057416487857 0.0086192476465249065 0.093415589621134942 0.061937888934501778 -0.005313556132983635 0.027465521652220465 0.013579434944386657 -0.024359825505012634 0.016989006539612519 -0.050626349855157043 -0.056486710729489645
leaf_weight=12.172068458050491 3.6371207237243679 561.87286917865276 699.37847293168306 15.81119406968355 17.609031066298485 3.6502087041735676 46.39116532355547 6.2683753520250312 21.413827955722809 8.9927274584770185 144.38907686248422 14.327549807727335
leaf_count=235 26 4196 4482 84 81 26 332 37 378 151 3882 108
internal_value=-0.000511374 0.00544951 0.011571 0.0657042 0.0100132 -0.00166924 -0.000256871 -0.0405513 -0.044586 -0.0213949 -0.0474003 -0.046924
internal_weight=1555.91 1362.68 736.436 19.4483 716.988 626.242 608.264 193.236 186.968 21.1648 165.803 17.9778
internal_count=14018 9335 4673 110 4563 4662 4528 4683 4646 386 4260 134
cat_boundaries=0 1 2
cat_threshold=48 1
is_linear=0
shrinkage=0.05


Tree=29
num_leaves=14
num_cat=3
split_feature=0 40 0 43 26 32 1 4 33 2 31 5 5
split_gain=138.397 22.605 22.0938 22.3849 16.4473 7.87583 9.74586 10.0263 5.78125 10.6666 5.5186 4.86798 1.06232
threshold=0 130.55000000000004 1 25.800000000000004 25.950000000000003 30.460119000000002 2 0.94704596667653973 31.150000000000002 10.500000000000002 44.100000000000001 -0.97507822412530132 0.029024409397335454
decision_type=1 2 1 2 2 2 1 2 2 2 2 2 2
left_child=5 2 4 -4 -2 8 -7 -8 9 -1 12 -10 -3
right_child=1 10 3 -5 -6 6 7 -9 11 -11 -12 -13 -14
leaf_value=-0.048611468775148325 0.0099165429821719189 -0.054688344450334596 -0.0065377524471743765 0.018755837709429082 0.047044158803251995 -0.04767744989671268 -0.036259195877166348 0.078924887690919779 -0.023965205455627036 0.020502614023789889 0.0091933974389279607 -0.051520193475207116 -0.021698009666423167
leaf_weight=11.697486098855736 740.0737748965621 18.005970731377609 458.89059425145388 107.02559043839574 30.182970777153969 5.1865833327174169 2.2924343571066856 3.9883359149098396 21.174777720123529 9.1869829595088941 4.6110783517360678 133.37326358631253 4.9607446268200865
leaf_count=236 4395 123 3729 841 175 87 60 30 382 152 29 3773 29
internal_value=-0.00075095 0.00488683 0.00585962 -0.00169962 0.0112842 -0.0398352 -0.00165534 0.0376777 -0.0445652 -0.0186609 -0.0390918 -0.0479232 -0.0487652
internal_weight=1550.65 1363.75 1336.17 565.916 770.257 186.9 11.4674 6.28077 175.433 20.8845 27.5778 154.548 22.9667
internal_count=14041 9321 9140 4570 4570 4720 177 90 4543 388 181 4155 152
cat_boundaries=0 1 2 3
cat_threshold=48 5 1
is_linear=0
shrinkage=0.05


Tree=30
num_leaves=13
num_cat=4
split_feature=0 1 0 34 5 0 38 7 33 33 2 5
split_gain=134.647 25.9738 22.5439 33.418 26.6217 15.6628 15.5344 13.9819 5.96966 5.47347 9.92059 5.91893
threshold=0 1 2 21.050000000000004 0.26659387353423863 3 5.9175595000000003 29.931250000000002 39.150000000000013 31.150000000000002 10.500000000000002 -0.98212955754013376
decision_type=1 1 1 2 2 1 2 2 2 2 2 2
left_child=8 2 4 -4 -2 6 -3 -7 9 10 -1 -11
right_child=1 5 3 -5 -6 7 -8 -9 -10 11 -12 -13
leaf_value=-0.048159534500488842 0.038607388349396886 0.049244849291481291 -0.041619083501433035 0.0093276467754195899 0.0021948482098956396 -0.00050218928372825031 -0.025048886030010927 0.02912854642764677 0.0095210130587827183 -0.017167010857136272 0.019366169599024208 -0.049763213179075678
leaf_weight=10.764001831412317 145.45028483867645 6.6479977741837493 33.49413813278079 483.41799055039883 76.565938115119934 480.31500434875488 99.622777473181486 42.407801643013954 5.23395812511444 17.019193440675735 9.3375336267054063 136.37116890400648
leaf_count=227 726 75 303 3168 448 3294 1111 205 30 309 152 3967
internal_value=0.00021558 0.00564644 0.0120379 0.00583973 0.0249953 -0.00177965 -0.0182813 0.00191615 -0.0392796 -0.0430491 -0.0173613 -0.0462812
internal_weight=1546.65 1367.92 738.928 516.912 222.016 628.994 106.271 522.723 178.726 173.492 20.1015 153.39
internal_count=14015 9330 4645 3471 1174 4685 1186 3499 4685 4655 379 4276
cat_boundaries=0 1 2 3 4
cat_threshold=48 1 1 8
is_linear=0
shrinkage=0.05


Tree=31
num_leaves=15
num_cat=4
split_feature=0 1 6 37 40 0 4 33 32 1 4 38 44 32
split_gain=125.431 25.1355 25.8553 20.4087 14.6888 14.0628 14.5145 13.9944 6.82114 9.53107 9.48138 5.19097 11.6833 1.58121
threshold=0 1 2.5000000000000004 58.500000000000007 0.25000000000000006 2 -0.58482361983252518 37.95000000000001 30.460119000000002 3 0.94704596667653973 7.0270830000000002 35.45000000000001 25.797023500000005
decision_type=1 1 2 2 2 1 2 2 2 1 2 2 2 2
left_child=8 2 4 -4 -2 6 -3 -7 11 -10 -11 12 -1 -13
right_child=1 5 3 -5 -6 7 -8 -9 9 10 -12 13 -14 -15
leaf_value=-0.048757008532766502 0.034956549350936082 0.010638953808986088 0.025443524139606374 0.0068631090885257554 -0.012143926040978557 -0.00055527646728698314 -0.031372264687914396 0.042349720327131302 -0.04845407253853623 -0.036477555509202196 0.073820362841020976 -0.016621762930835223 0.00073326588861766218 -0.051405158487383945
leaf_weight=29.430125212296844 17.751151658594608 27.572807248681784 288.2470149025321 304.27896318584681 141.68797543644905 499.11491225659847 75.278565414249897 18.756932452321053 5.5271810032427293 2.3644576147198677 4.1386840790510178 4.6026940234005442 19.562142565846443 106.81818529590964
leaf_count=816 123 305 1851 1787 944 3383 866 83 92 67 30 101 449 3138
internal_value=-0.000204728 0.00494856 0.0111258 0.0159296 -0.0067148 -0.00246098 -0.0183489 0.00105696 -0.0390518 -0.00457826 0.0342007 -0.0440122 -0.0293766 -0.0501289
internal_weight=1545.13 1372.69 751.965 592.526 159.439 620.723 102.851 517.872 172.443 12.0303 6.50314 160.413 48.9923 111.421
internal_count=14035 9342 4705 3638 1067 4637 1171 3466 4693 189 97 4504 1265 3239
cat_boundaries=0 1 2 3 4
cat_threshold=48 1 8 1
is_linear=0
shrinkage=0.05


Tree=32
num_leaves=15
num_cat=3
split_feature=0 44 5 4 0 32 1 4 7 5 43 33 10 33
split_gain=119.075 24.7565 28.8881 42.7778 28.6674 6.60331 9.50934 8.64183 5.29689 5.04116 10.6687 4.41612 2.23383 0.719416
threshold=0 50.20000000000001 -0.7444366621422277 -0.31799228562170639 1 30.460119000000002 2 0.94704596667653973 26.787500000000005 -0.97507822412530132 17.600000000000005 31.150000000000002 88.520833500000023 31.350000000000005
decision_type=1 2 2 2 1 2 1 2 2 2 2 2 2 2
left_child=5 2 3 -2 -4 9 -7 -8 12 10 -1 -11 -3 -10
right_child=1 8 4 -5 -6 6 7 -9 13 11 -12 -13 -14 -15
leaf_value=0.02354079270271282 0.047753311180474052 0.014642573179044714 0.013882237690571439 0.0077037928902247352 -0.0043582389402462727 -0.048321618057617303 -0.035762916464128255 0.07085420267339855 -0.02606330331897987 -0.023689464406856625 -0.048244988586250606 -0.05120352319998004 -0.028865826200337327 -0.059063363988522355
leaf_weight=8.0596932247281092 88.536325484514236 4.8471365645527857 299.17869181185961 263.21364927664399 694.99506845697761 5.6229788661003095 2.2241484932601452 4.204697385430336 4.4952982515096691 19.628856364637613 11.437709912657736 115.80400078743696 5.0900078564882278 15.946097478270529
leaf_count=119 570 31 1736 1722 5112 97 65 28 29 390 261 3758 34 112
internal_value=-0.000399488 0.00454543 0.00559808 0.0178912 0.00123504 -0.0388961 -0.00509992 0.0341197 -0.0393356 -0.04397 -0.0188699 -0.0474187 -0.00824493 -0.0533603
internal_weight=1543.28 1376.3 1345.92 351.75 994.174 166.982 12.0518 6.42885 30.3785 154.93 19.4974 135.433 9.93714 20.4414
internal_count=14064 9346 9140 2292 6848 4718 190 93 206 4528 380 4148 65 141
cat_boundaries=0 1 2 3
cat_threshold=48 1 1
is_linear=0
shrinkage=0.05


Tree=33
num_leaves=13
num_cat=1
split_feature=0 40 44 5 44 33 33 2 5 20 44 33
split_gain=106.543 20.6915 19.8617 20.9606 9.60587 7.1 4.92645 8.40292 5.24681 2.26095 1.64072 1.25481
threshold=0 125.2 52.000000000000007 -0.76696334127844745 43.400000000000013 38.800000000000004 31.150000000000002 10.500000000000002 -0.98801846520836334 31.150000000000002 34.400000000000013 31.350000000000005
decision_type=1 2 2 2 2 2 2 2 2 2 2 2
left_child=5 2 3 -2 10 6 7 -1 -8 -6 -3 -4
right_child=1 4 11 -5 9 -7 8 -9 -10 -11 -12 -13
leaf_value=-0.047443401904098105 0.016426046679834074 -0.010176299699249209 -0.022795261965986597 0.0020659717290359542 0.027598775073926614 0.0098526424311792832 -0.014698989148383352 0.016685231762307278 -0.049157149300234078 -0.015696386911643486 -0.048887544288760694 -0.056098200783230183
leaf_weight=9.6955649256706256 342.06136733666062 3.712864555418494 6.4065756052732494 981.5284272544086 6.1482593119144422 6.4099511653184882 13.312986146658657 9.0332965180277807 120.6181694176048 4.3592649921774864 26.539236843585968 11.404274523258207
leaf_count=228 2204 23 41 6774 38 36 254 151 4013 27 178 87
internal_value=-0.000607305 0.00396164 0.00506579 0.00578671 -0.0306785 -0.0379597 -0.0424887 -0.017235 -0.0458663 0.00983375 -0.0446141 -0.0459677
internal_weight=1541.23 1382.16 1341.4 1323.59 40.7596 159.07 152.66 18.7289 133.931 10.5075 30.2521 17.8109
internal_count=14054 9372 9106 8978 266 4682 4646 379 4267 65 201 128
cat_boundaries=0 1
cat_threshold=48
is_linear=0
shrinkage=0.05


Tree=34
num_leaves=14
num_cat=3
split_feature=0 1 38 5 31 25 20 32 1 4 38 44 20
split_gain=103.108 25.5572 22.5717 21.054 11.8004 14.9825 8.30301 7.89686 9.43787 7.68891 4.91394 11.8503 1.94239
threshold=0 1 13.849107000000002 -0.99761278905001471 28.250000000000004 6.7881945000000004 30.050000000000004 30.460119000000002 2 0.94704596667653973 7.0270830000000002 35.45000000000001 29.850000000000005
decision_type=1 1 2 2 2 2 2 2 1 2 2 2 2
left_child=7 2 3 -2 6 -6 -3 10 -9 -10 11 -1 -12
right_child=1 4 -4 -5 5 -7 -8 8 9 -11 12 -13 -14
leaf_value=-0.04831949583812032 0.060184427119689181 0.041459522575449347 -0.055416977014201875 0.010453427010187272 0.017308681883497112 -0.0039133699011471281 -0.022397384425613523 -0.047136654153983694 -0.034412462367998782 0.067712970034035175 -0.011844405450821525 0.0036465066434170448 -0.051101148582472472
leaf_weight=27.438701882958412 20.990454733371735 4.4895913898944846 11.676050603389738 720.42889766395092 101.44667042046785 440.91705107316375 90.163759153336287 5.0018836110830289 1.9914801791310308 4.657440148293972 3.9854563307017079 17.645422071218491 91.941519876942039
leaf_count=855 113 32 73 4476 738 3228 742 94 63 31 102 432 3085
internal_value=0.000177892 0.0045621 0.0108241 0.0119405 -0.00277485 8.06678e-05 -0.0189668 -0.0373782 -0.000219024 0.0366245 -0.0430573 -0.0283428 -0.0496092
internal_weight=1542.77 1390.11 753.095 741.419 637.017 542.364 94.6534 152.662 11.6508 6.64892 141.011 45.0841 95.927
internal_count=14064 9402 4662 4589 4740 3966 774 4662 188 94 4474 1287 3187
cat_boundaries=0 1 2 3
cat_threshold=48 1 1
is_linear=0
shrinkage=0.05


Tree=35
num_leaves=15
num_cat=4
split_feature=0 0 43 43 40 34 39 21 32 1 38 1 4 19
split_gain=90.0863 21.3731 18.5783 19.4792 17.4263 34.6062 14.9025 13.9311 6.05164 8.25383 6.31885 10.1263 6.20282 2.58291
threshold=0 1 35.100000000000001 34.600000000000001 0.45000000000000007 21.050000000000004 17.750000000000004 24.850000000000005 30.460119000000002 2 7.0270830000000002 3 0.94704596667653973 25.518055500000006
decision_type=1 1 2 2 2 2 2 2 2 1 2 1 2 2
left_child=8 2 3 -2 5 -3 -6 -4 10 -10 11 -1 -11 -12
right_child=1 4 7 -5 6 -7 -8 -9 9 12 13 -13 -14 -15
leaf_value=-0.0020509805455786495 0.0094690400102947492 -0.041569767430740319 -0.04187816909785403 0.097221105999427043 -0.022941682438033378 0.052295134498541798 -0.0024576772785558604 0.02247693634048889 -0.04717820399353978 -0.033628017882141981 -0.0037418250522915741 -0.049730501427421171 0.059333814209700658 -0.051015231629239224
leaf_weight=22.884816324338317 759.51730651408434 13.023411661386488 29.277477271854877 5.3908386528491965 111.23745080828667 32.551213108003139 426.52290942892432 10.911190718412398 5.0094788409769517 1.8674512114375827 3.1550376564264289 20.858037158846855 4.5976302698254585 89.505772650241852
leaf_count=646 4421 136 168 27 1012 230 3307 59 93 61 83 625 30 3136
internal_value=-0.000941965 0.00312158 0.00835986 0.0102136 -0.00412901 0.0251557 -0.00672958 -0.0242843 -0.03661 -0.00383295 -0.0419837 -0.0253895 0.0315739 -0.0494627
internal_weight=1536.31 1388.43 805.097 764.908 583.335 45.5746 537.76 40.1887 147.878 11.4746 136.404 43.7429 6.46508 92.6608
internal_count=14034 9360 4675 4448 4685 366 4319 227 4674 184 4490 1271 91 3219
cat_boundaries=0 1 2 3 4
cat_threshold=48 5 1 1
is_linear=0
shrinkage=0.05


end of trees

feature_importances:
age_group=74
temperature_max_7d=65
day_of_year_cos=49
temperature_min_7d=40
wind_speed_max_7d=35
gender=30
day_of_year_sin=26
temperature_mean_7d=20
rain_max_daily_7d=17
wind_speed_mean_7d=13
rain_days_7d=11
month=10
precipitation_sum_7d=10
wind_gust_max_7d=10
humidity_max_7d=8
humidity_mean_7d=6
humidity_min_7d=6
temperature_max_3d=5
temperature_mean_3d=4
wind_speed_max_3d=4
wind_gust_max_3d=4
weather_code_current=3
temperature_mean_current=3
temperature_min_3d=3
wind_speed_mean_3d=3
humidity_mean_current=2
season=1
temperature_min_current=1
humidity_mean_3d=1
humidity_max_3d=1
humidity_min_3d=1
precipitation_sum_3d=1
rain_max_daily_3d=1
rain_sum_7d=1

parameters:
[boosting: gbdt]
[objective: binary]
[metric: binary_logloss]
[tree_learner: serial]
[device_type: cpu]
[data_sample_strategy: bagging]
[data: ]
[valid: ]
[num_iterations: 36]
[learning_rate: 0.05]
[num_leaves: 15]
[num_threads: 8]
[seed: 42]
[deterministic: 0]
[force_col_wise: 0]
[force_row_wise: 0]
[histogram_pool_size: -1]
[max_depth: 4]
[min_data_in_leaf: 20]
[min_sum_hessian_in_leaf: 0.001]
[bagging_fraction: 0.9]
[pos_bagging_fraction: 1]
[neg_bagging_fraction: 1]
[bagging_freq: 1]
[bagging_seed: 400]
[bagging_by_query: 0]
[feature_fraction: 0.9]
[feature_fraction_bynode: 1]
[feature_fraction_seed: 30056]
[extra_trees: 0]
[extra_seed: 12879]
[early_stopping_round: 0]
[early_stopping_min_delta: 0]
[first_metric_only: 0]
[max_delta_step: 0]
[lambda_l1: 0]
[lambda_l2: 1]
[linear_lambda: 0]
[min_gain_to_split: 0]
[drop_rate: 0.1]
[max_drop: 50]
[skip_drop: 0.5]
[xgboost_dart_mode: 0]
[uniform_drop: 0]
[drop_seed: 17869]
[top_rate: 0.2]
[other_rate: 0.1]
[min_data_per_group: 100]
[max_cat_threshold: 32]
[cat_l2: 10]
[cat_smooth: 10]
[max_cat_to_onehot: 4]
[top_k: 20]
[monotone_constraints: ]
[monotone_constraints_method: basic]
[monotone_penalty: 0]
[feature_contri: ]
[forcedsplits_filename: ]
[refit_decay_rate: 0.9]
[cegb_tradeoff: 1]
[cegb_penalty_split: 0]
[cegb_penalty_feature_lazy: ]
[cegb_penalty_feature_coupled: ]
[path_smooth: 0]
[interaction_constraints: ]
[verbosity: -1]
[saved_feature_importance_type: 0]
[use_quantized_grad: 0]
[num_grad_quant_bins: 4]
[quant_train_renew_leaf: 0]
[stochastic_rounding: 1]
[linear_tree: 0]
[max_bin: 255]
[max_bin_by_feature: ]
[min_data_in_bin: 3]
[bin_construct_sample_cnt: 200000]
[data_random_seed: 175]
[is_enable_sparse: 1]
[enable_bundle: 1]
[use_missing: 1]
[zero_as_missing: 0]
[feature_pre_filter: 1]
[pre_partition: 0]
[two_round: 0]
[header: 0]
[label_column: ]
[weight_column: ]
[group_column: ]
[ignore_column: ]
[categorical_feature: 0,1,3]
[forcedbins_filename: ]
[precise_float_parser: 0]
[parser_config_file: ]
[objective_seed: 16083]
[num_class: 1]
[is_unbalance: 0]
[scale_pos_weight: 1]
[sigmoid: 1]
[boost_from_average: 1]
[reg_sqrt: 0]
[alpha: 0.9]
[fair_c: 1]
[poisson_max_delta_step: 0.7]
[tweedie_variance_power: 1.5]
[lambdarank_truncation_level: 30]
[lambdarank_norm: 1]
[label_gain: ]
[lambdarank_position_bias_regularization: 0]
[eval_at: ]
[multi_error_top_k: 1]
[auc_mu_weights: ]
[num_machines: 1]
[local_listen_port: 12400]
[time_out: 120]
[machine_list_filename: ]
[machines: ]
[gpu_platform_id: -1]
[gpu_device_id: -1]
[gpu_device_id_list: ]
[gpu_use_dp: 0]
[num_gpu: 1]

end of parameters

pandas_categorical:[]
