tree
version=v4
num_class=1
num_tree_per_iteration=1
label_index=0
max_feature_idx=44
objective=binary sigmoid:1
feature_names=age_group gender month season day_of_year_sin day_of_year_cos weather_code_current temperature_mean_current temperature_max_current temperature_min_current humidity_mean_current humidity_max_current humidity_min_current wind_speed_mean_current wind_speed_max_current precipitation_sum_current rain_sum_current wind_gust_max_current rain_day_current temperature_mean_3d temperature_max_3d temperature_min_3d humidity_mean_3d humidity_max_3d humidity_min_3d wind_speed_mean_3d wind_speed_max_3d precipitation_sum_3d rain_sum_3d rain_days_3d rain_max_daily_3d wind_gust_max_3d temperature_mean_7d temperature_max_7d temperature_min_7d humidity_mean_7d humidity_max_7d humidity_min_7d wind_speed_mean_7d wind_speed_max_7d precipitation_sum_7d rain_sum_7d rain_days_7d rain_max_daily_7d wind_gust_max_7d
feature_infos=-1:0:1:2:3:4:5 -1:0:1 [1:12] -1:1:0 [-0.99999942202469239:0.99998555065071859] [-0.99997919295908244:0.9999907524084426] [0:61] [23.658332999999999:32.533332999999999] [25.899999999999999:39.200000000000003] [17.899999999999999:29.300000000000001] [48.958333000000003:91.625] [63:100] [23:86] [2.8541669999999999:19.695833] [6.4000000000000004:30.100000000000001] [0:63.100000000000001] [0:63.100000000000001] [14:56.899999999999999] [0:1] [23.766667000000002:32.427778000000004] [27.699999999999999:39.200000000000003] [17.899999999999999:28.100000000000001] [52.569443999999997:90.694444000000004] [73:100] [23:79] [4.125:17.329167000000002] [9.6999999999999993:30.100000000000001] [0:93.900000000000006] [0:93.900000000000006] [0:3] [0:63.100000000000001] [17.300000000000001:56.899999999999999] [24.365476000000001:32.235118999999997] [28.699999999999999:39.200000000000003] [17.899999999999999:27.5] [55.767856999999999:89.523809999999997] [77:100] [23:72] [4.5327380000000002:15.469643] [11.6:30.100000000000001] [0:163.90000000000001] [0:163.90000000000001] [0:7] [0:63.100000000000001] [23:56.899999999999999]
tree_sizes=1570 1627 1393 1013 1011 1078 1307 999 1753 1320 1013 894 802 907 1114 1518 1192 1416 998 998 911 698 803 907 984 1410 1109 1296 802 1009 1414 790 700 1529 1015 979 698 1325 809 1216 1638 1014 1109 1112 1097 1402 1121 789 1121 1318 994 1221 1428 1003 895 1015 1002 1318 1302 806 1118 1015 807 1105 806 1234 808 1004 1525 1330 1418

Tree=0
num_leaves=14
num_cat=3
split_feature=0 42 33 1 4 43 43 42 1 35 22 9 38
split_gain=128.877 169.375 108.756 118.708 25.9063 13.6588 26.6866 12.7572 9.09291 4.85729 4.14211 3.44783 5.02919
threshold=0 6.5000000000000009 31.950000000000003 1 -0.17647087149565663 28.350000000000005 28.600000000000005 6.5000000000000009 2 86.023809500000013 58.826389000000006 25.150000000000002 10.182142500000003
decision_type=1 2 2 1 2 2 2 2 1 2 2 2 2
left_child=1 9 4 -4 -3 11 8 -8 -7 10 -1 -2 -13
right_child=5 2 3 -5 -6 6 7 -9 -10 -11 -12 12 -14
leaf_value=-4.510633598364854 -4.5828802037893395 -4.5461081285935743 -4.188412317375251 -4.4550107959873495 -4.3444733274880862 -4.5446164892662591 -4.4223032137760709 -4.5620128804824382 -4.271718279184693 -4.4710306404804108 -4.5811077899670076 -4.5298724642674975 -4.579211098472963
leaf_weight=1.7462850622832835 64.233834881335497 9.6676865797489864 8.6157076265662909 8.7209055218845606 0.88366232067346828 0.29455410689115424 0.86262274160980901 12.886742176488042 0.28403431735932827 0.33663326501846214 18.840943051502109 9.236375208944084 10.372512478381394
leaf_count=166 6106 919 819 829 84 28 82 1225 27 32 1791 878 986
internal_value=-4.53398 -4.47488 -4.38459 -4.31095 -4.51435 -4.5662 -4.5249 -4.54633 -4.32992 -4.56995 -4.57437 -4.57717 -4.55694
internal_weight=146.982 48.8118 27.888 17.3366 10.5513 98.1707 14.328 13.7494 0.578588 20.9239 20.5872 83.8427 19.6089
internal_count=13972 4640 2651 1648 1003 9332 1362 1307 55 1989 1957 7970 1864
cat_boundaries=0 1 2 3
cat_threshold=6 2 1
is_linear=0
shrinkage=1


Tree=1
num_leaves=14
num_cat=2
split_feature=0 42 1 5 35 43 4 39 30 31 22 21 38
split_gain=122.458 123.405 85.0743 113.077 40.9117 10.9079 19.2132 40.4403 5.98835 4.21206 4.08266 3.54975 5.14048
threshold=0 6.5000000000000009 1 -0.98521978256641018 69.970238000000009 28.350000000000005 0.35846314187849704 21.750000000000004 16.750000000000004 30.400000000000002 58.826389000000006 24.950000000000003 10.182142500000003
decision_type=1 2 1 2 2 2 2 2 2 2 2 2 2
left_child=1 8 4 -4 -3 11 -7 -8 10 -10 -1 -2 -13
right_child=5 2 3 -5 -6 6 7 -9 9 -11 -12 12 -14
leaf_value=0.0225872561846218 -0.04973687649040693 0.30350612009471695 0.49400602142543693 0.13202689665833611 0.0072919588699049218 -0.044904728262659545 -0.030289761538719498 0.20944109251991475 0.11400479673675222 -0.02000755820283185 -0.047704793326258217 0.0086567014416705709 -0.045387485511062975
leaf_weight=1.742114569991833 64.130375587381423 0.27251451462507326 1.8466863054782177 15.696616746485232 14.564984986558555 7.9870782326906902 3.9680800475180149 1.8866787534207103 0.21876488998532195 0.65582073107361794 16.987412936985493 7.4559771148487952 8.8553145192563516
leaf_count=162 6387 24 127 1207 1318 775 387 171 21 65 1690 710 881
internal_value=-0.000970192 0.0542997 0.123137 0.194716 0.0315527 -0.0338414 0.00340557 0.066247 -0.0335046 0.0564477 -0.0403532 -0.044369 -0.0216106
internal_weight=146.268 51.9849 32.3808 17.5433 14.8375 94.2835 13.8418 5.85476 19.6041 0.874586 18.7295 80.4417 16.3113
internal_count=13925 4614 2676 1334 1342 9311 1333 558 1938 86 1852 7978 1591
cat_boundaries=0 1 2
cat_threshold=6 1
is_linear=0
shrinkage=0.05


Tree=2
num_leaves=12
num_cat=3
split_feature=0 5 1 39 44 29 0 43 2 34 23
split_gain=108.24 119.049 80.223 63.1309 51.4293 58.0512 31.1116 68.1595 185.136 7.57288 7.51677
threshold=0 -0.98521978256641018 1 20.850000000000005 36.900000000000013 2.5000000000000004 2 19.050000000000004 6.5000000000000009 24.350000000000005 99.500000000000014
decision_type=1 2 1 2 2 2 1 2 2 2 2
left_child=1 2 -1 -4 10 -6 7 9 -9 -2 -3
right_child=6 4 3 -5 5 -7 -8 8 -10 -11 -12
leaf_value=-0.023002641233897007 -0.04844930802085208 -0.03681453700659703 0.038985025014704841 0.66633194184082389 -0.039920188571265287 0.17862491734684469 -0.043525874264406191 0.27255601262979934 -0.046186515412100282 0.0025308957275059396 0.055380811538133061
leaf_weight=0.83392557967454461 23.097079833038151 9.9168445104733109 0.67671836540102981 0.88309418596327305 3.7722274390980575 9.9058006042614579 68.655513075180352 6.7365261279046562 10.502440651878713 10.303526302799581 1.8357670065015561
leaf_count=73 2248 874 32 38 384 788 7038 550 963 927 156
internal_value=-0.00160641 0.0718784 0.37656 0.515715 0.0572324 0.119739 -0.023244 0.00711394 0.086484 -0.0331064 -0.0192001
internal_weight=147.119 27.8244 2.39374 1.55981 25.4306 13.678 119.295 50.6396 17.239 33.4006 11.7526
internal_count=14071 2345 143 70 2202 1172 11726 4688 1513 3175 1030
cat_boundaries=0 1 2 3
cat_threshold=2 1 5
is_linear=0
shrinkage=0.05


Tree=3
num_leaves=8
num_cat=1
split_feature=0 42 4 39 43 22 15
split_gain=95.9778 78.5534 80.8145 90.9425 26.8165 1.24557 3.65623
threshold=0 5.5000000000000009 -0.17647087149565663 21.250000000000004 18.150000000000002 58.826389000000006 0.25000000000000006
decision_type=1 2 2 2 2 2 2
left_child=1 5 4 -4 -3 6 -1
right_child=-2 2 3 -5 -6 -7 -8
leaf_value=-0.034529314231014505 -0.043245878691048061 0.058947942310386074 0.044527008746518791 0.21752907486311213 -0.036306567213960347 -0.047966440006840805 0.065315908965518144
leaf_weight=2.1596838161349328 65.770820315927267 11.782430442981424 18.42120394855738 12.785823493264614 16.520097790285945 19.141346174292266 0.29933115746825922
leaf_count=214 7033 1029 1370 881 1458 2067 28
internal_value=-0.00222731 0.0324682 0.0657911 0.119961 0.0040066 -0.0438198 -0.00700625
internal_weight=146.881 81.1099 59.5096 31.207 28.3025 21.6004 2.45901
internal_count=14080 7047 4738 2251 2487 2309 242
cat_boundaries=0 1
cat_threshold=7
is_linear=0
shrinkage=0.05


Tree=4
num_leaves=8
num_cat=1
split_feature=0 42 39 38 4 22 15
split_gain=100.031 77.2575 64.9302 113.426 33.4365 1.28131 3.63573
threshold=0 5.5000000000000009 19.850000000000005 9.9449405000000031 0.92922379131507438 58.826389000000006 0.25000000000000006
decision_type=1 2 2 2 2 2 2
left_child=1 5 4 -4 -3 6 -1
right_child=-2 2 3 -5 -6 -7 -8
leaf_value=-0.034207507872423507 -0.042951692789268983 -0.013527967164297636 0.17158264885139246 -0.013258447800349855 0.14476751262897733 -0.047844054298436793 0.065715672202976277
leaf_weight=2.099551777355376 62.940254402346909 24.591073963791136 23.491310263052583 12.348799711093305 2.8388012563809744 18.358050417155027 0.29477780032902945
leaf_count=215 7023 2039 1559 936 190 2078 26
internal_value=0.000756073 0.0345995 0.0658914 0.109264 0.00737036 -0.0435404 -0.00616933
internal_weight=146.963 84.0224 63.27 35.8401 27.4299 20.7524 2.39433
internal_count=14066 7043 4724 2495 2229 2319 241
cat_boundaries=0 1
cat_threshold=7
is_linear=0
shrinkage=0.05


Tree=5
num_leaves=9
num_cat=2
split_feature=0 43 1 4 44 29 36 5
split_gain=93.121 63.1995 74.103 87.6536 23.8129 11.0593 25.3214 1.32301
threshold=0 10.65 1 -0.13398594226331254 39.050000000000004 2.5000000000000004 90.500000000000014 -0.4295879841196229
decision_type=1 2 1 2 2 2 2 2
left_child=1 5 4 -4 -3 7 -7 -1
right_child=-2 2 3 -5 -6 6 -8 -9
leaf_value=0.011674692267364943 -0.042636162607663335 -0.037995130366354588 0.027315517821489478 0.19177984305471296 0.057516033570709418 0.15040899041008432 -0.01947768268052591 -0.04775317685973518
leaf_weight=0.61632405873388307 60.106054060161114 14.857557934708895 15.662415079772471 16.684548291377723 10.090374656952916 1.7373972488567258 10.219489039853213 17.755681736394763
leaf_count=64 6996 1251 1199 795 747 128 806 2055
internal_value=0.00112139 0.032431 0.0665933 0.115353 0.0013629 -0.0218193 0.014911 -0.0452598
internal_weight=147.73 87.6238 57.2949 32.347 24.9479 30.3289 11.9569 18.372
internal_count=14041 7045 3992 1994 1998 3053 934 2119
cat_boundaries=0 1 2
cat_threshold=7 1
is_linear=0
shrinkage=0.05


Tree=6
num_leaves=11
num_cat=0
split_feature=42 39 38 33 4 33 5 23 22 29
split_gain=45.057 36.7613 56.1805 26.7697 26.3221 21.4952 8.5781 7.10218 0.532527 4.06084
threshold=5.5000000000000009 19.850000000000005 10.283929000000002 31.450000000000003 0.95752911693909504 33.550000000000004 0.64414586362404946 99.500000000000014 58.826389000000006 2.5000000000000004
decision_type=2 2 2 2 2 2 2 2 2 2
left_child=8 4 3 -3 7 -6 -4 -2 9 -1
right_child=1 2 6 -5 5 -7 -8 -9 -10 -11
leaf_value=-0.039895857883613092 -0.039242333719586527 -0.0413082252877192 -0.047547139595830575 0.080008090745846139 0.17306970762532578 -0.03207481275183853 0.058733236659234925 0.0096609778116405164 -0.048952100599100247 0.059655528699394937
leaf_weight=3.7837379500269881 34.216539459303021 4.4587864363566032 15.508479571901264 42.865063119679689 2.1291616829112168 1.7059277333319185 1.2893379563465703 8.9703901959583145 33.499951175414026 0.36585916951298703
leaf_count=441 3272 428 1475 3036 152 125 99 894 4128 33
internal_value=3.00184e-05 0.016075 0.0404412 0.0679596 -0.0173022 0.0940564 -0.0365478 -0.0290958 -0.0465262 -0.0212386
internal_weight=148.793 111.144 64.1217 47.3238 47.022 3.83509 16.7978 43.1869 37.6495 4.1496
internal_count=14083 9481 5038 3464 4443 277 1574 4166 4602 474
is_linear=0
shrinkage=0.05


Tree=7
num_leaves=8
num_cat=2
split_feature=0 42 1 4 36 22 15
split_gain=85.4459 54.4173 37.937 52.9064 29.0434 1.40328 3.90297
threshold=0 5.5000000000000009 1 -0.85227431625818906 93.500000000000014 58.826389000000006 0.35000000000000003
decision_type=1 2 1 2 2 2 2
left_child=1 5 4 -4 -3 6 -1
right_child=-2 2 3 -5 -6 -7 -8
leaf_value=-0.03345786436223621 -0.042337751005335045 0.17431741816259355 -0.043939219513852157 0.10564732802888172 -0.0050542566759003947 -0.047426235580714196 0.072817743958955169
leaf_weight=1.9684238983318239 57.62472766963765 1.4459501747041965 6.4614384444430462 35.931840457953513 28.577391394414008 15.968138222582636 0.21999439224600781
leaf_count=223 7052 92 496 1860 2252 2055 16
internal_value=0.000872325 0.0298855 0.0524511 0.0823607 0.00892489 -0.0425554 -0.00328686
internal_weight=148.198 90.5732 72.4166 42.3933 30.0233 18.1566 2.18842
internal_count=14046 6994 4700 2356 2344 2294 239
cat_boundaries=0 1 2
cat_threshold=7 1
is_linear=0
shrinkage=0.05


Tree=8
num_leaves=15
num_cat=1
split_feature=0 43 44 38 4 36 43 43 4 29 21 34 10 26
split_gain=77.0349 44.5516 40.5051 37.5243 32.4528 14.6878 11.5403 20.3976 11.168 9.95299 2.88186 3.64121 1.15934 0.330052
threshold=0 8.0500000000000025 38.70000000000001 10.283929000000002 0.95752911693909504 87.500000000000014 28.350000000000005 28.600000000000005 0.83376496542330847 2.5000000000000004 24.950000000000003 25.050000000000004 56.354166500000012 26.050000000000004
decision_type=1 2 2 2 2 2 2 2 2 2 2 2 2 2
left_child=1 5 4 -4 -3 9 10 -8 -9 -1 13 -12 -7 -2
right_child=6 2 3 -5 -6 12 7 8 -10 -11 11 -13 -14 -15
leaf_value=-0.024023285015683286 -0.049474158220028978 -0.0016665237628807187 0.13698132474322247 -0.010558219861773582 0.16820043647704372 0.0082385790797144167 0.15978108884479422 -0.037542826687177316 0.065371557487430385 0.16024578411162263 0.0041292975230446368 -0.044212209773813307 -0.047280947157687624 -0.015505822193336502
leaf_weight=0.91040133219212538 51.054713117424399 23.347552972845737 20.450761219486598 5.2222467679530373 2.1937865833751848 0.71133337216451664 0.9010309549048533 10.536295606289057 2.4495807397179297 0.66045493260025978 7.2455580146051926 7.0495041031390429 14.42418510885909 1.873685935512184
leaf_count=114 6217 1572 846 359 105 83 50 1087 200 30 800 806 1578 224
internal_value=0.000191175 0.03642 0.0645278 0.107699 0.0187112 -0.0279551 -0.0308935 0.00645857 -0.0148436 0.0856473 -0.0431195 -0.021042 -0.0443228 -0.0485815
internal_weight=149.031 67.9207 51.2143 25.673 25.5413 16.7064 81.1104 13.8869 12.9859 1.57086 67.2235 14.2951 15.1355 52.9284
internal_count=14071 4687 2882 1205 1677 1805 9384 1337 1287 144 8047 1606 1661 6441
cat_boundaries=0 1
cat_threshold=6
is_linear=0
shrinkage=0.05


Tree=9
num_leaves=11
num_cat=1
split_feature=0 4 34 43 4 35 5 21 35 4
split_gain=85.9955 62.428 59.554 82.4671 38.2872 82.1293 38.1018 40.1476 25.763 19.3897
threshold=0 0.30983042691905766 23.150000000000002 20.350000000000005 0.30983042691905766 85.681547500000008 0.64414586362404946 23.650000000000002 75.538690500000016 0.58481550752069722
decision_type=1 2 2 2 2 2 2 2 2 2
left_child=1 2 -1 -4 -2 8 -3 -8 -6 -7
right_child=4 6 3 -5 5 9 7 -9 -10 -11
leaf_value=-0.040728549758917015 -0.049836057119999909 -0.047197133473824093 0.24403335299389256 0.028895071162414007 -0.048662650837100474 0.18148611499697953 -0.030473153941840206 0.29804630828194328 0.028726723399131956 -0.010256612767030916
leaf_weight=4.1292013605125275 60.866092071868479 11.984423457644878 10.661450151354076 7.6929749585688105 27.063331871759146 6.3068417264148584 1.5266768080182367 0.86340363137423981 16.595350834075361 1.4829131448641417
leaf_count=415 6476 807 478 424 3411 367 197 35 1333 120
internal_value=0.000738495 0.0575371 0.122982 0.160013 -0.0214307 0.00839767 -0.00874453 0.141113 -0.0192612 0.14797
internal_weight=149.173 36.8581 22.4836 18.3544 112.315 51.4484 14.3745 2.39008 43.6587 7.78975
internal_count=14063 2356 1317 902 11707 5231 1039 232 4744 487
cat_boundaries=0 1
cat_threshold=2
is_linear=0
shrinkage=0.05


Tree=10
num_leaves=8
num_cat=1
split_feature=0 38 39 34 4 5 39
split_gain=70.392 41.6749 58.6321 37.9781 29.4607 1.77774 2.3351
threshold=0 10.283929000000002 20.250000000000004 23.150000000000002 0.90892735371523092 0.64414586362404946 26.950000000000003
decision_type=1 2 2 2 2 2 2
left_child=1 2 4 -4 -1 -3 -7
right_child=-2 5 3 -5 -6 6 -8
leaf_value=-0.020970293727306872 -0.041473858586418923 -0.047453697232441173 -0.041905838182994148 0.099000585228049345 0.099542529721131826 -0.028759236687512069 0.051998840985284914
leaf_weight=32.633942611981183 51.210740124806762 14.931742318905892 4.8929870296269646 37.747141023166478 4.9724239762872449 1.3136238940060128 0.46348373033106316
leaf_count=2961 6986 1520 608 1586 228 136 19
internal_value=0.0010167 0.0253047 0.0428109 0.0822417 -0.00287008 -0.0421517 0.00344293
internal_weight=148.166 96.9553 80.2465 42.6401 37.6064 16.7088 1.77711
internal_count=14044 7058 5383 2194 3189 1675 155
cat_boundaries=0 1
cat_threshold=7
is_linear=0
shrinkage=0.05


Tree=11
num_leaves=7
num_cat=2
split_feature=0 42 33 1 22 27
split_gain=60.7747 32.2364 25.6114 24.802 1.59964 3.66235
threshold=0 5.5000000000000009 31.450000000000003 1 58.826389000000006 0.8500000000000002
decision_type=1 2 2 1 2 2
left_child=1 4 -3 -4 5 -1
right_child=-2 2 3 -5 -6 -7
leaf_value=-0.031688299981173521 -0.041235797694959567 -0.04506918263293809 0.008314873478514874 0.067201840891563266 -0.046879262844012684 0.072751746583280805
leaf_weight=1.6932791373692442 49.665298527106643 8.0752303339540941 29.388987909536809 45.949705187696964 13.544542354531584 0.21964419912546862
leaf_count=218 7041 709 2031 1988 2037 10
internal_value=-0.00121214 0.0211185 0.0355246 0.0446404 -0.0412245 0.00116234
internal_weight=148.537 98.8714 83.4139 75.3387 15.4575 1.91292
internal_count=14034 6993 4728 4019 2265 228
cat_boundaries=0 1 2
cat_threshold=7 1
is_linear=0
shrinkage=0.05


Tree=12
num_leaves=6
num_cat=1
split_feature=0 34 38 39 5
split_gain=55.6506 27.7483 31.3368 30.0879 10.442
threshold=0 22.750000000000004 10.283929000000002 19.850000000000005 0.64414586362404946
decision_type=1 2 2 2 2
left_child=1 -1 3 -3 -4
right_child=-2 2 4 -5 -6
leaf_value=-0.046625587340879612 -0.04083361641734029 0.0039814878383716383 -0.047148051395979704 0.068966075152803133 0.079501006078090602
leaf_weight=12.267145825549958 47.181223638821393 29.035012744832784 13.558927463367578 45.615452885162085 0.92103997478261668
leaf_count=1679 6963 2083 1407 1792 65
internal_value=-0.0012941 0.0194148 0.0310746 0.0440773 -0.0344768
internal_weight=148.579 101.398 89.1304 74.6505 14.48
internal_count=13989 7026 5347 3875 1472
cat_boundaries=0 1
cat_threshold=7
is_linear=0
shrinkage=0.05


Tree=13
num_leaves=7
num_cat=1
split_feature=0 42 33 35 22 27
split_gain=52.5986 26.4566 22.1214 20.6743 1.57214 3.36643
threshold=0 5.5000000000000009 31.450000000000003 86.931547500000008 58.826389000000006 0.8500000000000002
decision_type=1 2 2 2 2 2
left_child=1 4 -3 -4 5 -1
right_child=-2 2 3 -5 -6 -7
leaf_value=-0.031289929773030377 -0.040589491690966373 -0.045033206832880764 0.024032513788339087 0.084556907022757394 -0.046622038074579104 0.067781877985390024
leaf_weight=1.6398545866832126 45.794978935737163 8.0306554455310089 63.609937150962651 17.696415677201003 12.623852296266703 0.27017789892852295
leaf_count=229 7044 726 3169 850 2057 11
internal_value=-0.00139372 0.0182404 0.0301866 0.038073 -0.0406645 0.00120074
internal_weight=149.666 103.871 89.337 81.3064 14.5339 1.91003
internal_count=14086 7042 4745 4019 2297 240
cat_boundaries=0 1
cat_threshold=7
is_linear=0
shrinkage=0.05


Tree=14
num_leaves=9
num_cat=1
split_feature=0 35 43 4 20 43 43 32
split_gain=50.7995 25.2822 24.844 40.8831 19.0879 14.0492 27.5176 16.5007
threshold=0 85.303571500000018 20.450000000000003 -0.17647087149565663 31.750000000000004 19.050000000000004 22.850000000000005 28.111012000000006
decision_type=1 2 2 2 2 2 2 2
left_child=1 5 4 -4 -3 7 -7 -1
right_child=-2 2 3 -5 -6 6 -8 -9
leaf_value=-0.044934255815460414 -0.040186669423047834 0.031437039754437589 -0.044043366770942172 0.076063282058646514 0.12995543841925664 0.12792231724469805 -0.0071946036724193883 0.016084553993171741
leaf_weight=22.993612297344953 43.602568233851343 9.854549433570357 13.879905806388708 12.57136972574517 10.804784578271208 4.5569096012040964 11.403884173370896 19.846365478821099
leaf_count=2197 6989 575 1086 354 459 174 556 1662
internal_value=-0.000420304 0.0182278 0.0468141 0.0137306 0.086583 -0.00202705 0.0366499 -0.0169441
internal_weight=149.514 105.911 47.1106 26.4513 20.6593 58.8008 15.9608 42.84
internal_count=14052 7063 2474 1440 1034 4589 730 3859
cat_boundaries=0 1
cat_threshold=7
is_linear=0
shrinkage=0.05


Tree=15
num_leaves=13
num_cat=1
split_feature=0 4 43 19 43 35 4 5 19 11 37 5
split_gain=46.4066 41.1942 67.1263 42.1771 34.3855 71.4148 37.5765 19.3093 19.1301 11.6261 2.593 1.24026
threshold=0 0.35846314187849704 13.65 27.928472000000003 20.350000000000005 85.080357500000005 -0.62588817255938378 -0.98521978256641018 28.313194500000005 97.500000000000014 48.500000000000007 0.69521084835931835
decision_type=1 2 2 2 2 2 2 2 2 2 2 2
left_child=4 -2 10 -4 5 8 -7 9 -1 -6 -3 -9
right_child=1 2 3 -5 7 6 -8 11 -10 -11 -12 -13
leaf_value=-0.030416195482731202 -0.049920750874271648 -0.048232960605466169 0.11526306989555851 -0.030833730824565659 0.14959012727688489 0.25549451638821985 0.061605891137035233 -0.047303016062589208 0.071084536714315472 -0.028490509921413117 -0.005514059858357942 0.010644354405249863
leaf_weight=10.612132471054798 57.460194218438119 21.869906316045675 16.052263374906037 6.4508210858330122 1.4608759107068174 5.3502980987541378 5.5050870645791274 11.512408435344692 6.7638275199569753 1.024919190444052 4.5355689967982462 0.64151772670447904
leaf_count=765 6657 3323 864 505 26 202 158 588 518 21 412 55
internal_value=-0.00238475 -0.0197346 0.0120651 0.0738524 0.0363449 0.0760112 0.170658 -0.0168782 0.0108126 0.0890562 -0.0413642 -0.0436677
internal_weight=149.24 106.369 48.9086 22.5031 42.8711 28.2313 10.8554 14.6397 17.376 2.4858 26.4055 12.1539
internal_count=14094 11761 5104 1369 2333 1643 360 690 1283 47 3735 643
cat_boundaries=0 1
cat_threshold=2
is_linear=0
shrinkage=0.05


Tree=16
num_leaves=10
num_cat=3
split_feature=0 4 35 4 5 1 1 34 43
split_gain=45.5085 35.77 51.8079 31.4265 34.6586 29.7416 27.5734 24.9174 25.6115
threshold=0 0.30983042691905766 75.538690500000016 0.30983042691905766 0.65720762023595369 1 2 23.150000000000002 20.350000000000005
decision_type=1 2 2 2 2 1 1 2 2
left_child=3 -2 -3 7 -5 -4 -6 -1 -9
right_child=1 2 5 4 6 -7 -8 8 -10
leaf_value=-0.039837675559497215 -0.049824681933952161 -0.048255646531262776 0.092012569713224746 -0.047824440172278604 0.23205656993842314 -0.0088198130364466869 -0.030453565933069957 0.12502685273516054 0.018438265538907629
leaf_weight=3.6998441610485342 53.191484142560512 22.034984295256436 17.053794664330781 13.256889850366859 1.2962161395698777 12.020672229584308 1.4102351753972471 16.661903231404725 8.8533995850011689
leaf_count=403 6489 3466 912 825 113 909 116 469 429
internal_value=-0.00189408 -0.0196469 0.00834336 0.0352499 -0.0131092 0.0514169 0.12396 0.0728992 0.0901325
internal_weight=149.479 104.301 51.1095 45.1785 15.9633 29.0745 2.70645 29.2151 25.5153
internal_count=14131 11776 5287 2355 1054 1821 229 1301 898
cat_boundaries=0 1 2 3
cat_threshold=2 2 1
is_linear=0
shrinkage=0.05


Tree=17
num_leaves=12
num_cat=1
split_feature=0 4 43 39 39 4 43 2 34 5 35
split_gain=42.3484 33.3116 50.2894 34.9911 27.016 21.3393 23.4942 13.6207 25.8532 3.71479 1.65116
threshold=0 0.30983042691905766 13.65 21.250000000000004 20.250000000000004 0.76140650896573492 20.350000000000005 10.500000000000002 23.550000000000004 -0.99052477729077237 75.538690500000016
decision_type=1 2 2 2 2 2 2 2 2 2 2
left_child=4 -2 10 -4 7 6 -6 9 -9 -1 -3
right_child=1 2 3 -5 5 -7 -8 8 -10 -11 -12
leaf_value=0.026415538404382585 -0.049743371027328787 -0.047983336003489363 0.0052244716910688511 0.12176666258305405 0.11089356295897597 -0.039584847504138633 0.010333295860960438 -0.033205250851024895 0.22348042366816545 -0.04311540805456783 -0.014705483647967615
leaf_weight=1.5721462005749334 50.257392992265522 19.911774538923058 14.920940809883179 10.459953926037995 19.034250235650696 3.5765070072375229 8.491076407954095 1.9111850145272904 0.6409172462299465 11.716906075831501 5.9279091120697549
leaf_count=52 6419 3360 1024 368 553 413 306 210 21 814 512
internal_value=-0.00166049 -0.0193495 0.00714898 0.0560489 0.0332789 0.0666187 0.0813222 -0.0124875 0.0760243 -0.0336166 -0.0411814
internal_weight=148.421 101.478 51.2206 25.3809 46.943 31.1018 27.5253 15.8412 2.5521 13.2891 25.8397
internal_count=14052 11683 5264 1392 2369 1272 859 1097 231 866 3872
cat_boundaries=0 1
cat_threshold=2
is_linear=0
shrinkage=0.05


Tree=18
num_leaves=8
num_cat=2
split_feature=0 29 1 2 4 5 15
split_gain=38.3877 19.5022 15.4563 27.5249 26.8454 2.69094 1.03485
threshold=0 2.5000000000000004 1 2.5000000000000004 -0.85227431625818906 -0.4295879841196229 3.6500000000000008
decision_type=1 2 1 2 2 2 2
left_child=1 5 3 -3 -4 6 -1
right_child=-2 2 4 -5 -6 -7 -8
leaf_value=0.027042099415489157 -0.039167164999703526 0.13804040423475444 -0.045300428661620318 -0.016041735658914733 0.052020544936380544 -0.046487892065544469 -0.022913470082988219
leaf_weight=1.563487560953946 38.67454471392557 2.1677872571162871 7.4459783770143977 33.137656832113862 49.81411013007164 12.185004530940201 0.80189951928332437
leaf_count=113 7028 143 507 2198 1806 2193 46
internal_value=-0.00258936 0.0132541 0.0229831 -0.00303934 0.0388048 -0.0376138 0.00833019
internal_weight=145.79 107.116 92.5655 35.3054 57.2601 14.5504 2.36539
internal_count=14034 7006 4654 2341 2313 2352 159
cat_boundaries=0 1 2
cat_threshold=7 1
is_linear=0
shrinkage=0.05


Tree=19
num_leaves=8
num_cat=0
split_feature=42 33 38 39 5 22 15
split_gain=20.6225 14.0361 13.1572 20.0917 5.58044 1.02759 3.41327
threshold=5.5000000000000009 31.450000000000003 9.9449405000000031 20.250000000000004 0.64414586362404946 58.826389000000006 0.35000000000000003
decision_type=2 2 2 2 2 2 2
left_child=5 -2 3 -3 -4 6 -1
right_child=1 2 4 -5 -6 -7 -8
leaf_value=-0.035522976089422745 -0.04610403229121416 -0.0068094855975117004 -0.038288457667469883 0.038937225371457718 0.041693762655727169 -0.047866393863123732 0.058161034802294731
leaf_weight=2.4058627467602522 10.43424502154812 41.953613859601319 14.743356126360597 54.294550345744938 1.6906257225200523 20.061193438712507 0.3811200913041829
leaf_count=449 1438 3898 1464 2489 109 4129 32
internal_value=-0.0014019 0.00679002 0.0120504 0.0191317 -0.0281408 -0.0439775 -0.0107365
internal_weight=145.965 123.116 112.682 96.2482 16.434 22.8482 2.78698
internal_count=14008 9398 7960 6387 1573 4610 481
is_linear=0
shrinkage=0.05


Tree=20
num_leaves=7
num_cat=1
split_feature=0 42 33 39 10 29
split_gain=39.7155 19.852 15.3413 13.4507 0.717231 1.01239
threshold=0 5.5000000000000009 31.450000000000003 19.550000000000004 56.354166500000012 2.5000000000000004
decision_type=1 2 2 2 2 2
left_child=1 4 -3 -4 5 -1
right_child=-2 2 3 -5 -6 -7
leaf_value=-0.023565065805182549 -0.038610455347276335 -0.044138141325101875 0.00042680250459978556 0.041808948513010424 -0.045970251237083898 0.035828383365927016
leaf_weight=0.88132069306447991 36.349615273997188 6.7899544239044181 28.043349628802389 64.662709163501859 10.694801276549695 0.16069960221648216
leaf_count=159 6971 713 1831 2217 2154 5
internal_value=0.00030488 0.0153272 0.0240194 0.0294291 -0.0424251 -0.00134546
internal_weight=147.582 111.233 99.496 92.7061 11.7368 1.04202
internal_count=14050 7079 4761 4048 2318 164
cat_boundaries=0 1
cat_threshold=7
is_linear=0
shrinkage=0.05


Tree=21
num_leaves=5
num_cat=1
split_feature=0 34 32 33
split_gain=34.0075 15.6346 13.0534 12.9402
threshold=0 22.750000000000004 29.217262000000002 31.450000000000003
decision_type=1 2 2 2
left_child=1 -1 3 -3
right_child=-2 2 -4 -5
leaf_value=-0.045566403601668304 -0.038353364847628447 -0.043301407837308237 -0.044379463796795054 0.028214976204443326
leaf_weight=9.4736112323589605 35.356961314100772 5.9158307313919059 6.7364348229020825 90.837727542966604
leaf_count=1694 7027 648 711 4059
internal_value=-0.00205461 0.0118676 0.0186467 0.023444
internal_weight=148.321 112.964 103.49 96.7536
internal_count=14139 7112 5418 4707
cat_boundaries=0 1
cat_threshold=7
is_linear=0
shrinkage=0.05


Tree=22
num_leaves=6
num_cat=1
split_feature=0 34 25 26 5
split_gain=32.0896 14.4269 13.7559 12.9855 6.3438
threshold=0 22.750000000000004 10.541667000000002 15.050000000000002 0.64414586362404946
decision_type=1 2 2 2 2
left_child=1 -1 3 -3 -4
right_child=-2 2 4 -5 -6
leaf_value=-0.045324674257910459 -0.038022556929501017 -0.015468696444590974 -0.035046786516186874 0.034147194515302508 0.054706111787991042
leaf_weight=9.0029066368006152 34.135079264175147 15.461274947505443 14.264542259741573 72.384485232643783 1.3530091424472619
leaf_count=1684 7042 890 1293 3076 61
internal_value=-0.00219875 0.0112712 0.0176616 0.0253387 -0.024447
internal_weight=146.601 112.466 103.463 87.8458 15.6176
internal_count=14046 7004 5320 3966 1354
cat_boundaries=0 1
cat_threshold=7
is_linear=0
shrinkage=0.05


Tree=23
num_leaves=7
num_cat=1
split_feature=0 38 34 39 5 21
split_gain=34.0047 17.219 15.5671 12.1525 5.36976 4.25915
threshold=0 10.283929000000002 22.750000000000004 20.450000000000003 0.64414586362404946 24.350000000000005
decision_type=1 2 2 2 2 2
left_child=1 2 -1 -4 -3 -6
right_child=-2 4 3 -5 5 -7
leaf_value=-0.044233463197691107 -0.037638845363544317 -0.046931464825048452 0.0045356567350029733 0.041716753384900995 -0.027418486440411782 0.077463602460942763
leaf_weight=7.2898210552521041 32.79268273897469 12.363093545893205 35.646903389599174 57.453325383365154 1.1802980927750462 0.93674881570041169
leaf_count=1485 7027 1515 2234 1623 143 22
internal_value=0.000355198 0.0135148 0.0220733 0.0276801 -0.0346833 0.0289527
internal_weight=147.663 114.87 100.39 93.1002 14.4801 2.11705
internal_count=14049 7022 5342 3857 1680 165
cat_boundaries=0 1
cat_threshold=7
is_linear=0
shrinkage=0.05


Tree=24
num_leaves=8
num_cat=3
split_feature=0 38 1 4 36 5 1
split_gain=28.8002 14.7747 14.9763 22.1817 16.5217 6.99643 5.28776
threshold=0 10.182142500000003 1 -0.85227431625818906 90.500000000000014 0.64414586362404946 2
decision_type=1 2 1 2 2 2 1
left_child=1 2 4 -4 -1 -3 -7
right_child=-2 5 3 -5 -6 6 -8
leaf_value=0.11143200471391967 -0.037254837440456011 -0.047143424872793077 -0.045428595612430275 0.043028114109129566 -0.015755924993951256 0.083073562317040966 -0.029078985658401925
leaf_weight=1.7487989882938553 31.525637107202783 13.082877704640849 7.2442042538896194 57.142496119486168 35.497625081334263 1.2294058182742438 1.2635623351670802
leaf_count=126 7026 1582 472 2203 2534 81 84
internal_value=-0.00180538 0.0102486 0.0181081 0.0325332 -0.00702679 -0.032851 0.034178
internal_weight=148.735 117.209 101.633 64.3867 37.2464 15.5758 2.49297
internal_count=14108 7082 5335 2675 2660 1747 165
cat_boundaries=0 1 2 3
cat_threshold=7 1 1
is_linear=0
shrinkage=0.05


Tree=25
num_leaves=12
num_cat=3
split_feature=0 4 32 4 5 1 4 32 5 1 37
split_gain=24.1813 31.9862 36.3893 19.3361 23.5104 20.5306 29.5738 26.8605 18.4103 18.1042 4.11008
threshold=0 0.30983042691905766 27.578273500000005 0.30983042691905766 0.64414586362404946 1 -0.85227431625818906 26.489881000000004 -0.048362832084465547 2 45.500000000000007
decision_type=1 2 2 2 2 1 2 2 2 1 2
left_child=3 -2 8 5 -5 7 -7 -1 -3 -6 -4
right_child=1 2 10 4 9 6 -8 -9 -10 -11 -12
leaf_value=0.1182383495712932 -0.049829487219528915 0.075076986257892483 -0.047292894867980044 -0.048233835578908327 0.16280399239087207 -0.04194631769861798 0.098850531747658552 -0.046760255290896315 -0.039540956489631796 -0.032625697730017271 -0.0092509747186324594
leaf_weight=2.2494265150744477 45.858835889725015 18.051185800693933 14.282331808935853 13.309184990124779 1.7853812160901716 4.0090763103216913 18.57452578865923 9.2726563704200071 3.6287098892498753 1.5748100145719945 14.391321306815369
leaf_count=186 6471 720 2654 826 113 175 462 452 847 111 1031
internal_value=-0.0043573 -0.0182143 0.00744158 0.0211732 -0.0181512 0.046394 0.0731373 -0.00767805 0.0549951 0.0847362 -0.0291548
internal_weight=146.987 96.2124 50.3535 50.7751 16.6694 34.1057 22.5836 11.5221 21.6799 3.36019 28.6737
internal_count=14048 11723 5252 2325 1050 1275 637 638 1567 224 3685
cat_boundaries=0 1 2 3
cat_threshold=2 1 1
is_linear=0
shrinkage=0.05


Tree=26
num_leaves=9
num_cat=1
split_feature=0 38 39 4 34 5 4 19
split_gain=25.24 12.5697 14.123 15.964 9.39398 3.98131 3.66412 2.13672
threshold=0 10.182142500000003 19.850000000000005 0.95752911693909504 23.150000000000002 0.64414586362404946 0.7210268013660811 26.179167000000003
decision_type=1 2 2 2 2 2 2 2
left_child=1 2 3 -1 -4 7 -7 -3
right_child=-2 5 4 -5 -6 6 -8 -9
leaf_value=-0.022162659500347244 -0.036611472935155952 0.033616507151950199 -0.039829309841848286 0.067706062015984544 0.034481914734050358 -0.029161096206476275 0.062411185953961029 -0.046902864560219699
leaf_weight=31.85867261281237 29.53280549752526 0.19095904193818469 3.7463163395877919 4.8293669903650871 61.183788333553821 1.3315925018396222 1.182934893062338 12.16315405233763
leaf_count=2886 6996 9 665 127 1622 139 34 1588
internal_value=-0.00252654 0.00872652 0.0158025 -0.00885034 0.0296552 -0.0320825 0.0194188 -0.0432342
internal_weight=146.02 116.487 101.618 36.688 64.9301 14.8686 2.51453 12.3541
internal_count=14066 7070 5300 3013 2287 1770 173 1597
cat_boundaries=0 1
cat_threshold=7
is_linear=0
shrinkage=0.05


Tree=27
num_leaves=11
num_cat=2
split_feature=0 4 20 4 5 1 34 43 43 35
split_gain=28.3427 31.4045 30.5162 20.3165 23.158 16.2314 13.9553 13.2751 10.9137 4.60252
threshold=0 0.30983042691905766 32.95000000000001 0.30983042691905766 0.64414586362404946 1 23.150000000000002 20.350000000000005 13.65 75.538690500000016
decision_type=1 2 2 2 2 1 2 2 2 2
left_child=3 -2 8 6 -5 -6 -1 -8 -3 -4
right_child=1 2 9 4 5 -7 7 -9 -10 -11
leaf_value=-0.03892435883850609 -0.049750348010701717 -0.037180489915082021 -0.04725011021364988 -0.048100253175597241 0.14380896703807228 -0.033070743946348333 0.07844910084120521 0.0081046435450479182 0.058750282631840449 -0.0041623053633976928
leaf_weight=3.3362777482252559 43.075998716522008 2.7199634299613562 14.569684555288406 12.772225038614126 2.2903185039758673 1.6274508554488423 24.200135799124837 9.4787321239709836 21.68611459992826 10.644164040451868
leaf_count=415 6413 420 3165 804 122 117 469 419 876 796
internal_value=-0.00112293 -0.017189 0.00810688 0.0249888 -0.0156112 0.0785489 0.0497977 0.0594556 0.0470165 -0.029913
internal_weight=146.401 92.6959 49.6199 53.7051 16.69 3.91777 37.0151 33.6789 24.4061 25.2138
internal_count=14016 11670 5257 2346 1043 239 1303 888 1296 3961
cat_boundaries=0 1 2
cat_threshold=2 1
is_linear=0
shrinkage=0.05


Tree=28
num_leaves=6
num_cat=1
split_feature=0 34 38 38 5
split_gain=24.8581 11.3082 11.4885 13.7452 7.08757
threshold=0 22.750000000000004 10.283929000000002 6.413393000000001 0.64414586362404946
decision_type=1 2 2 2 2
left_child=1 -1 3 -3 -4
right_child=-2 2 4 -5 -6
leaf_value=-0.044554048488265552 -0.03597485785215232 -0.025246509442625215 -0.046120020663084571 0.027567500932919282 0.050628004534949284
leaf_weight=7.7172731433529398 27.74015686661005 13.552040268201379 10.006969487993045 85.871062388177961 1.4258240484632541
leaf_count=1658 7017 794 1418 3065 66
internal_value=-0.00094668 0.00967957 0.014685 0.0201889 -0.0309526
internal_weight=146.313 118.573 110.856 99.4231 11.4328
internal_count=14018 7001 5343 3859 1484
cat_boundaries=0 1
cat_threshold=7
is_linear=0
shrinkage=0.05


Tree=29
num_leaves=8
num_cat=1
split_feature=0 35 33 5 4 34 43
split_gain=24.5275 11.4947 13.0947 11.9518 10.9903 11.4003 7.62933
threshold=0 85.303571500000018 31.450000000000003 0.5475998096715059 0.58481550752069722 25.250000000000004 18.050000000000004
decision_type=1 2 2 2 2 2 2
left_child=1 4 -3 -4 6 -6 -1
right_child=-2 2 3 -5 5 -7 -8
leaf_value=-0.041226241745494975 -0.035621493816440752 -0.042621160591599684 0.027389303010942841 0.12194275088630642 0.03057779082170127 -0.043581548276708321 0.01279620478530309
leaf_weight=21.000443786149848 26.821486640255898 5.2818480383139095 49.477459798566997 2.7296248665079466 25.474156116135422 5.517386892810463 8.738586134510113
leaf_count=1844 7043 612 1695 122 1803 484 438
internal_value=-0.000236575 0.0101587 0.0268359 0.0345319 -0.00416156 0.0164257 -0.0254523
internal_weight=145.041 118.22 57.4889 52.2071 60.7306 30.9915 29.739
internal_count=14041 6998 2429 1817 4569 2287 2282
cat_boundaries=0 1
cat_threshold=7
is_linear=0
shrinkage=0.05


Tree=30
num_leaves=12
num_cat=2
split_feature=0 4 35 43 35 19 21 1 5 34 5
split_gain=19.7985 30.6275 26.7561 17.6401 22.8776 20.3581 19.1069 16.8341 11.2169 9.22063 1.15669
threshold=0 0.3261394409934788 75.538690500000016 20.350000000000005 85.080357500000005 28.313194500000005 24.150000000000002 1 -0.98212955754013376 24.250000000000004 0.69521084835931835
decision_type=1 2 2 2 2 2 2 1 2 2 2
left_child=3 -2 -3 4 5 -1 -6 -4 9 -5 -10
right_child=1 2 7 8 6 -7 -8 -9 10 -11 -12
leaf_value=-0.038406367345720421 -0.049744101881503758 -0.047220586534631043 -0.014464372461814709 -0.033639619086101073 0.11683255715365617 0.058671221012484058 0.01128516887290448 0.056537104672509379 -0.047513678912485049 0.10655277672357551 0.0084399419188575381
leaf_weight=11.827699217945339 41.514373802114278 14.42833764804527 12.427164453314617 1.3959940578788512 11.191875247284772 8.3295771831180883 6.9728619363158932 22.465673077851534 11.421832222258669 1.7504671998322008 0.69986710115335959
leaf_count=752 6532 3408 874 31 226 510 141 890 576 20 55
internal_value=-0.00347397 -0.0168007 0.00802705 0.018667 0.0399037 0.00258598 0.0790192 0.0315513 -0.0223375 0.0512412 -0.0438861
internal_weight=144.426 90.8355 49.3212 53.5902 38.322 20.1573 18.1647 34.8928 15.2682 3.14646 12.1217
internal_count=14015 11704 5172 2311 1629 1262 367 1764 682 51 631
cat_boundaries=0 1 2
cat_threshold=2 1
is_linear=0
shrinkage=0.05


Tree=31
num_leaves=6
num_cat=2
split_feature=0 34 34 33 1
split_gain=19.8827 9.23548 9.2207 16.5325 12.682
threshold=0 22.750000000000004 23.850000000000005 31.950000000000003 1
decision_type=1 2 2 2 1
left_child=1 -1 3 -3 -4
right_child=-2 2 4 -5 -6
leaf_value=-0.044061833290542224 -0.034887252939682256 -0.020783161065202168 -0.02711188955029973 0.051309480479983821 0.015883742627813779
leaf_weight=7.0657216766849151 25.02516327961348 10.451292681274934 25.210210384335369 27.092918598093092 48.622690769610927
leaf_count=1668 7038 889 1586 1298 1556
internal_value=-0.00229244 0.00715091 0.0113993 0.0312223 0.00103679
internal_weight=143.468 118.443 111.377 37.5442 73.8329
internal_count=14035 6997 5329 2187 3142
cat_boundaries=0 1 2
cat_threshold=7 1
is_linear=0
shrinkage=0.05


Tree=32
num_leaves=5
num_cat=1
split_feature=0 34 32 33
split_gain=21.0422 9.52854 8.60478 9.05395
threshold=0 22.750000000000004 29.217262000000002 31.450000000000003
decision_type=1 2 2 2
left_child=1 -1 3 -3
right_child=-2 2 -4 -5
leaf_value=-0.04388660713490921 -0.034589940843122814 -0.042571996469609616 -0.043167944944434107 0.019732865068390237
leaf_weight=6.8535876362584522 24.346763112349436 5.2528314241208127 5.4817187199369064 103.30286924168468
leaf_count=1686 7036 655 700 3987
internal_value=-0.000376875 0.00885223 0.0131453 0.016357
internal_weight=145.238 120.891 114.037 108.556
internal_count=14064 7028 5342 4642
cat_boundaries=0 1
cat_threshold=7
is_linear=0
shrinkage=0.05


Tree=33
num_leaves=13
num_cat=1
split_feature=0 4 19 43 35 19 5 43 21 34 4 5
split_gain=19.8519 30.0423 27.9704 14.8504 22.9027 17.7359 16.4149 14.7456 12.6603 7.79209 3.33798 1.21187
threshold=0 0.30983042691905766 27.844444500000005 20.350000000000005 85.080357500000005 28.313194500000005 -0.98212955754013376 13.65 24.150000000000002 24.250000000000004 0.88621069759564464 0.69521084835931835
decision_type=1 2 2 2 2 2 2 2 2 2 2 2
left_child=3 -2 7 4 5 -1 9 -3 -6 -5 -4 -8
right_child=1 2 10 6 8 -7 11 -9 -10 -11 -12 -13
leaf_value=-0.038129913511370135 -0.049648836528885409 -0.040597822120038971 -0.047722226149574345 -0.017078423760542794 0.10478458978605161 0.051450950428957809 -0.047650577034195063 0.054862343347339054 0.019824555822317652 0.10780819084778491 -0.0066715685185850171 0.0096586605654116302
leaf_weight=11.468432120280342 38.236773922340944 4.0527253595646497 13.596753494115548 1.6255818149074941 12.647487970069053 8.9235740751028043 11.709364420268681 24.564100511372089 7.2770367022603741 2.2934795208275318 8.0513172382488829 0.66584058012813407
leaf_count=758 6404 1059 1732 34 230 522 601 862 136 23 1638 55
internal_value=-0.00107905 -0.0151521 0.00859069 0.0199672 0.0394344 0.00164347 -0.0161496 0.0404289 0.076185 0.0630655 -0.0334234 -0.0440755
internal_weight=145.112 88.5017 50.2649 56.6108 40.3165 20.392 16.2943 28.6168 19.9245 3.91906 21.6481 12.3752
internal_count=14054 11695 5291 2359 1646 1280 713 1921 366 57 3370 656
cat_boundaries=0 1
cat_threshold=2
is_linear=0
shrinkage=0.05


Tree=34
num_leaves=8
num_cat=1
split_feature=0 38 38 43 13 5 38
split_gain=16.4123 10.9069 9.09506 8.53422 1.68798 1.32811 1.90595
threshold=0 10.283929000000002 6.259821500000001 37.550000000000004 6.2062500000000007 0.64414586362404946 11.879464000000002
decision_type=1 2 2 2 2 2 2
left_child=1 2 4 -4 -1 -3 -7
right_child=-2 5 3 -5 -6 6 -8
leaf_value=-0.041708885367704007 -0.033809800488861584 -0.045817108692035688 0.019148958804967801 -0.043281180783341019 -0.001047884508771606 -0.029198448561445156 0.041597329087828455
leaf_weight=7.7705193948931974 22.675552856875584 9.4559663820546103 93.812545683933422 4.879756837617605 3.6742784287780523 1.3349311323836435 0.60370777919888485
leaf_count=540 7000 1505 4410 178 269 150 12
internal_value=-0.00295247 0.00535603 0.0107108 0.015659 -0.0297881 -0.0387692 -0.000499009
internal_weight=144.207 121.532 110.137 98.6923 11.4448 11.3946 1.93864
internal_count=14064 7064 5397 4588 809 1667 162
cat_boundaries=0 1
cat_threshold=7
is_linear=0
shrinkage=0.05


Tree=35
num_leaves=8
num_cat=3
split_feature=0 38 1 4 34 5 1
split_gain=16.468 9.75724 11.8184 17.2926 10.9262 4.21962 2.96571
threshold=0 10.182142500000003 1 -0.84315017450793706 23.750000000000004 0.64414586362404946 2
decision_type=1 2 1 2 2 2 1
left_child=1 2 4 -4 -1 -3 -7
right_child=-2 5 3 -5 -6 6 -8
leaf_value=0.020559937673110651 -0.03349275838421259 -0.046279197529706523 -0.04599545967174138 0.031733752540991582 -0.032741763781942733 0.055417786565540743 -0.027973927867896715
leaf_weight=15.473817671649156 22.043083920143545 10.39488405920565 7.1571070118807247 63.7483949160669 22.330055037280545 1.312493748497217 1.1349224110599607
leaf_count=1534 7008 1600 478 2160 1092 79 83
internal_value=-0.00215268 0.00600097 0.0114334 0.0233573 -0.0109568 -0.0331531 0.01985
internal_weight=143.595 121.552 108.709 70.9055 37.8039 12.8423 2.44742
internal_count=14034 7026 5264 2638 2626 1762 162
cat_boundaries=0 1 2 3
cat_threshold=7 1 1
is_linear=0
shrinkage=0.05


Tree=36
num_leaves=5
num_cat=1
split_feature=0 34 34 33
split_gain=16.2525 8.01562 7.04234 7.708
threshold=0 22.750000000000004 25.450000000000003 31.450000000000003
decision_type=1 2 2 2
left_child=1 -1 3 -3
right_child=-2 2 -4 -5
leaf_value=-0.043515341586973282 -0.033131271273876405 -0.042353439370810375 -0.042830513884137819 0.015854685057717904
leaf_weight=6.4399889206979415 21.352930288296193 5.0617044658865771 5.0218587534036478 105.62176910368726
leaf_count=1672 7018 662 464 4234
internal_value=-0.00152144 0.00639938 0.010075 0.0128374
internal_weight=143.498 122.145 115.705 110.683
internal_count=14050 7032 5360 4896
cat_boundaries=0 1
cat_threshold=7
is_linear=0
shrinkage=0.05


Tree=37
num_leaves=11
num_cat=1
split_feature=0 4 37 5 4 20 43 43 24 33
split_gain=14.7145 27.0593 20.8852 12.2479 15.8087 18.8392 13.5462 11.6795 9.28982 4.49973
threshold=0 0.30983042691905766 43.500000000000007 -0.99052477729077237 -0.62588817255938378 33.750000000000007 20.350000000000005 18.850000000000005 49.500000000000007 32.350000000000001
decision_type=1 2 2 2 2 2 2 2 2 2
left_child=3 -2 -3 7 6 -6 -5 9 -4 -1
right_child=1 2 8 4 5 -7 -8 -9 -10 -11
leaf_value=0.050341102214432359 -0.049548297962521817 -0.046762775937173845 0.10368650858169876 0.064786858297461489 -0.043464459584562631 0.03829039477634652 -0.031510417566164566 0.10105963251538107 0.017452752263217654 -0.040513895871531813
leaf_weight=1.2512893825769409 35.337526352377608 12.373008760390801 2.5298838757444164 13.970414842478933 19.586810579989109 9.7979134910274279 4.155129811493679 6.4820753382518888 34.553492791950703 2.4747787220403552
leaf_count=9 6437 3377 172 279 963 689 299 62 1683 46
internal_value=-0.00267932 -0.0150251 0.00715764 0.0153496 0.00672245 -0.0158415 0.0422182 0.0650145 0.0259039 -0.00580703
internal_weight=142.512 84.7939 49.4564 57.7184 47.5103 29.3847 18.1255 10.2081 37.0834 3.72607
internal_count=14016 11669 5232 2347 2230 1652 578 117 1855 55
cat_boundaries=0 1
cat_threshold=2
is_linear=0
shrinkage=0.05


Tree=38
num_leaves=6
num_cat=1
split_feature=0 42 39 5 38
split_gain=14.4722 9.81927 7.28151 13.1485 8.54054
threshold=0 5.5000000000000009 20.450000000000003 -0.4295879841196229 9.5273810000000019
decision_type=1 2 2 2 2
left_child=1 -1 3 -3 -4
right_child=-2 2 4 -5 -6
leaf_value=-0.044731573303671376 -0.032553353963219123 -0.033776097640329517 0.028288138789217251 0.022018376964203265 -0.0098491857337973405
leaf_weight=8.0059000747278315 20.298318444285542 21.320203251903877 56.201672347495332 19.103556143352762 19.174536124337465
leaf_count=2281 7070 1203 1255 1216 1083
internal_value=-0.00216072 0.00523224 0.00948788 -0.0075136 0.0185847
internal_weight=144.104 123.806 115.8 40.4238 75.3762
internal_count=14108 7038 4757 2419 2338
cat_boundaries=0 1
cat_threshold=7
is_linear=0
shrinkage=0.05


Tree=39
num_leaves=10
num_cat=0
split_feature=42 14 4 34 37 33 34 29 12
split_gain=9.04445 8.79045 6.62728 11.1631 8.69779 5.94243 10.8545 1.0864 2.06247
threshold=5.5000000000000009 14.950000000000001 -0.17647087149565663 23.850000000000005 65.500000000000014 31.950000000000003 23.850000000000005 2.5000000000000004 34.500000000000007
decision_type=2 2 2 2 2 2 2 2 2
left_child=7 5 3 -3 -4 -2 -7 -1 -9
right_child=1 2 4 -5 -6 6 -8 8 -10
leaf_value=-0.045836011406361704 -0.046409302603420549 0.021034327260501612 0.014649354888199724 -0.043147878511201304 0.072807832712990919 0.028798647623829273 -0.023417868968868036 0.040202438249883884 -0.031378275640778712
leaf_weight=10.597996502765453 9.7222019224427623 14.363835071679206 47.228231229353696 11.161900522420181 6.6226203206460914 14.685366295743732 26.283961611101404 0.62952765217050854 1.6621620939113197
leaf_count=4030 1620 1220 2489 1424 146 969 1551 33 509
internal_value=-0.00121249 0.00286173 0.0131868 -0.00759987 0.0229987 -0.0132483 -0.00446076 -0.039571 -0.00547533
internal_weight=142.958 130.068 79.3766 25.5257 53.8509 50.6915 40.9693 12.8897 2.29169
internal_count=13991 9419 5279 2644 2635 4140 2520 4572 542
is_linear=0
shrinkage=0.05


Tree=40
num_leaves=14
num_cat=2
split_feature=0 21 1 38 21 34 4 5 20 37 43 43 26
split_gain=13.1946 9.07207 10.7582 10.7285 8.44206 7.36552 8.53162 6.20206 8.84242 4.971 2.95367 13.2262 0.884858
threshold=0 24.950000000000003 1 8.3872025000000026 24.650000000000002 22.750000000000004 0.37446826358596375 -0.95242240592625282 33.250000000000007 67.500000000000014 32.550000000000004 32.850000000000009 26.050000000000004
decision_type=1 2 1 2 2 2 2 2 2 2 2 2 2
left_child=4 10 -3 -4 5 -1 -7 8 -6 -9 12 -12 -2
right_child=1 2 3 -5 7 6 -8 9 -10 -11 11 -13 -14
leaf_value=-0.040534769062703924 -0.048960140593785957 -0.042453834960654864 -0.024737704390335704 0.089833478777555001 -0.019639036376002336 0.0097518214674546608 0.049229895086484787 -0.037194304508574576 0.08232295583538278 0.028899260751459283 0.091595865138649354 -0.044692357603229357 -0.00070204796923205694
leaf_weight=4.1559057694394133 25.933787583606321 4.825526866829021 2.7765199516434222 4.2297585029155016 4.4494337500073042 45.114771889289841 19.088929216144606 18.160918412730101 2.6175468703731894 2.5804328641388556 1.4276180830784131 5.7377851235214621 1.0150100713362906
leaf_count=1116 6617 898 277 629 117 1695 625 1007 39 100 59 614 262
internal_value=-0.00320395 -0.0222982 0.0100585 0.0470112 0.00757004 0.0177291 0.0220644 -0.0145243 0.0236502 -0.0280206 -0.0398376 -0.00964652 -0.0472327
internal_weight=142.114 45.946 11.8318 7.00628 96.1679 68.3596 64.2037 27.8083 7.06698 20.7414 34.1142 7.1654 26.9488
internal_count=14055 9356 1804 906 4699 3436 2320 1263 156 1107 7552 673 6879
cat_boundaries=0 1 2
cat_threshold=6 1
is_linear=0
shrinkage=0.05


Tree=41
num_leaves=8
num_cat=1
split_feature=0 35 35 5 2 27 43
split_gain=13.8839 8.35308 9.85604 7.63087 5.6065 6.90716 4.70035
threshold=0 85.303571500000018 87.931547500000008 0.51849435583340198 4.5000000000000009 0.8500000000000002 18.050000000000004
decision_type=1 2 2 2 2 2 2
left_child=1 4 3 -3 5 -1 -6
right_child=-2 2 -4 -5 6 -7 -8
leaf_value=-0.04076855155255641 -0.031632462496374858 0.018866331046147804 -0.04298765143058611 0.081678004279221422 -0.032206543438039997 0.022950046600783678 0.0054563698668354636
leaf_weight=4.3110555062303346 18.7487502443837 54.358213310129941 4.9573749755509189 4.4849111170042297 23.011769641074352 21.095867673982866 12.254742275224997
leaf_count=1374 7021 1806 477 167 1473 1185 538
internal_value=-0.000798439 0.00609618 0.0190787 0.0249386 -0.00665499 0.0110038 -0.0193295
internal_weight=143.223 124.474 63.8005 58.8431 60.6734 25.4069 35.2665
internal_count=14041 7020 2450 1973 4570 2559 2011
cat_boundaries=0 1
cat_threshold=7
is_linear=0
shrinkage=0.05


Tree=42
num_leaves=9
num_cat=1
split_feature=0 4 35 4 33 4 38 24
split_gain=12.421 26.5907 19.1399 11.4997 11.4691 21.3886 11.1913 9.45868
threshold=0 0.3261394409934788 75.907738500000008 0.76140650896573492 33.95000000000001 0.10837544681456417 7.8770835000000012 50.500000000000007
decision_type=1 2 2 2 2 2 2 2
left_child=3 -2 -3 4 5 -1 -6 -4
right_child=1 2 7 -5 6 -7 -8 -9
leaf_value=0.030919032364054851 -0.0494845827697592 -0.046525160301567448 0.1094827314734886 -0.044068421163405473 -0.032067148832726905 -0.049876526286601573 0.096042344046698591 0.017066962316147124
leaf_weight=34.522341039031744 33.319830016116612 11.418801058433017 2.0761892823502412 6.1328881501685819 1.6135741502512226 9.6857216102071089 7.403883246704936 35.820998134789988
leaf_count=1122 6554 3443 85 593 120 334 183 1649
internal_value=-0.00235355 -0.0139997 0.00769985 0.0138481 0.023765 0.0125055 0.0722058 0.0248144
internal_weight=141.994 82.6358 49.316 59.3584 53.2255 44.2081 9.01746 37.8972
internal_count=14083 11731 5177 2352 1759 1456 303 1734
cat_boundaries=0 1
cat_threshold=2
is_linear=0
shrinkage=0.05


Tree=43
num_leaves=9
num_cat=1
split_feature=0 38 32 33 35 21 33 35
split_gain=11.7199 6.98638 8.19868 6.60127 3.39981 2.13559 2.57577 0.659799
threshold=0 6.259821500000001 28.962202500000004 31.450000000000003 59.13988100000001 24.050000000000004 32.45000000000001 87.824405000000013
decision_type=1 2 2 2 2 2 2 2
left_child=1 5 3 -3 -4 7 -7 -1
right_child=-2 2 4 -5 -6 6 -8 -9
leaf_value=-0.04700000776438485 -0.030790324322506626 -0.041292585248483421 0.024163582587846493 0.015731134183399074 -0.045752561114950192 0.049626727271558153 -0.029594575425827153 -0.0019056440901079532
leaf_weight=7.4427061836468038 17.464852772885934 4.4053858416154972 1.486833274597301 98.168680569855496 8.0114862859481928 0.91838092636316959 1.2517601274885235 0.99332354520447541
leaf_count=618 6994 703 57 4546 893 28 64 102
internal_value=-0.00186944 0.00458251 0.00870792 0.012907 -0.033549 -0.0320556 0.00901004 -0.0424549
internal_weight=140.143 122.679 112.072 102.574 9.49832 10.6062 2.17014 8.43603
internal_count=14005 7011 6199 5249 950 812 92 720
cat_boundaries=0 1
cat_threshold=7
is_linear=0
shrinkage=0.05


Tree=44
num_leaves=9
num_cat=2
split_feature=0 14 38 1 5 43 40 26
split_gain=11.6969 5.9469 7.48755 8.33483 4.26692 4.13314 4.83678 1.54006
threshold=0 14.65 10.283929000000002 1 0.64414586362404946 14.650000000000002 56.250000000000007 19.850000000000005
decision_type=1 2 2 1 2 2 2 2
left_child=1 5 3 -3 -4 7 -7 -1
right_child=-2 2 4 -5 -6 6 -8 -9
leaf_value=-0.045992220301801459 -0.030585715622777256 -0.0040614837983262873 -0.044408724029692745 0.030810733729545826 0.026606286739498206 0.030839225672741079 -0.012161975880742536 0.0044602434145015997
leaf_weight=7.6769168126629648 17.168699717498384 26.353353321785107 7.1934780792798829 46.884146560099907 2.1020822564605623 7.7929704908747217 24.525888597825542 1.6300986348651347
leaf_count=931 7034 1526 1394 1494 139 347 1090 91
internal_value=-0.00144212 0.00485582 0.012964 0.0183768 -0.0273251 -0.0100084 -0.00117882 -0.0375802
internal_weight=141.328 124.159 82.5331 73.2375 9.29556 41.6259 32.3189 9.30702
internal_count=14046 7012 4553 3020 1533 2459 1437 1022
cat_boundaries=0 1 2
cat_threshold=7 1
is_linear=0
shrinkage=0.05


Tree=45
num_leaves=12
num_cat=3
split_feature=0 4 37 4 36 1 1 4 4 21 38
split_gain=10.839 23.5483 15.6217 10.5624 16.0313 13.0674 10.7227 26.3749 20.6841 8.03016 1.39167
threshold=0 0.30983042691905766 43.500000000000007 0.30983042691905766 90.500000000000014 1 2 -0.91597725483594616 -0.85227431625818906 24.450000000000003 11.996726000000001
decision_type=1 2 2 2 2 1 1 2 2 2 2
left_child=3 -2 -3 6 5 -5 7 -1 -8 -4 -6
right_child=1 2 9 4 10 -7 8 -9 -10 -11 -12
leaf_value=0.096731017062645017 -0.0493527146708546 -0.046157863367692432 0.044509206860093277 0.1178970807049427 -0.04814209272397816 -0.035873858984560081 -0.044805663326819165 -0.048359744290957102 0.062799999228422471 -0.00014329173064965466 0.014504694759993783
leaf_weight=3.3410061795730153 30.611792544950731 10.405406300676985 17.411436257883906 2.3808552589034688 12.527831159764897 1.713215463212691 4.6789680833462652 10.291173312813042 24.077881897334009 22.206263166619465 0.51692911842838007
leaf_count=132 6428 3415 582 80 799 80 172 503 464 1311 86
internal_value=-0.0028627 -0.013864 0.0056779 0.0122833 -0.0180825 0.0591392 0.0275257 -0.00861993 0.0443744 0.0200935 -0.0448036
internal_weight=140.163 80.6349 50.0231 59.5279 17.1388 4.09407 42.389 13.6322 28.7568 39.6177 13.0448
internal_count=14052 11736 5308 2316 1045 160 1271 635 636 1893 885
cat_boundaries=0 1 2 3
cat_threshold=2 1 1
is_linear=0
shrinkage=0.05


Tree=46
num_leaves=9
num_cat=1
split_feature=0 14 38 44 32 33 5 5
split_gain=9.95608 6.09866 6.4899 5.36338 4.81894 8.47654 4.02107 1.82388
threshold=0 14.750000000000002 10.283929000000002 40.150000000000006 27.481845500000002 31.950000000000003 0.64414586362404946 -0.99938741687870725
decision_type=1 2 2 2 2 2 2 2
left_child=1 4 3 -3 5 -1 -4 -6
right_child=-2 2 6 -5 7 -7 -8 -9
leaf_value=-0.044717076747113844 -0.029988610939090412 0.0042328199261312078 -0.044107767781220858 0.031595358494620147 0.014817827833839631 0.015211770402990569 0.024890059212802892 -0.041319022469640268
leaf_weight=6.9309957739897099 16.338421246269718 40.582824536017142 6.8151104558492062 31.576559470267966 1.1256707380525757 22.046653366647661 2.1550807303283364 11.969082075753247
leaf_count=968 7079 2121 1408 856 31 855 141 668
internal_value=-0.00276917 0.00320905 0.0114344 0.0164747 -0.0118044 -0.000135786 -0.0266973 -0.0357844
internal_weight=139.54 123.202 81.1296 72.1594 42.0724 28.9776 8.97019 13.0948
internal_count=14127 7048 4526 2977 2522 1823 1549 699
cat_boundaries=0 1
cat_threshold=7
is_linear=0
shrinkage=0.05


Tree=47
num_leaves=6
num_cat=0
split_feature=34 21 10 38 5
split_gain=7.1125 6.93959 7.17798 6.31664 2.70905
threshold=22.750000000000004 25.650000000000002 88.895833500000023 10.283929000000002 -0.99052477729077237
decision_type=2 2 2 2 2
left_child=-1 2 3 -2 -4
right_child=1 -3 4 -5 -6
leaf_value=-0.044411344151005408 0.011861236313163298 -0.044313928142897155 0.015798308644312586 -0.030608392380110361 -0.046994661552539077
leaf_weight=7.6940715290838844 107.5868641595589 6.551529004587791 1.624860636773519 8.5700407016556692 7.5194965504342672
leaf_count=3351 6556 1118 68 2110 839
internal_value=-0.000601969 0.00226951 0.00503675 0.00849332 -0.0353795
internal_weight=139.547 131.853 125.301 116.157 9.14436
internal_count=14042 10691 9573 8666 907
is_linear=0
shrinkage=0.05


Tree=48
num_leaves=9
num_cat=1
split_feature=0 38 38 43 5 26 11 12
split_gain=10.7019 5.98779 7.15035 7.12991 2.33915 1.5195 1.59502 0.695299
threshold=0 6.3348215000000012 10.283929000000002 37.550000000000004 0.64414586362404946 14.750000000000002 96.500000000000014 63.500000000000007
decision_type=1 2 2 2 2 2 2 2
left_child=1 5 3 -3 -4 6 -1 -7
right_child=-2 2 4 -5 -6 7 -8 -9
leaf_value=0.031824593704988337 -0.029427958834404713 0.016368354908125413 -0.044085963552312091 -0.042619522399031315 0.011133644162172815 -0.0086452767367403097 -0.019548052376527125 -0.04592042693967735
leaf_weight=1.3121329224668423 15.602799457963554 96.736220003454946 6.7873776297783461 4.4627788718789807 2.0847618412226439 2.2027702830964699 3.371958100120537 5.7455544804688543
leaf_count=79 7053 4253 1493 178 163 235 313 313
internal_value=-0.000532664 0.00530025 0.00952534 0.0133755 -0.0312971 -0.0256248 -0.00209015 -0.0377107
internal_weight=138.306 122.704 110.071 101.199 8.87214 12.6324 4.68409 7.94832
internal_count=14080 7027 6087 4431 1656 940 392 548
cat_boundaries=0 1
cat_threshold=7
is_linear=0
shrinkage=0.05


Tree=49
num_leaves=11
num_cat=1
split_feature=0 4 35 43 43 5 31 43 34 5
split_gain=9.40239 24.17 14.9144 9.33998 15.6846 10.7432 8.137 8.01346 5.15865 1.12347
threshold=0 0.3261394409934788 75.538690500000016 20.350000000000005 19.600000000000005 -0.98212955754013376 36.900000000000013 36.250000000000007 24.250000000000004 0.69521084835931835
decision_type=1 2 2 2 2 2 2 2 2 2
left_child=3 -2 -3 4 6 8 -1 -4 -5 -7
right_child=1 2 7 5 -6 9 -8 -9 -10 -11
leaf_value=-0.0089467473950501399 -0.049332278912585549 -0.0457540037381114 0.032553465359541976 -0.019388249536077873 0.10947296357383106 -0.047362704775126427 0.034983898720614685 -0.021662408942374825 0.077780581148606948 0.0079663703843240001
leaf_weight=19.356597771635279 29.57669352774974 9.5273592009907571 30.858995527261868 1.6924927248619486 3.9219354824163011 10.643797843251374 21.313452168251388 7.9138808436691752 2.5270814504474401 0.70916249137371856
leaf_count=1025 6538 3449 1421 32 41 568 580 333 21 54
internal_value=-0.00233375 -0.0128949 0.00734998 0.0115447 0.0249453 -0.0190514 0.0143625 0.0212211 0.0425582 -0.0435415
internal_weight=138.041 77.8769 48.3002 60.1645 44.592 15.5725 40.67 38.7729 4.21957 11.353
internal_count=14062 11741 5203 2321 1646 675 1605 1754 53 622
cat_boundaries=0 1
cat_threshold=2
is_linear=0
shrinkage=0.05


Tree=50
num_leaves=8
num_cat=2
split_feature=0 1 36 19 35 43 29
split_gain=8.3189 6.17725 13.9413 17.4988 12.0129 13.5312 3.58525
threshold=0 1 90.500000000000014 26.636805500000005 75.538690500000016 36.250000000000007 2.5000000000000004
decision_type=1 1 2 2 2 2 2
left_child=1 2 6 -4 -3 -6 -1
right_child=-2 4 3 -5 5 -7 -8
leaf_value=-0.0187638018884323 -0.028700252766433478 -0.04601065907237701 0.036764257075670916 -0.039486741203227101 0.024041841873232762 -0.048488997881565202 0.087833731294485753
leaf_weight=0.59612351888790671 14.701137983356601 7.394908209796994 9.0282434886321408 30.423296786495484 66.058315498521551 6.180675628129392 3.0475895311683416
leaf_count=200 6996 1284 850 2434 2102 120 68
internal_value=-0.00293592 0.00247672 -0.0123949 -0.0215597 0.0108858 0.0172589 0.0701089
internal_weight=137.43 122.729 43.0953 39.4515 79.6339 72.239 3.64371
internal_count=14054 7058 3552 3284 3506 2222 268
cat_boundaries=0 1 2
cat_threshold=7 1
is_linear=0
shrinkage=0.05


Tree=51
num_leaves=10
num_cat=1
split_feature=0 4 37 5 34 4 39 21 19
split_gain=8.87259 22.3363 12.7622 8.80888 27.2628 16.5561 12.5955 8.55633 1.31177
threshold=0 0.30983042691905766 43.500000000000007 0.51849435583340198 23.550000000000004 0.30983042691905766 20.650000000000002 24.450000000000003 28.971527500000004
decision_type=1 2 2 2 2 2 2 2 2
left_child=3 -2 -3 5 8 6 -1 -4 -5
right_child=1 2 7 4 -6 -7 -8 -9 -10
leaf_value=-0.02650725175106293 -0.04924350692587811 -0.045392166103724235 0.043473263628272932 -0.042522646448184348 0.10750270418925656 -0.047788547085090505 0.03612505181622068 -0.002509712038044645 0.019897927478694909
leaf_weight=10.338681721827014 28.012909214827232 8.7455315608531219 17.483626089058816 4.7060309804510307 6.9669578103348613 11.292681940947658 27.540885443333536 22.122158464509994 0.38762988103553642
leaf_count=409 6475 3369 564 637 62 760 469 1312 16
internal_value=-0.00246091 -0.0128835 0.00614255 0.0108604 0.0491129 0.00285086 0.0187884 0.0183598 -0.0352866
internal_weight=137.597 76.3642 48.3513 61.2329 12.0606 49.1722 37.8796 39.6058 5.09366
internal_count=14073 11720 5245 2353 715 1638 878 1876 653
cat_boundaries=0 1
cat_threshold=2
is_linear=0
shrinkage=0.05


Tree=52
num_leaves=12
num_cat=1
split_feature=0 4 37 43 43 5 30 5 34 32 5
split_gain=8.88535 20.6688 12.3997 9.778 11.9754 9.92844 8.79782 8.56432 7.31062 2.63109 1.06082
threshold=0 0.30983042691905766 64.500000000000014 20.350000000000005 19.600000000000005 0.51849435583340198 19.050000000000004 -0.98212955754013376 24.250000000000004 27.073809500000003 0.69521084835931835
decision_type=1 2 2 2 2 2 2 2 2 2 2
left_child=3 -2 6 4 5 -1 -3 8 -5 -4 -9
right_child=1 2 9 7 -6 -7 -8 10 -10 -11 -12
leaf_value=-0.0013914036781829961 -0.049094846522671556 -0.023359769235696048 0.014278667700223364 -0.037450101148749089 0.095276877988055134 0.052021962108053522 0.022420935627422988 -0.047133012513297268 0.071372195517991108 0.082934108218141955 0.0067076756571609018
leaf_weight=28.453570861369371 26.755887789418921 26.197979620425031 2.5546162566170088 1.7245502122677852 4.3396982331760219 11.500258082058279 16.128891582367942 10.265872415155169 2.9732931666076183 4.31299645639956 0.74405185040086586
leaf_count=962 6477 4545 67 35 45 646 551 574 23 80 56
internal_value=-0.00249922 -0.0129106 0.00478322 0.0109901 0.0246847 0.0148779 -0.00579993 -0.020215 0.0318626 0.0624565 -0.0432389
internal_weight=135.952 75.9504 49.1945 60.0013 44.2935 39.9538 42.3269 15.7078 4.69784 6.86761 11.0099
internal_count=14061 11720 5243 2341 1653 1608 5096 688 58 147 630
cat_boundaries=0 1
cat_threshold=2
is_linear=0
shrinkage=0.05


Tree=53
num_leaves=8
num_cat=1
split_feature=0 38 14 32 44 5 39
split_gain=8.91026 5.39532 5.7658 4.83308 4.54109 2.1484 1.17367
threshold=0 10.283929000000002 14.65 27.481845500000002 40.150000000000006 0.65720762023595369 26.950000000000003
decision_type=1 2 2 2 2 2 2
left_child=1 2 3 -1 -4 -3 -7
right_child=-2 5 4 -5 -6 6 -8
leaf_value=0.0042563699156294094 -0.027817053574347106 -0.04386897463307847 0.0049039300736898684 -0.033362563892012746 0.029508875122005521 -0.022842936125069185 0.031754028748632417
leaf_weight=27.107851247768849 13.686146605177781 6.3911311906995234 41.623437666217797 11.340881301090119 33.869919034535997 0.82363307452760648 1.2553835175931454
leaf_count=1715 7032 1516 2164 622 850 138 18
internal_value=-0.00025579 0.00488432 0.00822943 -0.00740419 0.0161843 -0.0310746 0.0097305
internal_weight=136.098 122.412 113.942 38.4487 75.4934 8.47015 2.07902
internal_count=14055 7023 5351 2337 3014 1672 156
cat_boundaries=0 1
cat_threshold=7
is_linear=0
shrinkage=0.05


Tree=54
num_leaves=7
num_cat=2
split_feature=0 7 1 19 35 30
split_gain=8.44226 6.44917 6.66597 14.8792 12.8353 1.12488
threshold=0 26.077083500000004 1 26.563889000000003 75.538690500000016 36.70000000000001
decision_type=1 2 1 2 2 2
left_child=1 5 3 -3 -4 -1
right_child=-2 2 4 -5 -6 -7
leaf_value=-0.045130792477626705 -0.027489785645267818 0.060534225448328483 -0.045808009918783935 -0.02178439288358347 0.022797672084165964 0.01313676333077827
leaf_weight=6.1511625114362678 13.331303579965605 5.5456780411768696 6.6141771877882993 33.455881373374723 69.653140127193183 0.49635975621640671
leaf_count=687 7011 421 1203 2734 1966 5
internal_value=-0.000472439 0.00454792 0.00780582 -0.00885873 0.0163321 -0.0396312
internal_weight=135.248 121.916 115.269 39.0016 76.2673 6.64752
internal_count=14027 7016 6324 3155 3169 692
cat_boundaries=0 1 2
cat_threshold=7 1
is_linear=0
shrinkage=0.05


Tree=55
num_leaves=8
num_cat=1
split_feature=0 42 24 39 35 23 23
split_gain=7.08545 4.52156 5.20362 6.78052 6.48809 0.685122 0.285736
threshold=0 5.5000000000000009 49.500000000000007 20.650000000000002 75.538690500000016 81.500000000000014 80.500000000000014
decision_type=1 2 2 2 2 2 2
left_child=1 5 4 -4 -3 6 -1
right_child=-2 2 3 -5 -6 -7 -8
leaf_value=-0.014017414294261689 -0.02706571439582663 0.010220778569243461 -0.01404641360180936 0.011454095572396123 0.090329332182014777 -0.042144066303210832 0.018139943072181124
leaf_weight=0.38665736000984807 12.888537098886443 8.4843061149585974 41.917557891574688 65.417927993228659 2.799066651146858 5.1652334968093783 0.40489295043516904
leaf_count=138 6994 464 2388 1827 61 2138 21
internal_value=-0.00218336 0.00253912 0.00499941 0.00145769 0.0358293 -0.0364796 0.00337547
internal_weight=137.464 124.576 118.619 107.335 11.2834 5.95678 0.79155
internal_count=14031 7037 4740 4215 525 2297 159
cat_boundaries=0 1
cat_threshold=7
is_linear=0
shrinkage=0.05


Tree=56
num_leaves=8
num_cat=2
split_feature=0 1 36 4 43 4 5
split_gain=6.95004 4.58562 12.3788 12.3661 11.8353 13.1708 4.94031
threshold=0 1 93.500000000000014 -0.91597725483594616 36.250000000000007 0.83376496542330847 0.64414586362404946
decision_type=1 1 2 2 2 2 2
left_child=1 2 6 -4 5 -3 -1
right_child=-2 4 3 -5 -6 -7 -8
leaf_value=-0.024992557619829495 -0.026745060948483709 0.0064801002030227791 0.045831981748755121 -0.032519433201683857 -0.049442738047600493 0.063308584812434399 0.078205956505534621
leaf_weight=0.98793097026646037 12.564378319540991 64.429644629824907 5.0521559769986188 31.599264913704246 6.7231676338706157 11.182354265998582 3.9709837333066389
leaf_count=374 7022 2699 388 2579 135 697 175
internal_value=-0.00189439 0.00273987 -0.0104118 -0.0207888 0.00976039 0.0156012 0.0569025
internal_weight=136.51 123.946 41.6103 36.6514 82.3352 75.612 4.95891
internal_count=14069 7047 3516 2967 3531 3396 549
cat_boundaries=0 1 2
cat_threshold=7 1
is_linear=0
shrinkage=0.05


Tree=57
num_leaves=11
num_cat=2
split_feature=38 1 4 5 4 43 36 5 1 21
split_gain=5.68278 5.57408 12.0236 16.7102 11.4457 13.5715 10.2294 3.3116 1.65437 1.47289
threshold=10.182142500000003 0 -0.91597725483594616 -0.17646730165275518 -0.85227431625818906 36.250000000000007 90.500000000000014 0.65720762023595369 1 24.350000000000005
decision_type=2 1 2 2 2 2 2 2 1 2
left_child=1 2 3 -1 -3 -6 -4 -2 -9 -10
right_child=7 4 6 -5 5 -7 -8 8 9 -11
leaf_value=0.11312258382158316 -0.045745140359454588 -0.046811717147718299 0.055409264037165451 -0.036992403437140949 0.022415042695742331 -0.048611095111972279 -0.031704679645951778 -0.025438299478071094 -0.016432711307666641 0.056501283880766751
leaf_weight=3.1464988635852933 9.2489014290622418 7.1521662622690192 2.8266748507739967 2.6684916388476259 68.02548894204665 6.5105466328095636 33.143553099944256 0.90414614556357265 0.48351308517157976 1.1451145098544655
leaf_count=179 3172 943 243 514 4115 236 4312 147 131 23
internal_value=-0.00115281 0.00211592 -0.0125539 0.0489152 0.0096809 0.0156497 -0.0235454 -0.0328949 0.0136961 0.0368343
internal_weight=135.255 123.473 41.7852 5.81499 81.6882 74.536 35.9702 11.7817 2.53277 1.62863
internal_count=14015 10542 5248 693 5294 4351 4555 3473 301 154
cat_boundaries=0 1 2
cat_threshold=1 2
is_linear=0
shrinkage=0.05


Tree=58
num_leaves=11
num_cat=2
split_feature=0 4 19 4 2 1 33 35 43 4
split_gain=7.76753 21.224 13.3702 8.44473 11.7862 9.46346 8.29083 13.9715 5.81046 4.12952
threshold=0 0.30983042691905766 27.844444500000005 0.30983042691905766 2.5000000000000004 1 33.95000000000001 85.080357500000005 13.65 0.88621069759564464
decision_type=1 2 2 2 2 1 2 2 2 2
left_child=3 -2 8 6 5 -5 7 -1 -3 -4
right_child=1 2 9 4 -6 -7 -8 -9 -10 -11
leaf_value=-0.034008909349397716 -0.048984695185493608 -0.036865450105675344 -0.046793272810178345 0.079589181900909342 -0.047463953516841254 -0.037873428707474871 0.09197362257668569 0.032177012318630953 0.031749595212175671 0.0034759220225969918
leaf_weight=9.4670921448850986 24.539774561417289 2.5900433861534102 10.193802272551695 3.4964783644536501 10.252173208747989 2.0098471511155367 3.1703970341477534 33.666538933990523 30.073058139765635 6.2280381670570923
leaf_count=491 6439 1052 1719 152 738 146 53 754 851 1642
internal_value=-0.000312079 -0.0105823 0.0070987 0.0116731 -0.0173163 0.0374832 0.0241641 0.0172089 0.0253752 -0.0286233
internal_weight=135.687 73.6247 49.0849 62.0625 15.7585 5.50633 46.304 43.1336 32.6631 16.4218
internal_count=14037 11703 5264 2334 1036 298 1298 1245 1903 3361
cat_boundaries=0 1 2
cat_threshold=2 1
is_linear=0
shrinkage=0.05


Tree=59
num_leaves=6
num_cat=1
split_feature=0 33 37 43 39
split_gain=6.4946 4.61509 5.09805 5.72686 4.25501
threshold=0 31.450000000000003 65.500000000000014 36.250000000000007 20.450000000000003
decision_type=1 2 2 2 2
left_child=1 -1 3 -3 -4
right_child=-2 2 4 -5 -6
leaf_value=-0.041620613002399151 -0.025983268365688351 0.0037179450521335603 -0.032796130972737314 -0.045130694871811837 0.036671862887957506
leaf_weight=4.5094823205727144 11.820277698454445 93.972294809704181 1.7354676735121781 5.4048191756010047 16.565846809768118
leaf_count=857 6982 5367 154 207 446
internal_value=-0.00150914 0.00292218 0.00521162 0.000638072 0.0287265
internal_weight=134.008 122.188 117.678 99.3771 18.3013
internal_count=14013 7031 6174 5574 600
cat_boundaries=0 1
cat_threshold=7
is_linear=0
shrinkage=0.05


Tree=60
num_leaves=9
num_cat=1
split_feature=0 35 8 25 2 33 27 43
split_gain=6.86755 4.91681 6.24995 5.10287 4.84862 4.49421 4.47612 1.92719
threshold=0 85.303571500000018 30.250000000000004 5.8680555000000014 4.5000000000000009 33.95000000000001 0.8500000000000002 17.900000000000002
decision_type=1 2 2 2 2 2 2 2
left_child=1 4 7 -4 6 -6 -1 -3
right_child=-2 2 3 -5 5 -7 -8 -9
leaf_value=-0.03814986624102857 -0.025770362954224663 0.0095935890466887028 -0.02268101210285502 0.026182827393361141 -0.032401562595949396 0.0046040474588685716 0.018459854519811438 -0.029506427617576825
leaf_weight=3.1594403152703334 11.623362358775919 4.111965696560218 5.2277918378822497 47.972620183252729 20.550390496035106 12.887868110672569 22.023658578167669 8.5370461844140646
leaf_count=1380 7032 128 292 1458 1491 532 1193 576
internal_value=-0.00030913 0.00399077 0.0135921 0.0210513 -0.00617219 -0.0184192 0.0101719 -0.0170241
internal_weight=136.094 124.471 65.8494 53.2004 58.6214 33.4383 25.1831 12.649
internal_count=14082 7050 2454 1750 4596 2023 2573 704
cat_boundaries=0 1
cat_threshold=7
is_linear=0
shrinkage=0.05


Tree=61
num_leaves=8
num_cat=1
split_feature=0 26 4 43 37 17 4
split_gain=5.4735 4.63437 4.09521 7.23595 6.14123 2.35683 2.65493
threshold=0 15.050000000000002 -0.17647087149565663 20.350000000000005 64.500000000000014 32.20000000000001 0.97112537654464559
decision_type=1 2 2 2 2 2 2
left_child=1 5 3 -3 -4 6 -1
right_child=-2 2 4 -5 -6 -7 -8
leaf_value=-0.034161668562237797 -0.025324925167174318 0.0055312763797909954 0.0062301507143548889 -0.045755212609221822 0.04802825897304968 0.037664893779871526 0.023763054516709285
leaf_weight=13.849256559973581 11.218671865179202 23.785723300708923 63.979505893716123 8.5763873796677199 9.2728620981797558 0.66758824186399657 1.5633011423051364
leaf_count=1222 6984 1058 3619 956 99 46 23
internal_value=-0.00260686 0.00160966 0.00560099 -0.0090244 0.0120969 -0.0224561 -0.0271965
internal_weight=132.913 121.695 105.614 32.3621 73.2524 16.0801 15.4126
internal_count=14007 7023 5732 2014 3718 1291 1245
cat_boundaries=0 1
cat_threshold=7
is_linear=0
shrinkage=0.05


Tree=62
num_leaves=6
num_cat=1
split_feature=0 33 35 5 33
split_gain=5.92334 4.26792 4.92562 6.99052 4.63316
threshold=0 31.450000000000003 85.303571500000018 0.51849435583340198 33.95000000000001
decision_type=1 2 2 2 2
left_child=1 -1 4 -4 -3
right_child=-2 2 3 -5 -6
leaf_value=-0.041122857626140423 -0.025116445560249768 -0.019184618150185441 0.0091536759033981115 0.066397544260082722 0.0087448673165018177
leaf_weight=4.2344663530238895 11.035630681435576 29.051673951500561 56.299133343854919 4.9604762073140583 28.497943893482443
leaf_count=856 7025 1917 1697 133 2418
internal_value=-0.00123652 0.00288285 0.00502202 0.014781 -0.0054411
internal_weight=134.079 123.044 118.809 61.2596 57.5496
internal_count=14046 7021 6165 1830 4335
cat_boundaries=0 1
cat_threshold=7
is_linear=0
shrinkage=0.05


Tree=63
num_leaves=9
num_cat=2
split_feature=0 6 38 39 39 1 39 2
split_gain=6.3272 4.62317 4.29566 5.57279 2.49461 1.5794 1.15348 0.548151
threshold=0 2.5000000000000004 10.283929000000002 20.650000000000002 26.950000000000003 1 16.750000000000004 2.5000000000000004
decision_type=1 2 2 2 2 1 2 2
left_child=1 4 3 -3 6 -6 -1 -4
right_child=-2 2 7 -5 5 -7 -8 -9
leaf_value=0.0037350368205982202 -0.02475729334810239 -0.0030033458248338789 0.0011180557525533557 0.020645669940396391 0.047367238102777987 -0.020916721633887195 -0.032061861683548624 -0.040251322274473464
leaf_weight=2.4768318103160736 10.725611311790997 42.177625518874265 0.89470021822489698 59.061995894531719 1.2912262228783209 0.62595232133753587 12.227939101809168 3.8730278945877217
leaf_count=138 6999 2940 103 1454 73 70 1321 937
internal_value=0.000311423 0.00433818 0.00856311 0.0108602 -0.0191016 0.025545 -0.0261784 -0.0336402
internal_weight=133.355 122.629 106.007 101.24 16.6219 1.91718 14.7048 4.76773
internal_count=14035 7036 5434 4394 1602 143 1459 1040
cat_boundaries=0 1 2
cat_threshold=7 1
is_linear=0
shrinkage=0.05


Tree=64
num_leaves=6
num_cat=1
split_feature=0 33 32 5 4
split_gain=5.03386 3.77179 4.84879 7.2091 5.76235
threshold=0 31.450000000000003 26.584821500000004 -0.03976928634766979 -0.85227431625818906
decision_type=1 2 2 2 2
left_child=1 -1 3 -3 -4
right_child=-2 2 4 -5 -6
leaf_value=-0.040640673971366226 -0.024436659008396373 0.04979533475204076 -0.044956368978648589 -0.035665125983627539 0.0030112038902022596
leaf_weight=4.0127256811829275 10.455818971386178 10.055176964495329 5.6706912777153766 2.3953704839223056 100.94474840949988
leaf_count=852 7001 231 381 561 4968
internal_value=-0.00216705 0.00173604 0.00363539 0.0319243 6.5849e-05
internal_weight=133.535 123.079 119.066 12.4505 106.615
internal_count=13994 6993 6141 792 5349
cat_boundaries=0 1
cat_threshold=7
is_linear=0
shrinkage=0.05


Tree=65
num_leaves=10
num_cat=1
split_feature=42 38 26 0 17 24 43 22 29
split_gain=4.93005 4.7037 4.61746 4.97296 2.90138 2.52972 2.45596 0.406034 0.436979
threshold=5.5000000000000009 6.413393000000001 15.050000000000002 0 32.20000000000001 62.500000000000007 17.600000000000005 58.618055500000004 2.5000000000000004
decision_type=2 2 2 1 2 2 2 2 2
left_child=7 5 4 -4 -3 6 -2 8 -1
right_child=1 2 3 -5 -6 -7 -8 -9 -10
leaf_value=-0.020791944669996287 -0.036634785922202651 -0.031986186019651662 0.013691155287347826 -0.0079067852181322739 0.043240661357562535 -0.046767625660244283 0.018032274771005195 -0.043489091794357657 0.017204948267856318
leaf_weight=0.70724491670261957 2.3896510134800319 11.022416944266293 66.492376287293155 33.966768419835716 0.56589525676099661 6.6047455437947065 4.2447956535033882 6.4574572279234417 0.40345455950591713
leaf_count=394 443 1191 2182 4319 53 885 358 4182 22
internal_value=-0.00248292 2.62674e-05 0.00343729 0.00695273 -0.0251695 -0.0270563 -0.00387763 -0.0391763 -0.00537764
internal_weight=132.855 125.287 112.047 100.459 11.5883 13.2392 6.63445 7.56816 1.1107
internal_count=14029 9431 7745 6501 1244 1686 801 4598 416
cat_boundaries=0 1
cat_threshold=3
is_linear=0
shrinkage=0.05


Tree=66
num_leaves=6
num_cat=1
split_feature=0 34 4 43 43
split_gain=5.2541 4.08186 4.31513 7.05129 5.37197
threshold=0 25.450000000000003 -0.17647087149565663 20.350000000000005 18.850000000000005
decision_type=1 2 2 2 2
left_child=1 2 3 -1 -4
right_child=-2 -3 4 -5 -6
leaf_value=0.0046682608177611206 -0.023811561380222224 -0.04113238463343416 -0.0040375072379906342 -0.04208535018428073 0.021751356328947771
leaf_weight=27.941971491032746 9.9493937867227924 3.9686562840361139 33.143803215119988 10.243578178691676 49.617297387449071
leaf_count=1529 7012 469 2817 1282 965
internal_value=-0.000575224 0.0030952 0.00512567 -0.0086277 0.0114986
internal_weight=134.865 124.915 120.947 38.1855 82.7611
internal_count=14074 7062 6593 2811 3782
cat_boundaries=0 1
cat_threshold=7
is_linear=0
shrinkage=0.05


Tree=67
num_leaves=8
num_cat=0
split_feature=34 5 34 5 34 5 22
split_gain=4.67904 4.7515 11.7682 6.83462 8.90411 1.33142 1.24481
threshold=22.750000000000004 0.51849435583340198 23.550000000000004 -0.056951011027366542 23.650000000000002 0.70747208174348741 58.826389000000006
decision_type=2 2 2 2 2 2 2
left_child=-1 3 6 4 -2 -4 -3
right_child=1 2 5 -5 -6 -7 -8
leaf_value=-0.042382721002913813 0.026815970843132815 0.019573645165612705 0.067876097841204824 -0.045337920124864484 -0.0068503532908503716 0.021966271098049994 -0.041737431321119303
leaf_weight=5.4400111623690455 24.761329637374729 0.37662159011233498 6.6727254863362742 7.5337427933118297 81.672989864484407 3.6566508326795883 4.2985630823532119
leaf_count=3379 1189 11 224 2096 5953 139 1054
internal_value=-0.000786414 0.00128069 0.0267974 -0.0022826 0.00115862 0.0549972 -0.0342197
internal_weight=134.413 128.973 15.0046 113.968 106.434 10.3294 4.67518
internal_count=14045 10666 1428 9238 7142 363 1065
is_linear=0
shrinkage=0.05


Tree=68
num_leaves=13
num_cat=2
split_feature=0 21 1 38 38 4 4 44 2 43 43 26
split_gain=4.58795 11.0995 11.038 10.7329 6.89747 9.02577 6.55718 5.01574 4.48102 1.80831 8.01225 1.29526
threshold=0 24.950000000000003 1 8.3872025000000026 8.3011905000000024 0.95752911693909504 0.63257020223555627 38.000000000000007 2.5000000000000004 32.550000000000004 32.850000000000009 26.050000000000004
decision_type=1 2 1 2 2 2 2 2 2 2 2 2
left_child=4 9 -3 -4 5 6 -1 -6 -9 11 -11 -2
right_child=1 2 3 -5 7 -7 -8 8 -10 10 -12 -13
leaf_value=0.013595071499556542 -0.048997728418624945 -0.040941459213488726 -0.022087575979196042 0.099451499131546717 -0.046541549496508509 0.07454887739979689 -0.043669399630836381 0.031871704532471797 -0.012142892254571339 0.062648560337701831 -0.044415340677209425 0.010009937607268895
leaf_weight=46.0791584396502 17.573943067225635 3.6544548377278243 2.3480621130438522 4.0759730348363519 7.5014776719035572 4.641023152973502 4.6147736497223368 6.2148881632601833 28.289365052711219 1.5508544715121377 4.6764364085975103 0.65484869264764611
leaf_count=2165 6596 912 268 645 582 62 256 238 1399 56 625 257
internal_value=-0.0033981 -0.0163728 0.0216909 0.0580362 0.0027137 0.0144738 0.00763824 -0.0121235 -0.00354061 -0.0387267 -0.0127729 -0.0464676
internal_weight=131.875 34.5346 10.0785 6.42404 97.3407 55.335 50.6939 42.0057 34.5043 24.4561 6.22729 18.2288
internal_count=14061 9359 1825 913 4702 2483 2421 2219 1637 7534 681 6853
cat_boundaries=0 1 2
cat_threshold=6 1
is_linear=0
shrinkage=0.05


Tree=69
num_leaves=11
num_cat=1
split_feature=1 35 4 43 36 4 32 43 29 2
split_gain=5.51056 9.87109 11.6392 12.4331 9.30027 11.9536 8.05391 6.85361 3.94082 1.93607
threshold=0 75.538690500000016 -0.85227431625818906 36.250000000000007 93.500000000000014 -0.91597725483594616 26.530357500000004 36.70000000000001 2.5000000000000004 2.5000000000000004
decision_type=1 2 2 2 2 2 2 2 2 2
left_child=4 -2 -3 -4 8 6 -6 -7 -1 -10
right_child=1 2 3 -5 5 7 -8 -9 9 -11
leaf_value=-0.026912368381400792 -0.046130253034339458 -0.047404503673275922 0.023121609062086306 -0.048370970768659545 0.070761556372367057 -0.042948921733633405 -0.034799073632413906 0.033420431258105211 0.06721427680227185 -0.015420992527761888
leaf_weight=1.1585273535456497 7.3570584428962311 6.7940783356898455 67.600796359940432 5.7396871697856104 4.0831417095032512 30.522525807202328 2.050363085931167 2.5092432281817301 4.1373956465395167 0.44102388079045329
leaf_count=841 2532 1043 3242 220 454 4909 334 219 113 145
internal_value=-0.00159584 0.00570865 0.0109778 0.0169511 -0.0156429 -0.0244748 0.0355423 -0.036336 0.0393343 0.0579168
internal_weight=132.394 87.4916 80.1346 73.3405 44.9022 39.1653 6.1335 33.0318 5.73695 4.57842
internal_count=14052 7037 4505 3462 7015 5916 788 5128 1099 258
cat_boundaries=0 1
cat_threshold=1
is_linear=0
shrinkage=0.05


Tree=70
num_leaves=12
num_cat=3
split_feature=38 39 21 1 21 1 12 34 5 1 21
split_gain=4.34438 5.71465 4.18255 4.92745 3.56991 11.7352 3.48672 2.56218 1.57261 1.11833 0.889451
threshold=10.283929000000002 19.850000000000005 24.250000000000004 0 25.050000000000004 1 50.500000000000007 23.150000000000002 0.64414586362404946 2 24.350000000000005
decision_type=2 2 2 1 2 1 2 2 2 1 2
left_child=1 2 3 -1 7 -6 -4 -3 -2 -10 -11
right_child=8 4 6 -5 5 -7 -8 -9 9 10 -12
leaf_value=0.015236281093485208 -0.043656393208461403 -0.036245176112748523 0.041244316425127818 -0.029925449106188853 -0.039842357856429672 0.064031797211143632 -0.04091599712005442 0.007290807551899728 -0.026190301836617337 -0.01518706966392467 0.041664064332943292
leaf_weight=16.034722427488305 6.4083096557296795 2.5636029724846585 0.62589967157691617 8.3583059968659672 3.0803910907707159 8.1466490096645412 13.068264882313086 70.347105897963047 0.94769220316084102 0.42962235212326072 0.94384033232927322
leaf_count=2238 3001 1325 56 2218 250 246 1503 2921 163 137 22
internal_value=-0.000228104 0.00231329 -0.0135355 -0.000807532 0.00956237 0.034604 -0.0346095 0.00529036 -0.0323917 0.00248885 0.0249747
internal_weight=130.954 122.225 38.0872 24.393 84.1377 11.227 13.6942 72.9107 8.72946 2.32115 1.37346
internal_count=14080 10757 6015 4456 4742 496 1559 4246 3323 322 159
cat_boundaries=0 1 2 3
cat_threshold=2 1 2
is_linear=0
shrinkage=0.05


end of trees

feature_importances:
age_group=64
day_of_year_sin=64
day_of_year_cos=53
rain_max_daily_7d=51
gender=35
temperature_min_7d=34
wind_speed_mean_7d=34
humidity_mean_7d=27
temperature_max_7d=24
wind_speed_max_7d=23
temperature_min_3d=17
rain_days_7d=15
humidity_mean_3d=11
temperature_mean_7d=11
temperature_mean_3d=10
rain_days_3d=10
humidity_min_7d=10
month=9
humidity_max_7d=9
wind_speed_max_3d=8
wind_gust_max_7d=6
precipitation_sum_current=5
wind_speed_max_current=4
temperature_max_3d=4
humidity_max_3d=4
humidity_min_3d=4
precipitation_sum_3d=4
humidity_mean_current=3
humidity_min_current=3
rain_max_daily_3d=3
humidity_max_current=2
wind_gust_max_current=2
wind_speed_mean_3d=2
wind_gust_max_3d=2
weather_code_current=1
temperature_mean_current=1
temperature_max_current=1
temperature_min_current=1
wind_speed_mean_current=1
precipitation_sum_7d=1

parameters:
[boosting: gbdt]
[objective: binary]
[metric: binary_logloss]
[tree_learner: serial]
[device_type: cpu]
[data_sample_strategy: bagging]
[data: ]
[valid: ]
[num_iterations: 71]
[learning_rate: 0.05]
[num_leaves: 15]
[num_threads: 8]
[seed: 42]
[deterministic: 0]
[force_col_wise: 0]
[force_row_wise: 0]
[histogram_pool_size: -1]
[max_depth: 4]
[min_data_in_leaf: 20]
[min_sum_hessian_in_leaf: 0.001]
[bagging_fraction: 0.9]
[pos_bagging_fraction: 1]
[neg_bagging_fraction: 1]
[bagging_freq: 1]
[bagging_seed: 400]
[bagging_by_query: 0]
[feature_fraction: 0.9]
[feature_fraction_bynode: 1]
[feature_fraction_seed: 30056]
[extra_trees: 0]
[extra_seed: 12879]
[early_stopping_round: 0]
[early_stopping_min_delta: 0]
[first_metric_only: 0]
[max_delta_step: 0]
[lambda_l1: 0]
[lambda_l2: 1]
[linear_lambda: 0]
[min_gain_to_split: 0]
[drop_rate: 0.1]
[max_drop: 50]
[skip_drop: 0.5]
[xgboost_dart_mode: 0]
[uniform_drop: 0]
[drop_seed: 17869]
[top_rate: 0.2]
[other_rate: 0.1]
[min_data_per_group: 100]
[max_cat_threshold: 32]
[cat_l2: 10]
[cat_smooth: 10]
[max_cat_to_onehot: 4]
[top_k: 20]
[monotone_constraints: ]
[monotone_constraints_method: basic]
[monotone_penalty: 0]
[feature_contri: ]
[forcedsplits_filename: ]
[refit_decay_rate: 0.9]
[cegb_tradeoff: 1]
[cegb_penalty_split: 0]
[cegb_penalty_feature_lazy: ]
[cegb_penalty_feature_coupled: ]
[path_smooth: 0]
[interaction_constraints: ]
[verbosity: -1]
[saved_feature_importance_type: 0]
[use_quantized_grad: 0]
[num_grad_quant_bins: 4]
[quant_train_renew_leaf: 0]
[stochastic_rounding: 1]
[linear_tree: 0]
[max_bin: 255]
[max_bin_by_feature: ]
[min_data_in_bin: 3]
[bin_construct_sample_cnt: 200000]
[data_random_seed: 175]
[is_enable_sparse: 1]
[enable_bundle: 1]
[use_missing: 1]
[zero_as_missing: 0]
[feature_pre_filter: 1]
[pre_partition: 0]
[two_round: 0]
[header: 0]
[label_column: ]
[weight_column: ]
[group_column: ]
[ignore_column: ]
[categorical_feature: 0,1,3]
[forcedbins_filename: ]
[precise_float_parser: 0]
[parser_config_file: ]
[objective_seed: 16083]
[num_class: 1]
[is_unbalance: 0]
[scale_pos_weight: 1]
[sigmoid: 1]
[boost_from_average: 1]
[reg_sqrt: 0]
[alpha: 0.9]
[fair_c: 1]
[poisson_max_delta_step: 0.7]
[tweedie_variance_power: 1.5]
[lambdarank_truncation_level: 30]
[lambdarank_norm: 1]
[label_gain: ]
[lambdarank_position_bias_regularization: 0]
[eval_at: ]
[multi_error_top_k: 1]
[auc_mu_weights: ]
[num_machines: 1]
[local_listen_port: 12400]
[time_out: 120]
[machine_list_filename: ]
[machines: ]
[gpu_platform_id: -1]
[gpu_device_id: -1]
[gpu_device_id_list: ]
[gpu_use_dp: 0]
[num_gpu: 1]

end of parameters

pandas_categorical:[]
