tree
version=v4
num_class=1
num_tree_per_iteration=1
label_index=0
max_feature_idx=44
objective=binary sigmoid:1
feature_names=age_group gender month season day_of_year_sin day_of_year_cos weather_code_current temperature_mean_current temperature_max_current temperature_min_current humidity_mean_current humidity_max_current humidity_min_current wind_speed_mean_current wind_speed_max_current precipitation_sum_current rain_sum_current wind_gust_max_current rain_day_current temperature_mean_3d temperature_max_3d temperature_min_3d humidity_mean_3d humidity_max_3d humidity_min_3d wind_speed_mean_3d wind_speed_max_3d precipitation_sum_3d rain_sum_3d rain_days_3d rain_max_daily_3d wind_gust_max_3d temperature_mean_7d temperature_max_7d temperature_min_7d humidity_mean_7d humidity_max_7d humidity_min_7d wind_speed_mean_7d wind_speed_max_7d precipitation_sum_7d rain_sum_7d rain_days_7d rain_max_daily_7d wind_gust_max_7d
feature_infos=-1:0:1:2:3:4:5 -1:0:1 [1:12] -1:1:0 [-0.99999942202469239:0.99998555065071859] [-0.99997919295908244:0.9999907524084426] [0:61] [23.658332999999999:32.533332999999999] [25.899999999999999:39.200000000000003] [17.899999999999999:29.300000000000001] [48.958333000000003:91.625] [63:100] [23:86] [2.8541669999999999:19.695833] [6.4000000000000004:30.100000000000001] [0:63.100000000000001] [0:63.100000000000001] [14:56.899999999999999] [0:1] [23.766667000000002:32.427778000000004] [27.699999999999999:39.200000000000003] [17.899999999999999:28.100000000000001] [52.569443999999997:90.694444000000004] [73:100] [23:79] [4.125:17.329167000000002] [9.6999999999999993:30.100000000000001] [0:93.900000000000006] [0:93.900000000000006] [0:3] [0:63.100000000000001] [17.300000000000001:56.899999999999999] [24.365476000000001:32.235118999999997] [28.699999999999999:39.200000000000003] [17.899999999999999:27.5] [55.767856999999999:89.523809999999997] [77:100] [23:72] [4.5327380000000002:15.469643] [11.6:30.100000000000001] [0:163.90000000000001] [0:163.90000000000001] [0:7] [0:63.100000000000001] [23:56.899999999999999]
tree_sizes=768 787 782 783 1081 685 1007 783 784 1192 787 783 783 1084 786 777 785 981 684 1116 1418 791 790 1431 684 1209 681 683 686 1433 1112 1117 1330 881 790 785

Tree=0
num_leaves=6
num_cat=2
split_feature=0 1 4 34 42
split_gain=288.463 482.886 502.827 178.335 34.0029
threshold=0 1 0.21022171450811272 21.850000000000005 6.5000000000000009
decision_type=1 1 2 2 2
left_child=1 -1 3 -3 -4
right_child=-2 2 4 -5 -6
leaf_value=-4.4614647331849424 -4.4586616071004457 -4.4441948144509889 -4.4577354197447079 -3.9126804076741584 -4.3043398508669029
leaf_weight=27.467860198579729 110.5223379554227 1.6568291373550916 8.1894697360694391 12.532728974707423 4.9823219059035173
leaf_count=2321 9339 140 692 1059 421
internal_value=-4.41304 -4.3287 -4.16881 -3.97273 -4.39617
internal_weight=165.352 54.8292 27.3613 14.1896 13.1718
internal_count=13972 4633 2312 1199 1113
cat_boundaries=0 1 2
cat_threshold=34 1
is_linear=0
shrinkage=1


Tree=1
num_leaves=6
num_cat=2
split_feature=0 1 4 35 5
split_gain=246.343 324.701 199.786 123.804 37.9443
threshold=0 1 0.40614137006726808 87.645833500000023 0.57605713708605399
decision_type=1 1 2 2 2
left_child=1 -1 3 -3 -4
right_child=-2 2 4 -5 -6
leaf_value=-0.048733877766658641 -0.045774528864604154 0.30693169947565857 -0.045459040478228137 0.00022625532024391984 0.14459143042341827
leaf_weight=26.436987658962607 104.80473945196718 20.100269436836246 8.8013108847662789 3.8998813647776833 2.589343204163014
leaf_count=2343 9263 1166 727 203 223
internal_value=-0.000519815 0.0715904 0.180015 0.259096 0.00592625
internal_weight=166.633 61.8278 35.3908 24.0002 11.3907
internal_count=13925 4662 2319 1369 950
cat_boundaries=0 1 2
cat_threshold=34 1
is_linear=0
shrinkage=0.05


Tree=2
num_leaves=6
num_cat=2
split_feature=0 1 42 37 25
split_gain=221.12 240.624 116.763 87.3009 32.4753
threshold=0 1 5.5000000000000009 58.500000000000007 6.2694445000000005
decision_type=1 1 2 2 2
left_child=1 -1 4 -4 -3
right_child=-2 2 3 -5 -6
leaf_value=-0.048624888699037049 -0.045599798070304648 0.15541371487350222 0.30510708347265336 0.12301066896417201 -0.040742364838697677
leaf_weight=25.260655324906111 101.26756779849529 1.6680564694106568 10.515917921438811 21.678397919051349 9.0887628961354476
leaf_count=2348 9360 80 613 980 690
internal_value=-0.000524488 0.0635002 0.143498 0.18989 0.000307269
internal_weight=169.479 68.2118 42.9511 32.1943 10.7568
internal_count=14071 4711 2363 1593 770
cat_boundaries=0 1 2
cat_threshold=34 1
is_linear=0
shrinkage=0.05


Tree=3
num_leaves=6
num_cat=2
split_feature=0 1 4 34 2
split_gain=193.746 184.072 98.3007 68.4092 29.3342
threshold=0 1 0.40614137006726808 21.850000000000005 2.5000000000000004
decision_type=1 1 2 2 2
left_child=1 -1 3 -3 -4
right_child=-2 2 4 -5 -6
leaf_value=-0.048495646960998076 -0.045404666499739593 -0.039539961862870093 0.10790657705016282 0.18315526997459197 -0.04585077566873217
leaf_weight=23.912212894298136 97.479081271216273 3.4939935319125643 3.41714341379702 32.03253224119544 9.4186559263616783
leaf_count=2331 9421 215 251 1159 703
internal_value=-0.00153593 0.0559978 0.118943 0.160771 -7.69475e-05
internal_weight=169.754 72.2745 48.3623 35.5265 12.8358
internal_count=14080 4659 2328 1374 954
cat_boundaries=0 1 2
cat_threshold=34 1
is_linear=0
shrinkage=0.05


Tree=4
num_leaves=9
num_cat=3
split_feature=0 1 4 37 0 35 43 5
split_gain=176.652 147.632 89.3859 101.437 32.9436 37.159 55.6973 30.2029
threshold=0 1 0.22700754078277599 58.500000000000007 2 82.619047500000008 18.550000000000004 0.57605713708605399
decision_type=1 1 2 2 1 2 2 2
left_child=1 -1 3 -3 5 -2 -7 -4
right_child=4 2 7 -5 -6 6 -8 -9
leaf_value=-0.046488547326707402 -0.047644236724202288 0.37793445854348118 -0.043276276934608386 0.12422928934170047 -0.045154933992929476 0.13350651885200357 -0.016720308783915533 0.13965248989689974
leaf_weight=11.592064518481493 14.963765161111949 5.9839928690344157 5.741322433575986 12.933259760960935 92.84271005820483 10.087968414649369 13.472846527583895 2.4167252667248249
leaf_count=1185 1156 192 405 407 9381 482 702 156
internal_value=-0.00140807 0.0799406 0.162272 0.219428 -0.0295803 0.00964661 0.0504188 0.0202461
internal_weight=170.035 38.6674 27.0753 18.9173 131.367 38.5246 23.5608 8.15805
internal_count=14066 2345 1160 599 11721 2340 1184 561
cat_boundaries=0 1 2 3
cat_threshold=2 1 32
is_linear=0
shrinkage=0.05


Tree=5
num_leaves=5
num_cat=2
split_feature=0 1 4 34
split_gain=163.751 131.339 52.8963 55.4196
threshold=0 1 0.81428061195174062 21.850000000000005
decision_type=1 1 2 2
left_child=1 -1 3 -3
right_child=-2 2 -4 -5
leaf_value=-0.048336328442097412 -0.044907446654364858 -0.042565757198904319 -0.043364581866782187 0.12373692712270215
leaf_weight=22.445202690549195 88.604266755282879 5.0890493253245941 5.9780937349423757 48.242554753087461
leaf_count=2344 9358 300 519 1520
internal_value=-0.000437053 0.0474162 0.0917155 0.107376
internal_weight=170.359 81.7549 59.3097 53.3316
internal_count=14041 4683 2339 1820
cat_boundaries=0 1 2
cat_threshold=34 1
is_linear=0
shrinkage=0.05


Tree=6
num_leaves=8
num_cat=1
split_feature=1 4 34 37 5 34 4
split_gain=95.9992 58.5475 33.7105 61.5997 11.4287 43.7874 1.36048
threshold=0 0.37446826358596375 21.950000000000003 53.500000000000007 0.57605713708605399 23.650000000000002 0.40614137006726808
decision_type=1 2 2 2 2 2 2
left_child=-1 2 -2 -4 6 -6 -3
right_child=1 4 3 -5 5 -7 -8
leaf_value=-0.049684834840535957 -0.044787030255361203 0.011883777702139765 0.1863626720898702 0.04321406493747848 -0.032452859928155629 0.23118585879161319 -0.048431894608654526
leaf_weight=63.840841460041702 7.5354564748704425 0.60607813112438336 7.8118500225245944 60.092181719839573 7.2812544684857112 0.95259537361562241 22.828686865977943
leaf_count=7029 634 41 352 3082 644 66 2235
internal_value=-0.00159328 0.0272657 0.0510203 0.0621479 -0.0291509 0.0197818 -0.0464495
internal_weight=170.949 107.108 75.4395 67.904 31.6686 8.23385 23.4348
internal_count=14083 7054 4068 3434 2986 710 2276
cat_boundaries=0 1
cat_threshold=1
is_linear=0
shrinkage=0.05


Tree=7
num_leaves=6
num_cat=2
split_feature=0 1 37 39 42
split_gain=134.76 92.5672 48.3022 60.4575 14.9077
threshold=0 1 40.500000000000007 20.550000000000004 6.5000000000000009
decision_type=1 1 2 2 2
left_child=1 -1 4 -4 -3
right_child=-2 2 3 -5 -6
leaf_value=-0.048079547783975468 -0.044563752049868531 -0.046291701310050705 0.042278936697072743 0.14755234487355454 0.10685156419341149
leaf_weight=20.333455131389201 83.223999746143818 9.555236217565831 31.789801282808185 24.532929254695773 0.90449701435864049
leaf_count=2338 9364 681 940 685 38
internal_value=-0.00207796 0.0391673 0.0718274 0.0899078 -0.0248803
internal_weight=170.34 87.1159 66.7825 56.3227 10.4597
internal_count=14046 4682 2344 1625 719
cat_boundaries=0 1 2
cat_threshold=34 1
is_linear=0
shrinkage=0.05


Tree=8
num_leaves=6
num_cat=2
split_feature=0 1 42 44 37
split_gain=118.283 76.7006 32.5918 45.5657 43.6067
threshold=0 1 6.5000000000000009 28.600000000000005 58.500000000000007
decision_type=1 1 2 2 2
left_child=1 -1 3 -3 -4
right_child=-2 2 4 -5 -6
leaf_value=-0.047963831264377726 -0.044330779207248462 0.13930073703955112 0.1539590672530651 -0.033443011039291808 0.051266712518270655
leaf_weight=19.503587577491999 79.897908006794751 3.9623744888231185 14.48980113212019 15.572452625259755 36.651026046834886
leaf_count=2352 9393 118 406 879 923
internal_value=-0.00327885 0.0342821 0.0621141 0.00667304 0.0827574
internal_weight=170.077 90.1792 70.6757 19.5348 51.1408
internal_count=14071 4678 2326 997 1329
cat_boundaries=0 1 2
cat_threshold=34 1
is_linear=0
shrinkage=0.05


Tree=9
num_leaves=10
num_cat=3
split_feature=0 1 4 37 5 0 12 43 39
split_gain=123.553 61.2454 31.8137 50.306 22.6372 20.0763 23.8267 29.1874 1.47012
threshold=0 1 0.22700754078277599 59.500000000000007 0.57605713708605399 2 62.500000000000007 18.550000000000004 14.300000000000002
decision_type=1 1 2 2 2 1 2 2 2
left_child=1 -1 3 -3 -4 6 8 -8 -2
right_child=5 2 4 -5 -6 -7 7 -9 -10
leaf_value=-0.045382855184124188 0.01527113639229823 0.1873644532923876 -0.043899241218207638 0.058037968122977839 0.10730554585748747 -0.044066226609113787 0.080949948867040711 -0.018156393010417739 -0.048304445917662968
leaf_weight=9.059543717186898 0.51965354429558175 13.514960859902205 6.1549259135499579 18.441863377578557 2.7927851527929306 76.344155108556151 12.878038363065572 15.355909827630965 15.947615016717462
leaf_count=1173 34 237 406 390 150 9370 459 694 1150
internal_value=-0.00193937 0.0571536 0.0940434 0.116757 0.00933793 -0.0289136 0.000556969 0.0282706 -0.0455388
internal_weight=171.009 49.9641 40.9045 31.9568 8.94771 121.045 44.7012 28.2339 16.4673
internal_count=14063 2356 1183 627 556 11707 2337 1153 1184
cat_boundaries=0 1 2 3
cat_threshold=2 1 32
is_linear=0
shrinkage=0.05


Tree=10
num_leaves=6
num_cat=2
split_feature=0 1 2 4 34
split_gain=115.295 68.3488 28.8367 57.7485 16.5534
threshold=0 1 7.5000000000000009 -0.88622299073327826 24.350000000000005
decision_type=1 1 2 2 2
left_child=1 -1 4 -4 -3
right_child=-2 2 3 -5 -6
leaf_value=-0.047759753468519704 -0.043775862177424622 0.00071422370434898706 0.0026294079924632564 0.12909441609483024 0.066711426269564264
leaf_weight=18.124454044736922 72.724055453203619 24.513291172683239 13.524351637810467 26.402566050179303 14.53714672802016
leaf_count=2353 9328 982 303 522 556
internal_value=0.000304194 0.0343848 0.0578968 0.0873681 0.026335
internal_weight=169.826 97.1018 78.9774 39.9269 39.0504
internal_count=14044 4716 2363 825 1538
cat_boundaries=0 1 2
cat_threshold=34 1
is_linear=0
shrinkage=0.05


Tree=11
num_leaves=6
num_cat=2
split_feature=0 1 24 39 42
split_gain=99.6114 56.3122 30.5136 40.5273 3.96488
threshold=0 1 40.500000000000007 20.550000000000004 6.5000000000000009
decision_type=1 1 2 2 2
left_child=1 -1 4 -4 -3
right_child=-2 2 3 -5 -6
leaf_value=-0.04762169228652488 -0.043523234589587637 -0.04563901067883229 0.025041066240008278 0.099792018245648151 0.04552067900077119
leaf_weight=17.287733435165137 69.817215571179986 8.1432054881006444 39.99922626465559 33.61661299970001 0.55886049382388669
leaf_count=2353 9344 598 998 723 18
internal_value=-0.00148759 0.0295094 0.0496268 0.060056 -0.0356962
internal_weight=169.423 99.6056 82.3179 73.6158 8.70207
internal_count=14034 4690 2337 1721 616
cat_boundaries=0 1 2
cat_threshold=34 1
is_linear=0
shrinkage=0.05


Tree=12
num_leaves=6
num_cat=2
split_feature=0 1 39 39 39
split_gain=88.3971 47.0207 26.5002 41.0954 33.1943
threshold=0 1 14.050000000000002 13.350000000000003 19.650000000000002
decision_type=1 1 2 2 2
left_child=1 -1 3 -3 -4
right_child=-2 2 4 -5 -6
leaf_value=-0.04744111875778062 -0.043244368500674035 -0.031914665010322057 -0.0011599028806296248 0.26501221458544671 0.062763605983766388
leaf_weight=16.261071373708546 66.811849365476519 1.5462789433076971 34.771229596808553 2.1335863247513771 47.706577106844634
leaf_count=2321 9336 42 929 24 1337
internal_value=-0.0024621 0.0259728 0.043194 0.160085 0.0361235
internal_weight=169.231 102.419 86.1577 3.67987 82.4778
internal_count=13989 4653 2332 66 2266
cat_boundaries=0 1 2
cat_threshold=34 1
is_linear=0
shrinkage=0.05


Tree=13
num_leaves=9
num_cat=3
split_feature=0 1 38 34 5 0 35 43
split_gain=85.1336 33.063 21.0148 24.2225 16.0466 14.0114 16.6258 21.9476
threshold=0 1 10.662798000000002 21.850000000000005 0.6174544326165855 2 82.619047500000008 18.550000000000004
decision_type=1 1 2 2 2 1 2 2
left_child=1 -1 3 -3 -4 6 -2 -8
right_child=5 2 4 -5 -6 -7 7 -9
leaf_value=-0.044390766353123903 -0.047862147025202903 -0.039900284196507381 -0.04573937780597781 0.088184050077295462 0.12531113059408416 -0.043019483599553404 0.054137409927331785 -0.024429963560320733
leaf_weight=7.4805053910240531 14.178759932983665 3.501718337647616 6.2476742668077341 38.708867298439145 0.70127072557806958 64.564842346124351 16.676439726725221 17.021784085780382
leaf_count=1166 1140 170 216 777 20 9415 473 709
internal_value=-0.0037233 0.0417992 0.0638713 0.0768809 -0.0148845 -0.028034 -0.00356341 0.0148908
internal_weight=169.082 56.64 49.1595 42.2106 6.94894 112.442 47.877 33.6982
internal_count=14086 2349 1183 947 236 11737 2322 1182
cat_boundaries=0 1 2 3
cat_threshold=2 1 32
is_linear=0
shrinkage=0.05


Tree=14
num_leaves=6
num_cat=2
split_feature=0 1 37 37 42
split_gain=76.2569 38.9041 20.2422 43.7552 11.2665
threshold=0 1 40.500000000000007 52.500000000000007 6.5000000000000009
decision_type=1 1 2 2 2
left_child=1 -1 4 -4 -3
right_child=-2 2 3 -5 -6
leaf_value=-0.04723469686456034 -0.042709111343130456 -0.04638205177677767 0.12581983801283678 0.028261433685552645 0.076115489983821852
leaf_weight=15.233322808053344 61.612037809565663 9.3558009299449587 13.126588325016199 67.391747426241636 1.3534776195883758
leaf_count=2342 9370 678 308 1317 37
internal_value=-0.00271424 0.0224951 0.0369636 0.0455143 -0.0257221
internal_weight=168.073 106.461 91.2276 80.5183 10.7093
internal_count=14052 4682 2340 1625 715
cat_boundaries=0 1 2
cat_threshold=34 1
is_linear=0
shrinkage=0.05


Tree=15
num_leaves=6
num_cat=2
split_feature=0 1 19 35 36
split_gain=73.2098 35.9044 19.4839 22.863 1.72202
threshold=0 1 28.5354165 87.645833500000023 84.500000000000014
decision_type=1 1 2 2 2
left_child=1 -1 3 -3 -4
right_child=-2 2 4 -5 -6
leaf_value=-0.047086038443095647 -0.042443753141018781 0.050640821974648857 0.02610300909941482 -0.02874111511472649 -0.044950969072410363
leaf_weight=14.56041695130989 59.276497450191528 77.733799200039357 0.30747066484764118 9.601191505789755 7.0428834119811654
leaf_count=2346 9408 1640 22 218 460
internal_value=-0.00212615 0.0218084 0.0350633 0.0416874 -0.0392087
internal_weight=168.522 109.246 94.6853 87.335 7.35035
internal_count=14094 4686 2340 1858 482
cat_boundaries=0 1 2
cat_threshold=34 1
is_linear=0
shrinkage=0.05


Tree=16
num_leaves=6
num_cat=2
split_feature=0 1 35 2 24
split_gain=68.3769 32.339 18.005 24.9632 5.92271
threshold=0 1 87.645833500000023 7.5000000000000009 71.500000000000014
decision_type=1 1 2 2 2
left_child=1 -1 3 -3 -4
right_child=-2 2 4 -5 -6
leaf_value=-0.046930830768219932 -0.042165179161080132 0.012041765566053891 -0.046761518309720002 0.065290614605838612 0.039003725670525111
leaf_weight=13.906432454939932 56.968886755872518 43.494946200400591 8.1501475516706687 44.735577753745019 1.7597558218985785
leaf_count=2345 9429 1457 188 670 42
internal_value=-0.00213994 0.0203345 0.0322943 0.0394697 -0.0293526
internal_weight=169.016 112.047 98.1404 88.2305 9.9099
internal_count=14131 4702 2357 2127 230
cat_boundaries=0 1 2
cat_threshold=34 1
is_linear=0
shrinkage=0.05


Tree=17
num_leaves=8
num_cat=3
split_feature=0 1 34 5 0 35 43
split_gain=72.3374 24.6063 19.329 23.6783 14.2087 16.9424 19.796
threshold=0 1 21.850000000000005 0.50370931781787065 2 82.619047500000008 18.550000000000004
decision_type=1 1 2 2 1 2 2
left_child=1 2 -1 -4 5 -2 -7
right_child=4 -3 3 -5 -6 6 -8
leaf_value=-0.041495016628142624 -0.047996235223913317 -0.043459712549334478 0.040692873733954908 0.11641626611800869 -0.04178435193946417 0.048134194378615158 -0.023095571898934492
leaf_weight=4.120417781174182 14.152124787215142 6.3815717329271129 37.879443923011422 14.358715227339415 54.011076213326305 19.506759112235159 17.750059488229454
leaf_count=181 1170 1195 784 209 9316 482 715
internal_value=-0.000312189 0.0384709 0.055051 0.0633027 -0.024821 -0.00277543 0.0144819
internal_weight=168.16 62.7401 56.3586 52.2382 105.42 51.4089 37.2568
internal_count=14052 2369 1174 993 11683 2367 1197
cat_boundaries=0 1 2 3
cat_threshold=2 2 32
is_linear=0
shrinkage=0.05


Tree=18
num_leaves=5
num_cat=2
split_feature=0 1 44 31
split_gain=53.6693 25.2405 13.8385 18.5186
threshold=0 1 48.800000000000004 35.45000000000001
decision_type=1 1 2 2
left_child=1 -1 3 -3
right_child=-2 2 -4 -5
leaf_value=-0.046695356566914169 -0.041513469417477383 0.010627927621627951 -0.045942804950490745 0.05536848899410457
leaf_weight=13.000101556070149 52.077443367801607 55.192298909183592 5.5785288969054809 39.583103350363672
leaf_count=2357 9364 1254 115 944
internal_value=-0.00438803 0.0151845 0.0250804 0.0296969
internal_weight=165.431 113.354 100.354 94.7754
internal_count=14034 4670 2313 2198
cat_boundaries=0 1 2
cat_threshold=34 1
is_linear=0
shrinkage=0.05


Tree=19
num_leaves=9
num_cat=1
split_feature=1 2 37 5 22 42 2 31
split_gain=40.7504 18.2438 26.0842 41.9887 37.1708 9.12062 15.6303 11.9263
threshold=0 7.5000000000000009 55.500000000000007 -0.42179730054635828 79.625000000000014 6.5000000000000009 2.5000000000000004 27.200000000000003
decision_type=1 2 2 2 2 2 2 2
left_child=-1 5 4 -4 -3 7 -7 -2
right_child=1 2 3 -5 -6 6 -8 -9
leaf_value=-0.048929664451605764 0.047742599144617849 -0.014098944327646266 0.070165976923274032 -0.021021568055244619 0.14943360727257454 0.099630863504941727 -0.004711941697817728 -0.048691392036028368
leaf_weight=36.626619683112949 2.9846825269050923 5.3637021919712415 18.659952176734805 34.402731977403164 8.0975925754755718 2.9534143200144163 38.207035228144377 19.142700105905533
leaf_count=7038 180 272 618 1429 163 147 1990 2171
internal_value=-0.00309039 0.0101184 0.0282123 0.01175 0.0878044 -0.00904364 0.00496059 -0.0341819
internal_weight=166.438 129.812 66.524 53.0627 13.4613 63.2878 41.1604 22.1274
internal_count=14008 6970 2482 2047 435 4488 2137 2351
cat_boundaries=0 1
cat_threshold=1
is_linear=0
shrinkage=0.05


Tree=20
num_leaves=12
num_cat=2
split_feature=0 1 37 34 38 37 32 44 39 39 39
split_gain=54.382 16.3824 15.661 22.4873 13.2292 13.1194 21.0752 18.0909 11.0101 10.6809 2.70776
threshold=0 1 58.500000000000007 21.850000000000005 10.662798000000002 62.500000000000007 26.711607000000004 45.20000000000001 14.050000000000002 13.900000000000002 26.050000000000004
decision_type=1 1 2 2 2 2 2 2 2 2 2
left_child=1 -1 3 -3 -4 8 -7 -8 9 -2 -10
right_child=5 2 4 -5 -6 6 7 -9 10 -11 -12
leaf_value=-0.042583351213804715 -0.033353308953641345 -0.040541311656065004 0.031703114455750046 0.082582231811176521 -0.046441351878745471 -0.047869106740865267 0.06224344959483006 -0.043497981713952222 -0.046684102299456486 0.11397740679583027 -0.0050264832999040946
leaf_weight=5.5653559006750584 1.8476994005031875 3.6725741727277663 25.232379619032148 26.471020566299558 5.8892447017133227 12.584628148004414 13.401078148279341 4.810985568445175 60.913651045411825 1.3736912999302149 4.4376293974928549
leaf_count=1196 233 166 409 519 85 1334 1242 424 7751 67 624
internal_value=-0.0026167 0.0296967 0.0416105 0.0667613 0.0159302 -0.0249057 -0.000210002 0.0335001 -0.0394142 0.0415898 -0.0439738
internal_weight=166.2 66.8306 61.2652 30.1436 31.1216 99.3694 30.7967 18.2121 68.5727 3.22139 65.3513
internal_count=14050 2375 1179 685 494 11675 3000 1666 8675 300 8375
cat_boundaries=0 1 2
cat_threshold=2 1
is_linear=0
shrinkage=0.05


Tree=21
num_leaves=6
num_cat=2
split_feature=0 1 39 39 44
split_gain=51.7248 21.7842 18.0856 22.5843 22.1529
threshold=0 1 20.550000000000004 14.050000000000002 48.800000000000004
decision_type=1 1 2 2 2
left_child=1 2 3 -1 -4
right_child=-2 -3 4 -5 -6
leaf_value=0.090663766604986304 -0.040816878702150013 -0.046176518676634505 0.056118967599906401 -0.0071798735560453996 -0.045436692266295625
leaf_weight=5.6695562349632374 47.559219612274319 11.331363786011933 46.594979990273714 50.094623989891261 5.2996215922757974
leaf_count=71 9431 2350 1055 1118 114
internal_value=-0.0020116 0.0157948 0.0241359 0.00418986 0.0450849
internal_weight=166.549 118.99 107.659 55.7642 51.8946
internal_count=14139 4708 2358 1189 1169
cat_boundaries=0 1 2
cat_threshold=34 2
is_linear=0
shrinkage=0.05


Tree=22
num_leaves=6
num_cat=2
split_feature=0 1 4 4 33
split_gain=46.7643 19.6844 15.2292 30.9549 5.97284
threshold=0 1 -0.90893996196865012 -0.73866753694953124 31.550000000000004
decision_type=1 1 2 2 2
left_child=1 2 4 -4 -1
right_child=-2 -3 3 -5 -6
leaf_value=0.011835651257641217 -0.040444903221828372 -0.046004332765396144 0.087597893119816014 0.015011138468220823 -0.048233587360237848
leaf_weight=6.674971390515565 45.386872412171215 10.857900802977381 17.539845997467637 73.71702681388706 8.6545560602098686
leaf_count=111 9370 2350 192 1866 157
internal_value=-0.00277892 0.0142107 0.0220363 0.0297608 -0.0229545
internal_weight=162.831 117.444 106.586 91.2569 15.3295
internal_count=14046 4676 2326 2058 268
cat_boundaries=0 1 2
cat_threshold=34 2
is_linear=0
shrinkage=0.05


Tree=23
num_leaves=12
num_cat=1
split_feature=0 38 39 4 30 35 43 40 34 5 34
split_gain=45.7842 12.9962 19.9225 23.4596 13.0707 11.5842 13.8172 13.9985 13.7071 11.5185 6.48209
threshold=0 10.662798000000002 20.550000000000004 0.22700754078277599 8.5500000000000025 82.619047500000008 18.550000000000004 72.500000000000014 24.750000000000004 0.6174544326165855 24.050000000000004
decision_type=1 2 2 2 2 2 2 2 2 2 2
left_child=1 2 4 -4 -1 -2 7 -7 -8 -3 -11
right_child=5 9 3 -5 -6 6 8 -9 -10 10 -12
leaf_value=0.045191592472034386 -0.049205409023474228 -0.047183275392138152 0.099164363051103641 -0.014240986274654116 -0.013270666366435362 -0.0058277522899745108 -0.044922432663355542 0.075937960415319986 0.071844737444201057 -0.02114239025674557 0.13822007894480295
leaf_weight=17.196212831418961 33.358037917874753 7.8583188229240459 18.433170291595165 5.6580797955393782 19.419162452220917 24.988013008609418 28.806807314045731 5.5825484236702314 1.8538749027065922 0.68870849255472399 0.57257532933726907
leaf_count=559 5752 427 366 348 590 1997 3295 428 240 37 10
internal_value=-0.00198804 0.0265668 0.0386279 0.0730239 0.0146573 -0.0234507 -0.012623 0.011036 -0.035816 -0.0233513 0.0803341
internal_weight=164.416 69.8262 60.7066 24.0913 36.6154 94.5893 61.2312 30.5706 30.6607 9.1196 1.26128
internal_count=14049 2337 1863 714 1149 11712 5960 2425 3535 474 47
cat_boundaries=0 1
cat_threshold=2
is_linear=0
shrinkage=0.05


Tree=24
num_leaves=5
num_cat=2
split_feature=0 1 9 34
split_gain=42.9888 17.9213 14.1144 14.2794
threshold=0 1 25.650000000000002 21.850000000000005
decision_type=1 1 2 2
left_child=1 2 3 -1
right_child=-2 -3 -4 -5
leaf_value=-0.044121415048933715 -0.039881133135400496 -0.045796881332528551 -0.045537162783588103 0.029685857828539802
leaf_weight=6.1467480226419857 42.387287961319089 10.332277306355534 6.7078198855742803 98.203474418260157
leaf_count=346 9394 2363 287 1718
internal_value=-0.00224245 0.0132913 0.0203343 0.0249607
internal_weight=163.778 121.39 111.058 104.35
internal_count=14108 4714 2351 2064
cat_boundaries=0 1 2
cat_threshold=34 2
is_linear=0
shrinkage=0.05


Tree=25
num_leaves=10
num_cat=2
split_feature=0 1 37 36 35 34 26 5 32
split_gain=44.5445 11.8246 13.1498 16.4569 10.9507 11.4964 13.1139 11.4622 8.79737
threshold=0 1 63.500000000000007 99.500000000000014 82.863095000000001 23.050000000000004 19.050000000000004 -0.099822328936730778 26.263392500000005
decision_type=1 1 2 2 2 2 2 2 2
left_child=1 -1 3 -3 -2 7 -7 -6 -4
right_child=4 2 8 -5 5 6 -8 -9 -10
leaf_value=-0.041243527322221689 -0.04915248819452317 0.067760723715026366 0.074801927118807329 0.0049236843445883962 0.14607762687697642 -0.043702798653824003 0.0055842288210228141 0.0077046763146637123 -0.016928452559827178
leaf_weight=4.6053796699270606 31.651586449705064 33.311484033707529 2.1230312958359745 15.202079134061931 1.01770927850157 28.344686471391469 24.613588939420879 6.281352466903626 15.047267468646167
leaf_count=1169 5827 704 29 196 63 3023 2259 551 227
internal_value=-0.00158068 0.0262705 0.0354913 0.0485674 -0.0232582 -0.0128731 -0.0211166 0.042275 -0.00209389
internal_weight=162.198 70.2892 65.6839 48.5136 91.9089 60.2573 52.9583 7.29906 17.1703
internal_count=14048 2325 1156 900 11723 5896 5282 614 256
cat_boundaries=0 1 2
cat_threshold=2 1
is_linear=0
shrinkage=0.05


Tree=26
num_leaves=5
num_cat=2
split_feature=0 1 4 35
split_gain=39.9 16.0181 12.3939 13.944
threshold=0 1 0.81428061195174062 87.645833500000023
decision_type=1 1 2 2
left_child=1 -1 3 -3
right_child=-2 2 -4 -5
leaf_value=-0.045414059420105742 -0.039238944064771783 0.029389169199596533 -0.043916849628787037 -0.030154959499504891
leaf_weight=9.463335114531219 39.323154924903065 96.747173128649592 6.3655377994291475 10.123202113434671
leaf_count=2343 9367 1602 534 220
internal_value=-0.00144761 0.0130041 0.0193793 0.0235216
internal_weight=162.022 122.699 113.236 106.87
internal_count=14066 4699 2356 1822
cat_boundaries=0 1 2
cat_threshold=34 1
is_linear=0
shrinkage=0.05


Tree=27
num_leaves=5
num_cat=2
split_feature=0 1 34 34
split_gain=37.5021 14.8761 12.1124 13.694
threshold=0 1 21.850000000000005 22.750000000000004
decision_type=1 1 2 2
left_child=1 2 -1 -4
right_child=-2 -3 3 -5
leaf_value=-0.044347223911114966 -0.038859368273542388 -0.045221120368530404 0.067910849009947857 0.015252982790042575
leaf_weight=6.3570371191017321 37.668669555336237 9.0756008503958565 13.389146916102616 95.6144391275011
leaf_count=358 9328 2350 208 1772
internal_value=-0.00136287 0.0123227 0.0182585 0.0222796
internal_weight=162.105 124.436 115.361 109.004
internal_count=14016 4688 2338 1980
cat_boundaries=0 1 2
cat_threshold=34 2
is_linear=0
shrinkage=0.05


Tree=28
num_leaves=5
num_cat=2
split_feature=0 1 44 39
split_gain=34.5814 13.4339 12.1404 16.9315
threshold=0 1 48.400000000000013 23.250000000000004
decision_type=1 1 2 2
left_child=1 -1 3 -3
right_child=-2 2 -4 -5
leaf_value=-0.044975129430921253 -0.038508110300798357 0.010674170214523514 -0.046636520972188469 0.059586350995577103
leaf_weight=8.6166766311507672 36.232693901285529 88.860462913755327 6.2176525173708788 21.303578820079565
leaf_count=2333 9334 1773 129 449
internal_value=-0.00184789 0.0111697 0.0166258 0.0205838
internal_weight=161.231 124.998 116.382 110.164
internal_count=14018 4684 2351 2222
cat_boundaries=0 1 2
cat_threshold=34 1
is_linear=0
shrinkage=0.05


Tree=29
num_leaves=12
num_cat=1
split_feature=0 4 38 36 5 5 35 43 23 34 4
split_gain=35.5215 14.4185 21.3719 20.4119 11.6112 28.5911 11.3649 16.0294 14.3366 13.3918 2.63574
threshold=0 0.15951094710994368 10.662798000000002 99.500000000000014 0.57605713708605399 0.75438814418115718 82.619047500000008 18.550000000000004 95.500000000000014 23.050000000000004 0.22700754078277599
decision_type=1 2 2 2 2 2 2 2 2 2 2
left_child=1 2 3 -1 10 -6 -2 9 -9 -8 -3
right_child=6 4 -4 -5 5 -7 7 8 -10 -11 -12
leaf_value=0.074005366582156368 -0.048941575399026077 0.011389130322417521 -0.046188397149816644 0.0080373816491873147 0.14543203502987131 -0.042286785538415257 0.077096859153535757 0.075042807344453469 -0.046434929134640826 -0.0022301166688742254 -0.047180715781049765
leaf_weight=31.055851110257208 27.642612884519622 1.8937469595111931 5.770291370805352 18.912102906499058 2.5122797675430766 4.026814382057637 5.7377667122054872 1.7667145773302788 26.878274259157479 25.040729868924245 10.565422212472184
leaf_count=573 5742 26 163 414 99 235 367 192 3355 2046 829
internal_value=-0.000136187 0.0233875 0.0391207 0.0496851 -0.0107248 0.0395578 -0.0206731 -0.0103522 -0.036664 0.0145188 -0.0380936
internal_weight=161.803 74.7365 55.7382 49.968 18.9983 6.53909 87.0661 59.4235 28.645 30.7785 12.4592
internal_count=14041 2339 1150 987 1189 334 11702 5960 3547 2413 855
cat_boundaries=0 1
cat_threshold=2
is_linear=0
shrinkage=0.05


Tree=30
num_leaves=9
num_cat=1
split_feature=0 42 34 26 34 5 43 35
split_gain=29.5525 11.7651 15.6702 22.1197 14.8671 7.13969 8.75617 1.5743
threshold=0 5.5000000000000009 22.750000000000004 17.650000000000002 22.350000000000005 0.98770287048522643 1.0500000000000003 82.619047500000008
decision_type=1 2 2 2 2 2 2 2
left_child=1 5 4 -4 -3 7 -7 -1
right_child=-2 2 3 -5 -6 6 -8 -9
leaf_value=-0.048283061856916332 -0.037927518822331953 -0.035815973776571301 -0.01881517125742212 0.029011420372888633 0.1003923919588047 0.076364834243597246 -0.038937484061013425 0.018697133002860748
leaf_weight=12.800835298374295 34.031102107139304 2.0170134692452839 40.313064797315747 57.499525387771428 8.0332993671763671 2.3829791732132426 2.3331610350869596 0.43248805822804648
leaf_count=1346 9388 94 1297 1604 119 63 81 23
internal_value=-0.00311027 0.00882707 0.0157874 0.00930895 0.0722891 -0.0269669 0.02249 -0.0449342
internal_weight=159.843 125.812 107.863 97.8126 10.0503 17.9495 4.71614 13.2333
internal_count=14015 4627 3114 2901 213 1513 144 1369
cat_boundaries=0 1
cat_threshold=34
is_linear=0
shrinkage=0.05


Tree=31
num_leaves=9
num_cat=1
split_feature=0 42 39 35 44 36 13 26
split_gain=28.3669 12.425 18.3996 17.2356 19.3187 10.3669 3.92618 2.12102
threshold=0 6.5000000000000009 16.150000000000002 87.645833500000023 35.800000000000004 99.500000000000014 14.722917000000002 12.250000000000002
decision_type=1 2 2 2 2 2 2 2
left_child=1 2 5 4 -3 -1 -5 -4
right_child=-2 3 7 6 -6 -7 -8 -9
leaf_value=0.072756430816537584 -0.037516553142004666 -0.010573465234417019 0.011369977116965142 -0.044320107108604928 0.041487168697644322 -0.023919461755250761 0.045321539042126206 -0.047976161925451899
leaf_weight=6.0062072530854511 32.588951258221641 24.769923545187339 1.2556429104879523 11.003149845637378 59.483645480591804 3.9433606839738786 0.55560472328215915 19.437962060095742
leaf_count=148 9342 882 35 431 1348 153 20 1676
internal_value=-0.00264522 0.00881707 -0.0178043 0.0183379 0.0262372 0.0357552 -0.0367456 -0.044017
internal_weight=159.044 126.455 30.6432 95.8123 84.2536 9.94957 11.5588 20.6936
internal_count=14035 4693 2012 2681 2230 301 451 1711
cat_boundaries=0 1
cat_threshold=34
is_linear=0
shrinkage=0.05


Tree=32
num_leaves=11
num_cat=1
split_feature=0 35 34 33 33 33 4 31 4 13
split_gain=29.9608 9.11587 12.5031 12.2597 9.05334 19.9282 9.1583 8.26459 3.0527 0.909404
threshold=0 82.619047500000008 23.050000000000004 31.650000000000002 31.250000000000004 31.350000000000005 -0.88622299073327826 33.650000000000006 -0.98523971305672664 5.0979165000000011
decision_type=1 2 2 2 2 2 2 2 2 2
left_child=4 -2 3 -3 8 -6 -7 -4 -1 -10
right_child=1 2 7 -5 5 6 -8 -9 9 -11
leaf_value=0.025237645960097234 -0.048768884889142633 -0.038034073063157696 -0.049415311486603664 0.079276558434105027 0.15811101641888048 -0.029484883723651822 0.027995987233135001 -0.0072237153938417373 0.0069886473063788222 -0.046173246984649113
leaf_weight=1.5583631142508236 24.885667891707271 2.6441967203281802 17.125074750045314 5.5306940698064864 1.828168220585211 6.9966887636110178 59.959261753829196 33.46251546824351 0.63878613407723506 5.7791231316514313
leaf_count=38 5728 307 2124 344 40 186 1889 3214 16 178
internal_value=-0.00214913 -0.0214256 -0.0128086 0.0413223 0.0191545 0.0274847 0.0216439 -0.0221876 -0.0264023 -0.0406531
internal_weight=160.409 83.6481 58.7625 8.17489 76.7604 68.7841 66.956 50.5876 7.97627 6.41791
internal_count=14064 11717 5989 651 2347 2115 2075 5338 232 194
cat_boundaries=0 1
cat_threshold=2
is_linear=0
shrinkage=0.05


Tree=33
num_leaves=7
num_cat=1
split_feature=0 19 7 34 14 36
split_gain=26.6778 10.8889 12.2121 10.1183 6.85642 1.76558
threshold=0 28.5354165 28.114583500000006 22.350000000000005 14.65 82.500000000000014
decision_type=1 2 2 2 2 2
left_child=1 2 3 -1 -4 -3
right_child=-2 5 4 -5 -6 -7
leaf_value=-0.041577240527441585 -0.036849448780299103 0.02616540094395646 0.007853954751079157 0.012538877071469862 0.086598055269572607 -0.046069199392820552
leaf_weight=8.464258522493763 30.432169183855876 0.29676968255080183 4.4593772841617447 100.8173617804423 7.3348765966948122 8.5548390552867186
leaf_count=710 9340 18 150 2599 269 968
internal_value=-0.00176727 0.00881011 0.0134985 0.00800838 0.059766 -0.0412373
internal_weight=160.36 129.927 121.076 109.282 11.7943 8.85161
internal_count=14054 4714 3728 3309 419 986
cat_boundaries=0 1
cat_threshold=34
is_linear=0
shrinkage=0.05


Tree=34
num_leaves=6
num_cat=2
split_feature=0 1 44 44 32
split_gain=22.7983 10.1208 9.93505 22.2633 13.1237
threshold=0 1 45.20000000000001 43.000000000000007 26.229762000000004
decision_type=1 1 2 2 2
left_child=1 2 3 -1 -4
right_child=-2 -3 4 -5 -6
leaf_value=0.0077348249901387951 -0.036537864260899319 -0.044612464917260612 0.078772878232182958 0.081222497598186782 -0.044328110125540492
leaf_weight=95.417034451384097 29.497570537962019 8.0016067898832244 1.6165718063712109 10.597005279269068 13.204252191353588
leaf_count=1911 9377 2335 17 151 273
internal_value=-0.00387303 0.00616856 0.0103761 0.0157709 -0.0267706
internal_weight=158.334 128.836 120.835 106.014 14.8208
internal_count=14064 4687 2352 2062 290
cat_boundaries=0 1 2
cat_threshold=34 2
is_linear=0
shrinkage=0.05


Tree=35
num_leaves=6
num_cat=2
split_feature=0 1 42 31 40
split_gain=22.4663 10.0684 8.92809 17.2702 13.3647
threshold=0 1 6.5000000000000009 28.600000000000005 16.500000000000004
decision_type=1 1 2 2 2
left_child=1 -1 3 -3 -4
right_child=-2 2 4 -5 -6
leaf_value=-0.044478129214558987 -0.03612593478422884 0.029076792115634322 0.090139289834646544 -0.049848997514034987 0.013067540735340503
leaf_weight=7.798809367697686 28.320660572964698 11.762178542092444 5.0622619753703466 14.326424140483139 88.964531374163926
leaf_count=2363 9333 218 71 775 1274
internal_value=-0.00307 0.00675082 0.0109742 -0.0145051 0.0181219
internal_weight=156.235 127.914 120.115 26.0886 94.0268
internal_count=14034 4701 2338 993 1345
cat_boundaries=0 1 2
cat_threshold=34 1
is_linear=0
shrinkage=0.05


end of trees

feature_importances:
age_group=38
gender=30
temperature_min_7d=20
day_of_year_sin=17
wind_speed_max_7d=14
humidity_mean_7d=13
day_of_year_cos=12
humidity_min_7d=12
rain_days_7d=10
wind_gust_max_7d=8
rain_max_daily_7d=7
month=5
humidity_max_7d=5
wind_gust_max_3d=4
temperature_max_7d=4
wind_speed_mean_7d=4
wind_speed_max_3d=3
temperature_mean_7d=3
wind_speed_mean_current=2
temperature_mean_3d=2
humidity_min_3d=2
precipitation_sum_7d=2
temperature_mean_current=1
temperature_min_current=1
humidity_min_current=1
wind_speed_max_current=1
humidity_mean_3d=1
humidity_max_3d=1
wind_speed_mean_3d=1
rain_max_daily_3d=1

parameters:
[boosting: gbdt]
[objective: binary]
[metric: binary_logloss]
[tree_learner: serial]
[device_type: cpu]
[data_sample_strategy: bagging]
[data: ]
[valid: ]
[num_iterations: 36]
[learning_rate: 0.05]
[num_leaves: 15]
[num_threads: 8]
[seed: 42]
[deterministic: 0]
[force_col_wise: 0]
[force_row_wise: 0]
[histogram_pool_size: -1]
[max_depth: 4]
[min_data_in_leaf: 20]
[min_sum_hessian_in_leaf: 0.001]
[bagging_fraction: 0.9]
[pos_bagging_fraction: 1]
[neg_bagging_fraction: 1]
[bagging_freq: 1]
[bagging_seed: 400]
[bagging_by_query: 0]
[feature_fraction: 0.9]
[feature_fraction_bynode: 1]
[feature_fraction_seed: 30056]
[extra_trees: 0]
[extra_seed: 12879]
[early_stopping_round: 0]
[early_stopping_min_delta: 0]
[first_metric_only: 0]
[max_delta_step: 0]
[lambda_l1: 0]
[lambda_l2: 1]
[linear_lambda: 0]
[min_gain_to_split: 0]
[drop_rate: 0.1]
[max_drop: 50]
[skip_drop: 0.5]
[xgboost_dart_mode: 0]
[uniform_drop: 0]
[drop_seed: 17869]
[top_rate: 0.2]
[other_rate: 0.1]
[min_data_per_group: 100]
[max_cat_threshold: 32]
[cat_l2: 10]
[cat_smooth: 10]
[max_cat_to_onehot: 4]
[top_k: 20]
[monotone_constraints: ]
[monotone_constraints_method: basic]
[monotone_penalty: 0]
[feature_contri: ]
[forcedsplits_filename: ]
[refit_decay_rate: 0.9]
[cegb_tradeoff: 1]
[cegb_penalty_split: 0]
[cegb_penalty_feature_lazy: ]
[cegb_penalty_feature_coupled: ]
[path_smooth: 0]
[interaction_constraints: ]
[verbosity: -1]
[saved_feature_importance_type: 0]
[use_quantized_grad: 0]
[num_grad_quant_bins: 4]
[quant_train_renew_leaf: 0]
[stochastic_rounding: 1]
[linear_tree: 0]
[max_bin: 255]
[max_bin_by_feature: ]
[min_data_in_bin: 3]
[bin_construct_sample_cnt: 200000]
[data_random_seed: 175]
[is_enable_sparse: 1]
[enable_bundle: 1]
[use_missing: 1]
[zero_as_missing: 0]
[feature_pre_filter: 1]
[pre_partition: 0]
[two_round: 0]
[header: 0]
[label_column: ]
[weight_column: ]
[group_column: ]
[ignore_column: ]
[categorical_feature: 0,1,3]
[forcedbins_filename: ]
[precise_float_parser: 0]
[parser_config_file: ]
[objective_seed: 16083]
[num_class: 1]
[is_unbalance: 0]
[scale_pos_weight: 1]
[sigmoid: 1]
[boost_from_average: 1]
[reg_sqrt: 0]
[alpha: 0.9]
[fair_c: 1]
[poisson_max_delta_step: 0.7]
[tweedie_variance_power: 1.5]
[lambdarank_truncation_level: 30]
[lambdarank_norm: 1]
[label_gain: ]
[lambdarank_position_bias_regularization: 0]
[eval_at: ]
[multi_error_top_k: 1]
[auc_mu_weights: ]
[num_machines: 1]
[local_listen_port: 12400]
[time_out: 120]
[machine_list_filename: ]
[machines: ]
[gpu_platform_id: -1]
[gpu_device_id: -1]
[gpu_device_id_list: ]
[gpu_use_dp: 0]
[num_gpu: 1]

end of parameters

pandas_categorical:[]
