tree
version=v4
num_class=1
num_tree_per_iteration=1
label_index=0
max_feature_idx=44
objective=binary sigmoid:1
feature_names=age_group gender month season day_of_year_sin day_of_year_cos weather_code_current temperature_mean_current temperature_max_current temperature_min_current humidity_mean_current humidity_max_current humidity_min_current wind_speed_mean_current wind_speed_max_current precipitation_sum_current rain_sum_current wind_gust_max_current rain_day_current temperature_mean_3d temperature_max_3d temperature_min_3d humidity_mean_3d humidity_max_3d humidity_min_3d wind_speed_mean_3d wind_speed_max_3d precipitation_sum_3d rain_sum_3d rain_days_3d rain_max_daily_3d wind_gust_max_3d temperature_mean_7d temperature_max_7d temperature_min_7d humidity_mean_7d humidity_max_7d humidity_min_7d wind_speed_mean_7d wind_speed_max_7d precipitation_sum_7d rain_sum_7d rain_days_7d rain_max_daily_7d wind_gust_max_7d
feature_infos=-1:0:1:2:3:4:5 -1:0:1 [1:12] -1:1:0 [-0.99999942202469239:0.99998555065071859] [-0.99997919295908244:0.9999907524084426] [0:61] [23.658332999999999:32.533332999999999] [25.899999999999999:39.200000000000003] [17.899999999999999:29.300000000000001] [48.958333000000003:91.625] [63:100] [23:86] [2.8541669999999999:19.695833] [6.4000000000000004:30.100000000000001] [0:63.100000000000001] [0:63.100000000000001] [14:56.899999999999999] [0:1] [23.766667000000002:32.427778000000004] [27.699999999999999:39.200000000000003] [17.899999999999999:28.100000000000001] [52.569443999999997:90.694444000000004] [73:100] [23:79] [4.125:17.329167000000002] [9.6999999999999993:30.100000000000001] [0:93.900000000000006] [0:93.900000000000006] [0:3] [0:63.100000000000001] [17.300000000000001:56.899999999999999] [24.365476000000001:32.235118999999997] [28.699999999999999:39.200000000000003] [17.899999999999999:27.5] [55.767856999999999:89.523809999999997] [77:100] [23:72] [4.5327380000000002:15.469643] [11.6:30.100000000000001] [0:163.90000000000001] [0:163.90000000000001] [0:7] [0:63.100000000000001] [23:56.899999999999999]
tree_sizes=1559 1723 1721 1707 1709 1603 1727 1619 1736 1614 1735 1734 1725 1606 1615 1608 1749 1597 1603 1737 1497 1621 1732 1720 1617 1586 1614 1734 1606 1587 1511 1720 1706 1622 1620 1638 1601 1616 1610 1749 1608 1680 1614 1498 1718 1611 1726

Tree=0
num_leaves=14
num_cat=3
split_feature=0 33 2 33 42 20 34 4 34 1 4 1 43
split_gain=1798.07 459.94 280.882 123.961 116.913 99.6494 73.1428 25.9869 16.9492 16.3898 10.2231 15.3037 5.04532
threshold=0 36.050000000000004 8.5000000000000018 31.250000000000004 3.5000000000000004 33.550000000000004 23.150000000000002 0.93845596220871974 26.550000000000004 1 -0.95244167294248061 2 23.950000000000006
decision_type=1 2 2 2 2 2 2 2 2 1 2 1 2
left_child=1 2 5 -4 6 -1 -3 -6 10 -10 11 -2 -12
right_child=8 4 3 -5 7 -7 -8 -9 9 -11 12 -13 -14
leaf_value=-2.4401363190758092 -2.5095720005193414 -2.3771280286122072 -2.4101409860108896 -2.2759323721503675 -2.26570904600496 -2.365486935508526 -2.0842566637833189 -2.398209518354673 -2.3633297150363033 -2.4995831385153551 -2.5089338370720569 -2.4578804877761051 -2.4966492792905632
leaf_weight=139.92111254483461 27.402732171118259 3.1255105659365681 24.204535312950611 66.944075144827366 13.66502293944359 65.126917839050293 17.735455304384232 6.5417663007974616 3.4162557348608962 3.5616283193230629 490.9959040209651 28.929144307971001 124.00281454622746
leaf_count=1925 377 43 333 921 188 896 244 90 47 49 6755 398 1706
internal_value=-2.45634 -2.36376 -2.38327 -2.31067 -2.20592 -2.4161 -2.12247 -2.3038 -2.50315 -2.42947 -2.50463 -2.4835 -2.50652
internal_weight=1015.57 337.264 296.197 91.1486 41.0678 205.048 20.861 20.2068 678.308 6.97788 671.331 56.3319 614.999
internal_count=13972 4640 4075 1254 565 2821 287 278 9332 96 9236 775 8461
cat_boundaries=0 1 2 3
cat_threshold=6 1 1
is_linear=0
shrinkage=1


Tree=1
num_leaves=15
num_cat=2
split_feature=0 33 2 8 33 42 34 43 1 34 26 34 4 19
split_gain=1479.01 296.684 181.528 90.0331 74.245 42.5825 43.8101 11.2932 13.0855 21.0571 13.3934 12.6813 2.55999 0.934884
threshold=0 36.050000000000004 8.5000000000000018 33.150000000000013 31.250000000000004 2.5000000000000004 23.050000000000004 23.100000000000005 1 25.250000000000004 26.650000000000002 26.550000000000004 -0.95244167294248061 30.538889000000001
decision_type=1 2 2 2 2 2 2 2 1 2 2 2 2 2
left_child=1 2 3 -1 -4 -3 -7 11 10 -10 -9 12 -2 -13
right_child=7 5 4 -5 -6 6 -8 8 9 -11 -12 13 -14 -15
leaf_value=0.014604447971761941 -0.03086360647987553 0.26584245563465009 0.041934307912353308 0.086057096990699786 0.14164891434752261 -0.027272987037517099 0.17006706644385094 -0.051474745667258084 -0.024411703904011442 0.099751564278741489 0.072445915530178179 0.03171528056347505 -0.051712038454767385 -0.0020505176826896929
leaf_weight=149.07035916298628 20.625564619898796 15.796156495809553 26.010684728622437 61.929779320955276 76.522242978215218 2.8041493296623221 30.963414676487446 76.575762763619423 74.786961816251278 2.6012184619903556 1.4029966294765461 3.1151071041822425 467.6768182516098 3.8588196262717247
leaf_count=2009 290 166 344 796 906 35 358 1092 1056 37 20 42 6722 52
internal_value=-0.000566574 0.0789052 0.0626989 0.0358832 0.117003 0.193762 0.153366 -0.0454824 -0.0339584 -0.019019 -0.0483561 -0.0499382 -0.0508963 0.0151179
internal_weight=1013.74 363.097 313.533 211 102.533 49.5637 33.7676 650.643 155.367 77.3882 77.9788 495.276 488.302 6.97393
internal_count=13925 4614 4055 2805 1250 559 393 9311 2205 1093 1112 7106 7012 94
cat_boundaries=0 1 2
cat_threshold=6 1
is_linear=0
shrinkage=0.05


Tree=2
num_leaves=15
num_cat=2
split_feature=0 33 2 32 8 42 32 42 43 1 34 34 13 37
split_gain=1370.85 214.582 138.054 76.8135 71.8518 38.5969 23.6583 20.3979 11.0199 12.9624 18.447 10.8681 7.6318 1.69673
threshold=0 36.050000000000004 8.5000000000000018 26.207738000000003 33.150000000000013 3.5000000000000004 28.763095000000003 5.5000000000000009 23.100000000000005 1 25.250000000000004 26.800000000000004 13.816666500000002 68.500000000000014
decision_type=1 2 2 2 2 2 2 2 2 1 2 2 2 2
left_child=1 2 4 -4 -1 6 -3 -7 11 12 -11 13 -10 -2
right_child=8 5 3 -5 -6 7 -8 -9 9 10 -12 -13 -14 -15
leaf_value=0.015884576129717234 -0.051052150003136648 0.074763209173130632 0.018315336672081534 0.12278062677071254 0.077584372160302367 0.057178653090856429 0.2173915574296276 0.15244274573565827 -0.051802958457990579 -0.024411044204579478 0.087453282430208612 0.027310376271255123 0.024555606510116568 -0.028792049966205147
leaf_weight=153.30474741756916 460.75321228057146 4.7642062380909911 22.181387268006802 92.032092317938805 67.639009609818459 12.788183622062208 27.925506815314293 12.698278918862341 72.268253870308399 75.040846347808838 2.9051916450262061 3.9476652294397345 2.8659942448139182 13.114596538245676
leaf_count=2040 6903 49 261 1006 810 141 242 132 1076 1082 38 53 41 197
internal_value=0.000155227 0.0722651 0.0583759 0.102827 0.0350376 0.162155 0.199441 0.108606 -0.0452722 -0.0338479 -0.0191867 -0.0497995 -0.048606 -0.050498
internal_weight=1024.23 393.333 335.157 114.213 220.944 58.1762 32.6897 25.4865 630.896 153.08 77.946 477.815 75.1342 473.868
internal_count=14071 4681 4117 1267 2850 564 291 273 9390 2237 1120 7153 1117 7100
cat_boundaries=0 1 2
cat_threshold=6 1
is_linear=0
shrinkage=0.05


Tree=3
num_leaves=15
num_cat=3
split_feature=0 8 2 42 34 22 32 34 34 1 43 1 4 26
split_gain=1178.61 140.745 144.155 52.7677 48.839 40.5715 39.5553 22.6986 13.0801 11.7938 11.2782 12.1212 2.78335 0.397523
threshold=0 34.150000000000013 7.5000000000000009 3.5000000000000004 25.150000000000002 60.611111000000008 26.207738000000003 22.950000000000003 26.550000000000004 1 23.100000000000005 2 -0.95244167294248061 21.750000000000004
decision_type=1 2 2 2 2 2 2 2 2 1 2 1 2 2
left_child=1 2 4 7 -1 -5 -4 -3 10 13 12 -12 -2 -10
right_child=8 3 6 5 -6 -7 -8 -9 9 -11 11 -13 -14 -15
leaf_value=0.0074741065728326202 -0.02936195125593068 0.088246354659794954 0.022506376064998536 -0.040264598575967758 0.10108355489900492 0.093636736163546008 0.094186011604767569 0.17461425251697338 0.086127829239790135 -0.041972024044059947 -0.048817796154240756 -0.019810218405073007 -0.051354282558837477 0.025458024025437294
leaf_weight=153.39991790056229 19.574801944196224 13.967540979385374 23.492231115698814 5.9399676546454421 14.351140066981314 42.11781383305788 128.16922555118799 36.24217726290226 2.2275449633598323 3.4518093466758728 71.070166297256947 76.649847246706486 431.88488572835922 1.5547375828027723
leaf_count=1954 295 152 275 67 161 439 1360 281 28 49 1102 1122 6775 20
internal_value=-0.000712394 0.0629951 0.0481346 0.116673 0.016034 0.0766031 0.0833031 0.15278 -0.0449213 0.0189661 -0.0464714 -0.0340006 -0.0504677 0.0717273
internal_weight=1024.09 417.68 319.413 98.2675 167.751 48.0578 151.661 50.2097 606.414 7.23409 599.18 147.72 451.46 3.78228
internal_count=14080 4689 3750 939 2115 506 1635 433 9391 97 9294 2224 7070 48
cat_boundaries=0 1 2 3
cat_threshold=6 1 1
is_linear=0
shrinkage=0.05


Tree=4
num_leaves=15
num_cat=3
split_feature=0 8 2 32 32 42 21 44 34 43 1 1 4 26
split_gain=1058.6 123.744 109.381 51.2995 51.237 47.574 23.8929 22.857 11.8127 12.3943 11.3103 9.15409 3.06306 0.789223
threshold=0 34.750000000000007 7.5000000000000009 28.684821500000002 26.340773500000001 4.5000000000000009 24.950000000000003 39.050000000000004 26.550000000000004 23.100000000000005 1 2 -0.95754239937548935 21.750000000000004
decision_type=1 2 2 2 2 2 2 2 2 2 1 1 2 2
left_child=1 2 3 -1 -4 7 -7 -3 9 12 -11 13 -2 -10
right_child=8 5 4 -5 -6 6 -8 -9 11 10 -12 -13 -14 -15
leaf_value=0.0075791416470456889 -0.026822674697717031 0.082996859631057601 0.02322039914727236 0.075173044390793919 0.090775052202171788 0.0045056338038513052 0.095612028249950035 0.16197712116060406 0.072683406501472245 -0.046953282103937261 -0.01849044905113428 -0.041249125289769865 -0.050593909686495901 0.017761015691890796
leaf_weight=155.30573426187038 17.716725707054138 16.649839363992214 37.03548114746809 33.341596871614456 126.91472405195236 12.299763284623625 16.701787948608398 39.159319691359997 2.5594356209039679 67.766196601092815 75.323291532695293 3.2494515925645828 414.53991290554404 1.8234858214855192
leaf_count=1949 274 134 405 354 1254 128 151 303 30 1096 1120 48 6797 23
internal_value=-4.81775e-05 0.0579452 0.045987 0.0198591 0.0757481 0.113298 0.0584112 0.14029 -0.043827 -0.0453996 -0.0322026 0.0154736 -0.0496838 0.0573777
internal_weight=1020.39 437.408 352.598 188.647 163.95 84.8107 29.0016 55.8092 582.978 575.346 143.089 7.63237 432.257 4.38292
internal_count=14066 4678 3962 2303 1659 716 279 437 9388 9287 2216 101 7071 53
cat_boundaries=0 1 2 3
cat_threshold=6 1 1
is_linear=0
shrinkage=0.05


Tree=5
num_leaves=14
num_cat=3
split_feature=0 32 2 43 32 44 39 34 34 43 0 1 33
split_gain=948.504 105.14 77.1281 48.2767 39.8866 37.9197 21.1195 17.9297 11.3556 11.1969 17.5573 8.92694 2.94677
threshold=0 28.894345000000005 8.5000000000000018 5.3500000000000005 26.361012000000006 39.050000000000004 23.650000000000002 23.650000000000002 26.550000000000004 23.100000000000005 1 2 31.050000000000004
decision_type=1 2 2 2 2 2 2 2 2 2 1 1 2
left_child=1 2 3 -1 -4 6 -3 -7 9 12 -11 -10 -2
right_child=8 5 4 -5 -6 7 -8 -9 11 10 -12 -13 -14
leaf_value=0.054605429005276186 -0.027338175342903129 0.080695575734365366 0.026267367841130203 0.0070443607783259136 0.087653143790874105 0.049911007683808573 -0.042915465899391943 0.1572828514928587 0.054990149387672917 0.0033086337205880372 -0.040700055134421632 -0.041377639291131141 -0.050408263403051906
leaf_weight=82.135879933834076 18.32696482911706 47.005387008190155 37.302242800593376 149.94331044703722 100.43296106159687 5.788579858839511 3.116307705640792 30.76249111443758 4.488055281341075 34.485319707542658 104.26761659234762 3.3344860896468163 393.91313590109348
leaf_count=888 309 414 391 1851 861 39 30 211 52 549 1662 51 6733
internal_value=-0.000316874 0.0524756 0.0417999 0.0240389 0.0713375 0.103016 0.0723209 0.14206 -0.0436171 -0.0452472 -0.0324924 0.0138779 -0.0494513
internal_weight=1015.3 456.487 369.814 232.079 137.735 86.6728 50.1217 36.5511 558.816 550.993 138.753 7.82254 412.24
internal_count=14041 4685 3991 2739 1252 694 444 250 9356 9253 2211 103 7042
cat_boundaries=0 1 2 3
cat_threshold=6 32 1
is_linear=0
shrinkage=0.05


Tree=6
num_leaves=15
num_cat=0
split_feature=33 4 8 34 2 5 44 25 39 4 44 31 15 21
split_gain=85.6967 57.2309 32.8611 24.6324 20.671 20.2703 17.651 7.70063 6.74249 2.66742 2.19446 1.8429 0.268169 0.192296
threshold=36.95000000000001 -0.90163369914317004 34.150000000000013 23.350000000000005 8.5000000000000018 -0.056951011027366542 41.600000000000001 6.4631945000000011 20.650000000000002 0.99374995976406788 40.850000000000009 38.000000000000007 0.15000000000000005 26.050000000000004
decision_type=2 2 2 2 2 2 2 2 2 2 2 2 2 2
left_child=1 3 4 7 -3 -5 -4 -1 11 10 -10 12 -2 -11
right_child=8 2 6 5 -6 -7 -8 -9 9 13 -12 -13 -14 -15
leaf_value=0.029720394024022219 -0.017478119376911839 -0.019744036579855004 0.020354094218539259 0.056716437989171122 0.00094198438142214635 0.013903519397945457 -0.021738545137124369 -0.036271238272686544 0.04439758743160669 0.026243181414498024 0.066816535638520594 0.040307995251836488 0.0011927517570713632 0.0057493763349918585
leaf_weight=4.949366100132468 1.7423131726682166 488.74005067721009 116.34390773624182 54.117647968232632 160.17714653164148 57.210612125694752 30.734940759837627 17.821393128484488 34.240004442632198 6.0563515089452249 32.152496885508299 2.1599918603897095 6.0594993568956852 2.172145888209343
leaf_count=67 22 7407 1524 674 2114 714 424 235 380 63 339 23 74 23
internal_value=-0.000313606 -0.00471435 -0.00981067 0.0253855 -0.0146444 0.0350349 0.0114706 -0.0212807 0.0475678 0.0526722 0.056085 0.00801535 -0.00448888 0.0220425
internal_weight=1014.68 930.095 795.996 134.099 648.917 111.328 147.079 22.7708 84.5828 74.621 66.3925 9.9618 7.80181 8.2285
internal_count=14083 13159 11469 1690 9521 1388 1948 302 924 805 719 119 96 86
is_linear=0
shrinkage=0.05


Tree=7
num_leaves=14
num_cat=3
split_feature=0 5 34 42 38 34 40 0 4 1 26 34 4
split_gain=837.622 79.3763 83.1775 51.5463 20.0769 12.6967 12.2272 25.395 11.8227 8.52961 6.12133 5.44845 5.19338
threshold=0 -0.92272482904738273 21.050000000000004 4.5000000000000009 7.5002975000000012 26.550000000000004 96.550000000000011 1 0.17646842360078757 2 26.050000000000004 20.250000000000004 -0.90163369914317004
decision_type=1 2 2 2 2 2 2 1 2 1 2 2 2
left_child=1 4 11 -4 8 6 12 -8 -1 -7 -6 -3 -2
right_child=5 2 3 -5 10 9 7 -9 -10 -11 -12 -13 -14
leaf_value=0.0012012509994736417 -0.029320969896425183 -0.041255094921480148 0.092033487902969793 0.050660011401663499 -0.041159029530610312 0.053138867498860667 0.021648603127223436 -0.038200210277956628 0.082668691232777827 -0.040738036877220683 0.023200694988610007 -0.0016678425814498977 -0.049435869410874939
leaf_weight=12.540920764207842 40.476270169019699 13.314145892858503 105.94442907720804 280.96833691745996 28.980503834784031 5.0187905803322774 18.76372928544879 57.063323751091957 5.9314498603343955 3.1257345676422119 3.5622442960739127 22.354278549551964 413.35920389741659
leaf_count=165 662 150 847 2757 374 54 302 951 72 48 47 259 7358
internal_value=-0.000538916 0.0473769 0.0554734 0.0621969 -0.0103593 -0.0428279 -0.0445783 -0.0254557 0.0302624 0.0165954 -0.0336323 -0.0171669 -0.0477103
internal_weight=1011.4 473.596 422.581 386.913 51.0151 537.807 529.663 75.8271 18.4724 8.14453 32.5427 35.6684 453.835
internal_count=14046 4671 4013 3604 658 9375 9273 1253 237 102 421 409 8020
cat_boundaries=0 1 2 3
cat_threshold=6 32 1
is_linear=0
shrinkage=0.05


Tree=8
num_leaves=15
num_cat=2
split_feature=0 8 2 42 10 20 32 34 43 34 34 1 39 4
split_gain=754.827 70.1077 80.2594 28.7923 23.7961 23.6976 21.7005 20.2493 10.7376 12.6512 11.9561 10.1615 8.19996 2.18764
threshold=0 34.150000000000013 7.5000000000000009 4.5000000000000009 71.208333500000023 33.150000000000013 26.207738000000003 22.950000000000003 23.100000000000005 26.400000000000002 25.250000000000004 1 21.650000000000002 -0.95244167294248061
decision_type=1 2 2 2 2 2 2 2 2 2 2 1 2 2
left_child=1 2 5 7 -5 -1 -4 -3 9 13 12 -12 -10 -2
right_child=8 3 6 4 -6 -7 -8 -9 10 -11 11 -13 -14 -15
leaf_value=-0.0070542521017814613 -0.029502952726968956 0.048202364533247812 0.011917598814664476 0.012806606010353062 0.086112844444358197 0.029839942222337785 0.061936914957766487 0.10857034621830963 -0.043502082234534126 0.004692455553201285 -0.035735124996570299 0.089668757008828356 -0.016370380937292827 -0.050487860176324742
leaf_weight=105.09671343117952 17.930852323770523 21.226345844566822 25.685592122375965 28.070935234427452 17.750461608171463 72.937612101435661 160.01267828047276 59.585083797574043 80.570223297923803 10.886150434613226 2.0532637536525717 2.8471779525279999 44.980773147195578 358.76481524854898
leaf_count=1350 297 184 281 243 148 768 1355 358 1376 153 37 38 756 6727
internal_value=-0.00133471 0.0426527 0.0322113 0.0754983 0.0424369 0.00814291 0.0551192 0.0934968 -0.0429686 -0.0480375 -0.0309265 0.0399738 -0.0339879 -0.0495697
internal_weight=1008.4 490.365 363.733 126.633 45.8214 178.034 185.698 80.8114 518.033 387.582 130.451 4.90044 125.551 376.696
internal_count=14071 4687 3754 933 391 2118 1636 542 9384 7177 2207 75 2132 7024
cat_boundaries=0 1 2
cat_threshold=6 1
is_linear=0
shrinkage=0.05


Tree=9
num_leaves=14
num_cat=3
split_feature=0 5 34 33 4 43 34 40 0 43 1 39 19
split_gain=715.758 59.8003 63.1481 30.7847 17.3605 20.6085 12.7926 11.6009 17.4936 10.8054 8.31407 5.08683 2.29925
threshold=0 -0.92272482904738273 21.050000000000004 36.95000000000001 0.17646842360078757 29.550000000000004 26.550000000000004 52.150000000000006 1 12.550000000000002 2 25.350000000000005 31.933333000000001
decision_type=1 2 2 2 2 2 2 2 1 2 1 2 2
left_child=1 4 11 -4 5 -1 7 12 -9 -6 -8 -3 -2
right_child=6 2 3 -5 9 -7 10 8 -10 -11 -12 -13 -14
leaf_value=-0.050547256764947285 -0.051355459182067187 -0.021345113431862302 0.047804582974469441 0.08828266027297843 -0.01842792321542466 0.033088131660424978 0.054027247302985783 -0.0050996168369214397 -0.042325690738482559 0.062449135787241428 -0.040101493433376906 0.041764123490135238 0.0053669245388857454
leaf_weight=26.028289258480072 266.36773826181889 32.964903265237808 369.42570073902607 55.069319918751717 5.9899918287992504 9.3344676792621595 4.9548292607069007 56.197125609964132 163.83769021183252 10.086795546114443 2.9636981189250946 2.5980490967631331 1.6171724461019028
leaf_count=350 5206 385 3340 314 75 125 51 993 3005 120 47 23 29
internal_value=0.000323067 0.0413831 0.047897 0.0532509 -0.00878551 -0.0281678 -0.0420106 -0.0438828 -0.0350298 0.0330009 0.0182511 -0.0157185 -0.0509945
internal_weight=1007.44 511.498 460.058 424.495 51.4395 35.3628 495.938 488.02 220.035 16.0768 7.91853 35.563 267.985
internal_count=14063 4732 4062 3654 670 475 9331 9233 3998 195 98 408 5235
cat_boundaries=0 1 2 3
cat_threshold=6 32 1
is_linear=0
shrinkage=0.05


Tree=10
num_leaves=15
num_cat=2
split_feature=0 34 5 42 32 43 0 34 44 34 7 39 33 4
split_gain=638.477 51.8742 58.4816 28.9877 17.6233 14.3621 19.0964 30.6552 11.5915 9.72061 6.0272 4.23188 2.74358 0.779553
threshold=0 20.950000000000003 -0.92272482904738273 4.5000000000000009 28.713393000000003 23.100000000000005 1 25.050000000000004 27.200000000000003 26.550000000000004 27.800000000000001 25.350000000000005 31.050000000000004 0.78325454425165997
decision_type=1 2 2 2 2 2 1 2 2 2 2 2 2 2
left_child=1 10 4 -4 -3 9 7 -7 -8 12 11 -1 -2 -11
right_child=5 2 3 -5 -6 6 8 -9 -10 13 -12 -13 -14 -15
leaf_value=-0.038986787084846819 -0.025498314149864112 -0.016116056149845511 0.068047184305493877 0.039561259538554001 0.11729248168154548 -0.0058621037301413341 0.069031787325068997 0.15136991880094555 -0.043612584232505712 -0.01702526938065576 0.043145831977835947 0.018855482581611807 -0.049712220596035632 0.014429017453631593
leaf_weight=24.174382202327259 15.517156034708021 47.297273382544518 129.05099526792765 315.05976299196482 1.6146870553493489 31.655214309692383 1.4817002713680256 2.4293513298034659 88.954302214086056 1.7782998196780671 2.0721222460269919 3.0116859376430503 330.01410649344325 6.218273900449276
leaf_count=295 299 629 923 2802 14 530 27 38 1633 24 20 26 6710 74
internal_value=-0.000135355 0.0377069 0.0422686 0.0479731 -0.00945021 -0.0413945 -0.0272796 0.00726795 -0.0369871 -0.0474427 -0.0255559 -0.0321374 -0.0487015 0.00631922
internal_weight=1000.33 522.281 493.023 444.111 48.912 478.048 124.521 34.0846 90.436 353.528 29.2582 27.1861 345.531 7.99657
internal_count=14044 4709 4368 3725 643 9335 2228 568 1660 7107 341 321 7009 98
cat_boundaries=0 1 2
cat_threshold=6 32
is_linear=0
shrinkage=0.05


Tree=11
num_leaves=15
num_cat=2
split_feature=0 33 23 42 34 43 0 5 34 2 40 34 31 33
split_gain=557.11 54.1248 42.3454 34.2541 18.982 12.7767 18.4977 24.8612 10.3401 8.91624 8.61973 16.6125 3.58144 2.78517
threshold=0 36.050000000000004 97.500000000000014 6.5000000000000009 24.250000000000004 23.100000000000005 1 -0.08269194106225343 26.400000000000002 9.5000000000000018 0.75000000000000011 23.050000000000004 39.050000000000004 31.050000000000004
decision_type=1 2 2 2 2 2 1 2 2 2 2 2 2 2
left_child=1 2 3 -1 -4 8 7 -7 13 -8 12 -12 -3 -2
right_child=5 10 4 -5 -6 6 9 -9 -10 -11 11 -13 -14 -15
leaf_value=0.029364705245282161 -0.025313048804256007 0.054997213753367392 0.04576476547198928 -0.011713837699787483 0.0016956692411474426 0.03881434126676328 -0.051375335175070647 -0.049080703342993144 0.0011435607724605862 -0.014901868173479289 -0.03603206904516032 0.062407070471110319 0.10614394230691371 -0.049739786565544078
leaf_weight=102.17298795282841 15.444402158260344 8.8499134331941622 204.98177793622017 99.067234456539154 27.813124358654022 22.320235200226307 63.742890667170286 11.304557234048842 10.707822818309067 24.021374370902777 3.9528724774718276 65.410888992249966 18.655595317482948 313.99816308170557
leaf_count=958 304 46 1767 1063 315 368 1217 190 150 454 34 397 88 6683
internal_value=-0.00155167 0.0330817 0.0260509 0.00918449 0.0405294 -0.0412 -0.0277624 0.00675058 -0.0471077 -0.0374534 0.0673765 0.0563649 0.0921941 -0.0486747
internal_weight=992.444 530.904 434.035 201.24 232.795 461.539 121.389 33.6248 340.15 87.7643 96.8693 69.3638 27.5055 329.443
internal_count=14034 4668 4103 2021 2082 9366 2229 558 7137 1671 565 431 134 6987
cat_boundaries=0 1 2
cat_threshold=6 32
is_linear=0
shrinkage=0.05


Tree=12
num_leaves=15
num_cat=3
split_feature=0 5 34 29 38 43 34 4 1 0 4 4 37 43
split_gain=544.731 40.8019 44.3968 21.9346 21.616 12.7811 11.0942 12.2978 16.5993 12.0965 15.3126 5.78161 4.91309 3.64633
threshold=0 -0.90892157495189674 21.050000000000004 2.5000000000000004 7.6226190000000011 29.550000000000004 25.250000000000004 -0.95244167294248061 1 2 0.89404822654372251 0.24372619187392147 50.500000000000007 23.950000000000006
decision_type=1 2 2 2 2 2 2 2 1 1 2 2 2 2
left_child=1 4 12 -4 5 -1 7 8 -2 10 -8 -6 -3 -9
right_child=6 2 3 -5 11 -7 9 13 -10 -11 -12 -13 -14 -15
leaf_value=0.0087937875211113702 -0.050331366950720817 -0.0048206822245105557 0.056553062869342613 0.033614408806280062 -0.04296320123477497 0.095507660262077076 0.04674153799370924 -0.050130077744294878 0.011602225298851358 -0.033947428763503505 -0.04473109482870441 0.0065965070312303409 -0.048608465808594715 -0.036890898090547596
leaf_weight=17.778509788215164 19.588008478283882 28.585937842726707 173.67962582409382 279.48697627335787 25.767681509256363 4.6880469545721999 13.954403083771469 277.86354310065508 22.167280446738005 19.260962512344122 5.6812494844198218 7.2316008880734435 7.359949715435504 83.209427122026682
leaf_count=213 380 323 1196 2363 354 59 245 6202 386 366 121 93 89 1599
internal_value=-0.000111262 0.033066 0.038273 0.042511 -0.00685971 0.0301871 -0.0408208 -0.0442105 -0.0179494 -0.0157194 0.013061 -0.0322279 -0.0148593 -0.0471894
internal_weight=986.303 544.578 489.112 453.167 55.4658 22.4666 441.725 402.828 41.7553 38.8966 19.6357 32.9993 35.9459 361.073
internal_count=13989 4690 3971 3559 719 272 9299 8567 766 732 366 447 412 7801
cat_boundaries=0 1 2 3
cat_threshold=6 1 40
is_linear=0
shrinkage=0.05


Tree=13
num_leaves=14
num_cat=4
split_feature=0 20 23 32 39 39 1 32 3 0 36 34 32
split_gain=474.701 37.5782 34.2279 24.9946 23.5297 25.1361 18.0141 14.8759 12.5917 22.0974 35.0863 14.3293 5.29261
threshold=0 34.150000000000013 97.500000000000014 27.441964000000002 24.950000000000003 26.050000000000004 1 28.713393000000003 2 3 98.500000000000014 26.550000000000004 31.747619000000004
decision_type=1 2 2 2 2 2 1 2 1 1 2 2 2
left_child=1 2 7 -4 6 -6 -3 -1 9 10 -2 -11 -10
right_child=8 4 3 -5 5 -7 -8 -9 12 11 -12 -13 -14
leaf_value=-0.0041140114248143849 0.039660378985536496 0.017230757168318015 0.038208705619929485 -0.010450164057308899 0.11253835049363314 0.042958463736300405 0.054682740544288788 0.059716855240569536 -0.052075382377213701 -0.045978264990608558 -0.033099232394872696 0.032600190686227812 0.028602859888725341
leaf_weight=125.71275966614485 25.971358273178339 65.164796680212021 206.62358686327934 29.803131453692913 24.747048914432526 30.371491804718971 64.973828636109829 8.8363467231392843 172.7617372199893 181.6278197914362 41.993271168321371 5.3190605156123629 1.4684072211384762
leaf_count=1362 501 460 1700 323 139 178 461 77 4000 3965 830 67 23
internal_value=-0.000864006 0.0293885 0.0206391 0.0320568 0.0482822 0.075647 0.0362037 0.000487631 -0.0398107 -0.0333875 -0.00447479 -0.0413793 -0.0512361
internal_weight=985.375 556.233 370.976 236.427 185.257 55.1185 130.139 134.549 429.142 254.912 67.9646 186.947 174.23
internal_count=14086 4700 3462 2023 1238 317 921 1439 9386 5363 1331 4032 4023
cat_boundaries=0 1 2 3 4
cat_threshold=6 1 2 32
is_linear=0
shrinkage=0.05


Tree=14
num_leaves=14
num_cat=3
split_feature=0 8 2 34 44 3 0 36 39 4 34 23 32
split_gain=436.279 37.4091 41.5707 20.3759 18.2007 13.0278 19.983 30.9787 12.6404 15.1445 11.8804 9.35318 3.38549
threshold=0 34.150000000000013 7.5000000000000009 25.150000000000002 48.050000000000004 1 2 98.500000000000014 21.650000000000002 0.98049069993378934 26.550000000000004 85.500000000000014 31.747619000000004
decision_type=1 2 2 2 2 1 1 2 2 2 2 2 2
left_child=1 2 3 -1 -4 6 7 -2 11 -10 -8 -3 -7
right_child=5 8 4 -5 -6 12 10 -9 9 -11 -12 -13 -14
leaf_value=-0.0024000529991658965 0.035490195798915873 -0.029406883629177843 0.038111833033959854 0.049531939467782837 -0.027304176637955702 -0.051935840484427946 -0.045287816751087999 -0.032626959922273102 0.068802908472087226 0.02750297255895133 0.022720269389116754 0.034114686488772326 0.022737625343880737
leaf_weight=174.32301788032055 26.637928783893585 6.2606619745492926 210.49897643923759 20.173404239118099 10.510412350296972 163.01888402178884 173.95397982373834 41.18693944439292 82.136890172958374 32.951315402984619 6.0933122970163813 31.141706041991711 1.0120822675526131
leaf_count=1967 497 53 1566 158 88 3960 3960 839 479 188 73 207 17
internal_value=-0.000733273 0.0274805 0.0201061 0.00321221 0.0348919 -0.0393243 -0.0327786 -0.00501816 0.0491028 0.057317 -0.0406293 0.0229931 -0.0513401
internal_weight=979.9 567.996 415.506 194.496 221.009 411.903 247.872 67.8249 152.491 115.088 180.047 37.4024 164.031
internal_count=14052 4706 3779 2125 1654 9346 5369 1336 927 667 4033 260 3977
cat_boundaries=0 1 2 3
cat_threshold=6 2 32
is_linear=0
shrinkage=0.05


Tree=15
num_leaves=14
num_cat=4
split_feature=0 5 34 37 4 1 37 1 32 13 5 0 34
split_gain=401.214 31.825 33.0386 20.0088 15.1446 25.7748 26.9838 13.5275 28.2239 24.1631 12.2249 22.6914 6.75004
threshold=0 -0.92272482904738273 21.050000000000004 31.500000000000004 -0.90163369914317004 1 64.500000000000014 2 28.609821500000006 6.2895835000000009 -0.45273527932988084 3 20.250000000000004
decision_type=1 2 2 2 2 1 2 1 2 2 2 1 2
left_child=1 7 12 -4 5 -2 -7 9 -9 -1 11 -6 -3
right_child=4 2 3 -5 10 6 -8 8 -10 -11 -12 -13 -14
leaf_value=0.085356133066399609 -0.050508616722849578 -0.044059913724533488 0.056201994874690901 0.028879442687667591 0.0018763558632645186 -0.037342311029919834 0.057673919209942706 -0.052262437331113944 0.12642618088999444 -0.017449127671657988 -0.051889399017443695 -0.042572445574306672 0.00041333667552008311
leaf_weight=7.2130739688873318 24.907884787768126 12.514869920909403 81.257048889994621 408.87881841510534 45.122421987354755 12.063895437866451 16.644415844231844 23.223343111574653 1.4818735271692265 17.993539698421955 187.9363519847393 113.07530413195491 23.091004602611065
leaf_count=86 547 144 463 3165 888 238 316 311 13 244 4743 2677 259
internal_value=-0.000478765 0.0260665 0.0301373 0.0335143 -0.0383675 -0.0142592 0.0178329 -0.011443 -0.037043 0.0141039 -0.0431553 -0.0325186 -0.0159949
internal_weight=975.404 575.654 525.742 490.136 399.75 53.6162 28.7083 49.9118 24.7052 25.2066 346.134 158.198 35.6059
internal_count=14094 4685 4031 3628 9409 1101 554 654 324 330 8308 3565 403
cat_boundaries=0 1 2 3 4
cat_threshold=6 1 1 32
is_linear=0
shrinkage=0.05


Tree=16
num_leaves=15
num_cat=2
split_feature=0 34 5 39 38 43 0 5 2 34 34 2 4 22
split_gain=379.262 32.8007 33.8765 19.4887 16.0424 16.0337 17.9981 23.6557 12.8213 11.0004 4.92996 7.83447 3.45591 1.08386
threshold=0 21.050000000000004 -0.92272482904738273 20.650000000000002 7.6226190000000011 23.100000000000005 1 -0.08269194106225343 9.5000000000000018 26.400000000000002 20.250000000000004 11.500000000000002 -0.95754239937548935 59.875000000000007
decision_type=1 2 2 2 2 2 1 2 2 2 2 2 2 2
left_child=1 10 4 -4 -3 9 7 -7 -8 12 13 -12 -2 -1
right_child=5 2 3 -5 -6 6 8 -9 -10 -11 11 -13 -14 -15
leaf_value=-0.0087032494680203808 -0.019742303757003907 0.022107350698354566 0.021657204026198185 0.041559282573683361 -0.034146920223147713 0.041553209614610148 -0.050498211499558271 -0.048109586008277888 -0.0038824835558607207 0.0031786462508250715 -0.021339139116186668 0.044336218424472086 -0.048586327478904595 -0.050500632103039067
leaf_weight=2.3384221494197837 12.759499602019785 20.954709626734257 236.32049990445375 265.9296400770545 29.177487730979919 22.167063277214769 52.449901070445776 9.8252233974635583 20.616277150809765 11.112001474946736 18.248314887285236 4.9569543078541747 257.5034915022552 10.512906871736048
leaf_count=28 271 247 1839 1806 418 368 1212 189 450 153 215 45 6764 126
internal_value=-0.000208186 0.0249081 0.0283493 0.0322565 -0.0106608 -0.0380795 -0.0220744 0.0102779 -0.0331055 -0.0453046 -0.0204309 -0.00605792 -0.0473024 -0.0440726
internal_weight=974.872 588.439 552.382 502.25 50.1322 386.433 105.058 31.9923 73.0662 281.375 36.0566 23.2053 270.263 12.8513
internal_count=14131 4724 4310 3645 665 9407 2219 557 1662 7188 414 260 7035 154
cat_boundaries=0 1 2
cat_threshold=6 32
is_linear=0
shrinkage=0.05


Tree=17
num_leaves=14
num_cat=4
split_feature=0 32 34 34 1 35 43 3 0 4 25 34 32
split_gain=329.863 26.0062 31.156 25.9577 23.6649 54.7522 52.0744 13.2973 19.6809 26.2795 11.2932 9.35945 5.13413
threshold=0 28.894345000000005 24.350000000000005 21.050000000000004 1 68.827381000000017 1.8500000000000003 2 3 -0.452744437932114 6.6145835000000011 26.550000000000004 31.747619000000004
decision_type=1 2 2 2 1 2 2 1 1 2 2 2 2
left_child=1 2 3 -1 6 -6 -3 8 9 -2 -4 -10 -9
right_child=7 4 10 -5 5 -7 -8 12 11 -11 -12 -13 -14
leaf_value=-0.018313172435087358 -0.035232626614630495 0.061831879402076677 0.048574276801301254 0.026133775627697559 0.027589980865206632 0.12541409964808983 -0.028491383096524492 -0.05158124202399255 -0.04409888614706553 0.026539689529057456 -0.019848443691177598 0.017416011753148396 0.027545043837145046
leaf_weight=35.405564859509468 33.378197465091944 33.550221681594849 5.6861957162618628 363.14874857291579 39.358994662761688 22.193473346531391 28.825523115694523 142.39967566728592 154.08299109712243 33.51150506362319 64.896020837128162 5.9376866482198229 1.498541735112666
leaf_count=416 706 163 55 2845 198 145 189 3970 3931 647 691 73 23
internal_value=-0.00120827 0.0218115 0.0167328 0.0221494 0.042495 0.0643027 0.0203001 -0.0375617 -0.0307729 -0.00379138 -0.0137346 -0.0392827 -0.0505728
internal_weight=963.873 593.065 469.137 398.554 123.928 61.5525 62.3757 370.809 226.91 66.8897 70.5822 160.021 143.898
internal_count=14052 4702 4007 3261 695 343 352 9350 5357 1353 746 4004 3993
cat_boundaries=0 1 2 3 4
cat_threshold=6 1 2 32
is_linear=0
shrinkage=0.05


Tree=18
num_leaves=14
num_cat=4
split_feature=0 5 21 1 43 35 39 3 0 36 33 4 7
split_gain=309.767 23.4461 18.8715 16.1395 24.4682 15.9068 15.6062 14.4399 19.9133 24.1311 11.3127 5.79544 4.52233
threshold=0 -0.92272482904738273 22.150000000000002 1 28.350000000000005 80.711309500000013 20.650000000000002 2 3 98.500000000000014 38.100000000000009 0.84773968378660736 32.072916500000012
decision_type=1 2 2 1 2 2 2 1 1 2 2 2 2
left_child=1 3 11 4 -1 -5 -4 8 9 -2 -10 -3 -9
right_child=7 2 6 5 -6 -7 -8 12 10 -11 -12 -13 -14
leaf_value=-0.01105479041626635 0.031756764456690845 -0.009253264938644928 0.018229234012129881 0.06918857914179348 0.097948902686900097 -0.05197404628155447 0.036187162469841494 -0.051464946475077149 -0.042882931594027174 -0.028473406917518575 0.036036369162552068 0.04320332910382698 0.020012486598812811
leaf_weight=19.675116367638115 27.804886788129807 47.55505345761776 230.74841858446598 2.1910103633999851 5.8960166648030272 22.396480076014996 262.86389837414026 135.95557490736246 150.69336258992553 38.359056022018194 3.9615404680371276 4.9116599708795539 1.761376991868018
leaf_count=260 507 470 1760 19 73 314 1726 3980 3972 841 46 36 30
internal_value=-0.000517365 0.0214592 0.0248213 -0.0107182 0.0168189 -0.0388951 0.0278462 -0.0366009 -0.0294483 -0.00266882 -0.0381894 -0.00362636 -0.0504131
internal_weight=954.773 596.238 546.079 50.1586 25.5711 24.5875 493.612 358.536 220.819 66.1639 154.655 52.4667 137.717
internal_count=14034 4658 3992 666 333 333 3486 9376 5366 1348 4018 506 4010
cat_boundaries=0 1 2 3 4
cat_threshold=6 1 2 32
is_linear=0
shrinkage=0.05


Tree=19
num_leaves=15
num_cat=2
split_feature=32 2 39 39 26 23 32 1 4 39 4 1 5 19
split_gain=26.4169 32.8424 15.9955 16.3145 15.157 12.91 12.6393 18.2744 12.4737 10.7855 8.83175 7.46127 6.9358 1.09538
threshold=28.894345000000005 8.5000000000000018 23.850000000000005 23.650000000000002 16.450000000000003 86.500000000000014 26.280654500000001 0 0.92273069556937581 21.650000000000002 0.97314989601849466 1 -0.074115882986646578 30.488194500000002
decision_type=2 2 2 2 2 2 2 1 2 2 2 1 2 2
left_child=1 4 3 9 5 -1 7 -3 -6 -2 11 -4 -8 -12
right_child=2 6 10 -5 8 -7 12 -9 -10 -11 13 -13 -14 -15
leaf_value=0.041888904266449166 -0.0017891443202544728 -0.039079364120340375 0.028536672628063448 -0.05280912637249089 -0.011253428033016988 -0.033276691814384599 0.027635974206486655 0.015735789093573982 0.014749705054145051 0.028712226103444989 0.0035698745015895908 0.075417529890240212 0.0086406901802619281 0.026531043302062893
leaf_weight=5.229505628347396 63.652791921049356 29.178038649260998 18.848424591124058 9.583258353173731 316.49471864104271 98.093177676200867 67.201390277594328 29.823511723428965 53.070377290248871 52.043655782938004 14.361603062599899 18.071808166801929 168.20689169317484 7.4879551120102397
leaf_count=90 808 464 192 135 5482 1769 800 459 757 554 140 180 2101 77
internal_value=-2.74399e-05 -0.00411215 0.0169318 0.0067187 -0.0122644 -0.0291072 0.00897929 -0.0115715 -0.00748959 0.0120597 0.0382265 0.0528677 0.0141572 0.0122555
internal_weight=951.347 767.298 184.049 125.28 472.888 103.323 294.41 59.0016 369.565 115.696 58.7698 36.9202 235.408 21.8496
internal_count=14008 11922 2086 1497 8098 1859 3824 923 6239 1362 589 372 2901 217
cat_boundaries=0 1 2
cat_threshold=1 1
is_linear=0
shrinkage=0.05


Tree=20
num_leaves=13
num_cat=4
split_feature=0 5 34 42 3 36 0 43 1 33 32 39
split_gain=292.812 22.8105 20.9688 18.6849 15.1052 17.4035 28.2885 9.01192 9.55542 8.3261 4.85989 4.8563
threshold=0 -0.98521978256641018 21.050000000000004 4.5000000000000009 1 98.500000000000014 2 30.300000000000004 3 35.100000000000009 31.747619000000004 19.250000000000004
decision_type=1 2 2 2 1 2 1 2 1 2 2 2
left_child=1 7 11 -4 5 6 -2 -1 -9 -7 -6 -3
right_child=4 2 3 -5 10 9 -8 8 -10 -11 -12 -13
leaf_value=-0.050360839282757336 0.015318465990098199 0.0089424599995832701 0.040955881384856223 0.020128141577969657 -0.051353736600328659 -0.041264290269981664 -0.037196707775823241 0.064880302427309397 -0.041086411863923471 0.059404229589628155 0.024740702983113358 -0.028252237485160581
leaf_weight=14.157230697572233 47.229623578488827 13.836423128843306 148.10096228867769 407.17035160586238 128.80019640177488 127.44047785550356 37.014958634972572 3.6059744805097571 3.0365586876869202 1.2480432875454415 1.58138146996498 21.299144566059113
leaf_count=213 999 163 848 3178 3957 3315 989 40 40 26 23 259
internal_value=0.000557049 0.0212061 0.0233764 0.0257469 -0.0357375 -0.0283288 -0.0104876 -0.0289151 0.0174012 -0.0398375 -0.0502495 -0.0137628
internal_weight=954.521 611.207 590.407 555.271 343.315 212.933 84.2446 20.7998 6.64253 128.689 130.382 35.1356
internal_count=14050 4741 4448 4026 9309 5329 1988 293 80 3341 3980 422
cat_boundaries=0 1 2 3 4
cat_threshold=6 2 40 1
is_linear=0
shrinkage=0.05


Tree=21
num_leaves=14
num_cat=3
split_feature=0 34 42 2 39 4 1 37 5 0 39 39 4
split_gain=276.656 21.023 18.9554 29.102 17.1407 14.783 23.3453 28.6958 13.4735 20.787 4.41817 4.44343 0.33272
threshold=0 20.950000000000003 5.5000000000000009 2.5000000000000004 16.750000000000004 -0.9354548908432756 1 64.500000000000014 -0.46800559042974538 2 25.350000000000005 19.250000000000004 -0.92923668111203817
decision_type=1 2 2 2 2 2 1 2 2 1 2 2 2
left_child=1 10 4 -4 -3 6 -2 -8 9 -7 11 -1 -10
right_child=5 2 3 -5 -6 8 7 -9 12 -11 -12 -13 -14
leaf_value=-0.0077180084406549476 -0.049374059941614347 0.076294936630688884 -0.048372181485138305 0.018239589776667134 0.028995612299247266 0.0032812653062249128 -0.037851958727288262 0.073107259189293505 -0.016112688951915251 -0.040151320680857472 0.027377907723261177 -0.050152883617570455 -0.051090716284402461
leaf_weight=12.737366735935217 17.762170732021332 21.023542515933514 16.204419054090977 374.06838032230735 183.45389048010111 43.606928013265133 9.4114959575235861 12.504347406327723 1.8249085843563069 91.329242620617151 3.1713667511939994 11.805672354996203 158.5841431170702
leaf_count=151 457 137 145 3027 1095 859 211 240 44 2612 26 163 4972
internal_value=-6.05125e-05 0.0195803 0.0218842 0.0153573 0.0342064 -0.0360133 -0.00819102 0.0258847 -0.0409261 -0.0289068 -0.0220817 -0.0292943 -0.0507951
internal_weight=957.488 622.465 594.75 390.273 204.477 335.023 39.678 21.9158 295.345 134.936 27.7144 24.543 160.409
internal_count=14139 4744 4404 3172 1232 9395 908 451 8487 3471 340 314 5016
cat_boundaries=0 1 2 3
cat_threshold=6 1 32
is_linear=0
shrinkage=0.05


Tree=22
num_leaves=15
num_cat=2
split_feature=0 20 44 39 43 1 26 44 4 32 37 4 43 10
split_gain=260.642 19.1039 22.264 25.544 13.5268 15.6972 15.131 12.4438 8.59931 8.48908 5.77968 4.35157 2.13314 1.34589
threshold=0 36.95000000000001 46.600000000000001 24.950000000000003 23.100000000000005 1 26.650000000000002 29.350000000000005 0.95998215779580554 31.747619000000004 32.500000000000007 -0.95244167294248061 0.45000000000000007 65.166666500000005
decision_type=1 2 2 2 2 1 2 2 2 2 2 2 2 2
left_child=1 2 3 -1 9 6 -6 -7 -4 11 12 -2 -3 -12
right_child=4 10 8 -5 5 7 -8 -9 -10 -11 13 -13 -14 -15
leaf_value=0.01525199244226504 -0.014619757177111734 0.077974263110491118 -0.028318608343490117 0.052044384588996011 -0.048554636891886362 0.089042064821369199 0.09305187753470065 -0.0081153147215846082 0.027976061954850914 0.022457931997823203 0.0065018431582335688 -0.046678336567082479 0.045500678977584856 0.034326088359810845
leaf_weight=475.53271524608135 12.323892578482626 13.032343104481695 35.588004592806101 51.684777554124594 40.737289553508162 2.5374846234917632 1.0740027055144299 47.260993022471666 7.4810989797115317 4.1962868943810454 7.7815158516168621 214.32737658731639 19.936921402812004 10.772719308733938
leaf_count=3751 299 53 333 355 1084 50 22 1053 32 52 40 6784 87 51
internal_value=-0.000338799 0.0185193 0.0161235 0.0189506 -0.0361049 -0.0206265 -0.0428286 -0.00150926 -0.0181273 -0.0436891 0.0477503 -0.0450071 0.0602546 0.0235861
internal_weight=944.267 621.81 570.287 527.217 322.457 91.6098 41.8113 49.7985 43.0691 230.848 51.5235 226.651 32.9693 18.5542
internal_count=14046 4702 4471 4106 9344 2209 1106 1103 365 7135 231 7083 140 91
cat_boundaries=0 1 2
cat_threshold=6 1
is_linear=0
shrinkage=0.05


Tree=23
num_leaves=15
num_cat=3
split_feature=0 5 21 4 1 37 33 34 4 0 38 24 4 5
split_gain=223.394 24.5718 20.1386 15.5875 24.5362 23.8149 15.3635 13.3815 12.7253 10.5626 10.452 9.04653 5.99229 4.06366
threshold=0 -0.92272482904738273 22.150000000000002 -0.90163369914317004 1 64.500000000000014 36.95000000000001 25.050000000000004 0.19337368024598431 2 5.6827385000000001 56.500000000000007 0.84773968378660736 -0.5129677127369543
decision_type=1 2 2 2 1 2 2 2 2 1 2 2 2 2
left_child=1 8 12 4 -2 -6 -4 13 10 -9 -1 -10 -3 -5
right_child=3 2 6 7 5 -7 -8 9 11 -11 -12 -13 -14 -15
leaf_value=0.056343925032601563 -0.049481182609509893 -0.015866111199411025 0.018995712738773082 -0.036411411015675098 -0.034517103842704781 0.059487317279721098 0.044507468535731107 0.012405363657599528 -0.026880477800766411 -0.031566068596861618 -0.040693815134088769 0.047604707349978306 0.039032156674993268 -0.051174490660205567
leaf_weight=2.1609399467706671 19.951123978942633 46.650574058294296 454.83030878379941 95.363617857918143 10.353711012750866 15.909499231725929 67.805257394909859 20.706832502037287 5.7427852079272261 16.566499946638942 32.6117636077106 9.7572326287627202 4.5926138013601294 132.33272449858487
leaf_count=22 559 470 3212 2779 248 304 305 452 57 449 470 121 31 4570
internal_value=-0.00096856 0.0162553 0.0194535 -0.0348605 -0.00895243 0.0225213 0.0223842 -0.0406392 -0.0167505 -0.0124586 -0.033257 0.0200512 -0.010293 -0.0451777
internal_weight=935.335 624.151 573.879 311.184 46.2143 26.2632 522.636 264.97 50.2727 37.2733 34.7727 15.5 51.2432 227.696
internal_count=14049 4688 4018 9361 1111 552 3517 8250 670 901 492 178 501 7349
cat_boundaries=0 1 2 3
cat_threshold=6 1 40
is_linear=0
shrinkage=0.05


Tree=24
num_leaves=14
num_cat=3
split_feature=0 33 2 39 3 36 0 39 4 2 38 4 32
split_gain=209.549 16.6714 18.8924 28.7335 15.2006 15.1004 25.6529 9.86275 9.53824 25.6331 10.0465 9.35979 2.3609
threshold=0 31.250000000000004 8.5000000000000018 21.350000000000005 1 98.500000000000014 2 15.750000000000002 -0.98523971305672664 9.5000000000000018 6.3017855000000003 -0.97113884758256674 31.747619000000004
decision_type=1 2 2 2 1 2 1 2 2 2 2 2 2
left_child=1 8 3 -3 5 6 -2 -4 9 -1 -10 -7 -6
right_child=4 2 7 -5 12 11 -8 -9 10 -11 -12 -13 -14
leaf_value=0.1060372017866118 0.015229043193010001 -0.0015173382249658233 0.05823251808798028 0.02470319323010936 -0.050971497505558842 -0.0094205260801823541 -0.036034422836166723 0.026545231215780552 0.018697515952712393 -0.03735088051738937 -0.036040799775826596 -0.045293502128596119 0.0079629522322707171
leaf_weight=4.7190089076757413 45.161297556012869 191.66073468327522 30.76024853438139 228.41827219352126 107.99679103121161 23.438885133713484 34.0004797950387 131.67380326986313 10.683868050575255 6.0378034040331841 30.703249074518681 90.791162332519889 1.4707016609609116
leaf_count=30 1004 1742 177 1591 3986 558 1019 766 88 44 285 2797 21
internal_value=-0.000558682 0.0157449 0.0184167 0.0127649 -0.0340602 -0.0265137 -0.00955921 0.0328655 -0.0109249 0.0292222 -0.0218026 -0.0380784 -0.0501148
internal_weight=937.516 634.657 582.513 420.079 302.859 193.392 79.1618 162.434 52.1439 10.7568 41.3871 114.23 109.467
internal_count=14108 4723 4276 3333 9385 5378 2023 943 447 74 373 3355 4007
cat_boundaries=0 1 2 3
cat_threshold=6 2 40
is_linear=0
shrinkage=0.05


Tree=25
num_leaves=14
num_cat=5
split_feature=0 3 0 1 5 34 34 1 32 43 42 32 21
split_gain=191.517 15.4191 17.8732 21.8329 14.5124 14.0851 13.7713 11.3067 25.3968 19.3106 9.70206 5.02333 4.33007
threshold=0 1 2 3 -0.92272482904738273 20.250000000000004 26.550000000000004 4 28.609821500000006 28.350000000000005 4.5000000000000009 31.747619000000004 19.200000000000003
decision_type=1 1 1 1 2 2 2 1 2 2 2 2 2
left_child=4 2 3 -2 7 12 -4 9 -9 -1 -7 -3 -6
right_child=1 11 6 -5 5 10 -8 8 -10 -11 -12 -13 -14
leaf_value=-0.012985062300529661 -0.031724973833103048 -0.050877774899296506 -0.040487250941208135 0.027672221991370621 0.01881099226791072 0.028570766802882525 0.039471125945185148 -0.051743082500589503 0.10150760835376693 0.081933426531670239 0.014393326950528675 0.027708573754897509 -0.049326976762334884
leaf_weight=19.412030838429931 27.759692126885056 102.76728351600468 123.4320895653218 32.482958419248462 2.4360318407416335 175.61188969016075 4.8633476309478274 21.698727387934927 2.1318623200058928 6.2963111028075209 398.00401900708675 1.4846825040876854 9.2382512278854829
leaf_count=259 657 3978 3967 685 28 1053 63 319 15 69 2809 21 125
internal_value=-0.000191922 -0.0329271 -0.0252843 0.00019858 0.0152126 0.0176509 -0.0345057 -0.010365 -0.0344975 0.012459 0.0187759 -0.049506 -0.0347465
internal_weight=927.619 292.79 188.538 60.2427 634.829 585.29 128.295 49.5389 23.8306 25.7083 573.616 104.252 11.6743
internal_count=14048 9371 5372 1342 4677 4015 4030 662 334 328 3862 3999 153
cat_boundaries=0 1 2 3 4 5
cat_threshold=6 2 32 1 1
is_linear=0
shrinkage=0.05


Tree=26
num_leaves=14
num_cat=3
split_feature=0 34 42 4 39 3 0 4 34 32 34 4 9
split_gain=174.364 16.501 16.593 24.6771 14.775 14.5496 18.485 21.1754 11.3251 4.81299 4.28201 10.1513 1.8838
threshold=0 21.050000000000004 6.5000000000000009 -0.452744437932114 15.850000000000003 1 2 -0.452744437932114 26.550000000000004 31.747619000000004 20.250000000000004 0.60555468348150676 19.450000000000003
decision_type=1 2 2 2 2 1 1 2 2 2 2 2 2
left_child=1 10 4 -4 -3 6 7 -2 -8 -7 12 -12 -1
right_child=5 2 3 -5 -6 9 8 -9 -10 -11 11 -13 -14
leaf_value=0.0058474667408642232 -0.030260165994484414 0.059265670268648568 0.019685104064799938 -0.0079047577278496591 0.020757485527535292 -0.050786015749205007 -0.041134565175013717 0.028309091502885256 0.027284471830890823 0.025321086789177601 0.017496392890571821 -0.04905610592379038 -0.049743301318443879
leaf_weight=1.5363602489233006 28.345869274809957 27.141388416290283 192.2706037312746 138.83418951183558 251.50104505941272 97.788849420845509 117.75537705048919 31.549690399318933 5.7094311714172354 1.5582438856363285 15.322658985853197 7.8483631536364546 10.190647404640911
leaf_count=18 704 154 1251 1408 1482 3971 3946 638 70 22 169 93 140
internal_value=-0.000757003 0.0136019 0.015732 0.00812754 0.0247069 -0.0327563 -0.0253224 0.000471698 -0.0349674 -0.0493518 -0.0192297 -0.00614283 -0.0425731
internal_weight=927.353 644.645 609.747 331.105 278.642 282.707 183.36 59.8956 123.465 99.3471 34.898 23.171 11.727
internal_count=14066 4715 4295 2659 1636 9351 5358 1342 4016 3993 420 262 158
cat_boundaries=0 1 2 3
cat_threshold=6 2 32
is_linear=0
shrinkage=0.05


Tree=27
num_leaves=15
num_cat=2
split_feature=0 43 1 20 44 39 34 13 4 34 20 4 8 4
split_gain=163.276 16.8077 18.1706 16.5122 16.5187 23.0848 14.1271 10.8204 7.99532 7.33536 5.87578 5.24941 5.20859 2.39621
threshold=0 23.100000000000005 1 36.95000000000001 46.600000000000001 24.950000000000003 25.050000000000004 13.816666500000002 0.95998215779580554 25.950000000000003 37.850000000000001 -0.95244167294248061 35.150000000000013 0.8697513045430848
decision_type=1 2 1 2 2 2 2 2 2 2 2 2 2 2
left_child=3 9 7 4 5 -1 -4 -3 -6 11 -5 -2 -11 -12
right_child=1 2 6 10 8 -7 -8 -9 -10 12 13 -13 -14 -15
leaf_value=0.010359635500350342 -0.0091428576402575387 -0.047382277588658338 -0.0024799040442113449 0.05294567364195743 -0.02774918317413598 0.045913857448794282 0.086354722967392938 0.059819569275402135 0.025861439306754004 0.03486820899420566 -0.012572252263857964 -0.046282228136923578 -0.024495655096559585 0.026732116873634609
leaf_weight=497.18653558567166 10.682581543922423 32.771259162575006 42.01293415017426 33.25773087143898 36.157123275101185 49.438852377235889 4.0025005452334872 1.6919634900987137 7.7225971221923819 4.0843645408749607 4.6863936781883266 165.35867759212852 12.818442370742558 12.933318018913267
leaf_count=3752 288 1041 1034 144 337 327 70 42 32 71 24 6510 291 53
internal_value=-0.000322263 -0.0319288 -0.0136699 0.0134678 0.0112786 0.0136533 0.00691946 -0.0405808 -0.017948 -0.0410813 0.0407648 -0.0440929 -0.00900468 0.0161644
internal_weight=914.805 273.423 80.4787 641.383 590.505 546.625 46.0154 34.4632 43.8797 192.944 50.8774 176.041 16.9028 17.6197
internal_count=14016 9347 2187 4669 4448 4079 1104 1083 369 7160 221 6798 362 77
cat_boundaries=0 1 2
cat_threshold=6 1
is_linear=0
shrinkage=0.05


Tree=28
num_leaves=14
num_cat=4
split_feature=0 3 36 0 5 1 25 32 5 38 34 32 8
split_gain=165.24 13.9087 15.1183 22.7357 13.3471 18.8211 20.7524 14.7332 13.879 10.052 6.96019 5.0967 0.416409
threshold=0 1 98.500000000000014 2 -0.94703994556331683 3 7.7597220000000009 26.361012000000006 -0.022575793296316444 14.349107500000001 25.350000000000005 31.747619000000004 33.45000000000001
decision_type=1 1 2 1 2 1 2 2 2 2 2 2 2
left_child=4 2 3 -2 5 6 -1 8 -6 -9 -4 -3 -7
right_child=1 11 10 -5 7 12 -8 9 -10 -11 -12 -13 -14
leaf_value=0.067665790370885964 0.015382592002062198 -0.05061552840965499 -0.039554781708893844 -0.034228324566713673 0.039168560655028523 -0.050983631117595733 -0.028300766565977045 0.019593012655165318 -0.017728491640446119 -0.047117911445255505 0.027041898546818346 0.029196964684272617 -0.010935320115835442
leaf_weight=9.9744273200631159 44.26511462405324 88.406260984018445 97.575374271720648 29.716194724664092 12.461155645549296 17.247135739773515 10.732894398272036 542.99435997009277 51.887717552483082 4.7880246564745894 3.4196019489318124 1.4382759630680073 1.3264221549034108
leaf_count=112 1009 3930 3273 1012 88 264 154 3532 477 45 89 20 13
internal_value=0.000711823 -0.0318224 -0.0245666 -0.00724883 0.0142362 -0.013535 0.0189127 0.0162696 -0.00627961 0.0189251 -0.0370569 -0.0490305 -0.0488284
internal_weight=916.233 264.821 174.976 73.9813 651.412 39.2809 20.7073 612.131 64.3489 547.782 100.995 89.8445 18.5736
internal_count=14018 9333 5383 2021 4685 543 266 4142 565 3577 3362 3950 277
cat_boundaries=0 1 2 3 4
cat_threshold=6 2 40 1
is_linear=0
shrinkage=0.05


Tree=29
num_leaves=14
num_cat=5
split_feature=0 3 0 40 33 2 44 5 1 1 6 23 32
split_gain=140.489 15.4357 18.7267 19.646 15.4089 12.4609 23.0328 18.8233 87.925 20.5391 14.959 10.855 4.33418
threshold=0 1 2 96.550000000000011 31.250000000000004 8.5000000000000018 34.400000000000013 -0.022575793296316444 3 4 27.000000000000004 86.500000000000014 31.747619000000004
decision_type=1 1 1 2 2 2 2 2 1 1 2 2 2
left_child=5 2 3 -2 -4 6 11 8 -7 -9 -8 -1 -3
right_child=1 12 4 -5 -6 7 10 9 -10 -11 -12 -13 -14
leaf_value=0.047162102069369306 -0.015186137855671134 -0.050535391125139717 0.0081882596482608268 0.047991970872959228 -0.043543273793725176 0.10696512062915747 0.01664568682453068 -0.0050043947678974909 -0.016639154588989711 0.031319788455194029 -0.019483074394871167 -0.019477444011777277 0.019982453281399314
leaf_weight=5.6399447321891776 41.757302023470402 85.072371399030089 16.543257392942905 16.281572818756104 96.770642371848226 28.557914718985558 319.64143062755466 76.992651663720608 27.577358886599541 77.202344782650471 30.628432143479586 84.194047056138515 1.7390993386507023
leaf_count=44 1043 3970 543 304 3485 158 2261 470 152 471 310 806 24
internal_value=-0.000119291 -0.0305706 -0.0228226 0.00260807 -0.0330905 0.0122764 0.00765096 0.0224537 0.0470141 0.013267 0.01344 -0.0148205 -0.0489112
internal_weight=908.598 258.164 171.353 58.0389 113.314 650.434 440.104 210.33 56.1353 154.195 350.27 89.834 86.8115
internal_count=14041 9369 5375 1347 4028 4672 3421 1251 310 941 2571 850 3994
cat_boundaries=0 1 2 3 4 5
cat_threshold=6 2 32 1 1
is_linear=0
shrinkage=0.05


Tree=30
num_leaves=13
num_cat=3
split_feature=0 4 5 33 34 34 12 4 0 1 43 37
split_gain=127.363 16.1392 20.282 30.5499 16.1504 14.2179 12.3531 14.2962 11.8964 10.1922 8.23355 8.04237
threshold=0 -0.90163369914317004 -0.022575793296316444 31.550000000000004 26.400000000000002 21.050000000000004 72.500000000000014 -0.96235977360714686 1 2 20.850000000000005 50.500000000000007
decision_type=1 2 2 2 2 2 2 2 1 1 2 2
left_child=5 2 -2 -4 -3 8 7 -7 11 -6 -8 -1
right_child=1 4 3 -5 9 6 10 -9 -10 -11 -12 -13
leaf_value=0.03647582290580887 -0.048234093889836543 -0.050836233055365956 0.11225525879439156 -0.025789221289618188 0.06490768810657252 0.038238529939925714 -0.030886574288124635 0.010420657282966206 -0.036090072264740904 -0.040306097478873093 0.0033183255187278385 -0.041860722954615653
leaf_weight=13.658149350434543 13.239082546904685 136.35193976759911 6.0063514690846196 8.6860399805009347 4.4355028253048649 49.521862549707294 25.86663225479424 566.93581495434046 21.197189390659332 3.110603267326951 50.489568695425987 3.3192615099251261
leaf_count=158 405 6087 162 278 57 363 311 5194 409 59 486 46
internal_value=-0.000622235 -0.0379886 -0.00518829 0.0342016 -0.0468973 0.00860263 0.0103647 0.0127137 -0.0206291 0.0218958 -0.0085185 0.0126481
internal_weight=902.818 171.83 27.9315 14.6924 143.898 730.988 692.814 616.458 38.1746 7.54611 76.3562 16.9774
internal_count=14015 7048 845 440 6203 6967 6354 5557 613 116 797 204
cat_boundaries=0 1 2 3
cat_threshold=38 2 1
is_linear=0
shrinkage=0.05


Tree=31
num_leaves=15
num_cat=3
split_feature=0 33 0 40 44 39 43 1 13 44 32 34 23 33
split_gain=122.465 14.3423 27.5605 34.5386 18.8322 19.0474 13.9833 14.1612 15.3441 12.371 11.2329 10.2323 8.58485 7.18673
threshold=0 36.95000000000001 1 1.2500000000000002 46.600000000000001 24.950000000000003 23.100000000000005 2 13.816666500000002 29.350000000000005 29.337797500000004 26.050000000000004 98.500000000000014 31.050000000000004
decision_type=1 2 1 2 2 2 2 1 2 2 2 2 2 2
left_child=1 4 10 -4 5 -1 11 8 -8 -9 -3 13 -6 -2
right_child=6 2 3 -5 12 -7 7 9 -10 -11 -12 -13 -14 -15
leaf_value=0.0075774316218411054 0.0023873005598879912 0.00018107896056252407 0.034176599996646947 -0.062954451353311888 -0.037218716939901558 0.039667280509812664 -0.046877155011807232 0.091764682867192915 0.081163019250835522 -0.0025319976894567164 0.080527308781568233 0.0035725584324711049 0.028188968939898258 -0.045205158910857891
leaf_weight=503.57712550461292 8.276204736903308 5.0403126925230017 20.582987919449806 14.90700778365135 29.609000694006681 50.038448840379715 30.023014208301905 2.7961506284773341 1.6309905145317305 40.988637989386916 30.976881235837936 12.78365017287433 5.2365480288863173 147.65115147642791
leaf_count=3727 296 21 84 69 287 316 1057 50 38 1060 135 235 37 6623
internal_value=-0.000497453 0.0107261 0.0318909 -0.00567399 0.00828643 0.0105442 -0.029971 -0.0130653 -0.0379963 0.00540446 0.0547907 -0.0391749 -0.0268771 -0.04268
internal_weight=904.118 659.968 71.5072 35.49 588.461 553.616 244.15 75.4388 31.654 43.7848 36.0172 168.711 34.8455 155.927
internal_count=14035 4676 309 153 4367 4043 9359 2205 1095 1110 156 7154 324 6919
cat_boundaries=0 1 2 3
cat_threshold=6 4 1
is_linear=0
shrinkage=0.05


Tree=32
num_leaves=15
num_cat=4
split_feature=0 4 5 32 4 32 1 34 32 39 2 5 1 1
split_gain=112.577 16.2322 23.4605 16.0098 14.7498 19.5967 19.597 15.8741 13.4329 9.91289 9.46383 8.62567 8.45898 7.19785
threshold=0 -0.97113884758256674 -0.03976928634766979 26.463690500000002 -0.90163369914317004 26.340773500000001 1 26.400000000000002 26.401488000000004 24.950000000000003 10.500000000000002 0.19969739736768835 2 3
decision_type=1 2 2 2 2 2 1 2 2 2 2 2 1 1
left_child=1 2 13 10 5 6 -2 -6 -4 -5 -3 -7 -9 -1
right_child=4 3 8 9 7 11 -8 12 -10 -11 -12 -13 -14 -15
leaf_value=0.08845403104789866 -0.037408566063388396 -0.026501945036850456 -0.047296537587114926 0.0054890826030166047 -0.050710549114486969 -0.048611998590507889 0.11813900772213425 0.057896703949243226 0.022104115217017915 0.022343985926516798 0.0057785396324440174 0.022758501647868412 -0.039152749586097789 0.034630883145845309
leaf_weight=14.762315031141043 2.6609829012304571 55.80431598611176 8.6184904780238849 477.41309358179569 125.08601984009147 15.286029711365702 4.2868034560233355 4.754528932273387 24.370799988508224 106.07581900246441 37.316885448992252 5.0471121910959473 2.8019865732640028 13.695581775158644
leaf_count=101 99 655 84 4636 6071 489 101 59 177 882 404 156 55 95
internal_value=-0.000703518 0.00766774 0.0321718 0.00551134 -0.0373034 -0.00588551 0.0613536 -0.0464641 0.00311503 0.00858622 -0.0136421 -0.03066 0.0215403 0.0646061
internal_weight=897.981 738.057 61.4472 676.61 159.923 27.2809 6.94779 132.643 32.9893 583.489 93.1212 20.3331 7.55652 28.4579
internal_count=14064 7034 457 6577 7030 845 200 6185 261 5518 1059 645 114 196
cat_boundaries=0 1 2 3 4
cat_threshold=38 1 1 1
is_linear=0
shrinkage=0.05


Tree=33
num_leaves=14
num_cat=3
split_feature=0 3 0 34 32 34 5 44 23 11 35 32 39
split_gain=100.376 16.0042 13.9628 19.4378 13.8041 13.3022 12.6786 9.92764 7.90359 6.2536 5.06556 4.23395 1.16196
threshold=0 1 2 23.850000000000005 26.340773500000001 20.950000000000003 -0.98212955754013376 46.600000000000001 98.500000000000014 88.500000000000014 62.919643000000008 31.747619000000004 25.350000000000005
decision_type=1 1 1 2 2 2 2 2 2 2 2 2 2
left_child=5 2 3 -2 -4 9 8 -8 -7 10 -1 -3 -11
right_child=1 11 4 -5 -6 6 7 -9 -10 12 -12 -13 -14
leaf_value=-0.040608647643831007 -0.037537666331131314 -0.050272645451790082 0.0155596029708159 0.022348921212929997 -0.039781565742895417 -0.047095452862603721 0.014226694429524145 -0.0083500879154177667 0.011621155562664062 -0.04543720607397634 0.028304751871589064 0.01953003080550933 -0.00064279921982200781
leaf_weight=2.9449973814189452 19.582830522209406 72.575343882665038 12.368342097848652 38.66191035695374 87.681285861879587 14.015037603676321 563.21034007146955 52.646018639206886 8.7333721183240396 15.704967189580202 7.3113740608096123 1.7455763928592194 1.6167727261781699
leaf_count=41 559 3963 427 796 3597 216 3640 385 105 213 79 23 10
internal_value=-0.000613579 -0.0281235 -0.0201269 0.00164301 -0.0298954 0.00930209 0.0109206 0.0122863 -0.0250133 -0.0239924 0.00666737 -0.0483957 -0.0415195
internal_weight=898.798 232.615 158.294 58.2447 100.05 666.183 638.605 615.856 22.7484 27.5781 10.2564 74.3209 17.3217
internal_count=14054 9365 5379 1355 4024 4689 4346 4025 321 343 120 3986 223
cat_boundaries=0 1 2 3
cat_threshold=6 2 32
is_linear=0
shrinkage=0.05


Tree=34
num_leaves=14
num_cat=3
split_feature=0 3 36 0 33 2 39 44 34 4 38 4 32
split_gain=103.466 12.631 18.5595 21.6916 12.0522 11.804 27.3175 9.45954 8.87579 13.1676 8.43787 6.97286 4.00984
threshold=0 1 98.500000000000014 2 31.250000000000004 8.5000000000000018 21.350000000000005 30.800000000000004 23.650000000000002 -0.48314718476766416 6.3163690000000008 -0.97113884758256674 31.747619000000004
decision_type=1 1 2 1 2 2 2 2 2 2 2 2 2
left_child=4 2 3 -2 8 6 -6 -7 10 -10 -1 -4 -3
right_child=1 12 11 -5 5 7 -8 -9 9 -11 -12 -13 -14
leaf_value=0.0078532360079410241 0.018911173561287849 -0.050196419369016192 -0.010386076624324924 -0.031743140230333006 -0.007009577400420932 0.044089592445839716 0.017864792152406321 0.015670615611514022 0.051729512361782394 -0.044670801691291333 -0.040181268658872671 -0.044962939611108421 0.016958826390609093
leaf_weight=12.995254017412661 40.772712524980307 69.61798155400902 19.389562178403139 24.814106334000826 200.59431835636497 37.32133437693119 243.28280083090067 134.6558041498065 9.494676470756529 4.440413385629653 27.698281560093164 68.102939464151859 1.8420908674597729
leaf_count=97 971 3992 556 1007 1736 211 1596 710 58 63 232 2811 24
internal_value=-0.00106046 -0.0296052 -0.0225638 -0.00236938 0.00883806 0.0109691 0.00663323 0.0220571 -0.0133631 0.0200773 -0.0250213 -0.0375042 -0.0482551
internal_weight=895.022 224.539 153.079 65.5868 670.483 615.854 443.877 171.977 54.6286 13.9351 40.6935 87.4925 71.4601
internal_count=14064 9361 5345 1978 4703 4253 3332 921 450 121 329 3367 4016
cat_boundaries=0 1 2 3
cat_threshold=6 2 40
is_linear=0
shrinkage=0.05


Tree=35
num_leaves=14
num_cat=2
split_feature=0 34 4 5 32 4 5 33 1 2 40 33 25
split_gain=90.8645 14.9057 15.9846 15.02 12.9898 11.4505 16.8635 15.2452 6.32868 8.13047 7.88658 1.05836 0.311551
threshold=0 26.400000000000002 -0.90163369914317004 -0.022575793296316444 26.207738000000003 -0.96235977360714686 -0.056951011027366542 31.650000000000002 1 10.500000000000002 108.85000000000001 38.100000000000009 12.414583500000001
decision_type=1 2 2 2 2 2 2 2 1 2 2 2 2
left_child=4 2 3 -2 8 6 -6 -7 10 -10 -1 -3 -13
right_child=1 11 -4 -5 5 7 -8 -9 9 -11 -12 12 -14
leaf_value=-0.048767593060592876 -0.047391789439152905 -0.0031655440761130167 -0.050522517355115204 0.027226650350433458 0.05211302699586589 -0.016109681320775403 0.0015567179859079404 0.0085653559683279475 -0.030525309811464015 0.027319955974156696 0.039042093801545941 0.042977860238991257 0.0086071506619641129
leaf_weight=19.331324452534322 11.169644465669991 2.024391394108533 109.77045441139489 14.160561036318539 33.236923027783632 69.397476827725768 31.951113447546959 568.57650284469128 10.863713687285783 11.449988858774303 2.1691528242081395 4.1153435334563255 1.438114635646343
leaf_count=274 397 36 6052 431 217 690 227 5319 151 139 23 50 28
internal_value=-0.000941862 -0.0359784 -0.0423244 -0.00622745 0.00618785 0.00792436 0.0277314 0.00586025 -0.0198551 -0.000944097 -0.0385672 0.0269599 0.0367488
internal_weight=889.655 142.679 135.101 25.3302 746.976 703.162 65.188 637.974 43.8142 22.3137 21.5005 7.57785 5.55346
internal_count=14034 6994 6880 828 7040 6453 444 6009 587 290 297 114 78
cat_boundaries=0 1 2
cat_threshold=38 1
is_linear=0
shrinkage=0.05


Tree=36
num_leaves=14
num_cat=4
split_feature=0 3 36 0 5 21 43 1 4 4 5 39 9
split_gain=89.8259 14.0132 11.3095 15.9293 11.0655 9.96347 9.49131 17.41 11.0516 9.11791 8.4576 7.98922 2.04803
threshold=0 1 98.500000000000014 2 -0.92272482904738273 22.150000000000002 28.350000000000005 3 0.17646842360078757 -0.97113884758256674 0.86004965528756494 18.550000000000004 27.650000000000002
decision_type=1 1 2 1 2 2 2 1 2 2 2 2 2
left_child=4 2 3 -2 6 11 8 -8 -1 -4 -7 -6 -3
right_child=1 12 9 -5 5 10 7 -9 -10 -11 -12 -13 -14
leaf_value=-0.049016350385238806 0.0130081529540114 -0.050076554392826822 -0.0026431171995208538 -0.030796307866103847 0.015603766878281003 0.010057981407016848 0.067008954278551525 -0.04501337679606783 0.0050480427612643207 -0.042050611667577613 0.02979232329261974 -0.023903383903820907 0.004129528694015709
leaf_weight=21.520110137760639 43.046629400923848 63.741661680862308 19.213600739836693 23.300615418702364 18.917648762464523 504.56380282342434 7.5280774757266027 4.953595906496048 15.994193799793718 63.16671790741384 60.30506606772542 35.29703214764595 1.6403577420860518
leaf_count=353 1009 3959 550 1019 177 3102 75 73 169 2804 399 326 35
internal_value=-0.000787341 -0.0281467 -0.0207374 -0.00524573 0.00829306 0.0102479 -0.0140129 0.0225095 -0.0264335 -0.0330015 0.0122137 -0.0100848 -0.0486749
internal_weight=883.189 214.11 148.728 66.3472 669.08 619.084 49.996 12.4817 37.5143 82.3803 564.869 54.2147 65.382
internal_count=14050 9376 5382 2028 4674 4004 670 148 522 3354 3501 503 3994
cat_boundaries=0 1 2 3 4
cat_threshold=6 2 40 1
is_linear=0
shrinkage=0.05


Tree=37
num_leaves=14
num_cat=3
split_feature=0 3 36 0 4 33 6 5 34 40 37 44 7
split_gain=76.2854 14.368 12.4311 13.3766 9.58297 13.1643 12.3496 9.06058 9.95907 9.00691 6.77946 6.39654 3.96729
threshold=0 1 99.500000000000014 2 -0.97509794945709782 31.750000000000004 27.000000000000004 -0.03976928634766979 23.550000000000004 91.350000000000009 70.500000000000014 27.200000000000003 32.072916500000012
decision_type=1 1 2 1 2 2 2 2 2 2 2 2 2
left_child=4 2 3 -2 7 10 -7 9 -9 -1 -6 -4 -3
right_child=1 12 11 -5 5 6 -8 8 -10 -11 -12 -13 -14
leaf_value=0.081280870723523982 0.0098876555263837981 -0.049978797483582506 0.047116190711850289 -0.023039371243766135 -0.013783134812507114 0.011361560366584422 -0.014915777337507772 -0.039933795282401964 0.025343095980521136 0.020117509006466444 0.048693082726766902 -0.049760995372563704 0.016922286349504472
leaf_weight=10.947339609265329 45.7465475872159 60.49669630266726 1.0356379132717837 66.467038471251726 94.009861595928669 475.18632868304849 48.485683776438236 7.1093318164348629 20.070290073752403 13.947091743350027 3.5839313603937617 32.07479415088892 1.843466056510805
leaf_count=53 965 3954 30 2881 747 3211 419 55 104 67 27 1475 28
internal_value=-0.000829163 -0.0265203 -0.0189554 -0.0108088 0.00740526 0.00576245 0.00890481 0.0279221 0.00745752 0.0491144 -0.0110182 -0.0454384 -0.0477645
internal_weight=881.004 207.664 145.324 112.214 673.34 621.266 523.672 52.0741 27.1796 24.8944 97.5938 33.1104 62.3402
internal_count=14016 9333 5351 3846 4683 4404 3630 279 159 120 774 1505 3982
cat_boundaries=0 1 2 3
cat_threshold=6 2 32
is_linear=0
shrinkage=0.05


Tree=38
num_leaves=14
num_cat=4
split_feature=0 4 5 1 34 26 44 5 40 0 30 21 1
split_gain=76.8891 16.6542 18.9066 25.1314 16.0499 10.1884 18.315 17.3636 13.184 33.9968 11.1592 8.9596 8.29354
threshold=0 -0.90163369914317004 -0.022575793296316444 1 26.400000000000002 20.650000000000002 43.750000000000007 0.36447543099728857 75.050000000000011 2 19.750000000000004 22.850000000000005 3
decision_type=1 2 2 1 2 2 2 2 2 1 2 2 1
left_child=5 2 -2 -4 -3 8 11 -8 9 -1 -10 -7 -6
right_child=1 4 3 -5 12 6 7 -9 10 -11 -12 -13 -14
leaf_value=0.013327524726246182 -0.047135174912890487 -0.050363658252018051 -0.043240133515400049 0.085863478306512114 0.059627788360206782 -0.006151273991411901 0.0048763713956626181 -0.057345796524665031 0.029498579785329129 -0.017090730531791203 0.0015452392711393953 0.027940259820305631 -0.038368359364921389
leaf_weight=161.07253689691424 10.780193811282517 97.952883910387754 5.3465754352509958 8.7741014808416349 4.654730759561061 21.661086481064558 78.445265457034111 12.059938851743935 67.357558991760015 187.00622960925102 74.984737144783139 152.91853934712708 2.6331407018005848
leaf_count=1171 414 6094 219 216 55 226 740 110 613 2301 691 1201 57
internal_value=7.48879e-05 -0.0338405 0.000368717 0.0373536 -0.0450472 0.00631789 0.0142797 -0.0039509 0.00212261 -0.00312471 0.0148865 0.0236994 0.023864
internal_weight=885.648 130.142 24.9009 14.1207 105.241 755.506 265.085 90.5052 490.421 348.079 142.342 174.58 7.28787
internal_count=14108 7055 849 435 6206 7053 2277 850 4776 3472 1304 1427 112
cat_boundaries=0 1 2 3 4
cat_threshold=38 1 2 1
is_linear=0
shrinkage=0.05


Tree=39
num_leaves=15
num_cat=2
split_feature=32 34 4 43 20 4 33 44 1 5 38 1 33 5
split_gain=13.9381 19.889 15.5598 13.8643 11.1522 10.6402 9.24952 8.54229 18.8986 8.07662 7.037 5.29489 4.90452 2.26323
threshold=29.217262000000002 24.450000000000003 0.98667101781630184 18.750000000000004 33.150000000000013 -0.96689237009891416 31.650000000000002 40.850000000000009 0 -0.056951011027366542 11.730059500000001 1 36.050000000000004 -0.08269194106225343
decision_type=2 2 2 2 2 2 2 2 1 2 2 1 2 2
left_child=1 5 7 11 -5 9 -7 12 -9 -1 13 -3 -2 -4
right_child=2 3 10 4 -6 6 -8 8 -10 -11 -12 -13 -14 -15
leaf_value=0.033757731464997595 0.057889210236069258 -0.051370959496763818 -0.0020768701027395037 -0.016380353348880581 0.041011392653872242 -0.015912746524482744 0.00084802898653338398 0.005924845887501474 0.077486467080521551 0.0026226723643186962 0.0038703136901090973 -0.022024227605189989 0.0082843368225320579 -0.056603302617784991
leaf_weight=37.576050465926528 4.5049493135884395 32.048774333670735 2.4421525858342639 27.289758543483913 11.078916933387516 99.224305980838835 460.11806503031403 18.06025929749012 18.25122503656894 45.675819205120206 15.728769032284616 33.697404160164297 59.606555817648768 9.0824544439092296
leaf_count=400 54 661 30 541 146 1731 7873 196 200 574 181 667 600 137
internal_value=-0.000339055 -0.00295449 0.0148613 -0.0231171 0.000812244 0.000343155 -0.00214833 0.0239137 0.0430066 0.0169095 -0.0181608 -0.036885 0.0126055 -0.0461371
internal_weight=874.385 746.709 127.676 104.115 38.3687 642.594 559.342 100.423 36.3115 83.2519 27.2534 65.7462 64.1115 11.5246
internal_count=13991 12593 1398 2015 687 10578 9604 1050 396 974 348 1328 654 167
cat_boundaries=0 1 2
cat_threshold=1 1
is_linear=0
shrinkage=0.05


Tree=40
num_leaves=14
num_cat=4
split_feature=0 4 5 1 34 26 40 1 44 5 20 35 1
split_gain=68.1493 17.965 18.7189 22.0712 15.0063 11.6944 16.4711 28.0789 16.1935 15.6403 10.3547 10.0271 7.53942
threshold=0 -0.90163369914317004 -0.022575793296316444 1 26.400000000000002 20.650000000000002 74.200000000000003 2 43.750000000000007 0.36447543099728857 30.950000000000003 59.77678550000001 3
decision_type=1 2 2 1 2 2 2 1 2 2 2 2 1
left_child=5 2 -2 -4 -3 6 7 -1 11 -10 -8 -7 -6
right_child=1 4 3 -5 12 8 10 -9 9 -11 -12 -13 -14
leaf_value=-0.019152859597886051 -0.046843295023962478 -0.050286164100826494 -0.042575925295555248 0.079524946549106398 0.053359583833544923 -0.020089785273803822 -0.008690031215451614 0.0093577082448658786 0.0050091679320723153 -0.056232580421976167 0.022712901676657505 0.026302487293003014 -0.038545665997037015
leaf_weight=170.36323873605579 10.116981700062754 92.32837270386517 4.9043249692767841 9.6063732076436263 4.9599369857460252 11.825734683312474 33.805880205705762 173.20971191301942 79.499998526647687 10.979385701008139 109.81143625080585 162.51530398707837 2.6810740269720554
leaf_count=1734 400 6067 211 219 56 105 322 1731 743 106 996 1307 58
internal_value=-0.000125763 -0.0327858 0.00278344 0.038173 -0.0447363 0.00568182 0.0011522 -0.00479403 0.014193 -0.00295579 0.015312 0.023059 0.0203831
internal_weight=876.608 124.597 24.6277 14.5107 99.9694 752.011 487.19 343.573 264.82 90.4794 143.617 174.341 7.64101
internal_count=14055 7011 830 430 6181 7044 4783 3465 2261 849 1318 1412 114
cat_boundaries=0 1 2 3 4
cat_threshold=38 1 1 1
is_linear=0
shrinkage=0.05


Tree=41
num_leaves=15
num_cat=6
split_feature=0 4 34 32 1 32 43 2 39 0 1 5 1 1
split_gain=63.558 14.2393 17.8273 15.2331 15.8488 9.85722 8.63115 8.14878 16.4766 16.2092 7.50415 6.99885 9.64105 8.5029
threshold=0 -0.90163369914317004 26.400000000000002 26.396428500000003 1 26.361012000000006 35.100000000000001 8.5000000000000018 15.450000000000001 2 3 -0.022575793296316444 4 5
decision_type=1 2 2 2 1 2 2 2 2 1 1 2 1 1
left_child=5 3 -3 4 -2 11 -5 8 -7 -9 -4 13 -13 -1
right_child=1 2 10 6 -6 7 -8 9 -10 -11 -12 12 -14 -15
leaf_value=0.047953036787111422 -0.039082066466953273 -0.050221038012586032 0.057641885265248438 -0.044660446406979033 0.08431511352918393 -0.051318666583166431 0.065153601434500233 0.029860127690667246 0.0051151812221139556 0.00027395646294657545 -0.036977360831973463 -0.04226422936810037 -0.0010000759329325383 -0.019110415030750616
leaf_weight=8.5197541154921055 3.2165074273943919 88.318100526928902 5.1541460789740077 13.69526579789817 6.6623376905918121 12.297955023124812 1.1456296667456634 87.251305274665356 476.81689937971532 98.284408114850521 2.3498513177037239 26.166021460667253 29.659628052264452 8.578635647892952
leaf_count=77 143 6095 57 525 141 181 29 441 4639 856 54 363 360 80
internal_value=-0.000540735 -0.0326134 -0.0439443 -0.00137018 0.0442382 0.00503584 -0.0326056 0.00699389 0.00359444 0.0158883 0.0271482 -0.0122472 -0.0207444 0.015109
internal_weight=868.116 120.542 95.8221 24.7197 9.87885 747.575 14.8409 674.651 489.115 185.536 7.504 72.924 55.8256 17.0984
internal_count=14041 7044 6206 838 284 6997 554 6117 4820 1297 111 880 723 157
cat_boundaries=0 1 2 3 4 5 6
cat_threshold=38 1 2 1 1 1
is_linear=0
shrinkage=0.05


Tree=42
num_leaves=14
num_cat=4
split_feature=0 35 5 1 34 34 0 5 29 1 21 13 19
split_gain=62.5693 13.3205 14.7639 15.511 14.0151 9.84499 8.05604 22.2487 10.7142 6.18536 2.13792 0.663045 0.287938
threshold=0 87.532738500000008 -0.022575793296316444 1 26.400000000000002 20.250000000000004 2 -0.099822328936730778 2.5000000000000004 3 19.200000000000003 4.3062500000000012 25.380555500000003
decision_type=1 2 2 1 2 2 1 2 2 1 2 2 2
left_child=5 4 -3 -4 11 10 8 -8 -7 -6 12 -2 -1
right_child=1 2 3 -5 9 6 7 -9 -10 -11 -12 -13 -14
leaf_value=-0.010864847596830074 -0.0064918722025276814 -0.045626653372716007 -0.040005430134787773 0.075932311223248103 0.047396104704595432 0.015968153329032547 0.0086082575946358538 -0.049404106652836552 0.0028258916772425399 -0.037211920695690709 -0.048634025579088969 -0.049147708454311941 0.014184780012989326
leaf_weight=1.3907098937779658 1.251929473131894 8.2151014246046561 3.5902721183374506 7.5426618084311485 5.2679744884371749 242.65729397162795 49.923850205726922 23.538111066445708 428.13773048296571 2.4095911551266909 9.2476878911256772 88.22825626283884 1.2161153974011538
leaf_count=25 55 415 174 175 57 1400 1159 1116 3143 57 187 6103 17
internal_value=-0.00039903 -0.0328237 0.00219058 0.0383278 -0.0430917 0.00500137 0.00580945 -0.00916292 0.00748532 0.0196138 -0.0383465 -0.0486292 0.00151391
internal_weight=872.617 116.506 19.348 11.1329 97.1578 756.111 744.257 73.462 670.795 7.67757 11.8545 89.4802 2.60683
internal_count=14083 7036 764 349 6272 7047 6818 2275 4543 114 229 6158 42
cat_boundaries=0 1 2 3 4
cat_threshold=38 1 6 1
is_linear=0
shrinkage=0.05


Tree=43
num_leaves=13
num_cat=4
split_feature=0 4 34 5 1 34 34 1 34 1 5 4
split_gain=53.167 13.5283 17.7503 13.8442 15.4039 9.39842 7.68196 35.9229 19.2587 6.89264 1.93226 2.10999
threshold=0 -0.90163369914317004 26.400000000000002 -0.022575793296316444 1 20.250000000000004 25.350000000000005 2 24.550000000000004 3 0.99349222267034765 -0.056952163117076689
decision_type=1 2 2 2 1 2 2 1 2 1 2 2
left_child=5 3 -3 -2 -5 10 8 -8 -7 -4 -1 -12
right_child=1 2 9 4 -6 6 7 -9 -10 -11 11 -13
leaf_value=-0.048337642388397023 -0.04628680979274729 -0.05008688696191306 0.050655868087764705 -0.042029180714365302 0.059968425677680973 0.0065693636265192791 -0.015113752594004421 0.051635292422468351 -0.01916959625294419 -0.037248324247783834 0.034016991874345141 -0.03268300134159715
leaf_weight=9.0217807022854668 9.193862455897035 79.549768602475524 5.9714211374521238 4.614981370046733 10.504981022328137 579.64333444833755 38.02129472233355 41.066302936524153 82.094789072871208 2.4265383817255497 1.2854257160797717 1.4644488748162974
leaf_count=194 409 6034 60 220 212 5384 253 259 880 58 17 25
internal_value=-0.000589236 -0.0310468 -0.0428226 -0.000707078 0.0281603 0.00434349 0.00512777 0.0197577 0.0033521 0.0239957 -0.0381494 -0.000747299
internal_weight=864.859 112.262 87.9477 24.3138 15.12 752.597 740.826 79.0876 661.738 8.39796 11.7717 2.74987
internal_count=14005 6993 6152 841 432 7012 6776 512 6264 118 236 42
cat_boundaries=0 1 2 3 4
cat_threshold=38 1 1 1
is_linear=0
shrinkage=0.05


Tree=44
num_leaves=15
num_cat=3
split_feature=0 4 33 34 5 39 44 34 4 5 1 38 1 5
split_gain=53.5386 14.7271 15.3638 14.3396 14.2877 10.31 13.4313 13.672 10.5226 28.6312 14.6565 7.2095 5.23129 4.24975
threshold=0 -0.90893996196865012 31.250000000000004 26.550000000000004 0.029024409397335454 24.950000000000003 41.20000000000001 25.350000000000005 -0.94705910369513513 -0.03976928634766979 1 9.622619000000002 2 -0.3342621144462935
decision_type=1 2 2 2 2 2 2 2 2 2 1 2 1 2
left_child=5 2 4 -3 -2 8 13 -8 9 -1 -10 -4 -5 -7
right_child=1 3 11 12 -6 6 7 -9 10 -11 -12 -13 -14 -15
leaf_value=0.049476390100469642 -0.037492652320417638 -0.050084146640347493 -0.044226262438920319 0.050917917803273309 0.087859911619695863 0.0023997008543326899 0.0035578292016916523 0.064836710665217373 -0.0085017927269889475 -0.010924802809683115 0.007613007832528009 0.040543757266333962 -0.034202905587309033 0.063517895506926728
leaf_weight=38.044293556362391 2.665751648135485 77.884184333495796 12.785123147070406 4.5063272193074217 6.0872455649077892 3.4699099995195892 87.3794563729316 9.1800506040453893 279.44196678232402 38.841609431430697 282.97405924834311 2.2421378642320624 1.8544038459658621 17.100304191932082
leaf_count=238 115 6099 506 34 126 24 787 55 2790 300 2742 65 41 124
internal_value=-0.000406756 -0.031599 0.000283693 -0.0442033 0.0497535 0.00444215 0.0180725 0.00998857 0.00198991 0.0192141 -0.000394669 -0.0298377 0.0248266 0.0537973
internal_weight=864.457 108.025 23.7803 84.2449 8.753 756.432 117.13 96.5595 639.302 76.8859 562.416 15.0273 6.36073 20.5702
internal_count=14046 6986 812 6174 241 7060 990 842 6070 538 5532 571 75 148
cat_boundaries=0 1 2 3
cat_threshold=38 1 1
is_linear=0
shrinkage=0.05


Tree=45
num_leaves=14
num_cat=4
split_feature=0 3 36 0 8 2 39 1 4 2 19 4 32
split_gain=49.1659 14.1176 17.0025 16.9446 7.7679 8.53614 14.914 7.32588 22.0131 8.36403 7.19039 7.0163 3.59038
threshold=0 1 98.500000000000014 2 30.450000000000003 8.5000000000000018 15.450000000000001 3 -0.76141707087277943 10.500000000000002 26.689583500000001 -0.97113884758256674 31.747619000000004
decision_type=1 1 2 1 2 2 2 1 2 2 2 2 2
left_child=4 2 3 -2 7 6 -6 8 -1 -9 -7 -4 -3
right_child=1 12 11 -5 5 10 -8 9 -10 -11 -12 -13 -14
leaf_value=0.038450050234177517 0.019507883039754731 -0.049609563525752458 -0.0052303265619342287 -0.027744393677066537 -0.050986711314418523 0.0060277664831238243 0.0058802583423221665 -0.031708278947455114 -0.025424742333831962 0.011766649175682063 0.027916423302470014 -0.041709461932373265 0.01406879443996621
leaf_weight=25.922250218689442 42.718312117271125 47.455081139691174 18.090344139374793 18.557879141531885 10.868035852909086 68.952901761978865 410.46422560885549 38.397533845156431 26.073310118168592 14.772674202919005 83.148431777954102 50.904024544171989 1.9107483364641655
leaf_count=147 1030 4002 542 1004 130 405 2885 317 261 97 413 2797 22
internal_value=-0.00061843 -0.0230793 -0.0155166 0.00365894 0.00560961 0.0079821 0.00429615 -0.00675177 0.00654451 -0.0196351 0.0180977 -0.032356 -0.0469144
internal_weight=858.236 179.636 130.271 61.2762 678.599 573.434 421.332 105.166 51.9956 53.1702 152.101 68.9944 49.3658
internal_count=14052 9397 5373 2034 4655 3833 3015 822 408 414 818 3339 4024
cat_boundaries=0 1 2 3 4
cat_threshold=6 2 40 1
is_linear=0
shrinkage=0.05


Tree=46
num_leaves=15
num_cat=3
split_feature=0 40 36 1 32 5 2 42 40 43 1 44 8 5
split_gain=50.1003 13.5049 18.8048 11.8767 7.93564 7.53223 7.66324 20.5237 9.50313 7.03217 6.49072 6.13531 3.54534 1.69124
threshold=0 48.800000000000004 98.500000000000014 1 29.851785500000002 -0.98521978256641018 2.5000000000000004 5.5000000000000009 0.75000000000000011 30.300000000000004 2 27.200000000000003 34.850000000000001 -0.99983123799342488
decision_type=1 2 2 1 2 2 2 2 2 2 1 2 2 2
left_child=5 4 3 -3 13 9 7 -7 -8 -1 -11 -4 -6 -2
right_child=1 2 11 -5 12 6 8 -9 -10 10 -12 -13 -14 -15
leaf_value=-0.045621883396098795 0.018988833775202871 -0.016719034161831126 0.050625161973310955 0.036643678137947715 0.038977704414403652 0.0054343137720838297 0.030800213742607357 -0.05024546926653245 0.0075796853584667034 0.044967324174201455 -0.039821463502554839 -0.032651104022401574 -0.018616363424792767 -0.049152003861712729
leaf_weight=12.152358442544939 0.43942923098802467 17.388029512949288 1.4359463844448317 23.44912482239306 2.2241574935615089 88.401704017072916 47.421371918171644 19.321488946676254 510.32283144444227 4.8624896779656401 2.7296836264431477 56.836486249230802 15.575126296840606 59.160559297539294
leaf_count=207 21 728 33 733 49 667 246 179 3309 40 38 2726 453 4698
internal_value=6.68654e-05 -0.0228747 -0.0117534 0.0140659 -0.0397016 0.00624363 0.00724991 -0.00492283 0.00960557 -0.0233766 0.0133958 -0.0297795 -0.009729 -0.0483445
internal_weight=861.721 176.509 99.1096 40.8372 77.3993 685.212 665.467 107.723 557.744 19.7445 7.59217 58.2724 17.7993 59.6
internal_count=14127 9441 4220 1461 5221 4686 4401 846 3555 285 78 2759 502 4719
cat_boundaries=0 1 2 3
cat_threshold=6 1 1
is_linear=0
shrinkage=0.05


end of trees

feature_importances:
age_group=74
temperature_min_7d=73
day_of_year_sin=59
gender=58
day_of_year_cos=45
temperature_mean_7d=40
wind_speed_max_7d=30
rain_max_daily_7d=28
temperature_max_7d=26
month=24
wind_gust_max_7d=20
season=15
rain_days_7d=15
temperature_max_current=11
humidity_max_7d=11
precipitation_sum_7d=11
humidity_min_7d=9
wind_speed_mean_7d=9
temperature_max_3d=8
temperature_min_3d=8
wind_speed_max_3d=8
humidity_max_3d=7
wind_speed_mean_current=5
temperature_mean_3d=5
humidity_mean_7d=5
wind_speed_mean_3d=4
temperature_mean_current=3
weather_code_current=2
temperature_min_current=2
humidity_mean_current=2
humidity_mean_3d=2
rain_days_3d=2
wind_gust_max_3d=2
humidity_max_current=1
humidity_min_current=1
precipitation_sum_current=1
humidity_min_3d=1
rain_max_daily_3d=1

parameters:
[boosting: gbdt]
[objective: binary]
[metric: binary_logloss]
[tree_learner: serial]
[device_type: cpu]
[data_sample_strategy: bagging]
[data: ]
[valid: ]
[num_iterations: 47]
[learning_rate: 0.05]
[num_leaves: 15]
[num_threads: 8]
[seed: 42]
[deterministic: 0]
[force_col_wise: 0]
[force_row_wise: 0]
[histogram_pool_size: -1]
[max_depth: 4]
[min_data_in_leaf: 20]
[min_sum_hessian_in_leaf: 0.001]
[bagging_fraction: 0.9]
[pos_bagging_fraction: 1]
[neg_bagging_fraction: 1]
[bagging_freq: 1]
[bagging_seed: 400]
[bagging_by_query: 0]
[feature_fraction: 0.9]
[feature_fraction_bynode: 1]
[feature_fraction_seed: 30056]
[extra_trees: 0]
[extra_seed: 12879]
[early_stopping_round: 0]
[early_stopping_min_delta: 0]
[first_metric_only: 0]
[max_delta_step: 0]
[lambda_l1: 0]
[lambda_l2: 1]
[linear_lambda: 0]
[min_gain_to_split: 0]
[drop_rate: 0.1]
[max_drop: 50]
[skip_drop: 0.5]
[xgboost_dart_mode: 0]
[uniform_drop: 0]
[drop_seed: 17869]
[top_rate: 0.2]
[other_rate: 0.1]
[min_data_per_group: 100]
[max_cat_threshold: 32]
[cat_l2: 10]
[cat_smooth: 10]
[max_cat_to_onehot: 4]
[top_k: 20]
[monotone_constraints: ]
[monotone_constraints_method: basic]
[monotone_penalty: 0]
[feature_contri: ]
[forcedsplits_filename: ]
[refit_decay_rate: 0.9]
[cegb_tradeoff: 1]
[cegb_penalty_split: 0]
[cegb_penalty_feature_lazy: ]
[cegb_penalty_feature_coupled: ]
[path_smooth: 0]
[interaction_constraints: ]
[verbosity: -1]
[saved_feature_importance_type: 0]
[use_quantized_grad: 0]
[num_grad_quant_bins: 4]
[quant_train_renew_leaf: 0]
[stochastic_rounding: 1]
[linear_tree: 0]
[max_bin: 255]
[max_bin_by_feature: ]
[min_data_in_bin: 3]
[bin_construct_sample_cnt: 200000]
[data_random_seed: 175]
[is_enable_sparse: 1]
[enable_bundle: 1]
[use_missing: 1]
[zero_as_missing: 0]
[feature_pre_filter: 1]
[pre_partition: 0]
[two_round: 0]
[header: 0]
[label_column: ]
[weight_column: ]
[group_column: ]
[ignore_column: ]
[categorical_feature: 0,1,3]
[forcedbins_filename: ]
[precise_float_parser: 0]
[parser_config_file: ]
[objective_seed: 16083]
[num_class: 1]
[is_unbalance: 0]
[scale_pos_weight: 1]
[sigmoid: 1]
[boost_from_average: 1]
[reg_sqrt: 0]
[alpha: 0.9]
[fair_c: 1]
[poisson_max_delta_step: 0.7]
[tweedie_variance_power: 1.5]
[lambdarank_truncation_level: 30]
[lambdarank_norm: 1]
[label_gain: ]
[lambdarank_position_bias_regularization: 0]
[eval_at: ]
[multi_error_top_k: 1]
[auc_mu_weights: ]
[num_machines: 1]
[local_listen_port: 12400]
[time_out: 120]
[machine_list_filename: ]
[machines: ]
[gpu_platform_id: -1]
[gpu_device_id: -1]
[gpu_device_id_list: ]
[gpu_use_dp: 0]
[num_gpu: 1]

end of parameters

pandas_categorical:[]
