tree
version=v4
num_class=1
num_tree_per_iteration=1
label_index=0
max_feature_idx=44
objective=binary sigmoid:1
feature_names=age_group gender month season day_of_year_sin day_of_year_cos weather_code_current temperature_mean_current temperature_max_current temperature_min_current humidity_mean_current humidity_max_current humidity_min_current wind_speed_mean_current wind_speed_max_current precipitation_sum_current rain_sum_current wind_gust_max_current rain_day_current temperature_mean_3d temperature_max_3d temperature_min_3d humidity_mean_3d humidity_max_3d humidity_min_3d wind_speed_mean_3d wind_speed_max_3d precipitation_sum_3d rain_sum_3d rain_days_3d rain_max_daily_3d wind_gust_max_3d temperature_mean_7d temperature_max_7d temperature_min_7d humidity_mean_7d humidity_max_7d humidity_min_7d wind_speed_mean_7d wind_speed_max_7d precipitation_sum_7d rain_sum_7d rain_days_7d rain_max_daily_7d wind_gust_max_7d
feature_infos=-1:0:1:2:3:4:5 -1:0:1 [1:12] -1:1:0 [-0.99999942202469239:0.99998555065071859] [-0.99997919295908244:0.9999907524084426] [0:61] [23.658332999999999:32.533332999999999] [25.899999999999999:39.200000000000003] [17.899999999999999:29.300000000000001] [48.958333000000003:91.625] [63:100] [23:86] [2.8541669999999999:19.695833] [6.4000000000000004:30.100000000000001] [0:63.100000000000001] [0:63.100000000000001] [14:56.899999999999999] [0:1] [23.766667000000002:32.427778000000004] [27.699999999999999:39.200000000000003] [17.899999999999999:28.100000000000001] [52.569443999999997:90.694444000000004] [73:100] [23:79] [4.125:17.329167000000002] [9.6999999999999993:30.100000000000001] [0:93.900000000000006] [0:93.900000000000006] [0:3] [0:63.100000000000001] [17.300000000000001:56.899999999999999] [24.365476000000001:32.235118999999997] [28.699999999999999:39.200000000000003] [17.899999999999999:27.5] [55.767856999999999:89.523809999999997] [77:100] [23:72] [4.5327380000000002:15.469643] [11.6:30.100000000000001] [0:163.90000000000001] [0:163.90000000000001] [0:7] [0:63.100000000000001] [23:56.899999999999999]
tree_sizes=1483 1499 1509 1500 1511 1512 1752 1519 1408 1416 1515 1727 1638 1512 1738 1632 1525 1520 1726 1757 1743 1212 1520 1738 1518 1115 1737 1633

Tree=0
num_leaves=13
num_cat=2
split_feature=0 1 4 34 5 4 32 7 32 33 4 43
split_gain=934.149 260.449 231.051 155.607 144.558 58.2895 69.638 51.9417 6.68828 9.24828 15.3668 3.12534
threshold=0 1 -0.88622299073327826 23.450000000000003 -0.90892157495189674 0.71503381463111937 27.296726500000002 31.129166500000004 27.296726500000002 31.950000000000003 -0.24372957273992743 34.600000000000001
decision_type=1 1 2 2 2 2 2 2 2 2 2 2
left_child=1 2 3 -1 -4 6 -3 -7 9 11 -11 -2
right_child=8 5 4 -5 -6 7 -8 -9 -10 10 -12 -13
leaf_value=-3.0137057595600956 -3.1091992220660027 -3.0396194070176445 -3.0831234179060205 -2.6190715980180075 -2.9146678839931188 -3.1092051856263279 -2.9365659021705492 -2.8850232054890972 -3.1106688246952281 -3.062553644770353 -3.1024108830819568 -3.0649200390606497
leaf_weight=3.6402882635593405 100.72891759872437 47.238093584775925 15.117903023958204 9.1649610400199872 71.777919173240662 25.39636400341988 24.49699866771698 1.884384512901305 196.0188162624836 42.227343857288361 56.231746941804886 4.4539997577667227
leaf_count=85 2352 1103 353 214 1676 593 572 44 4577 986 1313 104
internal_value=-3.05888 -2.97302 -2.91206 -2.71986 -2.94392 -3.02668 -3.00323 -3.08812 -3.10272 -3.09701 -3.08553 -3.1074
internal_weight=598.378 198.717 99.7011 12.8052 86.8958 99.0158 71.7351 27.2807 399.661 203.642 98.4591 105.183
internal_count=13972 4640 2328 299 2029 2312 1675 637 9332 4755 2299 2456
cat_boundaries=0 1 2
cat_threshold=6 1
is_linear=0
shrinkage=1


Tree=1
num_leaves=13
num_cat=3
split_feature=0 1 2 4 34 38 4 19 39 0 5 2
split_gain=753.352 173.791 151.188 112.1 64.3858 53.8065 100.259 34.3203 8.44099 22.4672 50.6275 3.14143
threshold=0 1 8.5000000000000018 0.93237596376505805 23.450000000000003 6.998809500000001 -0.17647087149565663 31.451389000000002 20.550000000000004 2 -0.89404254237865755 10.500000000000002
decision_type=1 1 2 2 2 2 2 2 2 1 2 2
left_child=1 2 3 -1 -4 6 -3 -7 9 10 -2 -11
right_child=8 5 4 -5 -6 7 -8 -9 -10 11 -12 -13
leaf_value=0.048369675660439392 0.12099496501812856 0.0022348818447435509 0.12714606377079221 0.1985110178894873 0.27835629019480101 -0.00077896677565517667 0.1940744629794976 0.20033620170536148 -0.051706860216336636 -0.051790323205224524 -0.02200859035548363 -0.031562361451040681
leaf_weight=64.878844879567623 6.2280939593911162 15.512183431535961 17.36816730350256 14.733929842710493 16.036044493317604 73.61230019107461 11.174185208976267 1.1840201392769802 190.12498958781362 113.89269493147731 42.065017879009247 30.514818005263805
leaf_count=1381 151 353 363 302 265 1684 242 24 4630 2770 1022 738
internal_value=-0.00122722 0.0716917 0.117416 0.0782742 0.205717 0.027117 0.0866709 0.00500575 -0.0429142 -0.0362325 -0.00123517 -0.044689
internal_weight=597.325 214.5 113.017 79.6128 33.4042 101.483 26.6864 74.7963 382.826 192.701 48.2931 144.408
internal_count=13925 4614 2311 1683 628 2303 595 1708 9311 4681 1173 3508
cat_boundaries=0 1 2 3
cat_threshold=6 1 1
is_linear=0
shrinkage=0.05


Tree=2
num_leaves=13
num_cat=3
split_feature=0 1 5 37 25 33 9 32 39 0 5 2
split_gain=657.808 121.712 103.354 88.1023 49.7366 66.5933 22.0372 14.8543 8.20211 20.4648 44.6599 3.77322
threshold=0 1 -0.90892157495189674 36.500000000000007 6.8583335000000014 33.350000000000001 27.300000000000001 27.052083000000003 20.550000000000004 2 -0.89404254237865755 10.500000000000002
decision_type=1 1 2 2 2 2 2 2 2 1 2 2
left_child=1 2 7 -4 5 -3 -6 -1 9 10 -2 -11
right_child=8 4 3 -5 6 -7 -8 -9 -10 11 -12 -13
leaf_value=0.052020380971619623 0.10314144092607154 0.03743914970211832 0.044603978634242418 0.14378852857627952 -0.0013522279783754251 0.21755886754822759 0.13993454857987273 -0.048259799770823758 -0.051299673467148511 -0.051661754611520699 -0.023421242396370626 -0.029862573673312676
leaf_weight=4.2899773493409148 7.3665584772825232 22.915057428181175 32.837707258760929 78.391039215028286 74.40823744609952 5.8470839709043494 1.8655432499945153 11.644224233925341 182.46524748206139 109.87815937772393 40.77618021145463 30.450796604156494
leaf_count=98 160 498 616 1372 1688 108 35 266 4659 2802 1011 758
internal_value=-0.0015241 0.0628038 0.0982327 0.115165 0.0253124 0.0801355 0.00386961 -0.0197837 -0.0424012 -0.0357989 -0.00195309 -0.0440587
internal_weight=603.136 232.199 127.163 111.229 105.036 28.7621 76.2738 15.9342 370.937 188.472 48.1427 140.329
internal_count=14071 4681 2352 1988 2329 606 1723 364 9390 4731 1171 3560
cat_boundaries=0 1 2 3
cat_threshold=6 1 1
is_linear=0
shrinkage=0.05


Tree=3
num_leaves=13
num_cat=3
split_feature=0 1 2 4 4 4 33 19 39 0 44 2
split_gain=615.21 102.008 54.1118 88.7704 42.6672 55.982 42.4794 38.7477 9.00862 20.4011 31.9685 3.97443
threshold=0 1 8.5000000000000018 0.92602006027323125 0.71503381463111937 -0.065535378769913832 31.850000000000005 31.933333000000001 20.550000000000004 2 43.400000000000013 10.500000000000002
decision_type=1 1 2 2 2 2 2 2 2 1 2 2
left_child=1 2 3 -1 5 -3 -4 -6 9 10 -2 -11
right_child=8 4 6 -5 7 -7 -8 -9 -10 11 -12 -13
leaf_value=0.040397878705891427 -0.011707608622249314 0.005388595085928951 0.088821947971839343 0.15781273724177983 -0.043179874327772462 0.088784528660609874 0.19420379869599746 0.17613275161978259 -0.051438691143706999 -0.051532040462686092 0.16174223181052957 -0.02878747655968586
leaf_weight=73.438022863119841 47.157518770545721 44.83773348480463 25.920938439667225 20.06684910133481 26.608217753469948 35.714240111410618 18.123588375747204 1.190810739994048 173.81696156039834 104.62649540230632 1.8118003644049157 29.085491813719273
leaf_count=1392 1156 999 369 322 634 702 253 18 4653 2798 40 744
internal_value=-0.000453103 0.0589225 0.0897644 0.0669992 0.0246949 0.0429991 0.135534 -0.0279956 -0.0419338 -0.0349424 -0.00181797 -0.0435986
internal_weight=602.399 245.9 137.549 93.5049 108.351 80.552 44.0445 27.799 356.498 182.681 48.9693 133.712
internal_count=14080 4689 2336 1714 2353 1701 622 652 9391 4738 1196 3542
cat_boundaries=0 1 2 3
cat_threshold=6 1 1
is_linear=0
shrinkage=0.05


Tree=4
num_leaves=13
num_cat=3
split_feature=0 4 1 5 19 20 34 44 39 0 5 2
split_gain=558.248 72.3428 42.8536 53.2995 40.8188 36.6803 32.7064 32.5163 9.16917 23.0733 37.8472 3.43845
threshold=0 -0.8781231054254196 1 -0.96234030595689413 26.699305500000005 31.550000000000004 23.350000000000005 46.600000000000001 20.550000000000004 2 -0.89404254237865755 10.500000000000002
decision_type=1 2 1 2 2 2 2 2 2 1 2 2
left_child=1 4 3 -3 6 -4 -1 -6 9 10 -2 -11
right_child=8 2 5 -5 7 -7 -8 -9 -10 11 -12 -13
leaf_value=-0.029160608457182959 0.093794770257262849 -0.043165701106654325 -0.042314773643568997 0.073601914971966928 0.21552363156423207 0.034222422161494986 0.10236165733490897 -0.0023955933494409685 -0.051007606011561603 -0.051411127141331198 -0.019834512874334711 -0.029528027946629162
leaf_weight=5.4000284038484123 7.8829897940158835 10.047816954553126 18.7405607663095 112.59536930546165 11.587339583784338 76.034681867808104 23.207802020013332 1.9559478387236602 165.32773728296161 100.41360797360539 40.865908477455378 27.934385642409325
leaf_count=102 154 227 406 1820 165 1589 340 29 4641 2816 1043 734
internal_value=0.00022007 0.0542635 0.0443412 0.0637637 0.115805 0.0188044 0.0773891 0.186051 -0.0411668 -0.0340566 4.66634e-05 -0.0435468
internal_weight=601.994 259.57 217.418 122.643 42.1511 94.7752 28.6078 13.5433 342.425 177.097 48.7489 128.348
internal_count=14066 4678 4042 2047 636 1995 442 194 9388 4747 1197 3550
cat_boundaries=0 1 2 3
cat_threshold=6 1 1
is_linear=0
shrinkage=0.05


Tree=5
num_leaves=13
num_cat=3
split_feature=0 1 5 37 25 4 19 4 39 0 32 2
split_gain=477.761 67.0935 64.1336 66.8726 47.6513 44.0743 17.641 14.0255 10.4953 21.793 31.2863 4.98039
threshold=0 1 -0.90892157495189674 36.500000000000007 7.2076385000000007 -0.17647087149565663 31.933333000000001 -0.24372957273992743 20.550000000000004 2 27.296726500000002 10.500000000000002
decision_type=1 1 2 2 2 2 2 2 2 1 2 2
left_child=1 2 7 -4 5 -3 -6 -1 9 10 -2 -11
right_child=8 4 3 -5 6 -7 -8 -9 -10 11 -12 -13
leaf_value=0.051914535410285581 0.03427129411713558 0.0064117497944255466 0.024531324886829728 0.10185081451497423 -0.0099150679586054169 0.1076588963899003 0.13674936157998713 -0.04846041408706047 -0.051182863774807547 -0.051286094799207697 -0.045288754846581798 -0.025539765556102004
leaf_weight=3.8044286407530334 27.927832692861557 20.215650361031294 39.297340698540211 103.08140628784895 69.397799585014582 22.283500745892525 1.1133795157074917 12.312625985592602 157.47635059803724 94.854204267263412 20.571029718965292 27.415208343416452
leaf_count=78 697 429 617 1370 1519 375 14 283 4635 2790 494 740
internal_value=-0.000518006 0.0475293 0.0701812 0.0808301 0.0195922 0.060753 -0.00571932 -0.0231182 -0.0404974 -0.0327606 0.000243184 -0.0423331
internal_weight=599.751 271.506 158.496 142.379 113.01 42.4992 70.5112 16.1171 328.245 170.768 48.4989 122.269
internal_count=14041 4685 2348 1987 2337 804 1533 361 9356 4721 1191 3530
cat_boundaries=0 1 2 3
cat_threshold=6 1 1
is_linear=0
shrinkage=0.05


Tree=6
num_leaves=15
num_cat=1
split_feature=1 4 33 4 21 43 4 19 8 37 39 32 24 7
split_gain=41.545 50.4809 58.1581 40.0955 36.4489 31.9585 30.5649 24.9137 24.6353 25.4399 23.3176 20.8129 8.9949 1.76371
threshold=0 -0.22701068973476937 31.850000000000005 0.92602006027323125 24.950000000000003 35.600000000000001 0.71503381463111937 31.933333000000001 31.350000000000005 32.500000000000007 20.650000000000002 30.153571500000002 68.500000000000014 30.962500000000002
decision_type=1 2 2 2 2 2 2 2 2 2 2 2 2 2
left_child=1 2 10 5 -4 -3 8 13 12 -10 -1 -5 -2 -8
right_child=6 3 4 11 -6 -7 7 -9 9 -11 -12 -13 -14 -15
leaf_value=-0.020259435501873771 -0.012008526270445912 -0.024244461666411466 0.082031301082812591 0.020335769699125442 -0.044838662526897749 0.069277667162744291 -0.051141163961433804 0.089457420925464284 -0.048833493187891347 0.021416676397388631 0.035659547350903438 0.1134090265749656 -0.044391281388504657 -0.01383155619539444
leaf_weight=41.125811219215393 66.187202014029026 134.66531586647034 56.623550966382027 40.392143443226814 5.6485877484083167 8.8367545269429666 63.437892209738493 2.5132702998816958 13.989843986928461 92.318393666297197 32.46331462264061 6.2149281427264205 31.56818849593401 4.2674559243023387
leaf_count=822 1696 3199 1067 838 131 190 1788 48 352 2221 652 130 837 112
internal_value=-0.000364274 0.011686 0.034843 -0.00495887 0.0699964 -0.0180459 -0.0146758 -0.042882 -0.00480826 0.011803 0.00455618 0.0348683 -0.0228095 -0.0490251
internal_weight=600.253 325.97 135.861 190.109 62.2721 143.502 274.282 70.2186 204.064 106.308 73.5891 46.6071 97.7554 67.7053
internal_count=14083 7029 2672 4357 1198 3389 7054 1948 5106 2573 1474 968 2533 1900
cat_boundaries=0 1
cat_threshold=1
is_linear=0
shrinkage=0.05


Tree=7
num_leaves=13
num_cat=2
split_feature=0 4 44 19 32 34 39 40 39 0 5 4
split_gain=448.533 57.5669 40.217 45.2726 33.6744 32.2005 31.1585 16.3028 7.61633 13.6254 29.5801 3.03543
threshold=0 -0.861146256326485 28.600000000000005 29.705555500000006 26.643750000000001 23.350000000000005 27.100000000000005 0.15000000000000005 20.550000000000004 1 -0.89404254237865755 -0.70291267844185523
decision_type=1 2 2 2 2 2 2 2 2 1 2 2
left_child=1 4 7 -4 5 -1 -6 -3 9 10 -2 -11
right_child=8 2 3 -5 6 -7 -8 -9 -10 11 -12 -13
leaf_value=-0.039583232012605198 0.07302781668238835 -0.033010331517529128 0.020434386113506162 0.10001744476992852 0.1544487497204288 0.081683878270502275 -0.036856423271673475 0.11661970780893847 -0.051055495381529405 -0.030550896998592848 -0.024882398190898804 -0.051192693401853645
leaf_weight=6.5192972384393242 8.5357805378735048 1.5944090597331548 193.67079996690154 18.825308293104172 21.043506816029552 21.928372152149677 1.9760620743036259 17.182119801640511 149.76024355180562 29.643033504486084 39.492456633597612 88.05154262855649
leaf_count=118 155 26 3404 303 247 281 27 265 4642 879 1026 2673
internal_value=-0.00106391 0.0437998 0.0344234 0.0279202 0.0928226 0.0534929 0.137176 0.102887 -0.0413598 -0.0348251 -0.00527158 -0.0426977
internal_weight=598.223 282.74 231.273 212.496 51.4672 28.4477 23.0196 18.7765 315.483 165.723 48.0282 117.695
internal_count=14046 4671 3998 3707 673 399 274 291 9375 4733 1181 3552
cat_boundaries=0 1 2
cat_threshold=6 1
is_linear=0
shrinkage=0.05


Tree=8
num_leaves=12
num_cat=3
split_feature=0 37 44 38 44 1 39 0 5 4 2
split_gain=378.183 41.3864 36.3493 34.6886 31.1217 15.2401 9.4158 18.6064 29.7491 8.51201 4.4061
threshold=0 32.500000000000007 48.400000000000013 12.416964000000002 40.850000000000009 1 20.550000000000004 2 -0.89404254237865755 0.84773968378660736 10.500000000000002
decision_type=1 2 2 2 2 1 2 1 2 2 2
left_child=1 3 4 9 -3 -5 7 8 -2 -1 -9
right_child=6 2 -4 5 -6 -7 -8 10 -10 -11 -12
leaf_value=-0.050382200851399467 0.075016935506531601 0.041598670433492926 -0.048128517208787906 0.12256638956868178 0.086546891909197232 -0.012496283969871222 -0.050590905012852252 -0.051061272215061342 -0.020808566384327917 -0.0012484715237081484 -0.025893938466510787
leaf_weight=18.36269561201334 9.1513819023966771 193.6386580131948 8.8589464239776117 5.5050539523363096 49.018176324665546 2.8238175846636295 142.95219058729708 86.458138927817345 39.073965597897768 16.276795271784067 26.005032375454903
leaf_count=340 156 2977 160 68 785 67 4647 2799 1037 290 745
internal_value=-0.00136278 0.0383115 0.0473283 -0.00563103 0.0509964 0.0803439 -0.0397915 -0.0323916 -0.00122171 -0.0279775 -0.0418343
internal_weight=598.125 294.484 251.516 42.9684 242.657 8.32887 303.641 160.689 48.2253 34.6395 112.463
internal_count=14071 4687 3922 765 3762 135 9384 4737 1193 630 3544
cat_boundaries=0 1 2 3
cat_threshold=6 1 1
is_linear=0
shrinkage=0.05


Tree=9
num_leaves=12
num_cat=2
split_feature=0 37 33 39 43 40 43 39 0 32 2
split_gain=370.766 40.9226 36.3546 34.7238 27.9193 21.1481 10.2987 9.71662 17.125 26.5398 5.38471
threshold=0 32.500000000000007 37.100000000000009 26.250000000000004 1.8500000000000003 1.4500000000000002 5.0000000000000009 20.550000000000004 1 27.390178500000001 10.500000000000002
decision_type=1 2 2 2 2 2 2 2 1 2 2
left_child=1 2 6 4 -3 -4 -1 8 9 -2 -10
right_child=7 3 5 -5 -6 -7 -8 -9 10 -11 -12
leaf_value=-0.038988843946992618 0.026567389437780156 0.091459854735385676 0.10846733347677751 -0.047829894057400256 0.043146199923954853 -0.039336471530119342 0.068774855768457238 -0.050456960989553094 -0.050949463916388299 -0.049437708904299334 -0.02308776280135795
leaf_weight=30.891703080385923 30.06728883087635 35.004257366061211 7.9204913675785047 8.6283233016729337 220.65161300450563 2.7285593748092651 1.4827484749257553 135.98505431972444 82.106985865160823 17.223426546901464 25.149363469332457
leaf_count=580 733 500 120 164 3294 47 27 4635 2788 438 737
internal_value=0.000532207 0.038152 -0.00571868 0.0467267 0.0500919 0.0704704 -0.0321405 -0.0392177 -0.0315887 -0.00129605 -0.040911
internal_weight=597.84 307.308 43.0235 264.284 255.656 10.6491 32.3745 290.532 154.547 47.2907 107.256
internal_count=14063 4732 774 3958 3794 167 607 9331 4696 1171 3525
cat_boundaries=0 1 2
cat_threshold=6 1
is_linear=0
shrinkage=0.05


Tree=10
num_leaves=13
num_cat=3
split_feature=0 1 5 40 4 32 19 32 0 39 2 34
split_gain=339.336 39.5491 36.329 35.0445 34.957 38.6979 26.1313 9.07706 19.3847 24.7886 3.85963 0.488559
threshold=0 1 -0.97111920233974802 0.15000000000000005 0.71503381463111937 27.553273500000007 31.451389000000002 27.390178500000001 2 20.450000000000003 10.500000000000002 21.050000000000004
decision_type=1 1 2 2 2 2 2 2 1 2 2 2
left_child=1 2 -1 -4 5 -3 -6 8 9 -2 -10 -9
right_child=7 4 3 -5 6 -7 -8 11 10 -11 -12 -13
leaf_value=-0.046836726576732324 0.028226528069074903 0.0086014951960856397 -0.047239269243244328 0.060054448606752867 -0.047038311830331428 0.077790818453593022 0.096392821827575303 -0.012805709351954485 -0.050897345380615834 -0.045978661790142032 -0.027634377658408756 -0.051151304999962337
leaf_weight=8.3757420219480974 28.783670146018267 68.6441032551229 7.2495132610201827 173.26851817965508 27.479519866406921 27.820792634040117 2.6344516426324835 1.6234599296003569 82.624592173844576 17.090283947065473 28.099458402022719 121.85833897814155
leaf_count=190 685 1269 115 2052 641 416 26 58 2905 581 866 4240
internal_value=0.000199581 0.0351898 0.0507482 0.0555091 0.0145145 0.0291493 -0.0317958 -0.0390596 -0.032053 0.000156883 -0.0415728 -0.0507541
internal_weight=595.552 315.473 188.894 180.518 126.579 96.4649 30.114 280.08 156.598 45.874 110.724 123.482
internal_count=14044 4709 2357 2167 2352 1685 667 9335 5037 1266 3771 4298
cat_boundaries=0 1 2 3
cat_threshold=6 1 1
is_linear=0
shrinkage=0.05


Tree=11
num_leaves=15
num_cat=2
split_feature=0 4 34 32 37 27 1 5 4 5 34 39 34 19
split_gain=302.816 36.0402 27.0558 26.6878 36.1889 23.5396 20.728 17.8728 8.42895 24.1336 44.26 15.2747 3.29725 9.06726
threshold=0 -0.861146256326485 23.450000000000003 29.308928500000004 37.500000000000007 52.250000000000007 1 0.38043945030393422 -0.19337636264337832 -0.89404254237865755 23.850000000000005 15.850000000000003 21.450000000000003 27.893750000000004
decision_type=1 2 2 2 2 2 1 2 2 2 2 2 2 2
left_child=1 2 7 4 -3 -4 -5 -1 9 10 -2 -11 13 -10
right_child=8 3 5 6 -6 -7 -8 -9 12 11 -12 -13 -14 -15
leaf_value=-0.027665676605521064 0.14035668520650232 -0.017348657457792616 0.10711149962104326 0.097774160277013536 0.029052984612693331 0.019811905838931342 0.013006197696875534 0.076116083805687615 -0.03615136609588146 0.0004678254792680745 -0.032772721081520538 -0.048407670098788033 -0.051155659303239259 0.078502647376015727
leaf_weight=10.482504419982435 4.7100077383220187 54.279602952301502 33.363483488559723 19.238813959062099 176.84139476343989 10.634117152541874 11.740186683833601 5.5188152268528929 21.870592320337895 20.058531865477562 9.6627205666154605 77.361041195690632 135.74985314533114 0.9338701143860807
leaf_count=163 122 945 322 220 2622 111 212 73 781 594 336 2607 4894 32
internal_value=-0.00094345 0.0313482 0.067046 0.0241442 0.0181276 0.0869206 0.0670607 0.0105001 -0.0391046 -0.029536 0.0294022 -0.0384418 -0.0480747 -0.0283556
internal_weight=592.446 322.099 59.9989 262.1 231.121 43.9976 30.979 16.0013 270.347 111.792 14.3727 97.4196 158.554 22.8045
internal_count=14034 4668 669 3999 3567 433 432 236 9366 3659 458 3201 5707 813
cat_boundaries=0 1 2
cat_threshold=6 1
is_linear=0
shrinkage=0.05


Tree=12
num_leaves=14
num_cat=2
split_feature=0 1 5 22 37 43 4 5 24 39 5 34 39
split_gain=271.72 30.8452 31.4514 29.6405 22.3427 50.9066 9.03553 26.1219 39.0192 13.5839 3.84401 2.69382 5.42849
threshold=0 1 -0.97111920233974802 86.368055500000011 32.500000000000007 1.8500000000000003 -0.19337636264337832 -0.89404254237865755 66.500000000000014 15.850000000000003 -0.3342621144462935 21.450000000000003 19.050000000000004
decision_type=1 1 2 2 2 2 2 2 2 2 2 2 2
left_child=1 2 -1 -4 10 -6 7 8 -2 -9 -3 12 -8
right_child=6 4 3 -5 5 -7 11 9 -10 -11 -12 -13 -14
leaf_value=-0.047039239653516564 0.12132901624270261 0.036620262573432601 0.032381769041558067 0.075303698170424593 0.093000336868163627 0.0033612601722551004 0.0075977406552303287 -0.0015473444763288039 -0.035677294683283546 -0.048149490873029013 -0.049141740967371686 -0.051060704060942964 -0.045135549764452457
leaf_weight=8.7855111137032491 5.9036124646663657 0.71118505299091417 133.22085528820753 58.775805823504925 17.958476912230253 96.757805611938238 6.6236897408962276 19.908069079741836 8.4942886475473625 73.061347028240561 15.272453442215916 129.17270027287304 15.15510109439492
leaf_count=202 147 16 1599 544 248 1715 222 589 304 2573 366 4888 576
internal_value=-0.00114313 0.0284455 0.0415663 0.0458435 0.0102866 0.0180764 -0.0386807 -0.0286017 0.0323991 -0.038293 -0.0433943 -0.0481598 -0.0294681
internal_weight=589.801 331.482 200.782 191.997 130.7 114.716 258.319 107.367 14.3979 92.9694 15.9836 150.951 21.7788
internal_count=13989 4690 2345 2143 2345 1963 9299 3613 451 3162 382 5686 798
cat_boundaries=0 1 2
cat_threshold=6 1
is_linear=0
shrinkage=0.05


Tree=13
num_leaves=13
num_cat=3
split_feature=0 1 43 5 25 44 39 7 39 0 5 23
split_gain=251.785 26.1549 30.2549 31.4762 24.9452 36.6704 19.6405 16.2448 10.0098 19.3829 27.509 2.78542
threshold=0 1 35.600000000000001 -0.46800559042974538 6.8583335000000014 40.850000000000009 19.750000000000004 30.835416500000004 20.550000000000004 2 -0.89404254237865755 99.500000000000014
decision_type=1 1 2 2 2 2 2 2 2 1 2 2
left_child=1 2 3 -1 5 -3 -4 -6 9 10 -2 -11
right_child=8 4 6 -5 7 -7 -8 -9 -10 11 -12 -13
leaf_value=0.0025121224267158817 0.072521525050701821 0.023024320340197257 0.029567475110009796 0.047061941154844036 -0.0097419553108151549 0.15800707638344547 0.17442962369079662 0.077954122055502964 -0.049962065373845593 -0.048759194293626636 -0.018688198633571927 -0.024224012833402829
leaf_weight=55.161782745271921 9.7142237797379476 38.448991864919662 4.3250553756952268 141.05930789187551 84.562959268689156 4.8886783421039572 5.7356856018304825 4.6308689266443244 113.27147716656327 75.776300210505724 35.198936706408858 17.367138396948576
leaf_count=793 159 570 45 1444 1672 61 57 58 4646 2942 1023 616
internal_value=-0.000328238 0.0274522 0.039362 0.0346143 0.010815 0.0414713 0.120458 -0.00437503 -0.0373471 -0.0293978 0.00179777 -0.0402183
internal_weight=590.141 338.813 206.282 196.221 132.531 43.3377 10.0607 89.1938 251.328 138.057 44.9132 93.1434
internal_count=14086 4700 2339 2237 2361 631 102 1730 9386 4740 1182 3558
cat_boundaries=0 1 2 3
cat_threshold=6 1 1
is_linear=0
shrinkage=0.05


Tree=14
num_leaves=15
num_cat=2
split_feature=0 4 20 40 37 26 24 39 0 44 2 25 30 30
split_gain=241.035 27.6016 22.9884 22.3201 18.5375 16.6495 13.8958 9.88323 15.735 21.7731 5.12083 2.33982 0.136822 0.593415
threshold=0 -0.88622299073327826 31.050000000000004 0.15000000000000005 57.500000000000007 14.550000000000002 71.500000000000014 20.550000000000004 1 43.400000000000013 10.500000000000002 6.5423610000000005 34.600000000000001 35.100000000000001
decision_type=1 2 2 2 2 2 2 2 1 2 2 2 2 2
left_child=1 2 6 11 -5 -4 -1 8 9 -2 -10 -3 -9 -14
right_child=7 3 5 4 -6 -7 -8 12 10 -11 -12 -13 13 -15
leaf_value=-0.0028157770249893931 -0.0096686415300454506 0.013832197547157216 0.014337523801951097 0.034252561508984328 0.0074407496163398715 0.097656321858424086 0.08010372807618002 -0.050273098394565896 -0.050504111765654919 0.12097937352644517 -0.021319845084191484 -0.049148929940410244 0.010177092145952237 -0.032039179614950695
leaf_weight=19.120747867971662 42.514226948842406 1.2422630563378323 7.8882053196430197 165.85950187593699 106.16739055141807 30.320069700479507 5.8363314904272547 105.73385055549443 66.221814738586545 2.4411894232034674 22.165691863745451 11.234138838946818 0.64598365873098318 1.6657922118902204
leaf_count=219 1144 15 75 2317 1553 269 53 4553 2776 40 740 205 24 69
internal_value=0.000494379 0.02682 0.057305 0.0208141 0.023854 0.0812593 0.0189143 -0.036958 -0.0289801 -7.88221e-05 -0.0391283 -0.0423169 -0.0498369 -0.0207316
internal_weight=589.057 347.669 63.1654 284.503 272.027 38.2083 24.9571 241.389 133.343 44.9554 88.3875 12.4764 108.046 2.31178
internal_count=14052 4706 616 4090 3870 344 272 9346 4700 1184 3516 220 4646 93
cat_boundaries=0 1 2
cat_threshold=6 1
is_linear=0
shrinkage=0.05


Tree=15
num_leaves=14
num_cat=2
split_feature=0 6 33 32 4 7 4 32 0 30 36 2 34
split_gain=226.072 24.6362 28.5225 20.0259 18.6428 16.7322 14.5482 8.53446 19.6309 22.7087 6.56866 2.38696 0.590855
threshold=0 2.5000000000000004 31.650000000000002 26.939583500000001 0.074116354202380164 29.343750000000004 -0.90893996196865012 27.390178500000001 1 14.850000000000003 98.500000000000014 10.500000000000002 21.050000000000004
decision_type=1 2 2 2 2 2 2 2 1 2 2 2 2
left_child=1 4 6 -4 10 -6 -3 8 9 -2 -1 -10 -9
right_child=7 2 3 -5 5 -7 -8 12 11 -11 -12 -13 -14
leaf_value=0.074155470489721861 0.034423665953570673 0.03119026271024938 0.062934304096791016 0.029982005530188129 -0.032747577151323197 0.027677107275645603 -0.01894758429933522 -0.009982353452661288 -0.050475996404828041 -0.038536835462992254 0.014852868346069659 -0.029646947219074179 -0.050748419794453381
leaf_weight=7.5436476916074762 23.825230689719319 23.029176320880651 67.740643817931414 153.72440217807889 38.77293248847127 15.220462672412394 35.365591730922461 1.452989364042877 67.670121667906642 17.702749079093337 11.746963292360306 24.223163010552526 98.55421201325953
leaf_count=101 700 243 769 2101 618 203 507 61 2933 555 143 862 4298
internal_value=-0.000275665 0.0247015 0.0321354 0.0402989 -0.000412532 -0.0155206 0.00101753 -0.0374623 -0.0303535 0.0025478 0.0405551 -0.0409549 -0.0502608
internal_weight=586.572 353.144 279.86 221.465 73.284 53.9934 58.3948 233.428 133.421 41.528 19.2906 91.8933 100.007
internal_count=14094 4685 3620 2870 1065 821 750 9409 5050 1255 244 3795 4359
cat_boundaries=0 1 2
cat_threshold=6 1
is_linear=0
shrinkage=0.05


Tree=16
num_leaves=13
num_cat=2
split_feature=0 37 43 39 32 43 4 32 0 33 39 2
split_gain=199.977 22.7823 31.3426 28.7908 25.4645 20.1291 17.3818 11.5859 22.555 26.0817 9.11818 4.53282
threshold=0 37.500000000000007 5.3500000000000005 19.450000000000003 29.350893000000003 1.1500000000000001 0.35846314187849704 27.390178500000001 1 31.950000000000003 19.750000000000004 10.500000000000002
decision_type=1 2 2 2 2 2 2 2 1 2 2 2
left_child=1 4 6 -4 10 -6 -3 8 9 -2 -1 -10
right_child=7 2 3 -5 5 -7 -8 -9 11 -11 -12 -13
leaf_value=0.016969959301289344 -0.034558509090392646 0.050241203746467414 0.0057990585722397349 0.040197239063263945 0.074065097759208248 -0.012174910862736461 0.13380984924026176 -0.050667637715850158 -0.050387084081184558 0.04271417277951807 -0.028455303068235793 -0.02339413364745779
leaf_weight=13.865956302732227 19.306804411113262 23.886070873588324 113.74236398935318 130.73760733008385 16.165244027972225 10.758151743561028 8.7900838553905469 94.637316349893808 64.877169243991375 22.663399714976549 44.312372598797083 23.984590193256736
leaf_count=222 622 254 1387 1681 175 148 106 4321 2947 640 751 877
internal_value=0.000291666 0.0230733 0.0306346 0.0242826 0.00105792 0.0404031 0.0760276 -0.0356942 -0.0272685 0.00583327 -0.017525 -0.0390926
internal_weight=587.727 362.258 277.156 244.48 85.1017 26.9234 32.6762 225.469 130.832 41.9702 58.1783 88.8618
internal_count=14131 4724 3428 3068 1296 323 360 9407 5086 1262 973 3824
cat_boundaries=0 1 2
cat_threshold=6 1
is_linear=0
shrinkage=0.05


Tree=17
num_leaves=13
num_cat=3
split_feature=0 40 1 5 4 39 0 32 4 25 30 30
split_gain=172.337 19.6808 21.1564 31.4906 23.7379 11.3665 17.4899 25.7189 5.69801 5.11764 0.191191 0.739513
threshold=0 0.15000000000000005 1 -0.90892157495189674 0.71503381463111937 20.550000000000004 2 27.240773500000007 -0.70291267844185523 6.5423610000000005 34.600000000000001 35.100000000000001
decision_type=1 2 1 2 2 2 1 2 2 2 2 2
left_child=1 9 3 -3 -4 6 7 -2 -8 -1 -7 -12
right_child=5 2 4 -5 -6 10 8 -9 -10 -11 11 -13
leaf_value=0.038392311936123698 0.034961107474433178 -0.027905612000248138 0.018121744047626578 0.03835411005634437 -0.03272439281363828 -0.049985315777397871 -0.018313474646615799 -0.041295259117517219 -0.050309554413729522 -0.049100544638717075 0.015193799391412681 -0.031753321976733903
leaf_weight=1.1794689893722523 25.866259694099426 18.969667818397284 106.86382942274213 200.83313194662333 28.193430848419666 92.436875987797976 20.29777112416923 17.796938695013523 57.933046432211995 11.376238116994498 0.52302052080631201 1.638516169041395
leaf_count=13 641 361 1629 1892 590 4540 883 541 2648 217 21 76
internal_value=-0.000450997 0.0202402 0.0229956 0.0325352 0.00734502 -0.0348275 -0.0259726 0.00298281 -0.0375983 -0.0386557 -0.0494895 -0.0191809
internal_weight=583.908 367.416 354.86 219.803 135.057 216.492 121.894 43.6632 78.2308 12.5557 94.5984 2.16154
internal_count=14052 4702 4472 2253 2219 9350 4713 1182 3531 230 4637 97
cat_boundaries=0 1 2 3
cat_threshold=6 1 1
is_linear=0
shrinkage=0.05


Tree=18
num_leaves=15
num_cat=3
split_feature=0 1 5 23 25 2 9 39 0 5 4 4 30 30
split_gain=161.707 20.8655 24.4019 22.5575 19.969 27.4774 14.8431 12.167 15.6363 21.2567 11.7557 6.72057 0.219534 0.688266
threshold=0 1 -0.90892157495189674 95.500000000000014 7.2076385000000007 10.500000000000002 27.300000000000001 20.550000000000004 2 -0.89404254237865755 -0.24372957273992743 -0.70291267844185523 34.600000000000001 35.100000000000001
decision_type=1 1 2 2 2 2 2 2 1 2 2 2 2 2
left_child=1 2 10 -4 5 -3 -6 8 9 -2 -1 -10 -9 -14
right_child=7 4 3 -5 6 -7 -8 12 11 -11 -12 -13 13 -15
leaf_value=0.033728051057560049 0.062673144026054797 0.0449036897643098 0.010035082771426496 0.0451983610425431 -0.016390635032751448 -0.035567820951821608 0.072420985833160853 -0.050441065688467818 -0.015489554909507895 -0.016519097607695668 -0.048987751333594461 -0.050216484997508019 0.013998167716156763 -0.031329972053729394
leaf_weight=5.3270026892423656 10.140905894339083 45.457995351403952 67.699702199548483 143.29003991931677 77.87292548827827 12.930304471403359 4.020836926996707 87.891978999599814 20.024041747674346 34.410883292555809 13.239804666489361 55.619868535548449 0.55082866549491827 1.5852405875921247
leaf_count=83 159 582 754 1223 1487 212 37 4529 884 1037 280 2669 22 76
internal_value=-0.000361947 0.0194004 0.0291768 0.0340162 0.00468213 0.0267841 -0.0112091 -0.0343486 -0.0252123 0.00203917 -0.0247449 -0.0365739 -0.0499087 -0.0189048
internal_weight=580.062 369.839 229.557 210.99 140.282 58.3883 81.8938 210.224 120.196 44.5518 18.5668 75.6439 90.028 2.13607
internal_count=14034 4658 2340 1977 2318 794 1524 9376 4749 1196 363 3553 4627 98
cat_boundaries=0 1 2 3
cat_threshold=6 1 1
is_linear=0
shrinkage=0.05


Tree=19
num_leaves=15
num_cat=1
split_feature=37 33 32 43 32 43 25 4 39 39 44 6 33 1
split_gain=19.493 29.0835 47.4182 27.5892 23.3763 18.0608 16.8289 10.0568 17.5016 13.9033 7.09876 6.54088 6.49004 4.90838
threshold=36.500000000000007 31.850000000000005 26.883631000000005 1.9500000000000002 29.248512000000002 1.0500000000000003 7.0979165000000011 -0.89406062840022227 19.850000000000005 15.850000000000003 37.600000000000001 2.5000000000000004 35.600000000000009 0
decision_type=2 2 2 2 2 2 2 2 2 2 2 2 2 1
left_child=4 7 3 -3 11 13 -4 8 -2 -9 -7 -1 -13 -6
right_child=1 2 6 -5 5 10 -8 9 -10 -11 -12 12 -14 -15
leaf_value=-0.047397000937828275 -0.028597115138262109 0.13103646253253032 0.018173462296685129 0.036491011777781066 0.061086214633583949 0.032132807387696694 -0.0088389007858559031 0.010122129685886423 0.02567827564502714 -0.035646778975350228 -0.03966750643778888 -0.0072185207088933129 -0.046393152369427204 0.012031523721125814
leaf_weight=37.953369569033384 25.140785688534379 8.1603018268942815 98.392464891076088 61.198647765442729 13.453252756968141 3.6768823005259064 136.37154266051948 21.554973162710667 33.406401637941599 65.985783189535141 13.630204113200305 35.1434789840132 14.424271475523708 8.7932466212660074
leaf_count=1225 541 161 2126 1160 252 95 3548 451 667 1695 388 1013 437 249
internal_value=-0.000369292 0.00451793 0.013313 0.0493189 -0.0175842 0.0140717 0.00251137 -0.0137576 0.002283 -0.0243902 -0.0234916 -0.0318879 -0.0193104 0.0430483
internal_weight=577.286 450.211 304.123 69.3589 127.075 39.5536 234.764 146.088 58.5472 87.5408 17.3071 87.5211 49.5678 22.2465
internal_count=14008 10349 6995 1321 3659 984 5674 3354 1208 2146 483 2675 1450 501
cat_boundaries=0 1
cat_threshold=1
is_linear=0
shrinkage=0.05


Tree=20
num_leaves=15
num_cat=2
split_feature=0 37 43 39 32 43 44 0 32 5 39 2 35 34
split_gain=145.555 20.5805 30.1152 30.5179 22.4652 13.6406 13.1784 12.9146 20.0984 29.2452 8.00978 3.17643 11.1843 1.71861
threshold=0 36.500000000000007 1.8500000000000003 19.650000000000002 29.248512000000002 1.0500000000000003 40.150000000000006 1 27.390178500000001 -0.89404254237865755 19.750000000000004 10.500000000000002 85.303571500000018 21.250000000000004
decision_type=1 2 2 2 2 2 2 1 2 2 2 2 2 2
left_child=1 4 6 -4 10 -6 -3 8 9 -2 -1 -9 -13 -10
right_child=7 2 3 -5 5 -7 -8 11 13 -11 -12 12 -14 -15
leaf_value=0.0093441725145111381 0.082985014772196664 0.082229883839193815 0.0017751003122658431 0.035240420095503384 0.059910803957535508 -0.010131105526587171 -0.019266164203076155 -0.050525631914210993 0.019941183434146872 -0.013544177817488868 -0.034890775221349105 -0.048340675417348822 0.027644024428763736 -0.049316727940976468
leaf_weight=13.275626689195631 9.2145642396062595 26.551366321742538 135.90118032321334 135.82534401863813 15.959132518619301 11.350190322846172 3.2357240021228781 112.61589968763292 0.42289253324270504 33.003418631851673 38.91243663802743 16.26712674275041 5.9774540159851304 23.701685203239322
leaf_count=213 211 248 1595 1635 160 163 36 6070 20 1050 691 665 236 1057
internal_value=-0.000522264 0.0175517 0.0239617 0.018571 -0.0045749 0.0314707 0.0709369 -0.0338594 -0.0103788 0.00895709 -0.0236741 -0.0437564 -0.0276116 -0.0473573
internal_weight=582.214 381.011 301.514 271.727 79.4974 27.3093 29.7871 201.203 66.3426 42.218 52.1881 134.86 22.2446 24.1246
internal_count=14050 4741 3514 3230 1227 323 284 9309 2338 1261 904 6971 901 1077
cat_boundaries=0 1 2
cat_threshold=6 1
is_linear=0
shrinkage=0.05


Tree=21
num_leaves=10
num_cat=2
split_feature=0 44 40 22 39 0 32 2 25
split_gain=135.013 16.5047 16.4911 14.9276 13.3356 19.5192 21.3652 5.74574 4.15265
threshold=0 49.150000000000006 0.15000000000000005 88.465277500000013 20.850000000000005 1 27.240773500000007 10.500000000000002 6.5423610000000005
decision_type=1 2 2 2 2 1 2 2 2
left_child=1 2 8 -4 5 6 -2 -7 -1
right_child=4 -3 3 -5 -6 7 -8 -9 -10
leaf_value=0.028073842472810303 0.033437309295821054 -0.048858254154430153 0.023507824583135079 -0.017991009839744526 -0.050288008390964069 -0.050014859432763792 -0.035677766310456008 -0.017152293985841727 -0.04856272918659587
leaf_weight=1.4250046759843815 27.406196413561702 8.2303265556693059 345.10594719275832 22.406503286212683 78.669151786714792 53.215340545400977 17.462588518857956 19.505762295797467 10.118344951421021
leaf_count=14 667 132 4148 246 4447 2936 573 772 204
internal_value=2.34063e-05 0.0170537 0.0190583 0.0209358 -0.0327058 -0.0233761 0.00521083 -0.0365893 -0.0376182
internal_weight=583.545 387.286 379.056 367.512 196.259 117.59 44.8688 72.7211 11.5433
internal_count=14139 4744 4612 4394 9395 4948 1240 3708 218
cat_boundaries=0 1 2
cat_threshold=6 1
is_linear=0
shrinkage=0.05


Tree=22
num_leaves=13
num_cat=3
split_feature=0 40 1 5 43 32 0 5 2 34 25 40
split_gain=129.983 18.8135 17.6357 22.187 17.9926 12.3241 18.7341 26.5461 5.1852 2.06203 1.59154 0.656666
threshold=0 0.25000000000000006 1 -0.97111920233974802 25.800000000000004 27.340178500000004 2 -0.89404254237865755 10.500000000000002 20.950000000000003 6.2909720000000009 0.15000000000000005
decision_type=1 2 1 2 2 2 1 2 2 2 2 2
left_child=1 10 3 -3 -4 6 7 -2 -8 -7 -1 -12
right_child=5 2 4 -5 -6 9 8 -9 -10 -11 11 -13
leaf_value=0.0063022324769560134 0.077950412885537612 -0.046978773765265693 0.014766059571062501 0.03066773270754938 -0.027747092839919066 0.026803291370229493 -0.049919944012976614 -0.014648344618361557 -0.018826184169535701 -0.050329807659867692 -0.048713374327781819 -0.0041548477789442439
leaf_weight=1.4429529532790173 9.1905281096696836 8.7248284183442575 108.75643902644515 226.38801279291511 31.210657995194197 0.29752194881439109 49.554802493192255 31.301666010171175 20.607450878247619 77.366482296027243 10.669034168124195 1.1016538813710219
leaf_count=12 199 203 1730 2039 474 14 2810 999 869 4453 222 22
internal_value=0.00028233 0.0167339 0.0192606 0.0275996 0.00515665 -0.0327049 -0.0233693 0.00623764 -0.0361064 -0.0496973 -0.0395236 -0.0451949
internal_weight=576.612 388.294 375.08 235.113 139.967 188.318 110.654 40.4922 70.1623 77.664 13.2136 11.7707
internal_count=14046 4702 4446 2242 2204 9344 4877 1198 3679 4467 256 244
cat_boundaries=0 1 2 3
cat_threshold=6 1 1
is_linear=0
shrinkage=0.05


Tree=23
num_leaves=15
num_cat=2
split_feature=0 4 32 34 30 33 32 39 39 0 32 4 30 30
split_gain=108.899 15.8189 17.4677 14.6136 14.1363 12.7509 19.451 14.0224 11.0234 14.8069 21.2185 5.22938 0.359671 0.624637
threshold=0 -0.861146256326485 26.643750000000001 23.350000000000005 24.350000000000005 31.950000000000003 26.909226500000006 14.550000000000002 20.850000000000005 1 27.065178500000005 -0.70291267844185523 34.600000000000001 35.100000000000001
decision_type=1 2 2 2 2 2 2 2 2 1 2 2 2 2
left_child=1 2 3 -1 -4 7 -7 -3 9 10 -2 -11 -10 -14
right_child=8 5 4 -5 -6 6 -8 -9 12 11 -12 -13 13 -15
leaf_value=-0.043846553550544939 0.033101730113568255 0.041418939062772851 0.071781431500790596 0.025846319723146546 -0.0082851513607807917 0.048926264684432397 0.0078344088147279129 -0.022884974833948933 -0.050131110682423458 -0.017291103464028346 -0.035092357296499413 -0.049917278282230852 0.014814497750023543 -0.028633331608375213
leaf_weight=8.6408544704318029 24.515881231054664 9.2203837148845178 30.527147121727467 33.725972380489111 6.4462969638407221 32.270349154248834 219.1565867587924 50.000692754983902 70.218182692304254 18.265234763734043 19.633643900975585 48.48353925999254 0.5323810838162889 1.2840183498337863
leaf_count=123 580 95 222 280 51 399 2831 687 4354 924 639 2769 23 72
internal_value=-0.00176097 0.0131798 0.0333107 0.0109489 0.0579713 0.00837085 0.0132814 -0.0123517 -0.0324628 -0.0239741 0.00218563 -0.0360546 -0.049469 -0.0151603
internal_weight=572.921 389.988 79.3403 42.3668 36.9734 310.648 251.427 59.2211 182.933 110.898 44.1495 66.7488 72.0346 1.8164
internal_count=14049 4688 676 403 273 4012 3230 782 9361 4912 1219 3693 4449 95
cat_boundaries=0 1 2
cat_threshold=6 1
is_linear=0
shrinkage=0.05


Tree=24
num_leaves=13
num_cat=3
split_feature=0 44 41 1 4 33 0 5 34 39 25 7
split_gain=109.522 15.0778 15.0093 16.0761 12.5038 28.1994 24.6158 5.61308 4.77478 7.72832 4.54591 0.179893
threshold=0 49.150000000000006 0.15000000000000005 1 -0.19337636264337832 31.950000000000003 2 -0.97111920233974802 21.450000000000003 19.050000000000004 6.5159725000000011 26.243750000000002
decision_type=1 2 2 1 2 2 1 2 2 2 2 2
left_child=1 2 10 -4 5 7 -7 -2 9 -6 -1 -10
right_child=4 -3 3 -5 8 6 -8 -9 11 -11 -12 -13
leaf_value=0.033445940565026325 0.026803932316644366 -0.048602043475275185 0.026480735501057458 0.0051363858508125179 0.027417782432273038 0.040389548814186993 -0.028256410872546728 -0.046781636427070727 -0.019551680136126029 -0.042068675676943973 -0.048354514749362552 -0.050381329194867125
leaf_weight=1.2743476778268803 2.1263789795339099 8.0791104529052955 236.22170012071729 141.35982980206609 5.3515479508787385 20.41204403154552 13.626522047445176 44.343720087781549 2.1724647292867294 10.294834131374953 10.235647620633243 79.176056754775345
leaf_count=11 60 132 2186 2173 224 709 706 2178 108 598 221 4802
internal_value=0.000412595 0.0149558 0.0167801 0.0185245 -0.0311241 -0.0179686 0.0163494 -0.0429208 -0.044925 -0.0180828 -0.0373483 -0.0498054
internal_weight=574.674 397.171 389.092 377.582 177.504 80.5087 34.0386 46.4701 96.9949 15.6464 11.51 81.3485
internal_count=14108 4723 4591 4359 9385 3653 1415 2238 5732 822 232 4910
cat_boundaries=0 1 2 3
cat_threshold=6 1 9
is_linear=0
shrinkage=0.05


Tree=25
num_leaves=9
num_cat=1
split_feature=0 44 43 44 4 5 34 25
split_gain=98.6225 14.5128 14.649 15.5755 5.14064 25.202 34.2014 3.1155
threshold=0 49.150000000000006 0.25000000000000006 40.850000000000009 -0.70291267844185523 0.51849435583340198 23.550000000000004 6.5159725000000011
decision_type=1 2 2 2 2 2 2 2
left_child=1 2 7 -4 5 -2 -7 -1
right_child=4 -3 3 -5 -6 6 -8 -9
leaf_value=0.014646885213780332 -0.048519699053450445 -0.048833752602214738 0.0080832712680571038 0.030085675375003382 -0.050210355623315439 -0.039221384509834062 0.18069606623553086 -0.040320112970016531
leaf_weight=2.542259672656658 20.798033429309729 9.1547469627112132 327.2758225640282 106.20166073646396 83.686482491903007 3.2739253509789696 2.2355942316353321 14.963270547799764
leaf_count=28 1278 199 4746 1669 5516 146 75 391
internal_value=-0.000177924 0.0101693 0.0116974 0.0135307 -0.0404379 -0.0234589 0.0640646 -0.0319773
internal_weight=570.132 460.138 450.983 433.477 109.994 26.3076 5.50952 17.5055
internal_count=14048 7033 6834 6415 7015 1499 221 419
cat_boundaries=0 1
cat_threshold=7
is_linear=0
shrinkage=0.05


Tree=26
num_leaves=15
num_cat=2
split_feature=0 35 37 6 33 5 27 39 0 32 35 4 30 40
split_gain=98.1712 14.7873 18.0371 20.0732 14.2976 19.3381 15.5026 11.3537 13.3127 15.6576 7.42975 5.78338 0.403362 0.873282
threshold=0 86.342262000000019 57.500000000000007 2.5000000000000004 31.850000000000005 -0.45273527932988084 16.250000000000004 20.850000000000005 1 27.065178500000005 82.136905000000013 -0.71504373327588355 34.600000000000001 120.80000000000001
decision_type=1 2 2 2 2 2 2 2 1 2 2 2 2 2
left_child=1 2 3 -1 5 -3 -6 8 9 -2 -4 -10 -9 -14
right_child=7 4 10 -5 6 -7 -8 12 11 -11 -12 -13 13 -15
leaf_value=-0.0081415698063503524 0.028803095599718442 -0.030540582636920534 0.065321326058685722 0.025309690933619594 -0.046548486163906992 0.029373536605447011 0.054359098592863281 -0.049946103095819025 -0.013918716284446159 -0.029908514131500752 -0.016331618557324772 -0.049685472966773891 -0.029238759417117666 0.022572052111616028
leaf_weight=63.877367995679379 24.587407127022743 17.926972687244415 1.9246486797928799 146.42260181717575 3.360713765025138 46.204984951764345 50.91524150967598 61.946633485145867 16.531479652971029 19.424144347198308 72.279801953583956 43.073753414675593 1.3500982997938979 0.37082871608436097
leaf_count=897 574 277 22 1706 33 408 453 4328 898 667 919 2789 80 15
internal_value=0.0002372 0.0135896 0.00769614 0.0151586 0.0287051 0.0124138 0.0473819 -0.0307902 -0.0220586 0.00229299 -0.0133734 -0.0344711 -0.049201 -0.0138819
internal_weight=570.197 402.912 284.504 210.3 118.408 64.132 54.276 167.284 103.617 44.0116 74.2045 59.6052 63.6676 1.72093
internal_count=14066 4715 3544 2603 1171 685 486 9351 4928 1241 941 3687 4423 95
cat_boundaries=0 1 2
cat_threshold=6 1
is_linear=0
shrinkage=0.05


Tree=27
num_leaves=14
num_cat=2
split_feature=0 39 44 23 25 39 0 34 33 4 26 30 40
split_gain=94.9377 16.8821 14.3824 24.8281 10.903 10.433 10.5849 16.4313 9.33162 5.58384 1.31755 0.47516 0.808141
threshold=0 26.250000000000004 40.850000000000009 97.500000000000014 6.3437500000000009 20.850000000000005 1 21.450000000000003 37.350000000000009 -0.70291267844185523 25.250000000000004 34.600000000000001 120.80000000000001
decision_type=1 2 2 2 2 2 1 2 2 2 2 2 2
left_child=1 2 4 -4 -1 6 7 -2 -3 -8 -10 -7 -13
right_child=5 8 3 -5 -6 11 9 -9 10 -11 -12 12 -14
leaf_value=0.025514420497824243 0.068028903498093124 -0.050710953466500036 0.012394874268231767 0.06606261200637828 0.0042227111238652198 -0.049879037375975578 -0.014170275654246584 -0.013009561812121496 -0.0036777093759334505 -0.049563662385627164 0.046677114948061559 -0.027878008740042971 0.022134330072107258
leaf_weight=83.512368123978376 6.5039236247539511 14.220335373654963 56.982584422454238 34.257968716323376 210.22932045720518 59.598156485706568 16.65566717647016 36.584495510905981 1.8827390149235714 40.405552637763321 2.3973485305905342 1.2125558182597149 0.3788265399634837
leaf_count=819 168 250 734 330 2492 4370 915 1043 20 2762 24 74 15
internal_value=0.000243351 0.0132027 0.0157939 0.0330432 0.0103421 -0.0309541 -0.0225495 0.000397976 -0.0319922 -0.0338283 0.0280254 -0.0491038 -0.0120253
internal_weight=564.822 403.483 384.982 91.2406 293.742 161.339 100.15 43.0884 18.5004 57.0612 4.28009 61.1895 1.59138
internal_count=14016 4669 4375 1064 3311 9347 4888 1211 294 3677 44 4459 89
cat_boundaries=0 1 2
cat_threshold=6 1
is_linear=0
shrinkage=0.05


end of trees

feature_importances:
age_group=48
day_of_year_sin=36
wind_speed_max_7d=33
day_of_year_cos=26
temperature_mean_7d=25
gender=17
month=17
temperature_min_7d=16
rain_max_daily_7d=14
wind_gust_max_7d=14
temperature_max_7d=13
wind_speed_mean_3d=12
rain_max_daily_3d=12
humidity_min_7d=12
precipitation_sum_7d=10
temperature_mean_3d=8
temperature_mean_current=5
weather_code_current=3
humidity_max_3d=3
humidity_min_3d=3
humidity_mean_7d=3
temperature_min_current=2
temperature_max_3d=2
humidity_mean_3d=2
wind_speed_max_3d=2
precipitation_sum_3d=2
wind_speed_mean_7d=2
temperature_max_current=1
temperature_min_3d=1
humidity_max_7d=1
rain_sum_7d=1

parameters:
[boosting: gbdt]
[objective: binary]
[metric: binary_logloss]
[tree_learner: serial]
[device_type: cpu]
[data_sample_strategy: bagging]
[data: ]
[valid: ]
[num_iterations: 28]
[learning_rate: 0.05]
[num_leaves: 15]
[num_threads: 8]
[seed: 42]
[deterministic: 0]
[force_col_wise: 0]
[force_row_wise: 0]
[histogram_pool_size: -1]
[max_depth: 4]
[min_data_in_leaf: 20]
[min_sum_hessian_in_leaf: 0.001]
[bagging_fraction: 0.9]
[pos_bagging_fraction: 1]
[neg_bagging_fraction: 1]
[bagging_freq: 1]
[bagging_seed: 400]
[bagging_by_query: 0]
[feature_fraction: 0.9]
[feature_fraction_bynode: 1]
[feature_fraction_seed: 30056]
[extra_trees: 0]
[extra_seed: 12879]
[early_stopping_round: 0]
[early_stopping_min_delta: 0]
[first_metric_only: 0]
[max_delta_step: 0]
[lambda_l1: 0]
[lambda_l2: 1]
[linear_lambda: 0]
[min_gain_to_split: 0]
[drop_rate: 0.1]
[max_drop: 50]
[skip_drop: 0.5]
[xgboost_dart_mode: 0]
[uniform_drop: 0]
[drop_seed: 17869]
[top_rate: 0.2]
[other_rate: 0.1]
[min_data_per_group: 100]
[max_cat_threshold: 32]
[cat_l2: 10]
[cat_smooth: 10]
[max_cat_to_onehot: 4]
[top_k: 20]
[monotone_constraints: ]
[monotone_constraints_method: basic]
[monotone_penalty: 0]
[feature_contri: ]
[forcedsplits_filename: ]
[refit_decay_rate: 0.9]
[cegb_tradeoff: 1]
[cegb_penalty_split: 0]
[cegb_penalty_feature_lazy: ]
[cegb_penalty_feature_coupled: ]
[path_smooth: 0]
[interaction_constraints: ]
[verbosity: -1]
[saved_feature_importance_type: 0]
[use_quantized_grad: 0]
[num_grad_quant_bins: 4]
[quant_train_renew_leaf: 0]
[stochastic_rounding: 1]
[linear_tree: 0]
[max_bin: 255]
[max_bin_by_feature: ]
[min_data_in_bin: 3]
[bin_construct_sample_cnt: 200000]
[data_random_seed: 175]
[is_enable_sparse: 1]
[enable_bundle: 1]
[use_missing: 1]
[zero_as_missing: 0]
[feature_pre_filter: 1]
[pre_partition: 0]
[two_round: 0]
[header: 0]
[label_column: ]
[weight_column: ]
[group_column: ]
[ignore_column: ]
[categorical_feature: 0,1,3]
[forcedbins_filename: ]
[precise_float_parser: 0]
[parser_config_file: ]
[objective_seed: 16083]
[num_class: 1]
[is_unbalance: 0]
[scale_pos_weight: 1]
[sigmoid: 1]
[boost_from_average: 1]
[reg_sqrt: 0]
[alpha: 0.9]
[fair_c: 1]
[poisson_max_delta_step: 0.7]
[tweedie_variance_power: 1.5]
[lambdarank_truncation_level: 30]
[lambdarank_norm: 1]
[label_gain: ]
[lambdarank_position_bias_regularization: 0]
[eval_at: ]
[multi_error_top_k: 1]
[auc_mu_weights: ]
[num_machines: 1]
[local_listen_port: 12400]
[time_out: 120]
[machine_list_filename: ]
[machines: ]
[gpu_platform_id: -1]
[gpu_device_id: -1]
[gpu_device_id_list: ]
[gpu_use_dp: 0]
[num_gpu: 1]

end of parameters

pandas_categorical:[]
