tree
version=v4
num_class=1
num_tree_per_iteration=1
label_index=0
max_feature_idx=44
objective=binary sigmoid:1
feature_names=age_group gender month season day_of_year_sin day_of_year_cos weather_code_current temperature_mean_current temperature_max_current temperature_min_current humidity_mean_current humidity_max_current humidity_min_current wind_speed_mean_current wind_speed_max_current precipitation_sum_current rain_sum_current wind_gust_max_current rain_day_current temperature_mean_3d temperature_max_3d temperature_min_3d humidity_mean_3d humidity_max_3d humidity_min_3d wind_speed_mean_3d wind_speed_max_3d precipitation_sum_3d rain_sum_3d rain_days_3d rain_max_daily_3d wind_gust_max_3d temperature_mean_7d temperature_max_7d temperature_min_7d humidity_mean_7d humidity_max_7d humidity_min_7d wind_speed_mean_7d wind_speed_max_7d precipitation_sum_7d rain_sum_7d rain_days_7d rain_max_daily_7d wind_gust_max_7d
feature_infos=-1:0:1:2:3:4:5 -1:0:1 [1:12] -1:1:0 [-0.99999942202469239:0.99998555065071859] [-0.99997919295908244:0.9999907524084426] [0:61] [23.658332999999999:32.533332999999999] [25.899999999999999:39.200000000000003] [17.899999999999999:29.300000000000001] [48.958333000000003:91.625] [63:100] [23:86] [2.8541669999999999:19.695833] [6.4000000000000004:30.100000000000001] [0:63.100000000000001] [0:63.100000000000001] [14:56.899999999999999] [0:1] [23.766667000000002:32.427778000000004] [27.699999999999999:39.200000000000003] [17.899999999999999:28.100000000000001] [52.569443999999997:90.694444000000004] [73:100] [23:79] [4.125:17.329167000000002] [9.6999999999999993:30.100000000000001] [0:93.900000000000006] [0:93.900000000000006] [0:3] [0:63.100000000000001] [17.300000000000001:56.899999999999999] [24.365476000000001:32.235118999999997] [28.699999999999999:39.200000000000003] [17.899999999999999:27.5] [55.767856999999999:89.523809999999997] [77:100] [23:72] [4.5327380000000002:15.469643] [11.6:30.100000000000001] [0:163.90000000000001] [0:163.90000000000001] [0:7] [0:63.100000000000001] [23:56.899999999999999]
tree_sizes=954 1073 976 1079 1084 991 1526 1069 1101 1092 1082 1069 1094 1102 1088 1107 1089 970 1104 1754 1085 1091 1092 1103 1097 1104 1088 1109 996 1108 1103 1101 1013 903 1119 1105 1011

Tree=0
num_leaves=8
num_cat=3
split_feature=0 32 1 4 0 5 20
split_gain=246.616 146.361 92.9378 66.5931 47.3735 27.5028 22.3098
threshold=0 29.308928500000004 1 0.85226249403558707 2 0.28313308994381586 37.250000000000007
decision_type=1 2 1 2 1 2 2
left_child=-1 2 3 -2 -4 6 -3
right_child=1 5 4 -5 -6 -7 -8
leaf_value=-3.321586708264991 -3.2450817566701557 -3.1734012205700335 -3.2424326580537488 -3.1518737115745044 -3.3014805102974694 -3.3077908934813807 -3.0691982534312499
leaf_weight=163.3988774754107 126.25157615914941 18.819892238825567 37.780493952333927 21.84514594450593 111.79367763549089 2.040287382900714 9.5682442784309369
leaf_count=4645 3589 535 1074 621 3178 58 272
internal_value=-3.27328 -3.24842 -3.25856 -3.23061 -3.28633 -3.14503 -3.13254
internal_weight=491.498 328.099 297.671 148.097 149.574 30.4284 28.3881
internal_count=13972 9327 8462 4210 4252 865 807
cat_boundaries=0 1 2 3
cat_threshold=48 1 8
is_linear=0
shrinkage=1


Tree=1
num_leaves=9
num_cat=3
split_feature=0 33 1 40 0 40 36 5
split_gain=236 97.0093 77.9721 60.6086 43.438 24.5408 15.6254 8.07907
threshold=0 36.850000000000001 1 92.750000000000014 2 1.1500000000000001 97.500000000000014 0.28313308994381586
decision_type=1 2 1 2 1 2 2 2
left_child=-1 2 3 -2 -4 7 -7 -3
right_child=1 5 4 -5 -6 6 -8 -9
leaf_value=-0.048394204670200641 0.027190879214941635 0.071376102018728432 0.03154047322827732 0.11089429968793729 -0.024205216446256225 0.17423463536468201 -0.0063948172102303085 -0.03235537907706125
leaf_weight=156.08413369953632 133.53735248371959 9.94430870562792 38.959941189736128 25.108951479196548 110.91812932491302 12.919796116650101 1.2340699434280402 1.6586404442787159
leaf_count=4642 3642 250 1075 692 3226 318 32 48
internal_value=0.000403955 0.0239932 0.0167296 0.0410503 -0.00911527 0.116089 0.159103 0.055157
internal_weight=490.365 334.281 308.524 158.646 149.878 25.7568 14.1539 11.6029
internal_count=13925 9283 8635 4334 4301 648 350 298
cat_boundaries=0 1 2 3
cat_threshold=48 1 8
is_linear=0
shrinkage=0.05


Tree=2
num_leaves=8
num_cat=3
split_feature=0 33 1 5 0 5 23
split_gain=217.19 113.766 80.49 44.6467 29.282 18.9123 1.68776
threshold=0 36.850000000000001 1 0.60383265664488517 2 0.28313308994381586 92.500000000000014
decision_type=1 2 1 2 1 2 2
left_child=-1 2 3 -2 -4 6 -3
right_child=1 5 4 -5 -6 -7 -8
leaf_value=-0.048201435809274523 0.053577628111999634 0.10469443287300238 0.020449249115079064 -0.0036216591487279329 -0.025416318466224826 -0.032439629053293936 0.16190756706948234
leaf_weight=150.71180427074432 118.26339285075665 20.965653009712703 41.052623547613621 47.614278361201286 109.1206314265728 1.6754134669899929 6.9393603056669226
leaf_count=4689 3079 469 1100 1286 3246 50 152
internal_value=-0.000143177 0.0216569 0.0133266 0.0372356 -0.0131544 0.114398 0.124031
internal_weight=496.343 345.631 316.051 165.878 150.173 29.5804 27.905
internal_count=14071 9382 8711 4365 4346 671 621
cat_boundaries=0 1 2 3
cat_threshold=48 1 8
is_linear=0
shrinkage=0.05


Tree=3
num_leaves=9
num_cat=3
split_feature=0 33 1 4 0 41 36 20
split_gain=198.493 83.003 65.4736 43.3725 34.2765 10.8506 9.81548 4.70415
threshold=0 36.850000000000001 1 0.85226249403558707 2 1.1500000000000001 97.500000000000014 37.750000000000007
decision_type=1 2 1 2 1 2 2 2
left_child=-1 2 3 -2 -4 7 -7 -3
right_child=1 5 4 -5 -6 6 -8 -9
leaf_value=-0.047959543594222206 0.021955304923732155 0.028395464023401231 0.02354090641898738 0.089341276997818547 -0.025466949799328023 0.12989505280593575 -0.0075353757449911577 0.091178476441125131
leaf_weight=143.39407248795033 143.49218541756272 8.9364829249680025 42.208285097032785 27.957728821784258 107.63932365179062 17.332613881677393 1.2839413359761227 4.9241288602352133
leaf_count=4667 3699 212 1110 659 3279 325 30 99
internal_value=-0.000456832 0.0196754 0.012382 0.033398 -0.0117258 0.0951816 0.120516 0.0553345
internal_weight=497.169 353.775 321.298 171.45 149.848 32.4772 18.6166 13.8606
internal_count=14080 9413 8747 4358 4389 666 355 311
cat_boundaries=0 1 2 3
cat_threshold=48 1 8
is_linear=0
shrinkage=0.05


Tree=4
num_leaves=9
num_cat=3
split_feature=0 32 0 1 4 39 44 5
split_gain=185.48 62.0281 61.1141 39.596 20.9969 19.323 13.7014 6.37171
threshold=0 29.308928500000004 1 2 -0.30983472475487861 22.750000000000004 42.300000000000004 -0.21862536810265823
decision_type=1 2 1 1 2 2 2 2
left_child=-1 2 3 -2 -4 7 -7 -3
right_child=1 5 4 -5 -6 6 -8 -9
leaf_value=-0.047729518424269451 0.056503132302954867 0.12549508493211509 0.010839114754802743 0.0071443562483233733 -0.026740404471646512 -0.0050558369817791885 0.072115143056314349 0.042534810229319084
leaf_weight=136.99824956059456 85.939260609447956 15.529947761446239 60.325067207217216 76.900304839015007 94.032474718987942 9.5367105379700678 13.034160025417803 4.2871516495943061
leaf_count=4664 2124 286 1676 2171 2577 199 272 97
internal_value=-0.000428824 0.0184857 0.0112898 0.0314594 -0.0113481 0.0750927 0.0406775 0.110453
internal_weight=496.583 359.585 317.197 162.84 154.358 42.388 22.5709 19.8171
internal_count=14066 9402 8548 4295 4253 854 471 383
cat_boundaries=0 1 2 3
cat_threshold=48 9 1
is_linear=0
shrinkage=0.05


Tree=5
num_leaves=8
num_cat=2
split_feature=0 32 0 4 4 5 39
split_gain=168.703 54.5422 57.95 36.808 18.5397 14.63 7.63461
threshold=0 29.308928500000004 1 0.29342972903661901 -0.37447345805034538 0.24997576770840005 22.750000000000004
decision_type=1 2 1 2 2 2 2
left_child=-1 2 3 -2 -4 6 -3
right_child=1 5 4 -5 -6 -7 -8
leaf_value=-0.04749050123185454 0.010865947426920619 0.095229312657013676 0.0092133304400703973 0.058558641938129236 -0.026731537357944781 -0.037456300548784571 0.04877224657442631
leaf_weight=130.64555756002665 99.040920402854681 22.238425385206938 56.215293191373348 68.078875474631786 96.183551698923111 2.5532224588096133 21.140470393002033
leaf_count=4652 2560 391 1547 1710 2703 67 411
internal_value=-0.00101712 0.016526 0.00955165 0.0288132 -0.0126728 0.0673255 0.0741979
internal_weight=496.096 365.451 319.519 167.12 152.399 45.9321 43.3789
internal_count=14041 9389 8520 4270 4250 869 802
cat_boundaries=0 1 2
cat_threshold=48 9
is_linear=0
shrinkage=0.05


Tree=6
num_leaves=13
num_cat=2
split_feature=33 1 4 44 5 34 38 5 5 4 26 1
split_gain=45.6927 40.9147 33.6427 52.2505 42.6655 19.9891 32.2766 27.6633 8.76024 5.71718 3.81125 0.691865
threshold=36.850000000000001 0 0.85226249403558707 36.900000000000013 -0.76696334127844745 25.150000000000002 7.830655000000001 -0.5129677127369543 0.28313308994381586 0.79383249484937135 20.850000000000005 1
decision_type=2 1 2 2 2 2 2 2 2 2 2 1
left_child=1 2 4 -4 -1 7 -7 -3 9 11 -11 -2
right_child=8 5 3 -5 -6 6 -8 -9 -10 10 -12 -13
leaf_value=0.034424021156465236 -0.030947473766943141 -0.050236258032170494 0.10482038194124517 -0.0081688291844387879 -0.014755788490677319 0.1257422201944374 -0.036543672813096027 -0.010859768046571735 -0.036389379015203997 0.035643823218517424 0.069097180517666362 0.0084184789778889661
leaf_weight=63.754323162138462 1.3678036108613005 67.542384745553136 20.321458142250776 19.414171267300844 137.26789210736752 4.9208598211407644 5.6390556525439024 129.92426824569702 2.3735591173171988 19.274394478648901 23.967846892774105 1.4794500693678856
leaf_count=1729 25 2146 496 479 3827 145 167 4099 75 384 483 28
internal_value=0.000334133 -0.00468273 0.00933585 0.0507704 0.00093481 -0.0208741 0.0434161 -0.0245135 0.0459474 0.0508704 0.0553287 -0.0136212
internal_weight=497.247 448.784 240.758 39.7356 201.022 208.027 10.5599 197.467 48.4631 46.0895 43.2422 2.84725
internal_count=14083 13088 6531 975 5556 6557 312 6245 995 920 867 53
cat_boundaries=0 1 2
cat_threshold=1 1
is_linear=0
shrinkage=0.05


Tree=7
num_leaves=9
num_cat=4
split_feature=0 0 32 1 4 34 30 1
split_gain=163.299 43.6656 61.3329 32.3951 76.9129 41.4863 17.0606 11.0326
threshold=0 1 30.460119000000002 2 0.90162119223771342 25.150000000000002 23.050000000000004 3
decision_type=1 1 2 1 2 2 2 1
left_child=-1 3 6 4 -2 -5 -3 -4
right_child=1 2 7 5 -6 -7 -8 -9
leaf_value=-0.04728121547297718 0.030680134225568312 -0.016672005710533535 0.045371870706281674 -0.0023316700577899661 0.13690682148473129 0.094583463830038295 0.030972925930594183 0.14996753265465143
leaf_weight=125.70522814244032 85.631034422665834 141.83542720973492 6.0902910269796831 77.545124340802431 20.586770959198475 11.867337230592964 20.698267096653581 5.6396709978580475
leaf_count=4692 1954 3932 93 2135 375 219 560 86
internal_value=-0.000419503 0.0164226 -0.00211514 0.0321692 0.0523535 0.0114353 -0.0104522 0.103491
internal_weight=495.599 369.894 174.264 195.63 106.218 89.4125 162.534 11.73
internal_count=14046 9354 4671 4683 2329 2354 4492 179
cat_boundaries=0 1 2 3 4
cat_threshold=48 9 1 1
is_linear=0
shrinkage=0.05


Tree=8
num_leaves=9
num_cat=2
split_feature=0 32 0 40 4 39 44 5
split_gain=149.801 42.1925 45.4058 31.8083 18.4451 11.408 13.0276 10.5094
threshold=0 29.308928500000004 1 74.65000000000002 -0.30983472475487861 22.450000000000003 42.300000000000004 -0.16799793862756093
decision_type=1 2 1 2 2 2 2 2
left_child=-1 2 3 -2 -4 7 -7 -3
right_child=1 5 4 -5 -6 6 -8 -9
leaf_value=-0.047043837625069744 0.011924363330551479 0.091747509046722284 0.0087794902013891753 0.058197184423476801 -0.026902548140963756 -0.0051972660292527676 0.061955277014827684 -0.010455549938881007
leaf_weight=120.07714265398681 121.99036986753345 21.949214313179258 59.931197935715318 52.859749685972929 89.050647417083383 12.598001204431059 15.484794620424507 2.6087363399565211
leaf_count=4686 2973 304 1668 1290 2592 234 270 54
internal_value=-0.000873283 0.014793 0.00835331 0.0247569 -0.0117991 0.0562716 0.0326876 0.0809064
internal_weight=496.55 376.473 323.832 174.85 148.982 52.6407 28.0828 24.558
internal_count=14071 9385 8523 4263 4260 862 504 358
cat_boundaries=0 1 2
cat_threshold=48 9
is_linear=0
shrinkage=0.05


Tree=9
num_leaves=9
num_cat=2
split_feature=0 4 1 44 19 37 37 39
split_gain=145.045 33.3042 32.7054 37.7145 37.0874 21.4351 38.3165 6.91012
threshold=0 0.85226249403558707 1 36.900000000000013 31.451389000000002 32.500000000000007 33.500000000000007 19.750000000000004
decision_type=1 2 1 2 2 2 2 2
left_child=-1 5 3 -3 -4 7 -7 -2
right_child=1 2 4 -5 -6 6 -8 -9
leaf_value=-0.046794995730571304 0.0085511305991638267 0.11846244375125353 -0.007423868984033119 0.030925655389741038 0.15619617779093967 0.12325488994193386 0.0080116065493293608 -0.049471217534061196
leaf_weight=114.4922708645463 6.4672166444361237 20.550600834190845 37.701511587947607 31.04999815300107 2.8061238378286353 6.43009478598833 257.10666730441153 19.727729104459286
leaf_count=4673 181 360 899 553 32 180 6633 552
internal_value=1.91528e-06 0.014951 0.0413636 0.0673776 0.00740074 0.00695511 0.0112788 -0.0353585
internal_weight=496.332 381.84 92.1082 51.6006 40.5076 289.732 263.537 26.1949
internal_count=14063 9390 1844 913 931 7546 6813 733
cat_boundaries=0 1 2
cat_threshold=48 1
is_linear=0
shrinkage=0.05


Tree=10
num_leaves=9
num_cat=3
split_feature=0 0 32 44 29 43 33 1
split_gain=131.828 28.5345 45.8494 30.703 39.0983 21.6789 21.6205 8.26167
threshold=0 1 30.460119000000002 43.400000000000013 1.5000000000000002 38.900000000000006 31.950000000000003 2
decision_type=1 1 2 2 2 2 2 1
left_child=-1 3 5 6 -5 -3 -2 -4
right_child=1 2 7 4 -6 -7 -8 -9
leaf_value=-0.046546923326307964 -0.014947492961793984 -0.012916544353842886 0.03358551384446639 0.16133047506846776 0.038522491018592293 0.090244661561099532 0.02699583614872731 0.11377671234084641
leaf_weight=109.29150514677167 39.257263168692589 158.72395903617144 6.9954539574682695 7.6330177150666705 30.344509847462177 4.2697127591818562 131.83010860905051 7.6158549711108208
leaf_count=4664 964 4415 95 143 698 103 2866 96
internal_value=-0.000711424 0.013191 -0.00179583 0.0253759 0.0667112 -0.00968036 0.0173407 0.0799943
internal_weight=495.961 386.67 177.605 209.065 37.9775 162.994 171.087 14.6113
internal_count=14044 9380 4709 4671 841 4518 3830 191
cat_boundaries=0 1 2 3
cat_threshold=48 9 1
is_linear=0
shrinkage=0.05


Tree=11
num_leaves=9
num_cat=4
split_feature=0 0 7 4 1 37 4 1
split_gain=123.375 27.7998 40.7047 22.8123 59.6253 20.2593 18.6472 12.4135
threshold=0 1 30.522916500000004 0.9893236546938301 2 32.500000000000007 -0.32614396506100213 3
decision_type=1 1 2 2 1 2 2 1
left_child=-1 3 6 5 -5 -2 -3 -4
right_child=1 2 7 4 -6 -7 -8 -9
leaf_value=-0.046335963944434441 -0.014391003489796373 0.012025223810999134 0.022696568705464958 -0.037626142932718327 0.16114452278548436 0.027591439173890165 -0.023038524317455497 0.11845809249833067
leaf_weight=105.31736462377012 34.05178689584136 59.17898209579289 6.8252896480262262 5.717071395367384 8.5365489423274976 166.01133888587356 102.11432289332151 7.0858747437596321
leaf_count=4699 704 1642 93 122 122 3719 2844 89
internal_value=-0.00104568 0.0121621 -0.00277379 0.0239116 0.0841784 0.0204098 -0.0101787 0.0761473
internal_weight=494.839 389.521 175.204 214.317 14.2536 200.063 161.293 13.9112
internal_count=14034 9335 4668 4667 244 4423 4486 182
cat_boundaries=0 1 2 3 4
cat_threshold=48 9 2 1
is_linear=0
shrinkage=0.05


Tree=12
num_leaves=9
num_cat=2
split_feature=0 1 34 39 38 5 5 44
split_gain=112.386 26.2323 54.0217 40.5037 37.0279 32.1529 28.3556 26.3947
threshold=0 1 25.450000000000003 23.150000000000002 12.614880500000002 -0.7444366621422277 -0.5129677127369543 51.45000000000001
decision_type=1 1 2 2 2 2 2 2
left_child=-1 4 6 -4 5 -2 -3 -6
right_child=1 2 3 -5 7 -7 -8 -9
leaf_value=-0.046036303188250853 0.051346760643601878 -0.044131531904513702 0.10584212414143773 -0.04544283145935956 0.13164749624152811 0.0057418343553240249 0.0013403380543863409 -0.037158070945130316
leaf_weight=99.564319789409637 50.51329231262207 50.825726179406047 16.416176587343219 5.290239702910184 10.866268198937176 156.02838219702244 101.12406536005437 2.407686933875083
leaf_count=4643 1118 1505 226 83 171 3334 2857 52
internal_value=-0.00141793 0.0108523 -0.0033938 0.0685938 0.0225628 0.017089 -0.0140587 0.100571
internal_weight=493.036 393.472 173.656 21.7064 219.816 206.542 151.95 13.274
internal_count=13989 9346 4671 309 4675 4452 4362 223
cat_boundaries=0 1 2
cat_threshold=48 1
is_linear=0
shrinkage=0.05


Tree=13
num_leaves=9
num_cat=2
split_feature=0 1 34 39 5 32 43 44
split_gain=114.265 22.11 46.793 35.6884 29.8594 28.8704 34.7296 8.64243
threshold=0 1 25.450000000000003 23.150000000000002 -0.5129677127369543 26.340773500000001 24.200000000000006 24.300000000000004
decision_type=1 1 2 2 2 2 2 2
left_child=-1 5 4 -4 -3 7 -7 -2
right_child=1 2 3 -5 -6 6 -8 -9
leaf_value=-0.045817507273529665 0.073087293992476363 -0.042760348407430149 0.096722272853686092 -0.045076326392684128 0.0043403862447686072 0.017763854645323238 0.067848631654329111 -0.036982132624264447
leaf_weight=95.912535691633821 1.0133622363209749 48.919986136257648 17.731654774397615 5.1576380282640448 102.74648584797978 158.68714662641287 43.730576042085886 22.013741705566645
leaf_count=4673 26 1507 228 85 2889 3269 874 535
internal_value=0.000239607 0.0122081 -0.000854951 0.0642214 -0.0110325 0.0228207 0.0288646 -0.029298
internal_weight=495.913 400.001 174.556 22.8893 151.666 225.445 202.418 23.0271
internal_count=14086 9413 4709 313 4396 4704 4143 561
cat_boundaries=0 1 2
cat_threshold=48 1
is_linear=0
shrinkage=0.05


Tree=14
num_leaves=9
num_cat=3
split_feature=0 0 32 4 40 44 30 1
split_gain=102.217 21.5235 30.4073 23.2944 35.4404 33.6823 17.5114 4.23507
threshold=0 1 30.460119000000002 0.27694220057652758 74.65000000000002 30.400000000000002 23.050000000000004 2
decision_type=1 1 2 2 2 2 2 1
left_child=-1 3 6 4 -2 -5 -3 -4
right_child=1 2 7 5 -6 -7 -8 -9
leaf_value=-0.045550217999516758 -0.019938711434134431 -0.016285241974974492 0.025037844240476087 0.12784316000233784 0.037482571738788016 0.028443221284557257 0.030253768389420878 0.079878589549992704
leaf_weight=91.536659706383944 62.40695084258914 140.13394844159484 7.1857575997710228 8.412680543959139 45.653388917446136 106.97036178037524 22.649869667366147 9.6153019294142741
leaf_count=4661 1519 3943 90 167 1015 1984 580 93
internal_value=-0.000891454 0.0102138 -0.00278099 0.0202983 0.00444191 0.0367268 -0.00966459 0.0591476
internal_weight=494.565 403.028 179.585 223.443 108.06 115.383 162.784 16.8011
internal_count=14052 9391 4706 4685 2534 2151 4523 183
cat_boundaries=0 1 2 3
cat_threshold=48 9 1
is_linear=0
shrinkage=0.05


Tree=15
num_leaves=9
num_cat=2
split_feature=0 5 33 43 31 36 1 5
split_gain=97.708 20.2234 20.6942 29.3634 25.9321 7.9885 11.8565 1.8178
threshold=0 -0.95242240592625282 31.950000000000003 14.350000000000003 38.000000000000007 98.500000000000014 1 -0.9575230291762723
decision_type=1 2 2 2 2 2 1 2
left_child=-1 5 4 -4 -3 7 -7 -2
right_child=1 2 3 -5 -6 6 -8 -9
leaf_value=-0.045355185028969007 -0.049519476321109084 -0.025169654699051275 0.009423197105737453 0.044646979010202613 0.030457283155529175 -0.045858660920133083 0.028430165788857584 0.0019253109594507233
leaf_weight=88.720273507758975 18.096073143184189 62.029632152989507 188.79746900685132 85.681292109191418 30.415381269529462 7.8835805151611567 12.584183458238842 1.8063099496066559
leaf_count=4719 476 1605 4065 1916 743 261 263 46
internal_value=-0.00091606 0.00972411 0.0136685 0.0205408 -0.00673773 -0.0232393 -0.000986992 -0.0449817
internal_weight=496.014 407.294 366.924 274.479 92.445 40.3701 20.4678 19.9024
internal_count=14094 9375 8329 5981 2348 1046 524 522
cat_boundaries=0 1 2
cat_threshold=48 2
is_linear=0
shrinkage=0.05


Tree=16
num_leaves=9
num_cat=3
split_feature=0 0 32 1 43 4 4 26
split_gain=92.6964 22.0224 28.7156 18.4259 40.8361 40.711 13.7013 3.81424
threshold=0 1 30.460119000000002 2 0.25000000000000006 0.98213580174693116 -0.30983472475487861 22.250000000000004
decision_type=1 1 2 1 2 2 2 2
left_child=-1 3 6 5 -5 -2 -3 -4
right_child=1 2 7 4 -6 -7 -8 -9
leaf_value=-0.04506743708542725 0.022430290319797489 0.0078401719375495484 0.033199475863640623 0.12509622145267893 -0.0045050795804704715 0.1108769517049409 -0.021790732911342755 0.085170009864915741
leaf_weight=84.487870391458273 118.60672461986542 62.464449083432555 11.76610002294183 5.4969957731664172 93.477168986573815 13.76611568033695 101.10581741668284 6.1374528408050528
leaf_count=4695 2193 1695 114 137 2218 164 2844 71
internal_value=-0.00058578 0.00946507 -0.00361433 0.0194232 0.00387222 0.0323907 -0.0104964 0.0545784
internal_weight=497.309 412.821 181.474 231.347 98.9742 132.373 163.57 17.9036
internal_count=14131 9436 4724 4712 2355 2357 4539 185
cat_boundaries=0 1 2 3
cat_threshold=48 9 1
is_linear=0
shrinkage=0.05


Tree=17
num_leaves=8
num_cat=4
split_feature=0 0 19 39 40 1 1
split_gain=90.592 23.8167 27.0027 18.3358 21.2947 14.5487 10.1159
threshold=0 1 30.604166500000002 29.850000000000005 75.050000000000011 2 3
decision_type=1 1 2 2 2 1 1
left_child=-1 3 5 4 -2 -3 -4
right_child=1 2 6 -5 -6 -7 -8
leaf_value=-0.044801998911076849 0.009933200084372408 0.0026527044456739644 0.0095838872511801888 0.13695162788136261 0.044023563824012943 -0.027387534121109804 0.091386179127450673
leaf_weight=80.898155853152275 168.30673135071993 95.293366834521294 6.7595888599753362 2.3928524181246749 62.401922337710857 68.647074144333601 8.3891438320279104
leaf_count=4695 3371 2290 77 25 1259 2262 73
internal_value=0.000203917 0.00996708 -0.00378569 0.0202276 0.0193041 -0.0100159 0.0577386
internal_weight=493.089 412.191 179.089 233.102 230.709 163.94 15.1487
internal_count=14052 9357 4702 4655 4630 4552 150
cat_boundaries=0 1 2 3 4
cat_threshold=48 9 1 1
is_linear=0
shrinkage=0.05


Tree=18
num_leaves=9
num_cat=2
split_feature=0 5 5 1 33 38 40 39
split_gain=86.4866 17.5573 23.8567 51.1776 23.854 10.3638 9.15456 8.44574
threshold=0 -0.94137724084408114 -0.77788789561442695 1 31.950000000000003 6.2047620000000014 58.000000000000007 26.050000000000004
decision_type=1 2 2 1 2 2 2 2
left_child=-1 5 3 -3 -4 6 -2 -7
right_child=1 2 4 -5 -6 7 -8 -9
leaf_value=-0.04454160552657413 -0.018401626654903837 0.085350343743176058 -0.015431851930092673 -0.017543267192159005 0.016218593621440791 -0.041035006219010697 0.088750736708768874 0.015272435668148308
leaf_weight=77.609035836532712 3.4962177444249383 30.066911958158016 77.874147795140743 19.299326276406646 242.94425612129271 30.242928383871913 2.9086891636252403 7.8943219184875479
leaf_count=4703 93 560 1991 542 5077 799 70 199
internal_value=0.000417303 0.00975428 0.0135639 0.0455753 0.00851181 -0.0193679 0.0356738 -0.0292871
internal_weight=492.336 414.727 370.185 49.3662 320.818 44.5422 6.40491 38.1373
internal_count=14034 9331 8170 1102 7068 1161 163 998
cat_boundaries=0 1 2
cat_threshold=48 1
is_linear=0
shrinkage=0.05


Tree=19
num_leaves=15
num_cat=1
split_feature=17 1 32 5 4 5 5 32 2 32 26 39 21 32
split_gain=16.5048 18.3439 27.727 20.8701 59.3242 30.4046 13.1974 8.78386 6.84446 5.83084 3.04603 1.60633 1.36718 0.334575
threshold=23.950000000000006 0 31.130655000000001 -0.76696334127844745 -0.452744437932114 -0.4295879841196229 -0.76696334127844745 28.830655000000004 4.5000000000000009 27.329762000000002 18.650000000000002 20.850000000000005 26.350000000000005 29.564285500000004
decision_type=2 1 2 2 2 2 2 2 2 2 2 2 2 2
left_child=7 3 6 4 -2 -5 -3 8 9 -1 -10 -4 13 -9
right_child=1 2 11 5 -6 -7 -8 12 10 -11 -12 -13 -14 -15
leaf_value=0.027095984246704553 0.12792973914065794 -0.038283228990500115 0.024018229873577424 -0.037239810402179989 0.010724394750787569 0.013425681785635671 -0.0058914261605866871 0.052619939994904198 -0.041154659423738423 -0.032083617949889169 0.00085525690539150394 0.090329389834265278 -0.0031844446684331112 0.011377353555699445
leaf_weight=8.4715946447104198 12.829962331801651 40.442699791863561 2.1171516329050055 36.410586548037827 50.233565911650658 141.10447969380766 132.44119115266949 2.8110394589602938 45.505322161130607 6.4263433059677473 4.7118272660300127 5.726029833778739 1.9919881820678709 1.3390678353607652
leaf_count=262 293 1571 23 833 1261 3545 4211 67 1492 182 153 60 33 22
internal_value=-0.00107366 0.00270682 -0.00930127 0.0117287 0.036194 0.00288315 -0.0136454 -0.0231538 -0.0285963 0.00115601 -0.0372732 0.0771698 0.0304702 0.0441057
internal_weight=492.563 421.306 180.727 240.579 63.0635 177.515 172.884 71.2572 65.1151 14.8979 50.2171 7.84318 6.1421 4.15011
internal_count=14008 11797 5865 5932 1554 4378 5782 2211 2089 444 1645 83 122 89
cat_boundaries=0 1
cat_threshold=1
is_linear=0
shrinkage=0.05


Tree=20
num_leaves=9
num_cat=3
split_feature=0 0 32 44 44 37 4 1
split_gain=74.5074 21.5785 20.1989 19.126 28.2311 19.5853 13.3733 5.35576
threshold=0 1 30.497916500000006 43.750000000000007 44.800000000000004 32.500000000000007 -0.34235669412071196 2
decision_type=1 1 2 2 2 2 2 1
left_child=-1 3 6 5 -5 -2 -3 -4
right_child=1 2 7 4 -6 -7 -8 -9
leaf_value=-0.044182302357901965 -0.025779843349149602 0.0068490393226636401 0.0084455591750418751 0.12966412373173086 0.02694484455281523 0.017561033770444136 -0.022601671022068753 0.06333381628544732
leaf_weight=73.26581288035959 30.01400700956583 60.905708033591509 7.6713828444480896 7.4984532855451098 35.59622335806489 164.83293150365353 102.25177320837975 10.844923712313177
leaf_count=4653 586 1640 86 147 639 3284 2930 85
internal_value=-0.00123232 0.00723252 -0.00563776 0.0168742 0.0473532 0.0107873 -0.0116331 0.0421913
internal_weight=492.881 419.615 181.674 237.942 43.0947 194.847 163.157 18.5163
internal_count=14050 9397 4741 4656 786 3870 4570 171
cat_boundaries=0 1 2 3
cat_threshold=48 9 1
is_linear=0
shrinkage=0.05


Tree=21
num_leaves=9
num_cat=3
split_feature=0 0 4 40 44 19 30 1
split_gain=71.6178 16.6079 19.0551 32.5381 20.1641 17.481 13.9227 3.17389
threshold=0 1 0.29342972903661901 66.050000000000011 30.400000000000002 30.368750000000002 23.050000000000004 2
decision_type=1 1 2 2 2 2 2 1
left_child=-1 2 3 -2 -4 6 -3 -7
right_child=1 5 4 -5 -6 7 -8 -9
leaf_value=-0.043912504736138877 -0.025526209934663893 -0.016376633139635912 0.093500941307398514 0.027192129481364354 0.022851874014326097 0.012075340329837498 0.024432085306498246 0.052584716075997996
leaf_weight=70.336973312310874 56.79742961935699 136.18856947310269 10.215149007737635 58.300190676003695 120.49356262944639 8.7258254736661911 23.743563262745738 12.431778522208333
leaf_count=4665 1363 3943 166 1194 2007 106 588 107
internal_value=-0.000858995 0.00717917 0.0154285 0.00118133 0.0290412 -0.00426051 -0.010204 0.0371768
internal_weight=497.233 426.896 245.806 115.098 130.709 181.09 159.932 21.1576
internal_count=14139 9474 4730 2557 2173 4744 4531 213
cat_boundaries=0 1 2 3
cat_threshold=48 9 1
is_linear=0
shrinkage=0.05


Tree=22
num_leaves=9
num_cat=3
split_feature=0 5 5 1 33 37 1 40
split_gain=71.8073 16.8689 16.2317 33.6517 15.6145 8.25543 11.8303 3.35285
threshold=0 -0.94703994556331683 -0.78858226040708135 1 31.950000000000003 61.500000000000007 2 98.450000000000003
decision_type=1 2 2 1 2 2 1 2
left_child=-1 5 3 -3 -4 7 -7 -2
right_child=1 2 4 -5 -6 6 -8 -9
leaf_value=-0.043656896016342608 -0.047468652069403761 0.065605608868093121 -0.012023088837222026 -0.016460480894746467 0.013539211983630024 -0.044772378872476766 0.035212824241327136 0.0047669185070985205
leaf_weight=67.730640025809407 20.413491509854797 34.640257004648447 77.369583420455456 18.711081709712744 251.84722413308918 6.5483368225395679 10.948038168251516 3.3851579576730719
leaf_count=4684 567 567 1989 551 5152 234 226 76
internal_value=0.000294199 0.0082372 0.0117185 0.0370505 0.00751357 -0.0215817 0.00447478 -0.040146
internal_weight=491.594 423.863 382.568 53.3513 329.217 41.295 17.4964 23.7986
internal_count=14046 9362 8259 1118 7141 1103 460 643
cat_boundaries=0 1 2 3
cat_threshold=48 1 2
is_linear=0
shrinkage=0.05


Tree=23
num_leaves=9
num_cat=2
split_feature=0 0 9 4 44 44 4 43
split_gain=62.6194 16.6838 20.1975 15.4404 26.2108 22.4448 14.3804 5.85269
threshold=0 1 26.150000000000002 0.27694220057652758 38.70000000000001 36.550000000000004 -0.30983472475487861 27.950000000000006
decision_type=1 1 2 2 2 2 2 2
left_child=-1 3 6 4 -2 -5 -3 -4
right_child=1 2 7 5 -6 -7 -8 -9
leaf_value=-0.043364000072029146 -0.019477869850718667 0.0054085281068308949 0.024660247804292237 0.050447131975387818 0.028500182150697464 0.0088861112231334149 -0.025684157931408089 0.10234056649179134
leaf_weight=64.888111805543303 65.631513608619571 62.435067309066653 24.016902653500441 54.455982884392142 48.700530413538218 79.728066412732005 89.892228787764907 1.9131099320948113
leaf_count=4682 1519 1688 280 885 997 1278 2682 38
internal_value=-0.001489 0.00584147 -0.00568722 0.0140014 0.00102863 0.0260012 -0.0129879 0.0339789
internal_weight=491.662 426.773 178.257 248.516 114.332 134.184 152.327 25.93
internal_count=14049 9367 4688 4679 2516 2163 4370 318
cat_boundaries=0 1 2
cat_threshold=48 9
is_linear=0
shrinkage=0.05


Tree=24
num_leaves=9
num_cat=2
split_feature=0 5 31 44 38 4 1 25
split_gain=63.1911 13.7349 13.6741 13.2382 12.6378 12.2163 9.22016 7.57953
threshold=0 -0.95242240592625282 29.000000000000004 50.20000000000001 6.2047620000000014 -0.10837695015263894 1 12.723611000000002
decision_type=1 2 2 2 2 2 1 2
left_child=-1 4 5 -4 6 -3 -2 -6
right_child=1 2 3 -5 7 -7 -8 -9
leaf_value=-0.043075039673238516 0.079255920170497193 -0.031551202838553463 0.015897928375875624 -0.046670923758855475 -0.040695239941671471 0.010417974281232789 -0.034696679585626847 0.04298712490127779
leaf_weight=62.26968929450959 3.931065183132886 33.16590117290616 316.95629022084177 7.739440666511654 29.519074305891994 34.451548676937819 2.05675058811903 2.1613810900598756
leaf_count=4690 76 901 6518 176 840 778 76 53
internal_value=-7.92568e-05 0.00706833 0.0100132 0.0142678 -0.0212403 -0.0103274 0.0407505 -0.0338454
internal_weight=492.251 429.981 392.313 324.696 37.6683 67.6174 5.98782 31.6805
internal_count=14108 9418 8373 6694 1045 1679 152 893
cat_boundaries=0 1 2
cat_threshold=48 1
is_linear=0
shrinkage=0.05


Tree=25
num_leaves=9
num_cat=2
split_feature=0 17 1 21 43 12 4 40
split_gain=58.4624 13.9719 14.2892 21.2691 17.2733 10.1282 5.46528 2.36406
threshold=0 23.950000000000006 1 25.450000000000003 0.35000000000000003 44.500000000000007 0.98802474685579855 1.3500000000000003
decision_type=1 2 1 2 2 2 2 2
left_child=-1 5 4 -4 -3 7 -7 -2
right_child=1 2 3 -5 -6 6 -8 -9
leaf_value=-0.042771755830273213 0.0021461108412455477 -0.025966022253757506 -0.011362047305678745 0.033538277544637431 0.02249820105292882 -0.025006910466262845 0.054673262442715392 0.07364451775114067
leaf_weight=59.679480808787048 1.8001297041773785 19.409676436334848 121.81821515597403 32.590070363134146 199.52603055723011 53.475170349702239 1.3228796385228623 2.5736697223037481
leaf_count=4688 50 410 3529 405 3534 1354 21 57
internal_value=-0.000560726 0.00619265 0.00991763 -0.00173037 0.0181031 -0.0160551 -0.022138 0.0500932
internal_weight=492.195 432.516 373.344 154.408 218.936 59.1718 54.798 4.3738
internal_count=14048 9360 7878 3934 3944 1482 1375 107
cat_boundaries=0 1 2
cat_threshold=48 1
is_linear=0
shrinkage=0.05


Tree=26
num_leaves=9
num_cat=3
split_feature=0 1 38 32 40 44 0 19
split_gain=54.2338 14.7597 25.5312 24.8931 20.7885 19.7309 18.4166 1.00549
threshold=0 1 12.614880500000002 31.130655000000001 1.6500000000000001 51.45000000000001 2 31.933333000000001
decision_type=1 1 2 2 2 2 1 2
left_child=-1 2 4 6 -2 -4 -3 -5
right_child=1 3 5 7 -6 -7 -8 -9
leaf_value=-0.042454062043309398 -0.024305940821381988 0.013413841429239537 0.091675191451699695 0.035390250947456903 0.015365201893246382 -0.039574089332693532 -0.019830887803948337 0.090790208294513522
leaf_weight=57.13094502966851 38.668746760115027 54.326034927740693 14.925154551863672 3.2487895637750608 197.86854990758002 2.8939234912395468 116.81025759316981 4.9064829796552658
leaf_count=4677 783 1162 169 22 3692 52 3479 30
internal_value=-0.000949256 0.00545513 0.0133042 -0.00538961 0.0088048 0.0693893 -0.00963375 0.0749968
internal_weight=490.779 433.648 254.356 179.292 236.537 17.8191 171.136 8.15527
internal_count=14066 9389 4696 4693 4475 221 4641 52
cat_boundaries=0 1 2 3
cat_threshold=48 1 8
is_linear=0
shrinkage=0.05


Tree=27
num_leaves=9
num_cat=2
split_feature=0 1 34 4 5 39 5 36
split_gain=53.1881 13.0445 24.4683 26.7246 23.9678 21.103 30.8633 21.5651
threshold=0 1 25.450000000000003 0.92922379131507438 -0.5129677127369543 24.150000000000002 0.3484035575467645 99.500000000000014
decision_type=1 1 2 2 2 2 2 2
left_child=-1 5 4 -4 -3 7 -7 -2
right_child=1 2 3 -5 -6 6 -8 -9
leaf_value=-0.042148784648095572 -0.0027679326521403806 -0.042897382875780071 0.062184756086264441 -0.047996461649770755 0.00068518461558669732 0.057958061537289919 -0.046665596007949783 0.035442364647392449
leaf_weight=54.846131924539804 158.88472212478518 44.284431271255016 22.484049301594499 6.3757321424782267 103.87913495860994 43.421995114535093 7.6003523152321568 47.058024240657687
leaf_count=4679 2881 1491 226 78 2868 659 171 963
internal_value=-0.000215794 0.00599933 -0.00429371 0.0370512 -0.0125414 0.0133119 0.0417757 0.00609222
internal_weight=488.835 433.988 177.023 28.8598 148.164 256.965 51.0223 205.943
internal_count=14016 9337 4663 304 4359 4674 830 3844
cat_boundaries=0 1 2
cat_threshold=48 1
is_linear=0
shrinkage=0.05


Tree=28
num_leaves=8
num_cat=2
split_feature=0 31 35 1 44 43 34
split_gain=48.3228 14.6296 13.7521 20.1286 11.4645 12.736 3.30548
threshold=0 29.000000000000004 65.267857000000006 1 50.20000000000001 14.350000000000003 25.150000000000002
decision_type=1 2 2 1 2 2 2
left_child=-1 2 3 -2 5 -3 -4
right_child=1 4 6 -5 -6 -7 -8
leaf_value=-0.041842094790508565 -0.037562000682361096 0.0016994537525984626 -0.025506631306375063 0.13714208737409558 -0.046875245168686963 0.020614054226240269 0.01873443580016897
leaf_weight=52.68954564537853 2.5182088054716578 199.12950661405921 60.203827731311321 2.4425800424069166 8.0543941408395749 160.20553913153708 3.8330213092267504
leaf_count=4683 63 3922 1565 67 191 3470 57
internal_value=-0.00113596 0.00471224 -0.0161518 0.0570347 0.00879174 0.0101661 -0.0226112
internal_weight=489.077 436.387 68.9976 4.96079 367.389 359.335 64.0368
internal_count=14018 9335 1752 130 7583 7392 1622
cat_boundaries=0 1 2
cat_threshold=48 1
is_linear=0
shrinkage=0.05


Tree=29
num_leaves=9
num_cat=1
split_feature=0 4 38 34 44 38 33 40
split_gain=44.6346 15.1051 22.5637 22.8942 18.9549 37.3526 16.995 2.90241
threshold=0 0.85226249403558707 10.662798000000002 23.750000000000004 47.000000000000007 11.2630955 36.95000000000001 120.15000000000002
decision_type=1 2 2 2 2 2 2 2
left_child=-1 4 3 -3 5 -2 -4 -6
right_child=1 2 6 -5 7 -7 -8 -9
leaf_value=-0.041575563296403203 -0.003234805875300892 0.083183442982137756 -0.032275298743539273 0.015474065610644376 -0.04667177833330869 0.065490062010120545 0.018915415487498824 0.023335448266295047
leaf_weight=50.940329898148775 274.04902245663106 20.522009640932083 24.92297039180994 31.128547159954906 23.708955481648449 20.303178045898676 42.288386832922697 0.99345457553863425
leaf_count=4720 6514 386 485 513 551 387 466 19
internal_value=-0.00185136 0.00371629 0.018935 0.0434456 -0.00187867 0.00171123 -0.000261742 -0.0430579
internal_weight=488.857 437.917 118.862 51.6506 319.055 294.352 67.2114 24.7024
internal_count=14041 9321 1850 899 7471 6901 951 570
cat_boundaries=0 1
cat_threshold=48
is_linear=0
shrinkage=0.05


Tree=30
num_leaves=9
num_cat=2
split_feature=0 5 38 25 43 1 13 6
split_gain=43.9653 11.1066 12.7674 12.333 14.3825 9.36964 4.10679 1.23992
threshold=0 -0.95242240592625282 6.4422620000000004 5.3750000000000009 14.350000000000003 1 11.820833000000002 2.5000000000000004
decision_type=1 2 2 2 2 1 2 2
left_child=-1 2 5 7 -5 -2 -4 -3
right_child=1 3 6 4 -6 -7 -8 -9
leaf_value=-0.041202246326064472 0.067095738913936331 0.0016170141529998202 -0.044283947039991341 0.00055266434959490816 0.020040812306826146 -0.036857971080163497 0.0037407476517807591 -0.04142685801862192
leaf_weight=48.582338183186948 5.2488380856811991 1.8176812473684538 24.345052015036348 224.06651856936514 163.02109341695905 2.5344892423599958 5.2202107440680257 12.945814933627842
leaf_count=4685 95 44 708 4582 3343 105 124 329
internal_value=-0.000873014 0.00450514 -0.021125 0.0070456 0.00879055 0.0329028 -0.0359595 -0.0363609
internal_weight=487.782 439.2 37.3486 401.851 387.088 7.78333 29.5653 14.7635
internal_count=14015 9330 1032 8298 7925 200 832 373
cat_boundaries=0 1 2
cat_threshold=48 1
is_linear=0
shrinkage=0.05


Tree=31
num_leaves=9
num_cat=2
split_feature=0 0 44 29 37 9 4 43
split_gain=40.1731 11.7685 16.6009 21.9538 15.3474 13.2828 14.0885 7.62007
threshold=0 1 43.400000000000013 1.5000000000000002 32.500000000000007 26.150000000000002 -0.30983472475487861 27.950000000000006
decision_type=1 1 2 2 2 2 2 2
left_child=-1 2 4 -4 -2 6 -3 -7
right_child=1 5 3 -5 -6 7 -8 -9
leaf_value=-0.040885874668085007 -0.02686400379240422 0.0055414650450942154 0.094168701538785426 0.017278229094024926 0.01001646009577793 0.015018380055791154 -0.025068599532350605 0.1008346960538453
leaf_weight=46.732307022437453 32.634426411241293 63.813062282279134 11.311181548982857 40.470550747588277 174.33895977213979 27.558421466499571 89.422106109559536 1.9344956018030632
leaf_count=4693 595 1664 139 705 3227 298 2680 34
internal_value=-0.00166521 0.00341624 0.010115 0.0355401 0.00410014 -0.00610544 -0.0123681 0.0237695
internal_weight=488.216 441.483 258.755 51.7817 206.973 182.728 153.235 29.4929
internal_count=14035 9342 4666 844 3822 4676 4344 332
cat_boundaries=0 1 2
cat_threshold=48 9
is_linear=0
shrinkage=0.05


Tree=32
num_leaves=8
num_cat=1
split_feature=0 17 44 43 4 9 22
split_gain=41.8959 10.58 10.5341 12.3825 8.23314 6.94503 3.2835
threshold=0 23.950000000000006 50.20000000000001 14.350000000000003 -0.12546116083924147 23.250000000000004 85.951388500000022
decision_type=1 2 2 2 2 2 2
left_child=-1 4 3 -3 6 -6 -2
right_child=1 2 -4 -5 5 -7 -8
leaf_value=-0.040596707019926008 -0.046132327144659147 0.0013860123677019928 -0.046444707020026677 0.01962512732251747 0.041971915316018481 -0.010604243262192356 -0.012637667325065549
leaf_weight=45.140949429012835 16.715527774766091 207.38629985786974 7.6047295723110429 168.03646966163069 7.9968802500516203 19.919997023418546 14.201512126252053
leaf_count=4718 505 4176 191 3494 202 409 369
internal_value=0.000151253 0.00519574 0.00834978 0.00958015 -0.0142661 0.00538701 -0.0316248
internal_weight=487.002 441.861 383.027 375.423 58.8339 27.9169 30.917
internal_count=14064 9346 7861 7670 1485 611 874
cat_boundaries=0 1
cat_threshold=48
is_linear=0
shrinkage=0.05


Tree=33
num_leaves=7
num_cat=1
split_feature=0 5 34 34 8 22
split_gain=35.5544 9.02415 13.3064 24.7165 11.7267 2.32308
threshold=0 0.99681593486783593 20.350000000000005 20.450000000000003 33.250000000000007 61.402778000000005
decision_type=1 2 2 2 2 2
left_child=-1 2 -2 -4 5 -3
right_child=1 4 3 -5 -6 -7
leaf_value=-0.040196635463039442 -0.04790166192469178 0.0051323080288720587 0.11184876837490235 0.0019902805573576983 -0.034669834304338551 0.10463029417509032
leaf_weight=43.040507544763386 12.064737670123575 0.78319965302944083 4.1834514625370494 422.65470959246159 2.0024303533136845 4.1164217907935381
leaf_count=4682 373 21 99 8710 58 111
internal_value=-0.0019082 0.00270908 0.00181206 0.00332592 0.0557312 0.0922915
internal_weight=488.845 445.805 438.903 426.838 6.90205 4.89962
internal_count=14054 9372 9182 8809 190 132
cat_boundaries=0 1
cat_threshold=48
is_linear=0
shrinkage=0.05


Tree=34
num_leaves=9
num_cat=1
split_feature=0 6 26 5 39 35 38 41
split_gain=35.1806 12.2968 8.85125 8.50784 6.10189 14.6082 5.35641 3.16241
threshold=0 27.000000000000004 12.250000000000002 -0.95242240592625282 22.850000000000005 86.693452500000021 6.8693455000000005 85.750000000000014
decision_type=1 2 2 2 2 2 2 2
left_child=-1 2 7 -4 6 -6 -3 -2
right_child=1 4 3 -5 5 -7 -8 -9
leaf_value=-0.039820173362764229 -0.043029174130809721 -0.0043507233933191142 -0.017454396495170041 0.010322443239595368 -0.04106881136266035 0.046306841782909308 -0.041688323612315961 0.034166683728904045
leaf_weight=41.201758153736591 10.329097202047702 15.497909948229788 29.032690561376512 347.98735019750893 7.7798771057277945 9.5386869087815267 25.407290637493134 0.7563262842595585
leaf_count=4662 309 346 815 6984 183 178 571 16
internal_value=-0.00096857 0.00351061 0.00681236 0.00814295 -0.0176486 0.00695656 -0.0279835 -0.035371
internal_weight=487.531 446.329 388.105 377.02 58.2238 17.3186 40.9052 11.0854
internal_count=14064 9402 8124 7799 1278 361 917 325
cat_boundaries=0 1
cat_threshold=48
is_linear=0
shrinkage=0.05


Tree=35
num_leaves=9
num_cat=2
split_feature=0 1 4 5 33 38 2 36
split_gain=34.5089 10.1993 20.2625 32.0658 18.7647 28.8136 23.0829 18.5966
threshold=0 1 0.87397152483179585 -0.76696334127844745 33.95000000000001 7.5928575000000009 8.5000000000000018 88.500000000000014
decision_type=1 1 2 2 2 2 2 2
left_child=-1 2 3 -2 6 -6 -3 -4
right_child=1 4 7 -5 5 -7 -8 -9
leaf_value=-0.039498644412215358 0.028882651435111525 -0.041074987618113679 0.10759130841006324 -0.012650859450819223 0.089747565482994313 0.001238972938295129 0.0073018472080166753 0.024034592377039695
leaf_weight=39.732716858386993 71.35460153222084 54.789528699591756 6.6732129938900462 128.92847387120128 9.523882292211054 73.073311468586326 43.720709444954991 60.367440357804298
leaf_count=4674 1175 1800 85 2662 211 1408 1258 761
internal_value=-0.000380277 0.00395675 0.0102361 0.00221621 -0.00509997 0.012396 -0.0197468 0.0338109
internal_weight=488.164 448.431 267.324 200.283 181.107 82.5972 98.5102 67.0407
internal_count=14034 9360 4683 3837 4677 1619 3058 846
cat_boundaries=0 1 2
cat_threshold=48 1
is_linear=0
shrinkage=0.05


Tree=36
num_leaves=8
num_cat=2
split_feature=0 0 44 5 41 4 4
split_gain=32.6217 11.9496 13.7957 15.9455 11.5352 20.4157 18.5999
threshold=0 1 46.600000000000001 0.67007489853957602 57.250000000000007 -0.14250824554987662 -0.98214942551678475
decision_type=1 1 2 2 2 2 2
left_child=-1 4 3 -3 5 -2 -6
right_child=1 2 -4 -5 6 -7 -8
leaf_value=-0.039138623867799538 -0.03447361749447591 0.0057626312111279457 -0.049492867302544784 -0.032502870649796456 -0.033336909507454458 0.010752371727899583 0.031325139766067982
leaf_weight=38.172747422475368 29.637196877971292 134.88654760923237 15.767792711965738 33.049701107665896 11.812796503305433 133.58453554287553 91.509325943887234
leaf_count=4669 726 3148 409 1117 229 2151 1601
internal_value=-0.000442221 0.00370326 -0.00592456 -0.00191581 0.0103106 0.00238049 0.0236836
internal_weight=488.421 450.248 183.704 167.936 266.544 163.222 103.322
internal_count=14050 9381 4674 4265 4707 2877 1830
cat_boundaries=0 1 2
cat_threshold=48 9
is_linear=0
shrinkage=0.05


end of trees

feature_importances:
age_group=54
gender=33
day_of_year_cos=30
day_of_year_sin=29
wind_gust_max_7d=20
temperature_mean_7d=15
wind_speed_max_7d=11
precipitation_sum_7d=11
temperature_max_7d=10
wind_speed_mean_7d=10
rain_max_daily_7d=10
temperature_min_7d=9
humidity_min_7d=6
humidity_max_7d=5
temperature_mean_3d=4
wind_speed_max_3d=4
temperature_min_current=3
wind_gust_max_current=3
rain_max_daily_3d=3
wind_gust_max_3d=3
rain_sum_7d=3
month=2
weather_code_current=2
temperature_max_3d=2
temperature_min_3d=2
humidity_mean_3d=2
wind_speed_mean_3d=2
rain_days_3d=2
humidity_mean_7d=2
temperature_mean_current=1
temperature_max_current=1
humidity_min_current=1
wind_speed_mean_current=1
humidity_max_3d=1

parameters:
[boosting: gbdt]
[objective: binary]
[metric: binary_logloss]
[tree_learner: serial]
[device_type: cpu]
[data_sample_strategy: bagging]
[data: ]
[valid: ]
[num_iterations: 37]
[learning_rate: 0.05]
[num_leaves: 15]
[num_threads: 8]
[seed: 42]
[deterministic: 0]
[force_col_wise: 0]
[force_row_wise: 0]
[histogram_pool_size: -1]
[max_depth: 4]
[min_data_in_leaf: 20]
[min_sum_hessian_in_leaf: 0.001]
[bagging_fraction: 0.9]
[pos_bagging_fraction: 1]
[neg_bagging_fraction: 1]
[bagging_freq: 1]
[bagging_seed: 400]
[bagging_by_query: 0]
[feature_fraction: 0.9]
[feature_fraction_bynode: 1]
[feature_fraction_seed: 30056]
[extra_trees: 0]
[extra_seed: 12879]
[early_stopping_round: 0]
[early_stopping_min_delta: 0]
[first_metric_only: 0]
[max_delta_step: 0]
[lambda_l1: 0]
[lambda_l2: 1]
[linear_lambda: 0]
[min_gain_to_split: 0]
[drop_rate: 0.1]
[max_drop: 50]
[skip_drop: 0.5]
[xgboost_dart_mode: 0]
[uniform_drop: 0]
[drop_seed: 17869]
[top_rate: 0.2]
[other_rate: 0.1]
[min_data_per_group: 100]
[max_cat_threshold: 32]
[cat_l2: 10]
[cat_smooth: 10]
[max_cat_to_onehot: 4]
[top_k: 20]
[monotone_constraints: ]
[monotone_constraints_method: basic]
[monotone_penalty: 0]
[feature_contri: ]
[forcedsplits_filename: ]
[refit_decay_rate: 0.9]
[cegb_tradeoff: 1]
[cegb_penalty_split: 0]
[cegb_penalty_feature_lazy: ]
[cegb_penalty_feature_coupled: ]
[path_smooth: 0]
[interaction_constraints: ]
[verbosity: -1]
[saved_feature_importance_type: 0]
[use_quantized_grad: 0]
[num_grad_quant_bins: 4]
[quant_train_renew_leaf: 0]
[stochastic_rounding: 1]
[linear_tree: 0]
[max_bin: 255]
[max_bin_by_feature: ]
[min_data_in_bin: 3]
[bin_construct_sample_cnt: 200000]
[data_random_seed: 175]
[is_enable_sparse: 1]
[enable_bundle: 1]
[use_missing: 1]
[zero_as_missing: 0]
[feature_pre_filter: 1]
[pre_partition: 0]
[two_round: 0]
[header: 0]
[label_column: ]
[weight_column: ]
[group_column: ]
[ignore_column: ]
[categorical_feature: 0,1,3]
[forcedbins_filename: ]
[precise_float_parser: 0]
[parser_config_file: ]
[objective_seed: 16083]
[num_class: 1]
[is_unbalance: 0]
[scale_pos_weight: 1]
[sigmoid: 1]
[boost_from_average: 1]
[reg_sqrt: 0]
[alpha: 0.9]
[fair_c: 1]
[poisson_max_delta_step: 0.7]
[tweedie_variance_power: 1.5]
[lambdarank_truncation_level: 30]
[lambdarank_norm: 1]
[label_gain: ]
[lambdarank_position_bias_regularization: 0]
[eval_at: ]
[multi_error_top_k: 1]
[auc_mu_weights: ]
[num_machines: 1]
[local_listen_port: 12400]
[time_out: 120]
[machine_list_filename: ]
[machines: ]
[gpu_platform_id: -1]
[gpu_device_id: -1]
[gpu_device_id_list: ]
[gpu_use_dp: 0]
[num_gpu: 1]

end of parameters

pandas_categorical:[]
