tree
version=v4
num_class=1
num_tree_per_iteration=1
label_index=0
max_feature_idx=44
objective=binary sigmoid:1
feature_names=age_group gender month season day_of_year_sin day_of_year_cos weather_code_current temperature_mean_current temperature_max_current temperature_min_current humidity_mean_current humidity_max_current humidity_min_current wind_speed_mean_current wind_speed_max_current precipitation_sum_current rain_sum_current wind_gust_max_current rain_day_current temperature_mean_3d temperature_max_3d temperature_min_3d humidity_mean_3d humidity_max_3d humidity_min_3d wind_speed_mean_3d wind_speed_max_3d precipitation_sum_3d rain_sum_3d rain_days_3d rain_max_daily_3d wind_gust_max_3d temperature_mean_7d temperature_max_7d temperature_min_7d humidity_mean_7d humidity_max_7d humidity_min_7d wind_speed_mean_7d wind_speed_max_7d precipitation_sum_7d rain_sum_7d rain_days_7d rain_max_daily_7d wind_gust_max_7d
feature_infos=-1:0:1:2:3:4:5 -1:0:1 [1:12] -1:1:0 [-0.99999942202469239:0.99998555065071859] [-0.99997919295908244:0.9999907524084426] [0:61] [23.658332999999999:32.533332999999999] [25.899999999999999:39.200000000000003] [17.899999999999999:29.300000000000001] [48.958333000000003:91.625] [63:100] [23:86] [2.8541669999999999:19.695833] [6.4000000000000004:30.100000000000001] [0:63.100000000000001] [0:63.100000000000001] [14:56.899999999999999] [0:1] [23.766667000000002:32.427778000000004] [27.699999999999999:39.200000000000003] [17.899999999999999:28.100000000000001] [52.569443999999997:90.694444000000004] [73:100] [23:79] [4.125:17.329167000000002] [9.6999999999999993:30.100000000000001] [0:93.900000000000006] [0:93.900000000000006] [0:3] [0:63.100000000000001] [17.300000000000001:56.899999999999999] [24.365476000000001:32.235118999999997] [28.699999999999999:39.200000000000003] [17.899999999999999:27.5] [55.767856999999999:89.523809999999997] [77:100] [23:72] [4.5327380000000002:15.469643] [11.6:30.100000000000001] [0:163.90000000000001] [0:163.90000000000001] [0:7] [0:63.100000000000001] [23:56.899999999999999]
tree_sizes=1598 1723 1586 1605 1596 1727 1759 1639 1733 1623 1619 1598 1708 1756 1704 1711 1710 1718 1729

Tree=0
num_leaves=14
num_cat=1
split_feature=0 36 44 35 5 25 34 5 32 23 9 5 26
split_gain=1357.58 176.13 110.928 66.8879 66.0812 39.2626 35.4289 11.0121 24.4333 13.3052 7.1411 6.29605 4.01831
threshold=0 96.500000000000014 34.750000000000007 72.145833000000025 -0.26037106507032776 8.593055500000002 24.150000000000002 0.96849880583763492 27.956845000000005 77.500000000000014 23.550000000000004 -0.28519997588938983 12.050000000000002
decision_type=1 2 2 2 2 2 2 2 2 2 2 2 2
left_child=1 5 3 -3 -4 11 -7 9 10 -2 -9 -1 -11
right_child=7 2 4 -5 -6 6 -8 8 -10 12 -12 -13 -14
leaf_value=-1.9719202282632255 -1.9499251309572032 -1.8838623885448869 -1.8920132711358242 -1.9703143016865807 -1.9397255160680251 -1.9459852275589309 -1.9919754009160335 -2.0387270055539504 -1.906957916524106 -2.0220305242627394 -1.9892525703314461 -2.0228596912492032 -2.0448443626352559
leaf_weight=6.1207335889339438 3.0603667944669715 24.905053913593292 188.79297225177288 172.01371982693672 124.52526956796646 79.252946987748146 87.695338144898415 34.719333633780479 3.5880162417888632 24.166344687342644 8.9700406044721586 52.448355063796043 664.20512428879738
leaf_count=58 29 236 1789 1630 1180 751 831 329 34 229 85 497 6294
internal_value=-1.99382 -1.9461 -1.92922 -1.95888 -1.91075 -1.98232 -1.96999 -2.04135 -2.01787 -2.04361 -2.02871 -2.01727 -2.04409
internal_weight=1474.46 735.754 510.237 196.919 313.318 225.517 166.948 738.709 47.2774 691.432 43.6894 58.5691 688.371
internal_count=13972 6972 4835 1866 2969 2137 1582 7000 448 6552 414 555 6523
cat_boundaries=0 1
cat_threshold=7
is_linear=0
shrinkage=1


Tree=1
num_leaves=15
num_cat=3
split_feature=0 36 39 0 5 30 44 5 38 1 23 8 39 9
split_gain=1231.98 160.145 165.534 106.684 62.133 33.8317 31.8982 11.8774 22.5697 30.3541 15.4014 8.14108 7.86052 3.21322
threshold=0 96.500000000000014 18.750000000000004 1 -0.099822328936730778 0.15000000000000005 34.400000000000013 0.96849880583763492 6.1681545000000009 2 77.500000000000014 33.350000000000001 12.150000000000002 23.550000000000004
decision_type=1 2 2 1 2 2 2 2 2 1 2 2 2 2
left_child=1 5 3 -3 -4 11 -7 10 9 -9 -2 -1 -12 -10
right_child=7 2 4 -5 -6 6 -8 8 13 -11 12 -13 -14 -15
leaf_value=-0.047064039745668751 0.047239630115000576 0.049517870659036962 0.098831049217805902 -0.020715104320378874 0.048822115146118131 -0.037119707992676193 0.029454846730280121 0.11743949807983714 -0.046987652217805695 -0.04026672833219281 0.010492532863713825 -0.0087762664551245366 -0.050209168200058975 -0.0061073384045658334
leaf_weight=20.278326191008091 3.3804245293140402 153.36564611643553 211.45397844165564 76.284562394022942 92.469004608690739 19.677553318440914 143.80643825232983 5.0589849799871427 31.189419507980347 5.3872229903936386 5.0588303729891768 41.723848752677441 654.45377510786057 6.0337474867701522
leaf_count=193 31 1406 1870 699 843 187 1348 47 306 50 49 391 6448 57
internal_value=0.000185133 0.0441689 0.0596576 0.0274482 0.0838258 0.00936617 0.0212647 -0.0467602 -0.0226239 0.0396963 -0.0491635 -0.0218469 -0.0497284 -0.0406942
internal_weight=1469.62 759.059 533.573 229.65 303.923 225.486 163.484 710.562 47.6694 10.4462 662.893 62.0022 659.513 37.2232
internal_count=13925 6937 4818 2105 2713 2119 1535 6988 460 97 6528 584 6497 363
cat_boundaries=0 1 2 3
cat_threshold=7 5 1
is_linear=0
shrinkage=0.05


Tree=2
num_leaves=14
num_cat=5
split_feature=0 2 39 44 0 0 38 25 23 1 44 38 1
split_gain=1121.66 93.9053 81.1498 110.614 78.5469 57.067 66.7893 39.1929 15.8633 12.6456 11.9594 16.6049 5.1916
threshold=0 4.5000000000000009 18.750000000000004 45.550000000000004 1 2 6.3586310000000017 8.4222220000000014 77.500000000000014 3 28.600000000000005 6.112797500000001 4
decision_type=1 2 2 2 1 1 2 2 2 1 2 2 1
left_child=1 5 4 -4 -3 6 -1 -7 9 -2 11 -10 -12
right_child=8 2 3 -5 -6 7 -8 -9 10 -11 12 -13 -14
leaf_value=0.21921884207790387 0.097275639404840533 0.047412893813664418 0.084010297609508927 0.011458409385372145 -0.018217707886073357 -0.030794157503202163 0.040311751470407137 0.016770472263243397 0.016229275752030658 -0.039992775962336254 -0.044596754032814712 -0.043949216509459099 -0.054437464162227257
leaf_weight=4.628179319202899 2.6082344502210608 132.82736925035715 250.85823135077953 66.821039035916328 63.268065057694912 66.020884737372398 89.348295606672764 121.41211678087711 16.886830531060696 2.3529810011386871 314.90016652643681 32.082092218101025 320.88633251190186
leaf_count=41 24 1178 2122 566 591 615 817 1103 161 22 3221 326 3284
internal_value=-0.000195503 0.0400244 0.0532312 0.0688335 0.0277342 0.0172266 0.0464476 -5.51454e-05 -0.0464632 0.0363849 -0.0477932 -0.0232873 -0.0496411
internal_weight=1484.9 795.184 513.775 317.679 196.095 281.409 93.9765 187.433 689.717 4.96122 684.755 48.9689 635.786
internal_count=14071 7033 4457 2688 1769 2576 858 1718 7038 46 6992 487 6505
cat_boundaries=0 1 2 3 4 5
cat_threshold=7 5 4 1 1
is_linear=0
shrinkage=0.05


Tree=3
num_leaves=14
num_cat=4
split_feature=0 36 39 0 44 25 38 23 1 44 38 34 1
split_gain=1017.94 115.811 103.508 83.1028 29.9022 28.6185 31.5551 13.9701 10.5101 9.58035 12.3168 8.77266 4.89319
threshold=0 96.500000000000014 18.750000000000004 1 45.550000000000004 8.593055500000002 13.519047500000001 77.500000000000014 2 28.600000000000005 6.1681545000000009 22.450000000000003 3
decision_type=1 2 2 1 2 2 2 2 1 2 2 2 1
left_child=1 5 3 -3 -4 11 -7 8 -2 10 -9 -1 -11
right_child=7 2 4 -5 -6 6 -8 9 -10 12 -12 -13 -14
leaf_value=-0.03606872367546108 0.080584578435979548 0.042356428018410851 0.073607128425977483 -0.018766183242543543 0.032821483251633622 0.024591809835063955 -0.04557039445477875 0.006497205703475741 -0.040222196903181767 -0.043924677363293925 -0.044460842116558257 0.0041369886891422488 -0.053700162623935337
leaf_weight=38.443470180034637 3.0300109386444083 167.52140145748854 284.17490113526583 76.322118379175663 56.179624140262604 160.19336107373238 16.872180871665478 18.834851123392582 2.421027697622776 304.25427811592817 29.997735001146793 20.392219796776772 305.74874065816402
leaf_count=378 26 1433 2272 721 462 1436 154 179 23 3223 316 191 3266
internal_value=-0.000226838 0.0368258 0.0491978 0.0241903 0.0669908 0.00766318 0.0176878 -0.0458217 0.0290117 -0.0471784 -0.0250702 -0.0222973 -0.0489043
internal_weight=1484.39 820.099 584.198 243.844 340.355 235.901 177.066 664.287 5.45104 658.836 48.8326 58.8357 610.003
internal_count=14080 7047 4888 2154 2734 2159 1590 7033 49 6984 495 569 6489
cat_boundaries=0 1 2 3 4
cat_threshold=7 5 1 1
is_linear=0
shrinkage=0.05


Tree=4
num_leaves=14
num_cat=4
split_feature=0 36 39 0 9 44 30 23 44 33 1 1 4
split_gain=915.331 100.245 95.0457 73.5339 40.5624 28.7265 24.7568 10.2517 9.22798 12.2159 7.91107 5.96649 4.23977
threshold=0 96.500000000000014 18.750000000000004 1 25.350000000000005 34.400000000000013 0.15000000000000005 77.500000000000014 28.600000000000005 33.550000000000004 2 3 0.2603727204637144
decision_type=1 2 2 1 2 2 2 2 2 2 1 1 2
left_child=1 5 3 -3 -4 12 -7 10 9 -9 -2 -10 -1
right_child=7 2 4 -5 -6 6 -8 8 11 -11 -12 -13 -14
leaf_value=0.014355604121481763 0.062761048464773136 0.03775837190232248 0.054636161551490869 -0.019609487741079259 0.10429479539672869 -0.016604739299630404 0.023628411088602724 -0.037487219975417749 -0.042463759247302751 0.021796855693026158 -0.040200006914036433 -0.053284962033097627 -0.04164808530047736
leaf_weight=3.3043023422360411 3.195070080459117 174.44301002472639 306.31779071688652 74.522818729281425 48.538400545716286 49.910803899168968 154.47223921120167 37.282771550118923 295.22899976372719 10.517094880342482 2.4541459605097771 290.62112822383642 29.7958580031991
leaf_count=31 26 1447 2356 714 365 465 1370 395 3238 100 24 3240 295
internal_value=-0.000194406 0.0338959 0.0451079 0.0213028 0.0617026 0.00674011 0.0137704 -0.0448681 -0.0461705 -0.024264 0.0187135 -0.0479135 -0.0358003
internal_weight=1480.6 841.305 603.822 248.966 354.856 237.483 204.383 639.299 633.65 47.7999 5.64922 585.85 33.1002
internal_count=14066 7043 4882 2161 2721 2161 1835 7023 6973 495 50 6478 326
cat_boundaries=0 1 2 3 4
cat_threshold=7 5 1 1
is_linear=0
shrinkage=0.05


Tree=5
num_leaves=15
num_cat=3
split_feature=0 36 39 5 32 44 44 5 32 1 39 4 1 4
split_gain=854.137 87.6431 76.3978 63.3942 29.4898 25.5392 24.3453 11.1688 26.3239 43.8153 9.95556 5.40635 4.23767 6.47402
threshold=0 96.500000000000014 18.350000000000005 0.96407344085605595 26.673809500000004 34.400000000000013 36.900000000000013 0.5475998096715059 27.989285500000005 1 13.350000000000003 0.52033990680116082 2 0.52766072109828632
decision_type=1 2 2 2 2 2 2 2 2 1 2 2 1 2
left_child=1 5 3 -3 -4 11 -7 12 10 -10 -9 -1 13 -2
right_child=7 2 4 -5 -6 6 -8 8 9 -11 -12 -13 -14 -15
leaf_value=-0.012428791834000509 -0.036320299212490477 0.0071565600244855717 0.032916951895144063 0.089037555634061821 0.06326995236952615 0.04780968642624768 0.0048906294479331477 0.011012240911269679 0.07242635175211623 -0.051742363877052111 -0.04487712503061575 -0.052954756411586382 -0.054989837249035882 -0.054794896396676424
leaf_weight=17.344188220798969 130.23090092092752 182.89549668133259 114.30276691913605 26.187355540692806 299.05158492177725 40.399529948830605 165.10679860413074 8.0377043783664686 13.396329782903194 13.059209726750851 150.52148243784904 16.183017306029797 210.91372931003571 88.087583534419537
leaf_count=174 1478 1573 884 216 2206 360 1467 84 137 144 1700 165 2453 1000
internal_value=0.0003278 0.0322878 0.0425326 0.0177871 0.0549763 0.00688965 0.0135185 -0.0442803 -0.0343258 0.011481 -0.0419927 -0.0329572 -0.0495105 -0.0439903
internal_weight=1475.72 861.471 622.437 209.083 413.354 239.034 205.506 614.247 185.015 26.4555 158.559 33.5272 429.232 218.318
internal_count=14041 7045 4879 1789 3090 2166 1827 6996 2065 281 1784 339 4931 2478
cat_boundaries=0 1 2 3
cat_threshold=7 1 1
is_linear=0
shrinkage=0.05


Tree=6
num_leaves=15
num_cat=1
split_feature=36 39 5 38 44 5 7 40 1 44 5 44 34 39
split_gain=65.3735 49.2978 47.7402 28.1569 25.707 36.8116 21.3155 24.0126 32.3582 28.0092 12.6106 7.04626 6.14302 5.14857
threshold=97.500000000000014 18.850000000000005 0.97263757644091864 7.0178570000000002 45.550000000000004 -0.099822328936730778 27.468750000000004 26.450000000000003 0 46.250000000000007 -0.98801846520836334 29.700000000000003 20.350000000000005 18.350000000000005
decision_type=2 2 2 2 2 2 2 2 1 2 2 2 2 2
left_child=6 2 3 -2 5 -3 12 8 -8 -9 -6 -4 -1 -14
right_child=1 4 11 -5 10 -7 7 9 -10 -11 -12 -13 13 -15
leaf_value=-0.051743757434926568 -0.0007533780680691023 0.035014723912947521 0.058233936690339688 -0.029982111853632049 0.045564941286460256 0.00414198025242865 0.0020033232229350697 0.026596772642583234 -0.030354304409535182 -0.046666880749290596 -0.013775589525679447 0.017076215426272617 -0.050248048904789691 -0.02034118572911614
leaf_weight=24.751041695475578 249.43863622844219 266.2057229578495 28.274150557816029 122.07780281454325 9.2016079574823362 151.65012958645821 155.90722974389791 79.069003634154797 151.94283083081245 14.642268829047678 72.998144075274467 17.854327842593193 16.26360011100769 116.32628735899925
leaf_count=268 2449 2314 245 1206 82 1391 1553 737 1543 147 671 166 168 1143
internal_value=4.5187e-05 0.00825272 -0.00442403 -0.0104124 0.018828 0.0238469 -0.013422 -0.00727476 -0.0140137 0.0147776 -0.00666507 0.0430039 -0.0289658 -0.0243583
internal_weight=1476.6 917.701 417.645 371.516 500.056 417.856 558.902 401.561 307.85 93.7113 82.1998 46.1285 157.341 132.59
internal_count=14083 8524 4066 3655 4458 3705 5559 3980 3096 884 753 411 1579 1311
cat_boundaries=0 1
cat_threshold=1
is_linear=0
shrinkage=0.05


Tree=7
num_leaves=14
num_cat=1
split_feature=0 36 39 34 7 40 34 5 23 32 33 39 37
split_gain=812.381 65.8738 65.9831 38.7297 29.833 36.5677 29.5879 10.3233 15.7335 14.9305 8.15061 7.47475 6.16671
threshold=0 97.500000000000014 15.750000000000002 24.550000000000004 27.468750000000004 26.450000000000003 23.250000000000004 0.96849880583763492 77.500000000000014 27.956845000000005 35.45000000000001 12.150000000000002 40.500000000000007
decision_type=1 2 2 2 2 2 2 2 2 2 2 2 2
left_child=1 4 6 -4 10 -6 -3 8 -2 12 -1 -10 -9
right_child=7 2 3 -5 5 -7 -8 9 11 -11 -12 -13 -14
leaf_value=-0.015678102622837305 0.043888761571001807 0.024034387935605722 0.052913995893761105 0.0094934390191076003 0.010462901505999125 0.056574793836273424 -0.040134004393487542 -0.052465666972535831 0.01062877908345547 0.054837545076557803 0.053391916232605335 -0.048499608476935602 -0.011418207222225698
leaf_weight=83.479954309761524 3.9729881137609473 40.507787421345711 427.55697275698185 58.907112270593643 174.14803197979927 56.378552556037903 30.68247514218092 17.53445889800787 5.0676740929484358 4.8066343143582335 3.5334467142820349 545.60180503129959 19.491978086531162
leaf_count=742 34 344 3199 434 1547 433 267 199 51 39 28 6511 218
internal_value=-0.000100124 0.030431 0.0411193 0.0476864 0.0125457 0.0219359 -0.00379456 -0.0446359 -0.0472016 -0.0207312 -0.0122985 -0.0479372 -0.0317254
internal_weight=1471.67 875.194 557.654 486.464 317.54 230.527 71.1903 596.476 554.642 41.8331 87.0134 550.669 37.0264
internal_count=14046 6994 4244 3633 2750 1980 611 7052 6596 456 770 6562 417
cat_boundaries=0 1
cat_threshold=7
is_linear=0
shrinkage=0.05


Tree=8
num_leaves=15
num_cat=2
split_feature=0 36 39 4 34 7 43 5 38 1 34 36 39 9
split_gain=709.75 62.7451 67.6688 40.718 27.4844 22.4326 25.6355 10.5327 16.2857 21.4259 7.84124 7.14557 7.25912 4.9003
threshold=0 97.500000000000014 15.850000000000003 -0.65234524191686594 23.250000000000004 27.339583500000003 34.150000000000013 0.96849880583763492 6.3017855000000003 1 20.350000000000005 81.000000000000014 13.250000000000002 23.550000000000004
decision_type=1 2 2 2 2 2 2 2 2 1 2 2 2 2
left_child=1 5 4 -4 -3 10 -7 11 9 -9 -1 -2 -13 -10
right_child=7 2 3 -5 -6 6 -8 8 13 -11 -12 12 -14 -15
leaf_value=-0.048180854659212458 0.040774702006360304 0.020114741503254256 0.024450172835787511 0.054602482915696804 -0.038937392154719919 0.01394641304942878 0.10118230111211553 0.084943192053807931 -0.047298958480102238 -0.040334989241326551 -0.0062565059593981971 -0.0061740414572710716 -0.047455142053376288 0.0068340084257254774
leaf_weight=12.53849485516548 1.6328657343983639 43.705229677259922 175.57760640978813 321.41895238310099 34.265953920781612 237.69280022382736 7.7707042545080176 6.3907342851161939 25.236486904323105 5.5070009529590607 65.740873172879219 11.200824014842508 518.73288331925869 4.6957503408193579
leaf_count=132 17 362 1288 2303 303 2021 59 55 301 54 569 121 6434 52
internal_value=-0.000593227 0.0270358 0.0372387 0.0440208 -0.0060013 0.00968917 0.0171074 -0.0435811 -0.0195354 0.0283253 -0.0134948 -0.0462514 -0.0465959 -0.0388602
internal_weight=1472.11 898.711 574.968 496.997 77.9712 323.743 245.464 573.397 41.83 11.8977 78.2794 531.567 529.934 29.9322
internal_count=14071 7037 4256 3591 665 2781 2080 7034 462 109 701 6572 6555 353
cat_boundaries=0 1 2
cat_threshold=7 1
is_linear=0
shrinkage=0.05


Tree=9
num_leaves=14
num_cat=2
split_feature=0 36 39 35 1 5 8 32 23 5 32 39 31
split_gain=665.288 61.9735 56.128 30.429 22.9261 27.97 27.8026 19.75 10.1114 10.1457 19.9886 8.20423 7.42448
threshold=0 96.500000000000014 15.850000000000003 87.464285500000003 1 -0.39827153806311177 33.150000000000013 26.308333500000003 77.500000000000014 0.97263757644091864 27.956845000000005 12.750000000000002 37.600000000000001
decision_type=1 2 2 2 1 2 2 2 2 2 2 2 2
left_child=1 4 7 -4 6 -6 -1 -3 12 11 -11 -10 -2
right_child=8 2 3 -5 5 -7 -8 -9 9 10 -12 -13 -14
leaf_value=-0.017397408646812572 0.063128748185135836 0.039066135396453663 0.045156181790687581 0.015623860819587635 0.032053685762655951 -0.024342357460222994 0.035297403396513265 -0.01633899054096799 0.0025784785087020561 -0.033022646136480455 0.066706718258696632 -0.046649299114790016 -0.038943000889034657
leaf_weight=34.585332244634628 3.1718420013785353 20.108484275639057 485.74204345792532 107.97258284687996 28.003358840942383 90.491039618849754 85.057273030281067 66.637524917721748 8.5051593706011754 30.732590198516846 5.0123516395688048 500.69937641173601 2.2282215729355812
leaf_count=330 26 165 3392 780 240 832 738 579 91 364 38 6465 23
internal_value=0.000431272 0.0263797 0.0343402 0.0398208 0.00468795 -0.0108578 0.0200469 -0.00319675 -0.0425557 -0.0440082 -0.0176032 -0.0458236 0.0215071
internal_weight=1468.95 918.598 680.461 593.715 238.137 118.494 119.643 86.746 550.35 544.949 35.7449 509.205 5.40006
internal_count=14063 7056 4916 4172 2140 1072 1068 744 7007 6958 402 6556 49
cat_boundaries=0 1 2
cat_threshold=7 1
is_linear=0
shrinkage=0.05


Tree=10
num_leaves=14
num_cat=3
split_feature=0 36 39 0 34 5 38 23 1 5 32 39 13
split_gain=579.044 46.7282 46.7019 63.7088 19.9418 18.4447 17.6901 11.6624 9.18028 8.23444 12.7093 7.33068 0.0973664
threshold=0 97.500000000000014 18.850000000000005 1 20.350000000000005 -0.056951011027366542 13.519047500000001 77.500000000000014 2 0.96849880583763492 27.956845000000005 12.150000000000002 9.9833335000000023
decision_type=1 2 2 1 2 2 2 2 1 2 2 2 2
left_child=1 4 3 -3 12 -4 -6 8 -2 11 -11 -9 -1
right_child=7 2 5 -5 6 -7 -8 9 -10 10 -12 -13 -14
leaf_value=-0.051201763462249153 0.071750090296217511 0.030975267668757259 0.051529040140545448 -0.021498449230455324 0.014056678300499288 0.025812194463006779 -0.037172362382654527 0.014545336675370842 -0.039597967605592664 -0.031447063449149056 0.047065860679596741 -0.045388166664972258 -0.018718221110058095
leaf_weight=11.838978439569471 3.259406365454196 178.92165353894234 242.9771593362093 75.818632118403912 302.26162941753864 102.44000841677189 16.896719112992287 4.7263185158371916 2.4192173629999161 33.054649665951729 5.1610326170921317 480.81276692450047 1.8208820745348919
leaf_count=133 25 1338 1527 674 2511 702 155 47 26 402 38 6448 18
internal_value=-0.000171035 0.0234601 0.0320354 0.015705 0.00864964 0.0439988 0.0112369 -0.0414409 0.0254871 -0.0430034 -0.0199141 -0.0447761 -0.0484439
internal_weight=1462.41 932.976 600.157 254.74 332.818 345.417 319.158 529.433 5.67862 523.755 38.2157 485.539 13.6599
internal_count=14044 7058 4241 2012 2817 2229 2666 6986 51 6935 440 6495 151
cat_boundaries=0 1 2 3
cat_threshold=7 5 1
is_linear=0
shrinkage=0.05


Tree=11
num_leaves=14
num_cat=4
split_feature=0 0 5 1 2 36 34 34 23 5 32 1 39
split_gain=547.118 42.7548 117.222 93.3053 68.4386 60.4659 36.9351 28.1786 11.0531 10.165 15.3794 7.58251 7.5377
threshold=0 1 -0.44505783185115427 2 10.500000000000002 99.500000000000014 24.550000000000004 25.150000000000002 77.500000000000014 0.96849880583763492 27.727976000000002 3 12.450000000000001
decision_type=1 1 2 1 2 2 2 2 2 2 2 1 2
left_child=1 4 7 -4 6 -6 -1 -3 11 12 -11 -2 -10
right_child=8 2 3 -5 5 -7 -8 -9 9 10 -12 -13 -14
leaf_value=0.030445942655581721 0.062143346754762067 0.032201435857035686 0.015331826921434588 -0.057375607954264031 0.12409563676980798 0.037008086365083147 -0.00046344505908722507 0.097568695056111654 0.0046738116161879192 -0.03712436505307537 0.030861255386581243 -0.038742388314465775 -0.045819171798196216
leaf_weight=429.78695195913315 3.5730000436305991 106.46512654423714 89.533948667347431 85.374974153935909 32.665937952697277 52.079694293439388 124.56687054783106 19.071597464382648 7.3314854353666297 27.684560343623161 10.847631111741064 2.2733792662620544 463.4989897608757
leaf_count=3115 26 741 736 713 232 374 938 144 77 354 96 25 6463
internal_value=-0.000504961 0.0221461 0.00594365 -0.0202819 0.0295335 0.0716325 0.0235121 0.0428247 -0.0414016 -0.0429955 -0.0176885 0.0229848 -0.0450247
internal_weight=1454.75 939.545 300.446 174.909 639.099 84.7456 554.354 125.537 515.209 509.363 38.5322 5.84638 470.83
internal_count=14034 6993 2334 1449 4659 606 4053 885 7041 6990 450 51 6540
cat_boundaries=0 1 2 3 4
cat_threshold=7 5 1 1
is_linear=0
shrinkage=0.05


Tree=12
num_leaves=15
num_cat=4
split_feature=0 0 5 2 36 20 39 5 5 33 1 38 1 43
split_gain=497.348 39.1562 108.497 59.1129 58.054 35.5677 19.4113 17.256 11.5537 21.5829 15.5006 10.1526 4.63244 8.46272
threshold=0 1 -0.41399101439218416 10.500000000000002 99.500000000000014 31.250000000000004 20.750000000000004 0.92519182738459493 0.5475998096715059 36.20000000000001 2 6.2892860000000015 3 21.550000000000004
decision_type=1 1 2 2 2 2 2 2 2 2 1 2 1 2
left_child=1 3 6 5 -5 -1 -3 -4 12 11 -11 -10 13 -2
right_child=8 2 7 4 -6 -7 -8 -9 9 10 -12 -13 -14 -15
leaf_value=-0.0061493361725034439 -0.049189172247648669 0.016209898080833559 -0.014348642465791312 0.11431912748867748 0.031679237073673115 0.027073834540049226 0.054860265287849076 -0.056262514362174269 -0.0090827578416253288 0.12455975935888196 -0.035851521573549178 -0.040767626939774933 -0.053613723584818612 -0.025368381976534921
leaf_weight=96.827691972255707 111.15790016204119 58.514526404440403 138.36714138090611 35.124066695570946 54.385241955518723 468.97121705114841 75.408975005149841 29.211084097623825 33.249922432005405 2.8654611557722083 1.8776548728346822 114.34730903059244 166.02603758126497 61.691982269287109
leaf_count=670 1581 439 1163 230 381 3406 485 252 389 27 24 1611 2457 874
internal_value=-0.00085147 0.020111 0.00466257 0.0270244 0.0650125 0.0213874 0.0382183 -0.0219452 -0.0412122 -0.0302282 0.0658724 -0.033739 -0.0472591 -0.0408821
internal_weight=1448.03 956.81 301.502 655.308 89.5093 565.799 133.924 167.578 491.216 152.34 4.74312 147.597 338.876 172.85
internal_count=13989 7026 2339 4687 611 4076 924 1415 6963 2051 51 2000 4912 2455
cat_boundaries=0 1 2 3 4
cat_threshold=7 5 1 1
is_linear=0
shrinkage=0.05


Tree=13
num_leaves=15
num_cat=1
split_feature=0 36 39 44 44 35 31 5 23 43 40 39 32 39
split_gain=460.119 33.422 37.4078 26.5418 27.4368 24.4315 16.754 11.9012 15.6444 15.4314 18.3933 5.79559 3.02278 1.34077
threshold=0 96.500000000000014 15.750000000000002 34.400000000000013 36.900000000000013 88.276786000000016 34.400000000000013 0.96849880583763492 77.500000000000014 1.0500000000000003 0.65000000000000002 12.750000000000002 27.946131000000005 22.650000000000002
decision_type=1 2 2 2 2 2 2 2 2 2 2 2 2 2
left_child=1 3 6 12 -5 -4 -3 8 -2 10 -9 -10 -1 -11
right_child=7 2 5 4 -6 -7 -8 9 11 13 -12 -13 -14 -15
leaf_value=-0.048987284170124323 0.043935284523614261 -0.011438514341262557 0.031493952382465031 0.044338476962215628 0.00077064534147023114 -0.010504320065226919 0.093926907821092795 -0.047393438104915003 -0.0028716120138698124 -0.051067976307793854 0.048281892893599306 -0.044773149589808263 -0.01347590370938518 -0.0063084677166690365
leaf_weight=21.437174640595916 4.3660734593868247 79.555723004043102 606.14620704203844 44.829277485609055 171.02729420363903 36.262311555445194 2.9624025747179976 6.7053712680935886 8.5586582049727422 15.65120839327574 13.656121484935282 428.52463516965508 9.5002620518207532 2.199690267443656
leaf_count=230 34 655 3955 370 1462 259 22 91 94 215 128 6453 89 29
internal_value=-0.000307257 0.0194406 0.0250449 0.00372864 0.00998159 0.0291106 -0.00657656 -0.0398461 -0.0429944 -0.0134674 0.0160308 -0.0439611 -0.0388458 -0.0461797
internal_weight=1451.38 971.721 724.927 246.794 215.857 642.409 82.5181 479.662 441.449 38.2124 20.3615 437.083 30.9374 17.8509
internal_count=14086 7042 4891 2151 1832 4214 677 7044 6581 463 219 6547 319 244
cat_boundaries=0 1
cat_threshold=7
is_linear=0
shrinkage=0.05


Tree=14
num_leaves=15
num_cat=4
split_feature=0 0 5 2 32 34 39 32 5 32 1 26 1 35
split_gain=429.275 39.3153 93.9033 61.1652 39.9894 34.6813 19.0169 18.5192 10.2855 23.684 33.0678 10.3633 6.05543 8.9323
threshold=0 1 -0.41399101439218416 11.500000000000002 27.107440500000003 24.350000000000005 18.750000000000004 26.606547500000005 0.5475998096715059 27.989285500000005 2 12.15 3 85.547619000000012
decision_type=1 1 2 2 2 2 2 2 2 2 1 2 1 2
left_child=1 3 6 5 -5 -1 -3 -4 12 11 -11 -10 13 -2
right_child=8 2 7 4 -6 -7 -8 -9 9 10 -12 -13 -14 -15
leaf_value=0.028529262915710243 -0.048852626979721848 -0.0022984329929776398 -0.045701579977213407 0.10274099497234482 -0.02271956985249865 0.0024422386759012614 0.043242777819424039 -0.010315126927291359 0.0073163569521786853 0.064300703303302606 -0.049983532915887738 -0.042736421013737147 -0.053219854104138681 -0.024579836053666794
leaf_weight=458.78831086307764 91.224773857742548 28.89317537099123 53.957719452679157 36.505472525954247 7.2584318965673438 176.51621755212545 108.15071102231741 115.57759113609791 11.107634671032427 13.761559545993805 10.137061215937138 109.99922882020473 152.24994889646769 70.883619569242001
leaf_count=3181 1405 251 456 227 53 1252 659 984 140 144 140 1638 2452 1070
internal_value=-0.000371423 0.0182148 0.00295078 0.0249492 0.0818901 0.0212963 0.0336942 -0.0217795 -0.039737 -0.0291949 0.0157643 -0.0381234 -0.0457519 -0.0384549
internal_weight=1445.01 985.648 306.579 679.068 43.7639 635.305 137.044 169.535 459.364 145.005 23.8986 121.107 314.358 162.108
internal_count=14052 7063 2350 4713 280 4433 910 1440 6989 2062 284 1778 4927 2475
cat_boundaries=0 1 2 3 4
cat_threshold=7 5 1 1
is_linear=0
shrinkage=0.05


Tree=15
num_leaves=15
num_cat=4
split_feature=0 0 5 5 34 34 5 36 5 32 1 39 1 5
split_gain=402.79 31.7624 80.7013 49.806 35.94 19.1336 19.0271 14.1003 12.3791 14.9535 29.8999 10.8689 7.26475 8.72708
threshold=0 1 -0.5129677127369543 0.9863035000474919 24.550000000000004 25.050000000000004 0.92519182738459493 97.500000000000014 0.63089349388778826 27.875298000000004 2 13.350000000000003 3 -0.7444366621422277
decision_type=1 1 2 2 2 2 2 2 2 2 1 2 1 2
left_child=1 3 5 4 -1 -3 -4 -5 12 11 -11 -10 13 -2
right_child=8 2 6 7 -6 -7 -8 -9 9 10 -12 -13 -14 -15
leaf_value=0.026796649252552519 -0.021296532083413575 0.025355384300306164 -0.010718366184723507 0.010964566351794262 -0.0026949989256282699 0.078405716601601783 -0.055687723991837294 0.10031333205591514 0.019547016855873418 0.048182273664768155 -0.050760553605008266 -0.040209285039166702 -0.053042437642960738 -0.045771199911541299
leaf_weight=525.2267068400979 59.303483739495277 108.07000279426575 150.43424881249666 5.6183968558907535 128.32392213493586 19.711432658135891 27.067732028663158 25.434116989374161 7.7099174484610549 16.514523729681969 12.545576971024277 91.036400932818651 154.89559046551585 107.21062658727169
leaf_count=3548 927 692 1265 47 937 131 245 146 86 179 177 1405 2612 1697
internal_value=-0.000139106 0.0176644 0.00380434 0.0236871 0.0210107 0.0340842 -0.0178494 0.0849937 -0.0388522 -0.0261956 0.00519987 -0.0353944 -0.0449933 -0.0372338
internal_weight=1439.1 989.887 305.283 684.603 653.551 127.781 177.502 31.0525 449.216 127.806 29.0601 98.7463 321.41 166.514
internal_count=14094 7011 2333 4678 4485 823 1510 193 7083 1847 356 1491 5236 2624
cat_boundaries=0 1 2 3 4
cat_threshold=7 5 1 1
is_linear=0
shrinkage=0.05


Tree=16
num_leaves=15
num_cat=4
split_feature=0 0 5 2 39 34 32 43 5 32 1 39 1 4
split_gain=371.414 26.7886 69.6396 39.907 33.3579 28.1904 23.5354 21.2042 11.0872 17.895 23.2871 9.55469 6.05187 8.68316
threshold=0 1 -0.41399101439218416 11.500000000000002 15.550000000000002 24.550000000000004 26.606547500000005 18.750000000000004 0.56191161272202661 28.111012000000006 2 13.350000000000003 3 0.54219432480460406
decision_type=1 1 2 2 2 2 2 2 2 2 1 2 1 2
left_child=1 3 7 5 -5 -1 -4 -3 12 11 -11 -10 13 -2
right_child=8 2 6 4 -6 -7 -8 -9 9 10 -12 -13 -14 -15
leaf_value=0.023727928840160901 -0.027587325075172565 0.009944596059725877 -0.046467492232913229 -0.0019456187642248773 0.089915710404574634 -0.0022765013781782593 -0.005806250349361379 0.048192982021287911 0.016124298513959509 -0.047915378085981064 0.060866655663555758 -0.038443993374317621 -0.052839526802114435 -0.052555588532161926
leaf_weight=520.30215387791395 93.322058729827404 74.977918140590191 51.262651391327381 13.505652651190756 35.42052911221981 130.05368226766586 112.63738046586514 70.341535724699497 8.111852400004862 7.3290511816740036 11.167195305228235 109.95635144412518 142.26176770403981 60.098286747932434
leaf_count=3475 1492 479 454 92 198 952 975 447 89 110 109 1739 2513 1007
internal_value=-0.000511316 0.0161089 0.00345204 0.0215656 0.0650271 0.0185322 -0.0187284 0.0286615 -0.0387149 -0.0274576 0.0175155 -0.034591 -0.045109 -0.037645
internal_weight=1440.75 1008.5 309.219 699.282 48.9262 650.356 163.9 145.319 432.247 136.564 18.4962 118.068 295.682 153.42
internal_count=14131 7072 2355 4717 290 4427 1429 926 7059 2047 219 1828 5012 2499
cat_boundaries=0 1 2 3 4
cat_threshold=7 5 2 1
is_linear=0
shrinkage=0.05


Tree=17
num_leaves=15
num_cat=3
split_feature=0 36 39 34 9 25 25 5 32 1 26 1 43 32
split_gain=334.366 25.3392 33.0684 39.4046 28.1594 20.5118 22.9547 13.9866 19.5981 36.5904 12.2859 5.99245 9.00564 4.2341
threshold=0 96.500000000000014 18.750000000000004 23.250000000000004 25.350000000000005 8.593055500000002 12.619444500000002 0.5475998096715059 27.727976000000002 1 12.15 2 21.550000000000004 28.497917000000005
decision_type=1 2 2 2 2 2 2 2 2 1 2 1 2 2
left_child=1 5 3 -3 -4 13 -7 11 10 -10 -9 12 -2 -1
right_child=7 2 4 -5 -6 6 -8 8 9 -11 -12 -13 -14 -15
leaf_value=-0.030974308524425228 -0.046473648758910552 0.026290227939289864 0.023084904722229477 -0.010357670622631203 0.058352163529786165 0.018365379912145555 -0.022939213414303893 0.012303772921828732 0.046233225665824031 -0.050995583720010111 -0.04298654838687388 -0.052654386159741433 -0.020144727039715822 0.0028722475840747127
leaf_weight=46.1505077034235 94.036377307027578 136.25467329472303 399.71208937466145 156.68728617578745 65.775900200009346 152.81372511386871 42.135369874536991 10.930315881967543 22.111931871622801 15.655434805899857 85.353316865861416 134.87848022580147 53.059127852320671 11.292305439710615
leaf_count=467 1607 964 2366 1180 369 1230 363 138 240 242 1430 2497 869 90
internal_value=-0.000331995 0.0152006 0.0199124 0.00671964 0.0281828 0.00161887 0.00936649 -0.0374834 -0.0247763 0.00565387 -0.0366479 -0.0447401 -0.0371766 -0.0243853
internal_weight=1426.85 1010.82 758.43 292.942 465.488 252.392 194.949 416.025 134.051 37.7674 96.2836 281.974 147.096 57.4428
internal_count=14052 7029 4879 2144 2735 2150 1593 7023 2050 482 1568 4973 2476 557
cat_boundaries=0 1 2 3
cat_threshold=7 1 1
is_linear=0
shrinkage=0.05


Tree=18
num_leaves=15
num_cat=2
split_feature=0 39 38 5 39 21 1 39 39 44 5 21 33 2
split_gain=328.971 27.5533 34.0121 59.6061 44.3329 14.2607 9.71318 18.2527 15.1029 20.3807 20.0779 7.90676 5.38238 4.64993
threshold=0 15.15 7.0178570000000002 -0.70289845916694649 19.850000000000005 23.250000000000004 1 13.250000000000002 22.050000000000004 43.750000000000007 0.96849880583763492 22.350000000000005 33.350000000000001 10.500000000000002
decision_type=1 2 2 2 2 2 1 2 2 2 2 2 2 2
left_child=1 5 3 -3 -4 11 8 -8 10 -10 -2 -1 -7 -9
right_child=6 2 4 -5 -6 12 7 13 9 -11 -12 -13 -14 -15
leaf_value=-0.01288699479591276 -0.046987240635232234 0.066200651765211241 -0.008816600625579556 0.014070201418771975 0.019360990398396314 -0.048732459359740896 0.03781524988480614 -0.052672861653421277 0.0080512051304297266 -0.044874549339760955 0.014467538205508258 0.043684954600543141 0.015902147655462755 -0.027167864897675337
leaf_weight=14.973712600767614 124.04898957908154 88.383638732135296 187.01388774067163 143.74974697083235 543.81178753077984 26.639120161533359 5.4918015189468852 159.23873192444444 46.382989916950464 28.668302711099386 14.414034795016049 9.1415759325027448 3.1676970571279517 23.987623061984777
leaf_count=113 2111 531 1374 1008 3656 231 66 3028 746 487 174 66 27 416
internal_value=0.000228665 0.0153723 0.0174742 0.0341174 0.0121483 -0.018999 -0.0374515 -0.0467726 -0.0307791 -0.0124897 -0.0405319 0.0094437 -0.0415702 -0.0494994
internal_weight=1419.11 1016.88 962.959 232.133 730.826 53.9221 402.232 188.718 213.514 75.0513 138.463 24.1153 29.8068 183.226
internal_count=14034 7006 6569 1539 5030 437 7028 3510 3518 1233 2285 179 258 3444
cat_boundaries=0 1 2
cat_threshold=7 1
is_linear=0
shrinkage=0.05


end of trees

feature_importances:
day_of_year_cos=34
wind_speed_max_7d=31
age_group=29
gender=26
temperature_mean_7d=17
humidity_max_7d=16
wind_gust_max_7d=16
temperature_min_7d=15
humidity_max_3d=10
wind_speed_mean_7d=10
month=6
day_of_year_sin=5
temperature_min_current=5
wind_speed_mean_3d=5
rain_max_daily_7d=5
temperature_max_7d=4
humidity_mean_7d=4
temperature_mean_current=3
wind_speed_max_3d=3
precipitation_sum_7d=3
temperature_max_current=2
temperature_min_3d=2
rain_max_daily_3d=2
wind_gust_max_3d=2
wind_speed_mean_current=1
temperature_max_3d=1
humidity_min_7d=1

parameters:
[boosting: gbdt]
[objective: binary]
[metric: binary_logloss]
[tree_learner: serial]
[device_type: cpu]
[data_sample_strategy: bagging]
[data: ]
[valid: ]
[num_iterations: 19]
[learning_rate: 0.05]
[num_leaves: 15]
[num_threads: 8]
[seed: 42]
[deterministic: 0]
[force_col_wise: 0]
[force_row_wise: 0]
[histogram_pool_size: -1]
[max_depth: 4]
[min_data_in_leaf: 20]
[min_sum_hessian_in_leaf: 0.001]
[bagging_fraction: 0.9]
[pos_bagging_fraction: 1]
[neg_bagging_fraction: 1]
[bagging_freq: 1]
[bagging_seed: 400]
[bagging_by_query: 0]
[feature_fraction: 0.9]
[feature_fraction_bynode: 1]
[feature_fraction_seed: 30056]
[extra_trees: 0]
[extra_seed: 12879]
[early_stopping_round: 0]
[early_stopping_min_delta: 0]
[first_metric_only: 0]
[max_delta_step: 0]
[lambda_l1: 0]
[lambda_l2: 1]
[linear_lambda: 0]
[min_gain_to_split: 0]
[drop_rate: 0.1]
[max_drop: 50]
[skip_drop: 0.5]
[xgboost_dart_mode: 0]
[uniform_drop: 0]
[drop_seed: 17869]
[top_rate: 0.2]
[other_rate: 0.1]
[min_data_per_group: 100]
[max_cat_threshold: 32]
[cat_l2: 10]
[cat_smooth: 10]
[max_cat_to_onehot: 4]
[top_k: 20]
[monotone_constraints: ]
[monotone_constraints_method: basic]
[monotone_penalty: 0]
[feature_contri: ]
[forcedsplits_filename: ]
[refit_decay_rate: 0.9]
[cegb_tradeoff: 1]
[cegb_penalty_split: 0]
[cegb_penalty_feature_lazy: ]
[cegb_penalty_feature_coupled: ]
[path_smooth: 0]
[interaction_constraints: ]
[verbosity: -1]
[saved_feature_importance_type: 0]
[use_quantized_grad: 0]
[num_grad_quant_bins: 4]
[quant_train_renew_leaf: 0]
[stochastic_rounding: 1]
[linear_tree: 0]
[max_bin: 255]
[max_bin_by_feature: ]
[min_data_in_bin: 3]
[bin_construct_sample_cnt: 200000]
[data_random_seed: 175]
[is_enable_sparse: 1]
[enable_bundle: 1]
[use_missing: 1]
[zero_as_missing: 0]
[feature_pre_filter: 1]
[pre_partition: 0]
[two_round: 0]
[header: 0]
[label_column: ]
[weight_column: ]
[group_column: ]
[ignore_column: ]
[categorical_feature: 0,1,3]
[forcedbins_filename: ]
[precise_float_parser: 0]
[parser_config_file: ]
[objective_seed: 16083]
[num_class: 1]
[is_unbalance: 0]
[scale_pos_weight: 1]
[sigmoid: 1]
[boost_from_average: 1]
[reg_sqrt: 0]
[alpha: 0.9]
[fair_c: 1]
[poisson_max_delta_step: 0.7]
[tweedie_variance_power: 1.5]
[lambdarank_truncation_level: 30]
[lambdarank_norm: 1]
[label_gain: ]
[lambdarank_position_bias_regularization: 0]
[eval_at: ]
[multi_error_top_k: 1]
[auc_mu_weights: ]
[num_machines: 1]
[local_listen_port: 12400]
[time_out: 120]
[machine_list_filename: ]
[machines: ]
[gpu_platform_id: -1]
[gpu_device_id: -1]
[gpu_device_id_list: ]
[gpu_use_dp: 0]
[num_gpu: 1]

end of parameters

pandas_categorical:[]
