tree
version=v4
num_class=1
num_tree_per_iteration=1
label_index=0
max_feature_idx=44
objective=binary sigmoid:1
feature_names=age_group gender month season day_of_year_sin day_of_year_cos weather_code_current temperature_mean_current temperature_max_current temperature_min_current humidity_mean_current humidity_max_current humidity_min_current wind_speed_mean_current wind_speed_max_current precipitation_sum_current rain_sum_current wind_gust_max_current rain_day_current temperature_mean_3d temperature_max_3d temperature_min_3d humidity_mean_3d humidity_max_3d humidity_min_3d wind_speed_mean_3d wind_speed_max_3d precipitation_sum_3d rain_sum_3d rain_days_3d rain_max_daily_3d wind_gust_max_3d temperature_mean_7d temperature_max_7d temperature_min_7d humidity_mean_7d humidity_max_7d humidity_min_7d wind_speed_mean_7d wind_speed_max_7d precipitation_sum_7d rain_sum_7d rain_days_7d rain_max_daily_7d wind_gust_max_7d
feature_infos=-1:0:1:2:3:4:5 -1:0:1 [1:12] -1:1:0 [-0.99999942202469239:0.99998555065071859] [-0.99997919295908244:0.9999907524084426] [0:61] [23.658332999999999:32.533332999999999] [25.899999999999999:39.200000000000003] [17.899999999999999:29.300000000000001] [48.958333000000003:91.625] [63:100] [23:86] [2.8541669999999999:19.695833] [6.4000000000000004:30.100000000000001] [0:63.100000000000001] [0:63.100000000000001] [14:56.899999999999999] [0:1] [23.766667000000002:32.427778000000004] [27.699999999999999:39.200000000000003] [17.899999999999999:28.100000000000001] [52.569443999999997:90.694444000000004] [73:100] [23:79] [4.125:17.329167000000002] [9.6999999999999993:30.100000000000001] [0:93.900000000000006] [0:93.900000000000006] [0:3] [0:63.100000000000001] [17.300000000000001:56.899999999999999] [24.365476000000001:32.235118999999997] [28.699999999999999:39.200000000000003] [17.899999999999999:27.5] [55.767856999999999:89.523809999999997] [77:100] [23:72] [4.5327380000000002:15.469643] [11.6:30.100000000000001] [0:163.90000000000001] [0:163.90000000000001] [0:7] [0:63.100000000000001] [23:56.899999999999999]
tree_sizes=1696 1724 1716 1431 1621 1714 1763 1749 1747 1739 1736 1756 1745 1748 1624 1728 1694 1615 1607 1743 1614 1748 1622 1631 1626 1609 1596 1593 1736 1627

Tree=0
num_leaves=15
num_cat=1
split_feature=0 43 37 8 2 44 5 42 34 4 34 43 2 35
split_gain=466.746 145.187 116.107 89.324 57.7419 27.8839 12.2345 18.8534 13.2133 8.59121 8.46169 6.08485 2.26324 8.11782
threshold=0 2.7500000000000004 26.500000000000004 33.350000000000001 4.5000000000000009 44.45000000000001 -0.78858226040708135 6.5000000000000009 23.750000000000004 0.98802474685579855 23.650000000000002 3.7500000000000004 11.500000000000002 81.586309500000013
decision_type=1 2 2 2 2 2 2 2 2 2 2 2 2 2
left_child=1 2 9 -4 11 -6 7 8 -2 -1 -9 -3 -8 -14
right_child=6 4 3 -5 5 -7 12 10 -10 -11 -12 -13 13 -15
leaf_value=-3.049493767505838 -3.0269463993856949 -2.9962764029548286 -2.9605167438539497 -2.8417955230868328 -2.9645126565322606 -3.0148349311387794 -3.0590279059273091 -2.9553012190716017 -2.9024699192809758 -2.9385989291833869 -3.0451270412944704 -3.046228557778123 -3.056774373545553 -2.9877638894434941
leaf_weight=13.279365450143812 3.589017689228057 6.8639963306486598 25.616613756865263 45.490799210965633 152.17435002326965 33.243276346474886 219.78247074410319 1.8842342868447293 3.4544295258820057 1.0767053067684162 65.634160991758108 35.037785191088915 14.445796199142935 5.2489383704960337
leaf_count=296 80 153 571 1014 3392 741 4899 42 77 24 1463 781 322 117
internal_value=-3.00824 -2.96573 -2.90921 -2.88332 -2.98548 -2.97352 -3.05055 -3.03367 -2.9604 -3.03722 -3.04189 -3.03797 -3.05746 -3.03831
internal_weight=626.822 312.783 85.4635 71.1074 227.319 185.418 314.039 74.5618 7.04345 14.3561 67.5184 41.9018 239.477 19.6947
internal_count=13972 6972 1905 1585 5067 4133 7000 1662 157 320 1505 934 5338 439
cat_boundaries=0 1
cat_threshold=7
is_linear=0
shrinkage=1


Tree=1
num_leaves=15
num_cat=2
split_feature=0 43 34 4 33 43 2 1 5 35 34 5 2 4
split_gain=456.494 119.976 87.1878 89.6632 55.5869 52.299 44.4054 15.6772 12.052 17.6116 10.355 6.63215 2.88402 2.25553
threshold=0 1.8500000000000003 22.550000000000004 0.92922379131507438 37.350000000000009 0.75000000000000011 4.5000000000000009 1 -0.78858226040708135 81.154761500000021 23.950000000000003 -0.96687281075841669 10.500000000000002 -0.58482361983252518
decision_type=1 2 2 2 2 2 2 1 2 2 2 2 2 2
left_child=1 2 5 -4 6 -1 -3 -6 9 11 -11 -2 -10 -14
right_child=8 4 3 -5 7 -7 -8 -9 12 10 -12 -13 13 -15
leaf_value=-0.0036216346548738642 -0.024965105192214607 -0.02255005546422767 0.19398606688168551 0.044779428524044936 0.054400563149689843 0.12281244960026534 0.031827425183891742 0.23871891143940555 -0.052070293259818184 0.002364563878724437 -0.042030024414643222 0.10491453191193145 -0.049352957515688169 -0.02339561817410209
leaf_weight=25.607792071998119 0.91065635159611735 45.904019188135862 28.381582718342543 16.44981350004673 2.758706532418727 10.979892633855341 191.00859528779984 2.7836690917611122 188.40642273426056 17.290258925408125 52.336118422448635 2.5085601136088362 16.485561989247799 23.225566029548645
leaf_count=552 21 1034 555 329 56 226 4128 57 4400 390 1204 54 385 534
internal_value=0.00135269 0.0418578 0.0953168 0.14141 0.0253072 0.0365789 0.0212408 0.169313 -0.0421903 -0.0253637 -0.0311282 0.0725014 -0.0492855 -0.0351191
internal_weight=625.037 323.874 81.4191 44.8314 242.455 36.5877 236.913 5.54238 301.163 73.0456 69.6264 3.41922 228.118 39.7111
internal_count=13925 6937 1662 884 5275 778 5162 113 6988 1669 1594 75 5319 919
cat_boundaries=0 1 2
cat_threshold=7 1
is_linear=0
shrinkage=0.05


Tree=2
num_leaves=15
num_cat=3
split_feature=0 43 34 1 2 0 27 5 37 33 5 34 2 37
split_gain=405.072 89.0199 80.7972 80.0246 46.3724 35.1949 31.46 10.4627 11.4859 18.8957 7.31105 5.66954 3.45373 6.81072
threshold=0 2.7500000000000004 22.550000000000004 1 4.5000000000000009 2 0.95000000000000007 -0.78858226040708135 61.500000000000007 32.650000000000013 -0.30164489695395941 23.650000000000002 10.500000000000002 68.500000000000014
decision_type=1 2 2 1 2 1 2 2 2 2 2 2 2 2
left_child=1 2 6 -4 10 -6 -1 8 9 -2 -3 -10 -9 -14
right_child=7 4 3 -5 5 -7 -8 12 11 -11 -12 -13 13 -15
leaf_value=-0.00078608262085893676 0.047949522336973041 0.021258493620269561 0.054073448639628756 0.17151303153452435 0.057738446451633445 0.011926341334591563 0.099875673578175395 -0.051939684157575973 0.038427048077210951 -0.029133175129247374 -0.036478966117841773 -0.049464256301297339 -0.038132072635303139 0.050474129710728066
leaf_weight=32.782690588384867 10.479608651250599 5.8262554816901675 30.246201504021883 29.488054938614368 67.172893200069666 132.7008510902524 9.1636053472757322 180.39844983071089 1.2255866900086392 24.915409173816442 33.810376241803169 35.125646524131298 37.99990039691329 1.4552862532436837
leaf_count=688 237 137 534 517 1408 2782 177 4418 26 578 790 837 907 35
internal_value=0.000503237 0.0369399 0.0770081 0.113917 0.021216 0.0310016 0.0230181 -0.0419397 -0.0262001 -0.00562045 -0.0276778 -0.0455515 -0.0488332 -0.033697
internal_weight=632.791 341.191 101.681 59.7343 239.51 199.874 41.9463 291.6 71.7463 35.395 39.6366 36.3512 219.854 39.4552
internal_count=14071 7033 1916 1051 5117 4190 865 7038 1678 815 927 863 5360 942
cat_boundaries=0 1 2 3
cat_threshold=7 1 2
is_linear=0
shrinkage=0.05


Tree=3
num_leaves=12
num_cat=1
split_feature=0 43 37 10 4 44 4 2 33 4 4
split_gain=351.634 62.3108 57.6464 45.4786 37.5575 26.0983 7.07943 6.32002 12.9106 7.81135 5.87711
threshold=0 2.7500000000000004 26.500000000000004 62.187500000000007 0.94978112945126536 44.45000000000001 0.98802474685579855 5.5000000000000009 34.150000000000013 -0.62588817255938378 0.2603727204637144
decision_type=1 2 2 2 2 2 2 2 2 2 2
left_child=1 2 6 -4 5 -3 -1 -2 9 -9 -10
right_child=7 4 3 -5 -6 -7 -8 8 10 -11 -12
leaf_value=-0.03839495016484569 -0.051706824812420664 0.031824903498275652 0.13014011853350216 0.054008661750082954 -0.049461209078704167 -0.013962145641059973 0.058473441045258159 -0.051355420705450919 -0.031808849155782075 -0.027661434412340147 0.066164829623203011
leaf_weight=13.306303489953278 125.49795502796769 189.51278834789991 28.967435989528894 65.593903329223394 17.706682056188583 36.602893769741058 1.2682177461683739 66.859362106770277 1.55715051293373 82.391605563461781 3.6512670703232288
leaf_count=291 3218 3915 484 1123 429 782 23 1711 38 1989 77
internal_value=-0.000652046 0.0321266 0.0642838 0.0784482 0.0188413 0.0243842 -0.0267526 -0.0416077 -0.0357989 -0.0385467 0.0364683
internal_weight=632.916 352.958 109.136 94.5613 243.822 226.116 14.5745 279.957 154.459 149.251 5.20842
internal_count=14080 7047 1921 1607 5126 4697 314 7033 3815 3700 115
cat_boundaries=0 1
cat_threshold=7
is_linear=0
shrinkage=0.05


Tree=4
num_leaves=14
num_cat=2
split_feature=0 43 37 2 0 5 5 22 34 22 5 2 37
split_gain=314.508 55.6786 48 37.1576 34.8192 33.6418 13.4608 18.6148 10.3166 6.56824 5.65922 2.69426 3.94291
threshold=0 2.7500000000000004 26.500000000000004 4.5000000000000009 1 0.94636490295939868 -0.78858226040708135 80.097222000000002 23.950000000000003 64.354166500000019 -0.3342621144462935 10.500000000000002 68.500000000000014
decision_type=1 2 2 2 1 2 2 2 2 2 2 2 2
left_child=1 2 9 10 -5 -4 7 -2 -9 -1 -3 -8 -13
right_child=6 3 5 4 -6 -7 11 8 -10 -11 -12 12 -14
leaf_value=-0.047667062529664378 0.090672281642465644 0.02119657074936767 0.085081215101745669 0.05040738724559965 0.0072575902089177914 0.014524294115948244 -0.05169553041206934 0.0045683298356992497 -0.039914927783908365 0.025658469807704816 -0.034994095798410479 -0.037803679115771566 0.032288192076281412
leaf_weight=10.014536414295433 2.504977870732545 4.4641801714897147 80.367646332830191 71.604997806251049 137.82729430496693 21.909347541630268 165.17907126620412 17.475622069090605 48.17113920301199 3.4960034377872935 33.903093636035919 34.049052000045776 1.3914459012448777
leaf_count=229 51 100 1238 1395 2797 388 4449 403 1217 71 825 870 33
internal_value=-0.00065454 0.029324 0.0586187 0.0166337 0.0249203 0.0702538 -0.0407438 -0.0225657 -0.0281823 -0.0282326 -0.0280837 -0.0487973 -0.0342412
internal_weight=632.358 363.587 115.788 247.8 209.432 102.277 268.771 68.1517 65.6468 13.5105 38.3673 200.62 35.4405
internal_count=14066 7043 1926 5117 4192 1626 7023 1671 1620 300 925 5352 903
cat_boundaries=0 1 2
cat_threshold=7 2
is_linear=0
shrinkage=0.05


Tree=5
num_leaves=15
num_cat=3
split_feature=0 20 4 1 4 0 5 5 35 36 44 2 37 5
split_gain=297.999 47.223 56.9853 47.6047 33.2042 44.1808 15.448 10.5674 16.9531 6.34143 5.79693 2.7379 3.90361 2.44923
threshold=0 35.900000000000006 0.88220160189607266 1 0.83849049182116964 2 -0.30164489695395941 -0.78858226040708135 81.404762000000019 98.500000000000014 37.600000000000001 10.500000000000002 68.500000000000014 -0.96234030595689413
decision_type=1 2 2 1 2 1 2 2 2 2 2 2 2 2
left_child=1 4 10 -4 5 -1 -6 8 13 -10 -3 -9 -13 -2
right_child=7 2 3 -5 6 -7 -8 11 9 -11 -12 12 -14 -15
leaf_value=0.052795525691453495 -0.0025713758705916551 0.056861814858406017 -0.026170108071440559 0.092992447926008442 0.039102834909639228 0.010694051394836757 -0.036021902817696135 -0.051577616490351523 -0.047330158482737729 -0.014970337503752446 0.17110593298096108 -0.037430817760377148 0.032335671057456779 0.080309015252808688
leaf_weight=98.836036879569292 1.0583795458078382 2.6585796847939482 15.529824811965229 16.369360376149416 7.7509778179228297 187.46537310257554 32.021081708371639 156.44271773844957 31.067108105868101 31.2460867613554 11.649053078144787 33.339275814592838 1.3888812959194172 3.1450669616460791
leaf_count=1818 26 48 260 251 165 3651 696 4420 814 765 156 882 32 57
internal_value=-0.000590449 0.0277315 0.0753068 0.0359472 0.021628 0.0275712 -0.0207812 -0.0409453 -0.0247773 -0.0315965 0.154979 -0.0485434 -0.0338137 0.062957
internal_weight=629.968 372.28 46.2068 31.8992 326.073 286.301 39.7721 257.688 66.5166 62.3132 14.3076 191.171 34.7282 4.20345
internal_count=14041 7045 715 511 6330 5469 861 6996 1662 1579 204 5334 914 83
cat_boundaries=0 1 2 3
cat_threshold=7 1 2
is_linear=0
shrinkage=0.05


Tree=6
num_leaves=15
num_cat=1
split_feature=35 37 4 34 34 38 33 4 36 39 39 4 38 1
split_gain=34.1959 38.0349 24.3409 49.6516 27.708 19.0166 26.6195 11.6015 9.76074 12.6563 6.13814 5.1149 4.71796 3.06822
threshold=68.25892850000001 26.500000000000004 0.92922379131507438 22.650000000000002 24.950000000000003 7.4619050000000007 31.650000000000002 -0.15951315977791497 97.500000000000014 20.650000000000002 19.550000000000004 0.98802474685579855 10.545833500000002 0
decision_type=2 2 2 2 2 2 2 2 2 2 2 2 2 1
left_child=1 11 3 -3 -4 6 10 -8 12 -10 -2 -1 -7 -13
right_child=5 2 4 -5 -6 8 7 -9 9 -11 -12 13 -14 -15
leaf_value=-0.043589216935248185 -0.036465278472493499 0.0079803058917223054 -0.041308863928850692 0.077765395769073098 0.056197550567496618 -0.01806795817300438 0.025999627608312981 -0.00099585812385778456 -0.028425913853029477 0.0010419367843310374 0.013895616204260115 -0.025866215242427194 -0.039951010882596734 0.063573133478847951
leaf_weight=22.596251126378778 39.586047437041998 53.237674910575151 20.732663925737146 48.357004649937153 9.9782918244600278 57.174744315445423 85.551969707012177 73.546205401420593 53.2029181830585 110.96923216059804 6.5681305564939967 0.96825165301561267 46.927003730088472 1.1682366877794268
leaf_count=587 898 1143 449 855 191 1355 1916 1609 1252 2528 152 22 1103 23
internal_value=-0.000854988 0.0192908 0.0299335 0.0416308 -0.00885494 -0.00756264 0.00388487 0.0135922 -0.0163029 -0.00862193 -0.0291558 -0.036592 -0.0282187 0.0277158
internal_weight=630.565 157.038 132.306 101.595 30.711 473.526 205.252 159.098 268.274 164.172 46.1542 24.7327 104.102 2.13649
internal_count=14083 3270 2638 1998 640 10813 4575 3525 6238 3780 1050 632 2458 45
cat_boundaries=0 1
cat_threshold=1
is_linear=0
shrinkage=0.05


Tree=7
num_leaves=15
num_cat=1
split_feature=0 40 37 5 4 33 5 42 34 30 34 37 5 14
split_gain=272.401 38.544 37.6065 33.0882 29.7756 29.4068 10.4719 16.9545 8.22955 7.23427 7.11747 3.39292 3.62671 1.27239
threshold=0 4.0500000000000007 26.500000000000004 0.94066717844141279 0.94978112945126536 31.250000000000004 -0.78858226040708135 6.5000000000000009 23.750000000000004 0.45000000000000007 23.650000000000002 70.500000000000014 0.28313308994381586 8.2500000000000018
decision_type=1 2 2 2 2 2 2 2 2 2 2 2 2 2
left_child=1 2 9 -4 5 -3 7 8 -2 -1 -9 13 -13 -8
right_child=6 4 3 -5 -6 -7 11 10 -10 -11 -12 12 -14 -15
leaf_value=-0.043910211357210682 -0.015730491454154765 -0.024798830715307335 0.075222706941942427 0.0088608543117130699 -0.04895199150722198 0.02657194038251437 -0.0095988024020953345 0.042050914643097244 0.082451622367725089 0.042647290122874958 -0.036961157930506104 -0.031601280514737692 0.061681847894065146 -0.049334283101210415
leaf_weight=11.08172797039151 3.1609643772244445 31.231063958257437 80.728127267211676 24.765865854918957 15.824140209704636 212.77192806079984 2.5862439535558215 2.195921402424573 4.18611104413867 2.1681305170059195 55.468331351876259 1.5625920295715325 0.77423750609159459 179.16859225928783
leaf_count=262 74 625 1104 431 427 4102 71 46 77 43 1479 46 18 5241
internal_value=-0.000710802 0.0257673 0.0499459 0.059873 0.0155562 0.0199224 -0.0403111 -0.0240958 0.0433864 -0.0277476 -0.0332868 -0.0480543 0.00852817 -0.0488245
internal_weight=627.674 378.571 118.744 105.494 259.827 244.003 249.103 65.0113 7.34708 13.2499 57.6643 184.092 2.33683 181.755
internal_count=14046 6994 1840 1535 5154 4727 7052 1676 151 305 1525 5376 64 5312
cat_boundaries=0 1
cat_threshold=7
is_linear=0
shrinkage=0.05


Tree=8
num_leaves=15
num_cat=1
split_feature=0 10 34 4 20 4 32 4 5 35 34 2 37 5
split_gain=247.912 35.2978 33.5263 27.6634 23.2001 20.9503 22.2291 15.3363 12.102 15.1023 9.99693 3.60597 6.06393 2.49892
threshold=0 62.187500000000007 22.550000000000004 0.93544191479114935 32.650000000000013 0.9193901325473397 29.217262000000002 0.9893236546938301 -0.78858226040708135 81.404762000000019 23.950000000000003 10.500000000000002 68.500000000000014 -0.96234030595689413
decision_type=1 2 2 2 2 2 2 2 2 2 2 2 2 2
left_child=1 2 4 -4 -1 6 -3 -7 9 13 -11 -10 -13 -2
right_child=8 5 3 -5 -6 7 -8 -9 11 10 -12 12 -14 -15
leaf_value=0.12134384054023584 -0.0038031344211698404 0.019707605431091499 0.1243848098303113 -6.3192958958253653e-05 -0.0071237461066351888 -0.039034744763736251 0.073676284620715154 0.021349653696331409 -0.051365828441104468 0.0037791057461814197 -0.041425161949551044 -0.036207265467843419 0.046212991664432601 0.077129778946809932
leaf_weight=3.3049718365073231 1.1139163449406622 279.11377504840493 21.743724539875988 5.5551870167255393 18.624547433108091 24.319420278072357 19.692390631884336 17.141057193279266 142.93972725979984 16.858218584209681 42.090658150613308 31.010117188096046 1.558408848941325 3.2357676923274985
leaf_count=52 29 5169 225 87 365 513 277 349 4439 399 1192 887 35 53
internal_value=-0.000283196 0.0241077 0.0639307 0.0999529 0.0166851 0.0188822 0.0234982 -0.0141551 -0.0393634 -0.0217561 -0.0286502 -0.0477845 -0.0310043 0.0595669
internal_weight=628.302 389.495 49.2284 27.2989 21.9295 340.267 298.806 41.4605 238.807 63.2986 58.9489 175.508 32.5685 4.34968
internal_count=14071 7037 729 312 417 6308 5446 862 7034 1673 1591 5361 922 82
cat_boundaries=0 1
cat_threshold=7
is_linear=0
shrinkage=0.05


Tree=9
num_leaves=15
num_cat=2
split_feature=0 35 37 4 0 36 5 37 4 33 4 34 2 42
split_gain=220.559 32.7671 35.0274 30.7898 26.2252 32.0514 14.9718 14.8944 20.7831 14.1446 6.62342 5.30529 4.41791 7.03313
threshold=0 69.092262000000019 26.500000000000004 0.92922379131507438 1 99.500000000000014 -0.78858226040708135 61.500000000000007 -0.04836157422433459 32.150000000000013 0.98802474685579855 23.650000000000002 10.500000000000002 6.5000000000000009
decision_type=1 2 2 2 1 2 2 2 2 2 2 2 2 2
left_child=1 2 10 -4 5 -3 7 8 -2 -6 -1 -9 -8 -14
right_child=6 4 3 -5 9 -7 12 11 -10 -11 -12 -13 13 -15
leaf_value=-0.040746113461445466 0.061924092765583409 0.017285722176023612 0.069379862550388693 0.0033205464672957565 0.017841996048087807 0.079190265104611676 -0.051259980828006313 0.036251473378116288 -0.021129467557777257 -0.010339162945299778 0.051336640147678927 -0.048299005279002639 -0.049034965272280191 -0.0020151635967893158
leaf_weight=12.239739928394554 9.955354765057562 70.636958871036768 80.993814963847399 22.606235232204199 75.414605457335711 29.200221531093121 135.36733725108206 1.278275523334744 23.143094163388014 105.71197298541665 1.4138442575931538 27.87301491945982 17.558574557304382 14.072467401623728
leaf_count=304 233 1269 1074 354 1479 499 4411 26 592 2055 22 823 517 405
internal_value=0.000266102 0.0225833 0.0452549 0.0551348 0.0137959 0.0327495 -0.0377704 -0.0180819 0.00493482 0.00135367 -0.0283582 -0.0435121 -0.0472063 -0.028819
internal_weight=627.466 398.217 117.254 103.6 280.964 99.8372 229.248 62.2497 33.0984 181.127 13.6536 29.1513 166.998 31.631
internal_count=14063 7056 1754 1428 5302 1768 7007 1674 825 3534 326 849 5333 922
cat_boundaries=0 1 2
cat_threshold=7 2
is_linear=0
shrinkage=0.05


Tree=10
num_leaves=15
num_cat=2
split_feature=0 44 20 4 1 5 39 38 4 5 14 35 9 2
split_gain=217.308 34.2974 31.5834 38.3709 35.4401 11.5157 10.5785 9.74864 10.4857 8.4739 3.54848 2.96792 1.66373 1.58508
threshold=0 44.45000000000001 35.900000000000006 0.85673801594079257 1 -0.78858226040708135 25.100000000000005 8.2910715000000028 -0.04836157422433459 0.21652257995689159 26.950000000000003 89.25892850000001 26.350000000000005 11.500000000000002
decision_type=1 2 2 2 1 2 2 2 2 2 2 2 2 2
left_child=1 2 3 -1 -4 7 12 8 -2 -8 -9 13 -3 -7
right_child=5 6 4 -5 -6 11 9 10 -10 -11 -12 -13 -14 -15
leaf_value=0.027631032987544747 0.030354915104309134 -0.040887946026037902 0.016793257844972268 -0.028943576458697308 0.10467242295934097 -0.050195387226644676 0.023916530140373215 -0.047843212712844571 -0.025030691155134389 -0.035534497840272516 0.031770401565390703 0.019707343761480929 0.0085562893916778706 -0.02891763647884887
leaf_weight=275.12984714657068 12.924202121794222 24.293783929198984 21.266170289367437 32.801631543785334 25.111672386527061 144.56568492949009 19.169214572757486 24.900033708661798 21.153177173808217 7.5511737242341033 0.81600579805672069 1.1142171211540688 1.4882441759109486 14.377412158995865
leaf_count=4731 305 482 277 749 280 4884 364 759 556 146 24 27 29 431
internal_value=-0.000157607 0.0213591 0.0274648 0.0215304 0.0655812 -0.039086 -0.0155956 -0.0216025 -0.00375859 0.00643988 -0.0442223 -0.0478695 -0.0378209 -0.0484635
internal_weight=626.662 406.812 354.309 307.931 46.3778 219.851 52.5024 59.7934 34.0774 26.7204 25.716 160.057 25.782 158.943
internal_count=14044 7058 6037 5480 557 6986 1021 1644 861 510 783 5342 511 5315
cat_boundaries=0 1 2
cat_threshold=7 1
is_linear=0
shrinkage=0.05


Tree=11
num_leaves=15
num_cat=1
split_feature=0 44 33 4 39 33 5 35 40 4 2 42 37 5
split_gain=188.029 24.2216 25.4719 29.3034 9.72306 9.55596 9.20795 14.0992 8.30799 6.10893 4.72079 7.67193 3.91042 1.83193
threshold=0 44.45000000000001 31.250000000000004 0.92922379131507438 25.100000000000005 30.750000000000004 -0.78858226040708135 81.404762000000019 75.050000000000011 -0.04836157422433459 10.500000000000002 6.5000000000000009 68.500000000000014 -0.96234030595689413
decision_type=1 2 2 2 2 2 2 2 2 2 2 2 2 2
left_child=1 2 5 -4 12 -1 7 13 -6 -9 -8 -12 -3 -2
right_child=6 4 3 -5 8 -7 10 9 -10 -11 11 -13 -14 -15
leaf_value=0.024442541170544625 -0.00072947010558912096 -0.043466800383297199 0.032321786853682553 -0.015631129008044711 -0.013920325042477278 -0.038967684250068323 -0.051070033052872714 -0.012718375374640004 0.04111288478771094 -0.046358587356672892 -0.048757662657285226 0.0016514741477324721 0.0087686500829145791 0.074670809629730786
leaf_weight=7.4224136583507088 0.98941718414425883 20.75742851570249 295.49513309821486 35.097198482602835 16.795828267931942 20.562470339238644 124.37660934776068 28.27808596380055 10.206402983516453 26.789059417322278 16.676369953900576 13.061729978770019 3.9286607466638079 2.925206344574689
leaf_count=137 27 422 4703 751 309 386 4458 783 202 802 531 393 83 47
internal_value=-0.00146625 0.0182667 0.023318 0.0271991 -0.0130865 -0.0218864 -0.0384237 -0.0228233 0.00760667 -0.0296186 -0.0466856 -0.0272833 -0.0351361 0.0593427
internal_weight=623.362 410.266 358.577 330.592 51.6883 27.9849 213.096 58.9818 27.0022 55.0671 154.115 29.7381 24.6861 3.91462
internal_count=14034 6993 5977 5454 1016 523 7041 1659 511 1585 5382 924 505 74
cat_boundaries=0 1
cat_threshold=7
is_linear=0
shrinkage=0.05


Tree=12
num_leaves=15
num_cat=1
split_feature=0 33 2 20 5 37 4 33 38 26 9 34 2 14
split_gain=186.638 28.6221 26.4888 33.0542 12.9223 13.5927 20.1834 9.75728 8.19278 6.46705 6.33201 3.0659 1.59891 1.47824
threshold=0 31.250000000000004 8.5000000000000018 35.45000000000001 -0.79382744783423187 61.500000000000007 -0.04836157422433459 31.650000000000002 11.772321500000002 11.950000000000001 24.750000000000004 23.650000000000002 10.500000000000002 9.2500000000000018
decision_type=1 2 2 2 2 2 2 2 2 2 2 2 2 2
left_child=1 8 3 -3 5 6 -2 -4 9 -1 -10 -7 -6 -14
right_child=4 2 7 -5 12 11 -8 -9 10 -11 -12 -13 13 -15
leaf_value=0.019160057324691709 0.055950525881590996 0.0063421836951166365 0.013833079968057653 0.044267345814853906 -0.050977242395355865 0.021973196699787798 -0.02538983811052822 0.05651089087078362 0.075836868056151488 -0.041780929744076434 -0.031734002671321482 -0.049629276436985469 -0.0008735028583619777 -0.038391999472300799
leaf_weight=4.573290407657626 10.541585698723791 222.98235582187772 17.669810682535172 76.601803664118052 117.53165387175977 1.0438784845173383 21.488844364881516 66.710750292986631 2.5169480517506591 26.285384465008974 1.5176835767924783 24.609073963016272 2.9673777911812094 25.425754236057401
leaf_count=82 231 3945 307 1006 4413 21 593 1090 48 516 32 802 93 810
internal_value=-0.000188762 0.0188295 0.023224 0.0161544 -0.0382637 -0.0196185 0.00226366 0.0478406 -0.0235812 -0.0324315 0.0371066 -0.0460005 -0.0480547 -0.034634
internal_weight=622.466 418.858 383.965 299.584 203.608 57.6834 32.0304 84.3806 34.8933 30.8587 4.03463 25.653 145.925 28.3931
internal_count=13989 7026 6348 4951 6963 1647 824 1397 678 598 80 823 5316 903
cat_boundaries=0 1
cat_threshold=7
is_linear=0
shrinkage=0.05


Tree=13
num_leaves=15
num_cat=1
split_feature=0 33 44 37 5 37 33 11 5 5 39 34 37 32
split_gain=176.745 26.8862 22.6758 17.3093 13.3349 11.5209 11.3792 8.8274 7.53308 9.89656 6.27439 4.86247 3.54551 3.16946
threshold=0 31.550000000000004 44.800000000000004 26.500000000000004 -0.78858226040708135 61.500000000000007 36.95000000000001 94.500000000000014 -0.92272482904738273 -0.96234030595689413 14.300000000000002 23.650000000000002 70.500000000000014 26.229762000000004
decision_type=1 2 2 2 2 2 2 2 2 2 2 2 2 2
left_child=1 8 3 -3 5 7 -4 -2 9 -1 -10 -7 -6 -14
right_child=4 2 6 -5 12 11 -8 -9 10 -11 -12 -13 13 -15
leaf_value=-0.037503155592800042 0.051475622073086737 -0.037207486898181506 -0.025894875726281553 0.030245308874639443 -0.048173134735961624 0.032262682383158429 0.035135142979304028 -0.011134171328328875 0.027712904522078877 0.074568841588645116 -0.026648651762034861 -0.047529642695395266 0.058585810246512118 -0.029689139181107684
leaf_weight=2.4175626263022423 6.2168844304978874 8.98522140085697 30.672090496867895 322.77139293961227 139.26168331503868 1.3847470581531549 9.1239696368575078 24.636326272040606 5.2173204943537703 4.1192264147102824 42.806742507964373 24.150143241509795 0.82154544070362989 1.3680088259279726
leaf_count=46 135 209 629 5026 5327 28 138 661 93 78 823 824 17 52
internal_value=0.000739673 0.0187939 0.0240412 0.0283121 -0.0371234 -0.0179895 -0.0113844 0.00270159 -0.0133462 0.0336437 -0.020298 -0.0421497 -0.0471771 0.0114162
internal_weight=623.953 426.114 371.553 331.757 197.839 56.3881 39.7961 30.8532 54.5609 6.53679 48.0241 25.5349 141.451 2.18955
internal_count=14086 7042 6002 5235 7044 1648 767 796 1040 124 916 852 5396 69
cat_boundaries=0 1
cat_threshold=7
is_linear=0
shrinkage=0.05


Tree=14
num_leaves=14
num_cat=3
split_feature=0 35 37 0 38 37 43 4 5 0 38 2 42
split_gain=146.971 25.3627 24.6057 20.5804 37.5834 19.3475 18.0708 12.6815 12.3676 35.7671 32.9641 4.44807 6.54849
threshold=0 69.092262000000019 28.500000000000004 1 6.9288690000000006 30.500000000000004 1.0500000000000003 -0.27694604220087021 -0.78858226040708135 2 8.2803575000000027 10.500000000000002 6.5000000000000009
decision_type=1 2 2 1 2 2 2 2 2 1 2 2 2
left_child=1 2 6 4 -3 -4 -1 -5 9 10 -2 -10 -13
right_child=8 3 5 7 -6 -7 -8 -9 11 -11 -12 12 -14
leaf_value=-0.025814632165692138 0.10071678563392805 0.065603067711958341 0.08787523941164746 0.010221781783407539 0.0043564607189323628 0.034039583460985311 0.053621952790942035 -0.015300334688669285 -0.050799343914545353 -0.040154626155965073 -0.028736468950517114 -0.048124691905751117 0.00065570869411248176
leaf_weight=24.181716099381447 10.777474060654642 37.926544077694416 21.249639574438334 96.014291413128376 70.693239469081163 79.19847285374999 9.0068072900176031 96.716271255165339 106.86972718499601 37.277503589168191 7.828712483868002 14.379132714122534 12.401376612484455
leaf_count=448 281 569 236 1731 1190 974 108 1807 4414 1105 271 519 399
internal_value=-0.000452235 0.0155481 0.0339554 0.0078141 0.0239595 0.0461824 -0.00331901 -0.00247107 -0.0359895 -0.0176866 0.0314962 -0.0461272 -0.0263252
internal_weight=624.521 434.987 133.637 301.35 108.62 100.448 33.1885 192.731 189.534 55.8837 18.6062 133.65 26.7805
internal_count=14052 7063 1766 5297 1759 1210 556 3538 6989 1657 552 5332 918
cat_boundaries=0 1 2 3
cat_threshold=7 2 8
is_linear=0
shrinkage=0.05


Tree=15
num_leaves=15
num_cat=3
split_feature=0 33 4 5 0 5 0 37 5 5 33 37 2 4
split_gain=140.088 20.7779 18.693 24.7961 16.9405 12.2432 32.0956 31.3657 7.79959 8.72425 6.69205 4.12796 3.11332 3.10408
threshold=0 31.550000000000004 0.92922379131507438 -0.6523320455745395 1 -0.78858226040708135 2 61.500000000000007 -0.92272482904738273 -0.96234030595689413 30.750000000000004 70.500000000000014 11.500000000000002 -0.58482361983252518
decision_type=1 2 2 2 1 2 1 2 2 2 2 2 2 2
left_child=1 8 3 -3 -4 6 7 -2 9 -1 -10 12 -7 -13
right_child=5 2 4 -5 -6 11 -8 -9 10 -11 -12 13 -14 -15
leaf_value=-0.036417321851405317 0.091377444302509381 0.003724516689362726 0.024634084795663928 0.032841994354859863 -0.026310002348622227 -0.049948311279469026 -0.039836840544633899 -0.030374107834820807 0.018767441572027973 0.070630627237521448 -0.029342531637687075 -0.026859438832083606 -0.020763811589714021 0.065513568687065885
leaf_weight=2.2048084102571011 11.523712186142804 108.59903278574347 16.375913433730602 224.56319588795304 32.704446025192738 115.59361503086984 36.228112421929836 8.4837564043700677 8.0819514952599985 4.2731779851019374 39.356692798435688 1.0995345935225485 12.070020928978918 0.71378342807292838
leaf_count=43 277 1893 323 3128 639 4909 1114 289 149 75 761 45 435 14
internal_value=-0.000773142 0.0147211 0.0191541 0.0233903 -0.00949441 -0.0359115 -0.0179101 0.0276167 -0.0138025 0.0341987 -0.020928 -0.0462852 -0.0473719 0.019864
internal_weight=621.872 436.159 382.243 333.162 49.0804 185.713 56.2356 20.0075 53.9166 6.47799 47.4386 129.477 127.664 1.81332
internal_count=14094 7011 5983 5021 962 7083 1680 566 1028 118 910 5403 5344 59
cat_boundaries=0 1 2 3
cat_threshold=7 1 8
is_linear=0
shrinkage=0.05


Tree=16
num_leaves=15
num_cat=5
split_feature=0 33 4 1 6 0 5 0 38 1 37 37 4 14
split_gain=140.058 21.3452 23.3665 36.6026 21.9116 21.3578 11.7839 29.0114 21.4868 9.80948 8.31872 3.7315 2.73783 1.71513
threshold=0 35.900000000000006 0.878110924644389 1 2.5000000000000004 2 -0.78858226040708135 3 8.2910715000000028 4 26.500000000000004 70.500000000000014 -0.58482361983252518 8.2500000000000018
decision_type=1 2 2 1 2 1 2 1 2 1 2 2 2 2
left_child=1 4 10 -4 9 -6 7 8 -2 -1 -3 13 -13 -8
right_child=6 2 3 -5 5 -7 11 -9 -10 -11 -12 12 -14 -15
leaf_value=-0.033059366260346723 0.07431665958224086 -0.018995011485178851 -0.032143655600209785 0.05319383319352064 0.032706063421495464 0.0046392880075938865 -0.0011117937796973584 -0.039421874192586442 -0.027896139995147742 0.0040012360632963153 0.077169870171470367 -0.027572730131432268 0.056131823200973555 -0.048299286154456583
leaf_weight=34.907480787485838 12.791685000061991 2.0423989929258815 21.398775260895491 27.804705195128918 108.23936919122934 186.68618181720376 2.0053379684686652 34.874421417713165 7.5196698624640694 35.131886228919029 30.502897012978792 1.1645081359893086 0.85993576049804588 119.78526397421956
leaf_count=569 288 42 323 338 1659 3286 71 1113 266 561 294 49 16 5256
internal_value=0.000233555 0.015206 0.0384965 0.0161792 0.0103137 0.0162777 -0.0358611 -0.0181749 0.0251438 -0.0146751 0.0707486 -0.0464084 0.0147863 -0.0475377
internal_weight=625.715 446.714 81.7488 49.2035 364.965 294.926 179.001 55.1858 20.3114 70.0394 32.5453 123.815 2.02444 121.791
internal_count=14131 7072 997 661 6075 4945 7059 1667 554 1130 336 5392 65 5327
cat_boundaries=0 1 2 3 4 5
cat_threshold=7 1 2 8 1
is_linear=0
shrinkage=0.05


Tree=17
num_leaves=14
num_cat=3
split_feature=0 33 4 33 0 5 0 37 4 4 37 2 42
split_gain=128.562 19.4943 14.1789 24.9846 21.615 12.6386 28.6873 21.0694 8.95507 8.89813 4.59992 2.64556 3.996
threshold=0 31.250000000000004 0.92273069556937581 35.250000000000007 1 -0.78858226040708135 2 61.500000000000007 -0.39036798905311365 -0.27694604220087021 70.500000000000014 10.500000000000002 6.5000000000000009
decision_type=1 2 2 2 1 2 1 2 2 2 2 2 2
left_child=1 8 3 -3 -4 6 7 -2 10 -10 -1 -7 -13
right_child=5 2 4 -5 -6 11 -8 -9 9 -11 -12 12 -14
leaf_value=-0.042395084373568377 0.074184954739477102 0.014964982380926401 0.029053908038457907 0.049380511628527732 -0.026881316333899154 -0.050556745109839631 -0.039033422185411421 -0.024465127471103375 0.052217285634586212 -0.039999729363935956 0.023940258252572996 -0.047605940953365976 -0.0068675893277280967
leaf_weight=23.284024693071846 12.784205019474031 298.80471713095903 17.836955733597279 63.545612633228302 33.483982129022479 93.199685484170914 33.692358829081059 8.2644156180322152 6.1213120296597481 3.2378133460879308 2.2853822112083426 12.868738850578666 11.326261319220066
leaf_count=470 270 4703 329 653 656 4434 1119 288 99 77 42 521 391
internal_value=0.000179327 0.0142893 0.0176427 0.0211197 -0.00684165 -0.0352519 -0.0170175 0.0248349 -0.0208338 0.0195329 -0.0357882 -0.0465166 -0.0295648
internal_weight=620.735 448.6 413.671 362.35 51.3209 172.136 54.741 21.0486 34.9285 9.35913 25.5694 117.395 24.195
internal_count=14052 7029 6341 5356 985 7023 1677 558 688 176 512 5346 912
cat_boundaries=0 1 2 3
cat_threshold=7 1 8
is_linear=0
shrinkage=0.05


Tree=18
num_leaves=14
num_cat=4
split_feature=0 33 1 0 4 40 4 5 0 37 4 2 42
split_gain=113.344 20.0565 48.7865 19.7626 28.617 23.7376 18.7817 12.9392 28.2819 22.0375 8.72608 3.36671 4.66129
threshold=0 36.600000000000009 1 2 0.84773968378660736 1.0000000180025095e-35 0.9962888416657264 -0.78858226040708135 3 61.500000000000007 0.88621069759564464 10.500000000000002 6.5000000000000009
decision_type=1 2 1 1 2 2 2 2 1 2 2 2 2
left_child=1 3 10 4 -1 -5 -4 8 9 -2 -3 -9 -13
right_child=7 2 6 5 -6 -7 -8 11 -10 -11 -12 12 -14
leaf_value=0.032390630892310465 0.071670624875980513 0.021793949899282197 0.063063432273693834 0.066743017225762868 -0.038250968222919401 -0.0033037805036437891 0.18340064160752526 -0.050477342930092796 -0.03858450468981877 -0.028927128024883536 -0.037485369839805348 -0.047408892970837668 -0.0036943276785760142
leaf_weight=127.93119713664055 13.833358231931927 9.7386986985802668 28.711609825491909 11.726624753326176 15.283158745616673 242.64846737682819 3.1934269592165938 88.914627937600017 32.322456395253539 7.9011265467852345 13.987249461933969 12.356425380334258 11.557932566851377
leaf_count=1810 270 88 293 165 293 4099 33 4440 1109 283 225 523 403
internal_value=-0.000275965 0.012737 0.0408792 0.00902625 0.0230414 0.000167507 0.0803158 -0.0342028 -0.0157281 0.0246111 -0.0132559 -0.045843 -0.0272777
internal_weight=620.106 453.22 55.631 397.589 143.214 254.375 31.905 166.886 54.0569 21.7345 23.7259 112.829 23.9144
internal_count=14034 7006 639 6367 2103 4264 326 7028 1662 553 313 5366 926
cat_boundaries=0 1 2 3 4
cat_threshold=7 1 2 8
is_linear=0
shrinkage=0.05


Tree=19
num_leaves=15
num_cat=0
split_feature=44 10 34 5 33 4 20 5 33 41 5 33 22 25
split_gain=14.9764 16.1919 15.9924 13.2317 11.8168 17.1057 10.7334 9.19919 9.18204 8.68081 11.1224 6.36617 5.36012 3.45848
threshold=44.45000000000001 62.187500000000007 22.550000000000004 0.36447543099728857 31.250000000000004 -0.37447345805034538 32.650000000000013 -0.86974577485258975 30.750000000000004 75.050000000000011 -0.97111920233974802 36.95000000000001 82.347222000000016 13.800000000000002
decision_type=2 2 2 2 2 2 2 2 2 2 2 2 2 2
left_child=1 2 6 -4 8 -6 -1 9 -3 12 -11 -9 -2 -13
right_child=7 4 3 -5 5 -7 -8 11 -10 10 -12 13 -14 -15
leaf_value=0.052515964065865728 0.0174037914111046 0.010034282185462791 -0.0045992448821545982 0.062520898547477388 0.01644312483313257 -0.0048705259444240404 -0.017382473660176059 -0.045175140542403368 -0.041704228725561746 -0.042069668079275313 0.044650188476338913 -0.020123835210782152 -0.047374053400380499 0.033039263123604272
leaf_weight=6.0363682527095106 3.9616531804204014 11.762441696599124 9.5502108857035619 28.988789500668645 136.64523422904313 296.90473832190037 24.043467665091157 34.333722883835435 27.650344932451844 4.0976194590330151 13.404553122818468 8.1066254731267673 9.5481660813093168 3.6110961697995654
leaf_count=111 65 277 160 353 3027 6666 583 1014 796 109 326 197 254 70
internal_value=-0.000170375 0.00277598 0.0252892 0.0461924 -0.00053678 0.00186944 -0.00211699 -0.0206469 -0.0263971 0.000479603 0.0231708 -0.0345817 -0.0284881 -0.0024307
internal_weight=618.645 541.582 68.6188 38.539 472.963 433.55 30.0798 77.0634 39.4128 31.012 17.5022 46.0514 13.5098 11.7177
internal_count=14008 11973 1207 513 10766 9693 694 2035 1073 754 435 1281 319 267
is_linear=0
shrinkage=0.05


Tree=20
num_leaves=14
num_cat=3
split_feature=0 43 2 34 39 5 1 5 0 38 5 2 36
split_gain=106.08 14.0805 23.529 16.7545 21.6952 12.7916 12.213 11.1563 25.1681 19.8246 6.78865 6.20325 11.5479
threshold=0 2.2500000000000004 4.5000000000000009 22.550000000000004 18.850000000000005 -0.6652727025667432 1 -0.78858226040708135 2 8.2910715000000028 -0.30164489695395941 10.500000000000002 99.500000000000014
decision_type=1 2 2 2 2 2 1 2 1 2 2 2 2
left_child=1 3 10 4 -1 -4 -5 8 9 -2 -3 -9 -13
right_child=7 2 5 6 -6 -7 -8 11 -10 -11 -12 12 -14
leaf_value=0.041021479774381787 0.063597594512941488 0.015327050825132757 0.0012741997630831971 0.018160445089815149 -0.020411974695439219 0.023345685067422482 0.054527206224376103 -0.05039507993044761 -0.037927471528012742 -0.033101702236709447 -0.034402011302364179 0.02205254845900928 -0.047768814842955754
leaf_weight=23.046628404408693 14.841715354472401 7.744478575885295 124.20952041447163 43.158275902271271 34.748020958155394 138.51693171262741 52.515850402414799 84.395954692736268 30.398676378652453 7.2036944925785056 37.47209769487381 9.2116652522236109 13.540995290502906
leaf_count=303 286 144 2117 481 557 2140 475 4435 1088 261 862 345 556
internal_value=0.000959409 0.0131324 0.007209 0.0257446 0.00436673 0.0129553 0.0384798 -0.0328687 -0.015609 0.0222705 -0.0257373 -0.0441332 -0.0197625
internal_weight=621.005 461.412 307.943 153.469 57.7946 262.726 95.6741 159.593 52.4441 22.0454 45.2166 107.149 22.7527
internal_count=14050 7079 5263 1816 860 4257 956 6971 1635 547 1006 5336 901
cat_boundaries=0 1 2 3
cat_threshold=7 1 8
is_linear=0
shrinkage=0.05


Tree=21
num_leaves=15
num_cat=1
split_feature=0 44 33 4 39 4 5 33 44 40 4 35 17 2
split_gain=102.915 13.6376 15.7945 16.8147 12.8312 12.67 10.8594 12.3353 9.56494 7.95892 4.43435 3.05035 2.48479 1.48696
threshold=0 44.45000000000001 35.900000000000006 0.93237596376505805 25.100000000000005 0.87397152483179585 -0.8142754349318998 34.150000000000013 36.550000000000004 75.050000000000011 0.48314048284850658 89.25892850000001 44.45000000000001 10.500000000000002
decision_type=1 2 2 2 2 2 2 2 2 2 2 2 2 2
left_child=1 2 3 -1 12 -4 7 8 -2 -6 -9 13 -3 -8
right_child=6 4 5 -5 9 -7 11 10 -10 -11 -12 -13 -14 -15
leaf_value=0.012468600784934938 0.0063346809008184256 -0.047299210601255616 0.0570224618248669 -0.037808736444757823 -0.011297417794199885 0.015543215440170741 -0.049771160786773828 0.058189742740885175 -0.043099423098705764 0.03981121084214919 -0.028608466618062347 0.024001982259457141 -0.0082835860790106252 -0.031836080128039949
leaf_weight=324.2369971703738 14.286186883226035 18.135245731100444 34.600057359784842 16.568900283426046 17.781954312697057 40.307013556361198 83.309072148054838 5.7147654667496672 28.539750039577484 11.916467647999523 1.2254463471472261 0.99184106104075809 5.8044940903782836 22.16101311147213
leaf_count=4862 354 390 303 456 306 468 4544 99 1059 208 38 24 119 909
internal_value=-0.000528797 0.0112493 0.0145497 0.00992081 -0.0120688 0.0352016 -0.0342942 -0.0167287 -0.0268406 0.0098387 0.0411908 -0.0454645 -0.0385508 -0.0463371
internal_weight=625.579 469.351 415.713 340.806 53.6382 74.9071 156.228 49.7661 42.8259 29.6984 6.94021 106.462 23.9397 105.47
internal_count=14139 7112 6089 5318 1023 771 7027 1550 1413 514 137 5477 509 5453
cat_boundaries=0 1
cat_threshold=7
is_linear=0
shrinkage=0.05


Tree=22
num_leaves=14
num_cat=3
split_feature=0 33 5 1 30 5 0 37 2 36 43 37 35
split_gain=87.5361 15.9368 13.8627 17.2653 13.1353 11.225 25.2093 13.8039 6.2179 10.6318 5.63588 7.90433 2.81835
threshold=0 31.250000000000004 -0.59867820553660911 1 12.850000000000001 -0.78858226040708135 2 61.500000000000007 10.500000000000002 99.500000000000014 22.200000000000006 66.500000000000014 88.931547500000008
decision_type=1 2 2 1 2 2 1 2 2 2 2 2 2
left_child=1 10 4 -4 -3 6 7 -2 -7 -10 11 -1 -12
right_child=5 2 3 -5 -6 8 -8 -9 9 -11 12 -13 -14
leaf_value=-0.024200676986566683 0.058227257331602195 -0.016843955089833617 0.0069787862437492342 0.030962451385533531 0.014661949953789286 -0.050244559076897927 -0.037590355619617821 -0.021774549274451532 0.019714464708621295 -0.047478997170656186 -0.049116236427182033 0.041234745587477514 0.020152800901633877
leaf_weight=12.992649596184494 15.10320206359029 60.360591128468513 143.50724405236542 158.00341990403831 70.784609783440828 76.96204387024045 29.539899649098516 7.4576063212007275 9.5466246344149113 12.72690680064261 13.998784467577932 5.8900648988783351 1.0896936506032933
leaf_count=256 269 1015 2080 2078 1155 4455 1114 285 360 559 303 97 20
internal_value=0.000113196 0.0108902 0.0137219 0.019608 0.000143383 -0.0316098 -0.0145087 0.0224513 -0.0435074 -0.0190697 -0.0214203 -0.00274216 -0.0431719
internal_weight=617.963 466.627 432.656 301.511 131.145 151.336 52.1007 22.5608 99.2356 22.2735 33.9712 18.8827 15.0885
internal_count=14046 7004 6328 4158 2170 7042 1668 554 5374 919 676 353 323
cat_boundaries=0 1 2 3
cat_threshold=7 1 8
is_linear=0
shrinkage=0.05


Tree=23
num_leaves=14
num_cat=2
split_feature=0 35 37 36 38 34 25 5 0 42 2 36 10
split_gain=77.1075 15.2224 18.3653 12.8369 15.3522 10.4034 9.46197 9.05245 20.015 11.7193 6.25747 9.84411 3.97215
threshold=0 68.25892850000001 26.500000000000004 97.500000000000014 11.675595000000003 25.150000000000002 6.5159725000000011 -0.78858226040708135 1 6.5000000000000009 10.500000000000002 99.500000000000014 67.875000000000014
decision_type=1 2 2 2 2 2 2 2 1 2 2 2 2
left_child=1 2 12 5 -5 -3 -4 8 9 -2 -9 -12 -1
right_child=7 3 6 4 -6 -7 -8 10 -10 -11 11 -13 -14
leaf_value=-0.043865751380658437 0.091961118604995895 -0.025348691767795785 -0.031351661991784872 0.0057792795450847707 0.07790955846475181 0.02013778477936308 0.031336704595790105 -0.050169593353319608 -0.037099604316938789 0.0061613594203886353 0.017620864224632472 -0.047236646060242027 0.013455352846986119
leaf_weight=10.830887751653789 4.1205052733421352 57.641906559467316 5.5566421821713439 250.32721704989672 6.6127959266304961 15.191592695191501 121.06877080351114 73.366524319164455 28.263119604438543 18.622855670750141 9.8568169474601746 12.063281280919909 3.5310581400990477
leaf_count=260 49 1082 69 3976 99 229 1243 4458 1103 502 360 555 64
internal_value=-0.00157708 0.00840009 0.0222672 0.00267605 0.00793053 -0.0157169 0.0283617 -0.0319248 -0.0166298 0.017538 -0.04317 -0.0185758 -0.0298142
internal_weight=617.054 470.761 140.987 329.774 256.94 72.8335 126.625 146.293 51.0065 22.7434 95.2866 21.9201 14.3619
internal_count=14049 7022 1636 5386 4075 1311 1312 7027 1654 551 5373 915 324
cat_boundaries=0 1 2
cat_threshold=7 8
is_linear=0
shrinkage=0.05


Tree=24
num_leaves=14
num_cat=2
split_feature=0 44 4 20 4 39 5 0 38 5 2 36 37
split_gain=75.7325 11.8716 14.2875 22.593 12.704 10.7952 9.15636 18.9687 13.0772 7.84505 5.44071 8.30528 4.43769
threshold=0 44.45000000000001 0.92922379131507438 34.750000000000007 0.99374995976406788 25.100000000000005 -0.79382744783423187 1 8.2910715000000028 0.19969739736768835 10.500000000000002 99.500000000000014 68.500000000000014
decision_type=1 2 2 2 2 2 2 1 2 2 2 2 2
left_child=1 2 3 -1 -4 12 7 8 -2 -7 -8 -12 -3
right_child=6 5 4 -5 -6 9 10 -9 -10 -11 11 -13 -14
leaf_value=0.00846678125571842 0.046779160055351744 -0.047535650103068323 -0.040422699863707508 0.039082769137579715 0.01857357188147973 0.021921868046504932 -0.050102503894852705 -0.036754536695513859 -0.031950840494650454 -0.032204472444705028 0.013346603955980058 -0.047022456108188226 0.008488722262391505
leaf_weight=312.95331209339201 16.392903700470928 19.343488957732919 22.636740401387215 73.90957697853446 14.101740228012202 22.09860930219293 70.155067940242589 27.454475743696094 6.746761228889226 8.4534138701856119 9.7978985719382763 11.538861956447363 3.9456784054636946
leaf_count=4654 284 430 502 632 258 358 4461 1111 260 164 354 556 84
internal_value=-0.00107983 0.00857367 0.0115659 0.0144016 -0.0178854 -0.013186 -0.0317325 -0.0164218 0.0165822 0.00639967 -0.043361 -0.0199444 -0.0380852
internal_weight=619.529 477.443 423.601 386.863 36.7385 53.8412 142.086 50.5941 23.1397 30.552 91.4918 21.3368 23.2892
internal_count=14108 7082 6046 5286 760 1036 7026 1655 544 522 5371 910 514
cat_boundaries=0 1 2
cat_threshold=7 8
is_linear=0
shrinkage=0.05


Tree=25
num_leaves=14
num_cat=4
split_feature=0 8 36 0 1 5 42 44 5 0 37 5 42
split_gain=68.4654 11.4732 18.5819 19.7366 12.3884 32.2194 19.1575 11.3021 9.90165 19.7922 13.429 4.54865 23.2726
threshold=0 33.350000000000001 96.500000000000014 1 2 0.67007489853957602 3.5000000000000004 30.800000000000004 -0.78858226040708135 3 61.500000000000007 0.80798785254895478 6.5000000000000009
decision_type=1 2 2 1 1 2 2 2 2 1 2 2 2
left_child=1 2 7 -4 5 -3 -6 -1 9 10 -2 -10 -13
right_child=8 4 3 -5 6 -7 -8 -9 11 -11 -12 12 -14
leaf_value=0.070718091135661146 0.05081327429776103 -0.019751295468781089 0.023410590096054493 -0.0033389517288450279 0.055794452141568397 0.05034071924281204 0.0092107702164996152 -0.034642927360384483 -0.050041677032253075 -0.036262268766294632 -0.027482766832033729 -0.048350949635360213 0.064178761454632444
leaf_weight=1.8000536412000645 15.673081275075676 48.239242739975452 103.21450785547495 172.95060000009835 41.726921638473868 23.585724178701639 46.640645552426577 38.847852133214474 63.637752268463373 26.334063589572906 7.3855920173227778 18.827976997010413 5.0482798041775814
leaf_count=19 252 737 1433 2935 411 230 553 715 4078 1113 286 1101 185
internal_value=-0.000938546 0.00812501 0.0027601 0.00743105 0.0191563 0.00364057 0.0315856 -0.0283911 -0.0307097 -0.0146264 0.0181086 -0.0429888 -0.0229347
internal_weight=613.912 477.006 316.813 276.165 160.193 71.825 88.3676 40.6479 136.907 49.3927 23.0587 87.514 23.8763
internal_count=14048 7033 5102 4368 1931 967 964 734 7015 1651 538 5364 1286
cat_boundaries=0 1 2 3 4
cat_threshold=7 2 1 8
is_linear=0
shrinkage=0.05


Tree=26
num_leaves=14
num_cat=5
split_feature=0 5 5 0 1 4 0 5 0 4 2 42 9
split_gain=71.1329 12.1364 12.2729 32.7021 11.731 11.1465 10.0413 8.79921 15.8779 13.2568 4.72377 6.30539 0.554224
threshold=0 0.95178258287705175 0.70747208174348741 1 2 0.10837544681456417 3 -0.78858226040708135 4 -0.04836157422433459 10.500000000000002 6.5000000000000009 24.150000000000002
decision_type=1 2 2 1 1 2 1 2 1 2 2 2 2
left_child=1 2 4 -4 -1 6 -3 8 9 -2 -9 -12 -7
right_child=7 5 3 -5 -6 12 -8 10 -10 -11 11 -13 -14
leaf_value=-0.0021948343417964593 0.058026281130396075 0.031043795166534445 0.044262760785086314 -0.016763031159958818 0.015999715930386453 -0.050419894729914962 -0.016685093326155802 -0.049942481155394139 -0.035834890255410215 -0.013376896803034036 -0.046498190706586492 0.0073551563909492364 -0.007946255365411466
leaf_weight=169.08813474886119 10.67507713660598 7.6928339079022408 61.311117183417082 28.47375313565135 184.59929814189672 14.820596206933262 16.539852719753984 62.95695616863668 25.374868845567107 14.001936368644236 10.245151313021779 10.063267236575484 1.2425013780593861
leaf_count=2727 259 106 693 346 2715 254 211 4417 1103 298 526 393 18
internal_value=-3.53896e-05 0.00897493 0.0115535 0.0279671 0.00731974 -0.0168226 0.0047871 -0.0309207 -0.0161935 0.0133638 -0.0431456 -0.0207198 -0.0477927
internal_weight=617.085 483.768 443.472 89.7849 353.687 40.2958 24.2327 133.317 50.0519 24.677 83.2654 20.3084 16.0631
internal_count=14066 7070 6481 1039 5442 589 317 6996 1660 557 5336 919 272
cat_boundaries=0 1 2 3 4 5
cat_threshold=7 6 1 1 8
is_linear=0
shrinkage=0.05


Tree=27
num_leaves=14
num_cat=5
split_feature=0 5 5 0 1 0 5 5 0 11 4 5 42
split_gain=68.1558 14.2466 11.7727 33.9618 13.2643 10.905 30.2551 9.4077 14.6918 13.2501 3.9793 3.0733 17.4646
threshold=0 0.95178258287705175 0.65720762023595369 1 2 3 0.99611390731392835 -0.78858226040708135 4 94.500000000000014 -0.14250824554987662 0.82777578779003613 6.5000000000000009
decision_type=1 2 2 1 1 1 2 2 1 2 2 2 2
left_child=1 2 4 -4 -1 6 -3 8 9 -2 -7 -9 -13
right_child=7 5 3 -5 -6 10 -8 11 -10 -11 -12 12 -14
leaf_value=-0.0039162475600663972 0.079835903481976084 -0.026865758805644291 0.041397399628957263 -0.017233885255974961 0.015831515512053512 -0.0013619906625334628 0.12610698896824099 -0.049948658886347148 -0.035346428390121809 -0.003018022506834766 -0.052071798552040131 -0.047931019375252862 0.058867728919760658
leaf_weight=160.25757307186723 5.3410095069557455 8.4030123278498632 71.545476157218218 31.551362298429012 179.38310036621988 4.7366915382444885 3.9991516470909128 59.639974498189986 24.342487040907145 19.90773031488061 21.528800977393985 16.480311223305765 3.9898017821833482
leaf_count=2614 108 140 800 392 2617 67 51 4156 1095 453 317 1054 152
internal_value=-0.00044788 0.0083365 0.0110607 0.0257822 0.0065295 -0.0202462 0.0161442 -0.0311233 -0.0159334 0.012225 -0.0316896 -0.0440512 -0.0253427
internal_weight=611.106 481.405 442.738 103.097 339.641 38.6677 12.4022 129.701 49.5912 25.2487 26.2655 80.1101 20.4701
internal_count=14016 6998 6423 1192 5231 575 191 7018 1656 561 384 5362 1206
cat_boundaries=0 1 2 3 4 5
cat_threshold=7 6 1 1 8
is_linear=0
shrinkage=0.05


Tree=28
num_leaves=15
num_cat=2
split_feature=0 5 0 38 33 2 39 25 38 42 33 35 20 2
split_gain=62.1802 11.3821 16.7616 9.7646 9.41845 10.251 18.3005 9.92422 8.32654 6.41502 4.02065 3.91973 2.20952 1.58364
threshold=0 -0.78858226040708135 1 8.2910715000000028 31.250000000000004 8.5000000000000018 17.850000000000005 5.7534725000000009 11.772321500000002 2.5000000000000004 30.600000000000005 88.178571500000018 31.050000000000004 11.500000000000002
decision_type=1 2 1 2 2 2 2 2 2 2 2 2 2 2
left_child=4 2 3 -2 8 6 -6 -7 9 -1 11 -3 -10 -12
right_child=1 10 -4 -5 5 7 -8 -9 12 -11 13 -13 -14 -15
leaf_value=0.033075954111554694 0.03920394611198845 -0.03331859646994266 -0.035272580008107186 -0.026727134311218738 -0.021579224604040548 -0.00515356394854493 0.010212329495680565 0.031713441434501416 0.053741138803473788 -0.035972088234370474 -0.049972494923790967 0.053745892903565934 -0.010819564050375746 -0.021149452546843361
leaf_weight=3.0505381338298347 18.223381316289309 1.8771121585741632 24.238409865647554 7.1183192059397689 52.454300694167614 23.325086530297995 295.75892204418778 78.957470767199993 3.6561906151473513 25.947699828073382 66.026162058115005 1.3668343070894478 1.4438694491982458 7.3621666133403769
leaf_count=42 289 99 1126 272 808 307 4164 1056 48 545 4835 30 31 366
internal_value=-0.000858783 -0.0306187 -0.0139639 0.0147669 0.00741708 0.00949613 0.00537522 0.0233376 -0.0174254 -0.027848 -0.0450196 0.00738612 0.0366861 -0.0474042
internal_weight=610.806 126.212 49.5801 25.3417 484.594 450.496 348.213 102.283 34.0983 28.9982 76.6323 3.24395 5.10006 73.3883
internal_count=14018 7017 1687 561 7001 6335 4972 1363 666 587 5330 129 79 5201
cat_boundaries=0 1 2
cat_threshold=7 8
is_linear=0
shrinkage=0.05


Tree=29
num_leaves=14
num_cat=3
split_feature=0 4 38 1 20 36 44 5 0 4 2 36 37
split_gain=55.8473 10.2866 16.6695 22.7507 15.8595 14.449 10.8563 8.46219 13.8616 14.2012 4.11702 5.90846 1.60951
threshold=0 0.92273069556937581 11.430654500000001 1 34.550000000000004 96.500000000000014 37.600000000000001 -0.78858226040708135 2 -0.04836157422433459 10.500000000000002 99.500000000000014 48.500000000000007
decision_type=1 2 2 1 2 2 2 2 1 2 2 2 2
left_child=1 4 12 -4 5 -1 -6 8 9 -2 -9 -12 -3
right_child=7 2 3 -5 6 -7 -8 10 -10 -11 11 -13 -14
leaf_value=-0.018609591390942433 0.055231607919836348 -0.046503699116692061 0.049333139399592753 -0.040760439451879515 0.00046817351924939229 0.0090880473809555867 0.040039416567761228 -0.049729021773185944 -0.034848335756717509 -0.017234363412367778 0.0078134787130532245 -0.046174432435883421 -0.0078694011185676954
leaf_weight=55.128676142543554 11.386823974549772 22.366828560829166 16.419082775712013 10.783485239371659 24.274008505046368 292.35780662856996 59.821077421307564 54.879484704695642 23.403435205109417 14.114459514617918 9.1190798413008451 9.7473042365163565 3.5639481134712687
leaf_count=826 258 533 178 188 253 4423 503 4445 1127 294 354 565 94
internal_value=-0.00106218 0.00670762 -0.013735 0.0134398 0.00940537 0.00465303 0.0287569 -0.0297138 -0.0155345 0.0116066 -0.0427585 -0.0209996 -0.0416831
internal_weight=607.366 484.715 53.1333 27.2026 431.582 347.486 84.0951 122.651 48.9047 25.5013 73.7459 18.8664 25.9308
internal_count=14041 6998 993 366 6005 5249 756 7043 1679 552 5364 919 627
cat_boundaries=0 1 2 3
cat_threshold=7 2 8
is_linear=0
shrinkage=0.05


end of trees

feature_importances:
day_of_year_cos=58
age_group=56
day_of_year_sin=46
humidity_min_7d=33
month=30
temperature_max_7d=26
temperature_min_7d=19
gender=14
humidity_mean_7d=13
wind_speed_mean_7d=13
rain_days_7d=13
wind_gust_max_7d=12
humidity_max_7d=11
rain_max_daily_7d=10
wind_speed_max_7d=9
temperature_max_3d=8
humidity_mean_current=4
wind_speed_max_current=4
precipitation_sum_7d=4
temperature_min_current=3
humidity_mean_3d=3
wind_speed_mean_3d=3
temperature_max_current=2
humidity_max_current=2
rain_max_daily_3d=2
temperature_mean_7d=2
weather_code_current=1
wind_gust_max_current=1
wind_speed_max_3d=1
precipitation_sum_3d=1
rain_sum_7d=1

parameters:
[boosting: gbdt]
[objective: binary]
[metric: binary_logloss]
[tree_learner: serial]
[device_type: cpu]
[data_sample_strategy: bagging]
[data: ]
[valid: ]
[num_iterations: 30]
[learning_rate: 0.05]
[num_leaves: 15]
[num_threads: 8]
[seed: 42]
[deterministic: 0]
[force_col_wise: 0]
[force_row_wise: 0]
[histogram_pool_size: -1]
[max_depth: 4]
[min_data_in_leaf: 20]
[min_sum_hessian_in_leaf: 0.001]
[bagging_fraction: 0.9]
[pos_bagging_fraction: 1]
[neg_bagging_fraction: 1]
[bagging_freq: 1]
[bagging_seed: 400]
[bagging_by_query: 0]
[feature_fraction: 0.9]
[feature_fraction_bynode: 1]
[feature_fraction_seed: 30056]
[extra_trees: 0]
[extra_seed: 12879]
[early_stopping_round: 0]
[early_stopping_min_delta: 0]
[first_metric_only: 0]
[max_delta_step: 0]
[lambda_l1: 0]
[lambda_l2: 1]
[linear_lambda: 0]
[min_gain_to_split: 0]
[drop_rate: 0.1]
[max_drop: 50]
[skip_drop: 0.5]
[xgboost_dart_mode: 0]
[uniform_drop: 0]
[drop_seed: 17869]
[top_rate: 0.2]
[other_rate: 0.1]
[min_data_per_group: 100]
[max_cat_threshold: 32]
[cat_l2: 10]
[cat_smooth: 10]
[max_cat_to_onehot: 4]
[top_k: 20]
[monotone_constraints: ]
[monotone_constraints_method: basic]
[monotone_penalty: 0]
[feature_contri: ]
[forcedsplits_filename: ]
[refit_decay_rate: 0.9]
[cegb_tradeoff: 1]
[cegb_penalty_split: 0]
[cegb_penalty_feature_lazy: ]
[cegb_penalty_feature_coupled: ]
[path_smooth: 0]
[interaction_constraints: ]
[verbosity: -1]
[saved_feature_importance_type: 0]
[use_quantized_grad: 0]
[num_grad_quant_bins: 4]
[quant_train_renew_leaf: 0]
[stochastic_rounding: 1]
[linear_tree: 0]
[max_bin: 255]
[max_bin_by_feature: ]
[min_data_in_bin: 3]
[bin_construct_sample_cnt: 200000]
[data_random_seed: 175]
[is_enable_sparse: 1]
[enable_bundle: 1]
[use_missing: 1]
[zero_as_missing: 0]
[feature_pre_filter: 1]
[pre_partition: 0]
[two_round: 0]
[header: 0]
[label_column: ]
[weight_column: ]
[group_column: ]
[ignore_column: ]
[categorical_feature: 0,1,3]
[forcedbins_filename: ]
[precise_float_parser: 0]
[parser_config_file: ]
[objective_seed: 16083]
[num_class: 1]
[is_unbalance: 0]
[scale_pos_weight: 1]
[sigmoid: 1]
[boost_from_average: 1]
[reg_sqrt: 0]
[alpha: 0.9]
[fair_c: 1]
[poisson_max_delta_step: 0.7]
[tweedie_variance_power: 1.5]
[lambdarank_truncation_level: 30]
[lambdarank_norm: 1]
[label_gain: ]
[lambdarank_position_bias_regularization: 0]
[eval_at: ]
[multi_error_top_k: 1]
[auc_mu_weights: ]
[num_machines: 1]
[local_listen_port: 12400]
[time_out: 120]
[machine_list_filename: ]
[machines: ]
[gpu_platform_id: -1]
[gpu_device_id: -1]
[gpu_device_id_list: ]
[gpu_use_dp: 0]
[num_gpu: 1]

end of parameters

pandas_categorical:[]
