tree
version=v4
num_class=1
num_tree_per_iteration=1
label_index=0
max_feature_idx=44
objective=binary sigmoid:1
feature_names=age_group gender month season day_of_year_sin day_of_year_cos weather_code_current temperature_mean_current temperature_max_current temperature_min_current humidity_mean_current humidity_max_current humidity_min_current wind_speed_mean_current wind_speed_max_current precipitation_sum_current rain_sum_current wind_gust_max_current rain_day_current temperature_mean_3d temperature_max_3d temperature_min_3d humidity_mean_3d humidity_max_3d humidity_min_3d wind_speed_mean_3d wind_speed_max_3d precipitation_sum_3d rain_sum_3d rain_days_3d rain_max_daily_3d wind_gust_max_3d temperature_mean_7d temperature_max_7d temperature_min_7d humidity_mean_7d humidity_max_7d humidity_min_7d wind_speed_mean_7d wind_speed_max_7d precipitation_sum_7d rain_sum_7d rain_days_7d rain_max_daily_7d wind_gust_max_7d
feature_infos=-1:0:1:2:3:4:5 -1:0:1 [1:12] -1:1:0 [-0.99999942202469239:0.99998555065071859] [-0.99997919295908244:0.9999907524084426] [0:61] [23.658332999999999:32.533332999999999] [25.899999999999999:39.200000000000003] [17.899999999999999:29.300000000000001] [48.958333000000003:91.625] [63:100] [23:86] [2.8541669999999999:19.695833] [6.4000000000000004:30.100000000000001] [0:63.100000000000001] [0:63.100000000000001] [14:56.899999999999999] [0:1] [23.766667000000002:32.427778000000004] [27.699999999999999:39.200000000000003] [17.899999999999999:28.100000000000001] [52.569443999999997:90.694444000000004] [73:100] [23:79] [4.125:17.329167000000002] [9.6999999999999993:30.100000000000001] [0:93.900000000000006] [0:93.900000000000006] [0:3] [0:63.100000000000001] [17.300000000000001:56.899999999999999] [24.365476000000001:32.235118999999997] [28.699999999999999:39.200000000000003] [17.899999999999999:27.5] [55.767856999999999:89.523809999999997] [77:100] [23:72] [4.5327380000000002:15.469643] [11.6:30.100000000000001] [0:163.90000000000001] [0:163.90000000000001] [0:7] [0:63.100000000000001] [23:56.899999999999999]
tree_sizes=1580 1725 1731 1726 1731 1726 1655 1724 1726 1721 1731 1730 1731 1742 1732 1640 1753 1634 1537 1732 1731 1647 1742 1748 1741 1750 1543 1543 1750 1637 1521 1429 1431 1427 1656 1632 1738 1426 1432 1721 1551 1639 1430 1652 1640 1630 1633 1206 1332 1337 1648 1435 1318 1662

Tree=0
num_leaves=14
num_cat=3
split_feature=0 0 37 0 42 44 34 38 2 5 37 33 4
split_gain=1261.09 150.573 108.028 94.9946 70.0155 51.5537 50.2297 40.0288 29.6122 31.3819 1.80288 7.36108 0.389864
threshold=0 1 40.500000000000007 2 6.5000000000000009 35.100000000000001 19.200000000000003 6.2047620000000014 10.500000000000002 -0.92921788351138401 63.500000000000007 32.750000000000007 -0.76141707087277943
decision_type=1 1 2 1 2 2 2 2 2 2 2 2 2
left_child=1 2 4 8 -1 -4 -3 -8 9 -2 12 -12 -5
right_child=3 6 5 10 -6 -7 7 -9 -10 -11 11 -13 -14
leaf_value=-1.7074153087761452 -1.7758789614044665 -1.5463447814458813 -1.6765025455486675 -1.7725451360098274 -1.5726754330473316 -1.6397610234645303 -1.6629758265129491 -1.7218385394098015 -1.7819398729465876 -1.7282148468999077 -1.7745060478812564 -1.713851331546798 -1.7816889428413429
leaf_weight=172.83183267712593 40.062059283256531 3.4669089764356604 158.57898466289043 55.08533151447773 9.2450906038284284 261.17380955815315 31.458988860249519 263.09987010061741 39.291635066270828 218.41526551544666 123.65308682620525 4.8793533742427817 412.81897626817226
leaf_count=1346 312 27 1235 429 72 2034 245 2049 306 1701 963 38 3215
internal_value=-1.72443 -1.68289 -1.66837 -1.76623 -1.69978 -1.65349 -1.71319 -1.71537 -1.74147 -1.73577 -1.77805 -1.77214 -1.78072
internal_weight=1794.06 899.855 601.83 894.206 182.077 419.753 298.026 294.559 297.769 258.477 596.437 128.532 467.904
internal_count=13972 7008 4687 6964 1418 3269 2321 2294 2319 2013 4645 1001 3644
cat_boundaries=0 1 2 3
cat_threshold=13 9 2
is_linear=0
shrinkage=1


Tree=1
num_leaves=15
num_cat=3
split_feature=0 0 34 0 19 4 34 39 44 5 33 14 44 36
split_gain=1182.93 136.326 94.9251 86.076 57.3697 56.455 53.3047 40.6764 33.3498 28.6324 19.1672 5.67212 1.55736 3.35059
threshold=0 1 20.950000000000003 2 26.361805500000006 -0.022576249993022598 19.950000000000006 18.550000000000004 36.900000000000013 -0.92921788351138401 32.150000000000013 17.650000000000002 36.20000000000001 97.500000000000014
decision_type=1 1 2 1 2 2 2 2 2 2 2 2 2 2
left_child=1 2 5 7 -4 -1 10 11 -8 -9 -3 -2 -5 -14
right_child=3 6 4 12 -6 -7 8 9 -10 -11 -12 -13 13 -15
leaf_value=0.059105469403501837 -0.049598310924591868 0.19769914786263684 0.10287374025057433 -0.057775879679412716 0.053340549261841522 -0.057174300010936187 0.025710959035647865 -0.050187168801700668 -0.008215683537239513 0.0017313317991888167 0.023416532213283117 0.0068345688469799801 -0.05677796724184269 -0.045336328853841132
leaf_weight=15.119424194097517 82.381319098174572 4.0797249376773825 66.781620606780052 239.47931583225727 512.86815187335014 28.781121373176575 133.04132620990276 30.217451870441437 156.82824119925499 177.42343699932098 2.7233494222164154 4.4644907414913169 155.54300322383642 178.65308245271444
leaf_count=114 653 29 496 1939 3839 220 1027 244 1217 1389 20 35 1260 1443
internal_value=0.00033037 0.0395975 0.0530029 -0.0412699 0.0592146 -0.0167029 0.0105343 -0.0175328 0.00739047 -0.00602857 0.139874 -0.0466525 -0.0528959 -0.050815
internal_weight=1788.39 920.223 623.55 868.162 579.65 43.9005 296.673 294.487 289.87 207.641 6.80307 86.8458 573.675 334.196
internal_count=13925 6962 4669 6963 4335 334 2293 2321 2244 1633 49 688 4642 2703
cat_boundaries=0 1 2 3
cat_threshold=13 9 2
is_linear=0
shrinkage=0.05


Tree=2
num_leaves=15
num_cat=3
split_feature=0 0 0 37 39 32 2 32 39 44 5 14 44 44
split_gain=1064.45 109.297 85.4365 79.9397 78.1585 54.0158 50.5486 81.9675 37.2265 32.652 26.8033 10.2616 2.05289 9.30488
threshold=0 1 2 42.500000000000007 18.250000000000004 26.964285500000003 11.500000000000002 26.854762000000004 18.550000000000004 36.900000000000013 -0.9575230291762723 18.150000000000002 40.500000000000007 40.850000000000009
decision_type=1 1 1 2 2 2 2 2 2 2 2 2 2 2
left_child=1 3 8 5 -5 -1 9 -8 11 -3 -10 -2 -4 -14
right_child=2 6 12 4 -6 -7 7 -9 10 -11 -12 -13 13 -15
leaf_value=-0.036044309648693346 -0.048126546096705636 0.023908750884888242 -0.055652459449583969 0.030766439092728151 0.075762784117451215 0.033695338632409894 0.16547257891608125 -0.035834545640206619 -0.055639206254044317 -0.010059231835768422 0.00046765529828551904 0.041801511957905192 0.0052098853464445979 -0.050017445020094455
leaf_weight=31.876510664820671 83.420083619654179 125.94772116839886 387.48968829959631 147.80169811844826 288.80685278773308 182.24597057700157 11.644453823566439 7.9233046621084204 23.057282976806164 158.91671815514565 184.65187659114599 2.5641061365604392 7.8123403862118712 162.32147144526243
leaf_count=245 684 955 3262 1063 2050 1343 81 60 193 1240 1448 20 65 1362
internal_value=-0.000102751 0.0359393 -0.0404828 0.047639 0.0606356 0.0231939 0.0101419 0.0861809 -0.0169533 0.0049902 -0.00599737 -0.0449951 -0.0523078 -0.0474658
internal_weight=1806.48 955.163 851.317 650.731 436.609 214.122 304.432 19.5678 293.693 284.864 207.709 85.9842 557.624 170.134
internal_count=14071 7037 7034 4701 3113 1588 2336 141 2345 2195 1641 704 4689 1427
cat_boundaries=0 1 2 3
cat_threshold=13 9 2
is_linear=0
shrinkage=0.05


Tree=3
num_leaves=15
num_cat=3
split_feature=0 0 0 34 32 4 2 33 36 4 4 36 4 44
split_gain=970.367 85.47 82.0876 66.2061 61.9299 55.5649 37.0112 72.1504 34.288 32.8449 25.5865 22.4062 2.1852 7.20354
threshold=0 1 2 20.950000000000003 26.419940500000006 -0.039770090859911449 11.500000000000002 31.950000000000003 98.500000000000014 0.9916835347852474 -0.96689237009891416 95.500000000000014 -0.72696319516528884 40.500000000000007
decision_type=1 1 1 2 2 2 2 2 2 2 2 2 2 2
left_child=1 3 8 5 -5 -1 9 -8 11 -3 -10 -2 13 -4
right_child=2 6 12 4 -6 -7 7 -9 10 -11 -12 -13 -14 -15
leaf_value=0.057168536673094454 -0.022056534758621963 0.0021956892107917554 -0.051672092918784586 0.092918481044591605 0.042725639093164174 -0.054993399077897513 0.15104443729994066 -0.029613130510048404 0.018871744028131139 0.07940248839826719 -0.044648495043275803 0.015524836865353317 -0.054507444600610223 -0.019548993865371303
leaf_weight=16.538961037993431 71.234296545386314 273.96675387024879 84.416937664151192 69.180632933974266 560.42442861199379 28.917724326252937 11.707132026553156 9.2864224091172201 17.833780854940414 13.508538514375685 113.39068087935448 86.958571560680866 425.39587795734406 24.065413430333138
leaf_count=117 557 2103 736 465 3911 231 75 69 143 104 934 704 3724 207
internal_value=6.14618e-05 0.033419 -0.0397042 0.0435321 0.0483794 -0.0138323 0.0105503 0.0734183 -0.0165757 0.00608633 -0.0359385 -0.00143031 -0.0516545 -0.0447896
internal_weight=1806.83 983.531 823.296 675.062 629.605 45.4567 308.469 20.9936 289.417 287.475 131.224 158.193 533.878 108.482
internal_count=14080 7075 7005 4724 4376 348 2351 144 2338 2207 1077 1261 4667 943
cat_boundaries=0 1 2 3
cat_threshold=13 9 2
is_linear=0
shrinkage=0.05


Tree=4
num_leaves=15
num_cat=3
split_feature=0 0 0 34 32 4 34 4 39 5 14 44 44 37
split_gain=873.51 77.4175 75.1489 65.5998 61.2052 41.0721 35.5337 33.0287 32.7866 28.6863 9.613 2.56644 9.51429 1.11321
threshold=0 1 2 20.950000000000003 26.419940500000006 -0.022576249993022598 19.200000000000003 0.99466373373798567 18.550000000000004 -0.92921788351138401 18.150000000000002 40.500000000000007 41.95000000000001 27.500000000000004
decision_type=1 1 1 2 2 2 2 2 2 2 2 2 2 2
left_child=2 8 3 5 -5 -1 -4 -8 10 -10 -2 13 -13 -3
right_child=1 11 6 4 -6 -7 7 -9 9 -11 -12 12 -14 -15
leaf_value=0.042891887079421327 -0.047003918927989469 -0.030455956774272971 0.12700207444859929 0.086907468449229919 0.038732307737495739 -0.054397228994959503 0.0034282884252746053 0.085524406926916208 -0.052262685574126513 0.0011693987400021176 0.039215327465039626 -0.024183063131053173 -0.052969620587711964 -0.055267480253575745
leaf_weight=16.462656795978546 78.906051613390446 8.6368423625826818 5.2918794006109229 74.528597921133041 575.32732175290585 27.878234386444092 291.08401399850845 11.795466765761374 28.268334925174713 176.91909811645746 2.6466117352247229 41.401116497814655 117.14748191088438 345.95357747375965
leaf_count=113 681 79 29 473 3906 232 2218 86 246 1398 20 370 1058 3157
internal_value=-0.000403434 -0.0390771 0.0305509 0.0397968 0.0443823 -0.0181269 0.00906959 0.0068964 -0.0165731 -0.00640962 -0.0437647 -0.0510406 -0.0456514 -0.0547505
internal_weight=1802.25 799.879 1002.37 694.197 649.856 44.3409 308.171 302.879 286.74 205.187 81.5527 513.139 158.549 354.59
internal_count=14066 7009 7057 4724 4379 345 2333 2304 2345 1644 701 4664 1428 3236
cat_boundaries=0 1 2 3
cat_threshold=13 2 9
is_linear=0
shrinkage=0.05


Tree=5
num_leaves=15
num_cat=3
split_feature=0 0 36 34 1 32 37 39 44 5 14 44 44 37
split_gain=791.097 82.864 76.0049 63.4015 60.8443 43.2506 41.927 34.5502 33.6548 27.5854 8.71247 2.3892 7.46671 1.11725
threshold=0 1 96.500000000000014 24.550000000000004 2 26.738393000000006 57.500000000000007 18.550000000000004 36.900000000000013 0.92191100909954782 18.150000000000002 40.500000000000007 41.95000000000001 27.500000000000004
decision_type=1 1 2 2 1 2 2 2 2 2 2 2 2 2
left_child=2 7 5 6 -5 -1 -4 10 -9 -7 -2 13 -13 -3
right_child=1 11 3 4 -6 9 -8 8 -10 -11 -12 12 -14 -15
leaf_value=-0.056174198069981966 -0.046405668579494318 -0.030322130848842211 0.061564909039096519 0.03913388299644479 -0.037427577304134825 0.0083963754674225496 0.033950791410013094 0.026329292383709287 -0.017823924409375125 0.064352896204847604 0.033877452438619705 -0.025520549630545328 -0.052034010690028124 -0.055099427230290834
leaf_weight=23.408341839909554 77.108944617211819 8.6570441424846631 213.57562603056431 51.115253403782845 50.687803372740746 257.1021925508976 401.4082143753767 60.874899968504906 141.786476559937 23.146595813333988 2.8453294932842246 38.685621932148933 113.66416297107935 331.14820026606321
leaf_count=190 689 81 1464 352 349 1817 2712 485 1146 164 21 352 1068 3151
internal_value=-0.000365389 -0.0381581 0.0284332 0.037584 0.00102062 0.00771328 0.0436252 -0.0150207 -0.00449714 0.0132304 -0.0431655 -0.0508258 -0.0455119 -0.054559
internal_weight=1795.21 774.771 1020.44 716.787 101.803 303.657 614.984 282.616 202.661 280.249 79.9543 492.155 152.35 339.805
internal_count=14041 6993 7048 4877 701 2171 4176 2341 1631 1981 710 4652 1420 3232
cat_boundaries=0 1 2 3
cat_threshold=13 2 1
is_linear=0
shrinkage=0.05


Tree=6
num_leaves=14
num_cat=1
split_feature=36 39 34 33 1 34 32 21 37 5 7 34 19
split_gain=57.969 43.4798 52.9163 29.7243 37.0328 26.5625 32.2196 23.7478 21.1498 15.3446 13.4534 12.6406 1.20368
threshold=95.500000000000014 18.250000000000004 23.350000000000005 35.750000000000007 0 20.950000000000003 27.340178500000004 24.350000000000005 31.500000000000004 0.70747208174348741 26.522916500000004 24.550000000000004 28.313194500000005
decision_type=2 2 2 2 1 2 2 2 2 2 2 2 2
left_child=5 2 9 8 -5 12 10 -8 -3 -2 -7 -4 -1
right_child=1 3 11 4 -6 6 7 -9 -10 -11 -12 -13 -14
leaf_value=-0.056146439113381547 0.028848172642083777 0.052697042534781871 -0.018175197741016374 0.089893688624565565 0.004385735133238546 -0.046640168078975995 -0.032814156188782549 -0.0059063152335422781 0.0072013882230132281 0.00035290978678504889 0.046512527426691486 -0.045964517045797411 -0.014002689362652261
leaf_weight=39.479914240539074 69.309609279036522 25.361394271254539 178.94039675593376 24.831972479820251 25.048464596271515 3.6453181356191626 138.10812804102898 201.08955802023411 862.42287500947714 144.09044916927814 28.410381928086281 53.295134171843529 2.5872603058814994
leaf_count=350 546 196 1417 192 196 28 1095 1594 6655 1139 224 429 22
internal_value=-0.000318906 0.00459206 -0.00825414 0.0106996 0.0478843 -0.0167263 -0.0123761 -0.0169264 0.00855889 0.00969919 0.0348289 -0.0247222 -0.0539398
internal_weight=1796.62 1383.3 445.636 937.665 49.8804 413.321 371.253 339.198 887.784 213.4 32.0557 232.236 42.0672
internal_count=14083 10770 3531 7239 388 3313 2941 2689 6851 1685 252 1846 372
cat_boundaries=0 1
cat_threshold=1
is_linear=0
shrinkage=0.05


Tree=7
num_leaves=15
num_cat=4
split_feature=0 0 36 34 1 37 32 4 36 5 42 4 5 1
split_gain=760.096 81.5461 62.3894 53.6986 55.5703 41.4958 38.433 28.1894 33.4965 27.5162 25.1992 1.88588 7.01891 0.0274272
threshold=0 1 96.500000000000014 24.550000000000004 2 57.500000000000007 26.738393000000006 -0.91597725483594616 98.500000000000014 -0.091258822863740582 6.5000000000000009 -0.72696319516528884 0.48877522411129343 3
decision_type=1 1 2 2 1 2 2 2 2 2 2 2 2 1
left_child=2 7 6 5 -5 -4 -1 9 -9 -2 -8 12 -3 -13
right_child=1 11 3 4 -6 -7 10 8 -10 -11 -12 13 -14 -15
leaf_value=-0.055254783645938957 0.081577676021635986 -0.049808191108718237 0.05866485215038908 0.037787316868540283 -0.035462182448163265 0.031697396257945508 0.0052722116877526705 -0.0059512110529636539 -0.043481747314154495 -0.010386323193855032 0.040571681977180508 -0.050622645665196878 -0.012857265884701853 -0.056165253279845201
leaf_weight=20.805171012878418 12.972250871360304 81.209032118320465 222.71402745693922 52.096264705061913 49.5398970246315 410.97658827900887 212.71081759035587 148.70441166311502 98.47855981439352 18.998922169208527 65.482619911432266 188.00734826922417 16.231469482183456 191.48716492950916
leaf_count=180 104 791 1460 350 351 2716 1514 1211 866 157 445 1854 155 1892
internal_value=2.02942e-05 -0.0377788 0.0277579 0.0358494 0.00208611 0.0412528 0.00873071 -0.0147657 -0.0210185 0.0282704 0.0136967 -0.050612 -0.0438461 -0.0535596
internal_weight=1790.41 756.089 1034.33 735.327 101.636 633.691 298.999 279.154 247.183 31.9712 278.193 476.935 97.4405 379.495
internal_count=14046 7030 7016 4877 701 4176 2139 2338 2077 261 1959 4692 946 3746
cat_boundaries=0 1 2 3 4
cat_threshold=13 2 1 1
is_linear=0
shrinkage=0.05


Tree=8
num_leaves=15
num_cat=3
split_feature=0 0 0 34 32 5 5 44 2 4 4 37 37 4
split_gain=683.662 73.1171 65.1705 50.1227 36.6844 31.053 39.8777 31.0241 29.9088 26.3882 23.952 19.5091 2.48072 5.79824
threshold=0 1 2 21.050000000000004 26.419940500000006 0.24997576770840005 -0.92921788351138401 36.900000000000013 11.500000000000002 0.97112537654464559 -0.022576249993022598 28.500000000000004 63.500000000000007 0.29342972903661901
decision_type=1 1 1 2 2 2 2 2 2 2 2 2 2 2
left_child=2 5 3 10 -5 6 -2 9 -9 -4 -1 -7 -3 -14
right_child=1 12 7 4 -6 11 -8 8 -10 -11 -12 -13 13 -15
leaf_value=0.033334037785876972 -0.04963212335891181 -0.052791514977678512 0.016407304341886274 0.069225045815232797 0.033503669960243392 0.0089370501802521415 0.010291593330775704 -0.011750339887744373 0.12673143443904852 0.09519175028318054 -0.0354355733022323 -0.04636260607278439 -0.046954732436917113 -0.010589507599117715
leaf_weight=18.391499534249306 33.971404008567333 358.8071613162756 146.72045969963074 82.151260644197464 596.83378329873085 19.091740913689137 133.72845952212811 165.17899910360575 2.9966548085212699 10.544576182961462 35.727736547589302 87.670296020805836 85.615602947771549 13.329425565898417
leaf_count=114 317 3687 1024 473 3819 152 1092 1249 18 69 292 766 866 133
internal_value=-0.000160116 -0.0369935 0.0254381 0.0337731 0.0379211 -0.0149952 -0.00206956 0.00617192 -0.00854826 0.0222579 -0.0118846 -0.0364825 -0.0495219 -0.0422107
internal_weight=1790.76 732.214 1058.54 733.104 678.985 274.462 167.7 325.441 168.176 157.265 54.1192 106.762 457.752 98.945
internal_count=14071 7013 7058 4698 4292 2327 1409 2360 1267 1093 406 918 4686 999
cat_boundaries=0 1 2 3
cat_threshold=13 2 9
is_linear=0
shrinkage=0.05


Tree=9
num_leaves=15
num_cat=4
split_feature=0 0 36 0 39 35 39 21 19 5 0 43 37 33
split_gain=586.787 86.0449 55.0673 42.2734 51.2058 49.7056 35.4775 34.6671 36.1261 27.1406 14.9511 6.30864 2.8033 8.32104
threshold=0 1 95.500000000000014 2 18.250000000000004 84.217262000000019 18.250000000000004 24.350000000000005 30.675694500000002 0.24997576770840005 3 0.65000000000000002 63.500000000000007 32.750000000000007
decision_type=1 1 2 1 2 2 2 2 2 2 1 2 2 2
left_child=2 6 7 4 -4 -5 11 10 -9 -8 -1 -2 -3 -14
right_child=1 12 3 5 -6 -7 9 8 -10 -11 -12 -13 13 -15
leaf_value=0.0086442092661500377 -0.00041536438923951832 -0.052443301226513153 0.015254342789325812 0.035170561327623563 0.047257920074743442 -0.0089374822889348345 0.010442334645602822 0.036242743987140551 -0.027792103713901724 -0.027156042437132974 -0.028504554166580643 -0.050391943022524047 -0.044342735671786378 0.024431149311553994
leaf_weight=37.746402412652969 7.1205923184752455 340.82300667464733 183.65429370105267 116.10851707309484 399.02115181833506 139.81086981296539 139.95977065712214 88.988909959793091 28.3450827896595 71.788798533380032 75.787535257637501 55.963143475353718 93.909895241260529 4.0061747357249251
leaf_count=274 69 3652 1155 792 2414 1025 1146 605 199 598 570 543 983 38
internal_value=-0.000233463 -0.035043 0.0231148 0.0292775 0.0365872 0.0107159 -0.0118201 0.00169673 0.0206693 -0.00237231 -0.0179202 -0.0448453 -0.0489452 -0.0413104
internal_weight=1783.03 713.571 1069.46 838.595 582.675 255.919 274.832 230.868 117.334 211.749 113.534 63.0837 438.739 97.9161
internal_count=14063 7029 7034 5386 3569 1817 2356 1648 804 1744 844 612 4673 1021
cat_boundaries=0 1 2 3 4
cat_threshold=13 2 9 1
is_linear=0
shrinkage=0.05


Tree=10
num_leaves=15
num_cat=3
split_feature=0 0 0 42 39 39 2 33 44 39 5 43 44 44
split_gain=546.364 80.7496 53.2415 49.7386 33.3489 33.1423 27.7171 47.2218 24.4864 24.0736 23.759 6.30122 2.63159 8.18547
threshold=0 1 2 4.5000000000000009 18.250000000000004 18.550000000000004 11.500000000000002 31.950000000000003 36.900000000000013 24.950000000000003 -0.9575230291762723 0.65000000000000002 40.500000000000007 41.95000000000001
decision_type=1 1 1 2 2 2 2 2 2 2 2 2 2 2
left_child=2 5 3 9 -5 11 8 -8 -4 -1 -7 -2 -3 -14
right_child=1 12 6 4 -6 10 7 -9 -10 -11 -12 -13 13 -15
leaf_value=-0.0034377980136198272 0.0011585600127054362 -0.052394583885158191 0.016166596244923507 0.016956858538356656 0.044199702865064028 -0.05383143845001246 0.11024270790558227 -0.030827162556151144 -0.012322578491468519 0.039837199575214026 0.003696398839598436 -0.046411517399491981 -0.020620248581131793 -0.049912264943820416
leaf_weight=137.2085085734725 7.7446230575442305 290.12958984076977 137.66151461005211 155.26149435341358 422.83995720744133 18.888170123100281 14.233845606446268 9.1298633217811567 164.38131072372198 40.914056241512299 183.08269263803959 63.858161509037018 34.359263464808464 96.256212770938873
leaf_count=936 74 3250 955 962 2507 182 75 61 1254 266 1476 632 354 1060
internal_value=-4.41165e-05 -0.0343493 0.0221015 0.0294281 0.036925 -0.0119133 0.00466967 0.056114 0.000672382 0.00666921 -0.00192227 -0.0413212 -0.0482623 -0.042422
internal_weight=1775.95 694.319 1081.63 756.224 578.101 273.574 325.407 23.3637 302.043 178.123 201.971 71.6028 420.745 130.615
internal_count=14044 7028 7016 4671 3469 2364 2345 136 2209 1202 1658 706 4664 1414
cat_boundaries=0 1 2 3
cat_threshold=13 2 9
is_linear=0
shrinkage=0.05


Tree=11
num_leaves=15
num_cat=3
split_feature=0 0 36 42 4 34 1 2 39 5 4 43 37 33
split_gain=518.648 73.4248 47.6713 35.6482 41.1058 32.2487 47.2045 30.4401 27.2573 25.2788 20.3421 7.92594 3.0331 7.99447
threshold=0 1 95.500000000000014 5.5000000000000009 0.9193901325473397 24.450000000000003 2 2.5000000000000004 18.250000000000004 0.24997576770840005 0.98049069993378934 0.65000000000000002 63.500000000000007 32.750000000000007
decision_type=1 1 2 2 2 2 1 2 2 2 2 2 2 2
left_child=2 8 3 10 -5 7 -7 -4 11 -10 -1 -2 -3 -14
right_child=1 12 5 4 -6 6 -8 -9 9 -11 -12 -13 13 -15
leaf_value=-0.018544095841722848 0.006257263858201652 -0.051617941208916211 0.0047684953388576895 0.056443652836304072 -0.034423709445716592 0.03222721088728777 -0.021711717457730328 0.035465083544882828 0.0080340027627764272 -0.028557062582363398 0.02497746675615126 -0.049349250909741543 -0.042996738285425662 0.024459592153588557
leaf_weight=141.36347071826458 7.0492958202958098 315.80699273198843 93.628942623734474 47.130569443106651 16.026873588562012 83.777067050337791 76.82487428933382 602.54705921560526 137.41950634121895 70.658070527017117 32.17537385225296 52.050825878977776 87.724416688084602 4.0041393041610709
leaf_count=1041 68 3671 613 305 107 524 511 3684 1123 600 216 543 990 38
internal_value=-0.000186326 -0.0343399 0.0210215 0.00134277 0.0332079 0.0266951 0.00645052 0.0313495 -0.0125888 -0.00446859 -0.010378 -0.0427229 -0.0478941 -0.0398201
internal_weight=1768.19 674.713 1093.47 236.696 63.1574 856.778 160.602 696.176 267.178 208.078 173.539 59.1001 407.536 91.7286
internal_count=14034 7033 7001 1669 412 5332 1035 4297 2334 1723 1257 611 4699 1028
cat_boundaries=0 1 2 3
cat_threshold=13 2 1
is_linear=0
shrinkage=0.05


Tree=12
num_leaves=15
num_cat=3
split_feature=0 0 0 34 44 4 44 36 2 40 4 4 44 44
split_gain=468.249 67.7585 47.1804 35.3816 31.4744 30.2281 26.1191 24.2643 23.9788 23.8322 21.5077 20.3491 3.40647 10.1201
threshold=0 1 2 20.950000000000003 52.000000000000007 -0.022576249993022598 36.900000000000013 98.500000000000014 11.500000000000002 48.800000000000004 -0.91597725483594616 0.97112537654464559 40.500000000000007 40.850000000000009
decision_type=1 1 1 2 2 2 2 2 2 2 2 2 2 2
left_child=2 7 3 5 -5 -1 11 9 -8 -2 -9 -4 -3 -14
right_child=1 12 6 4 -6 -7 8 10 -10 -11 -12 -13 13 -15
leaf_value=0.027704492444725767 -0.012767752251728061 -0.05177965919017629 0.012107063944550559 0.030540559554146335 -0.048352964206437962 -0.053311590913946098 -0.013535362442402769 0.010945347240719619 0.10455769719956094 0.030575245418658401 -0.041517766753080547 0.075960874506700776 0.018057098090830819 -0.043837638938770025
leaf_weight=20.380336031317711 106.10912451148033 266.78915773332119 151.4272932857275 719.92738842964172 12.00918012857437 24.138230487704277 164.04317856580019 24.378475226461887 3.4217775464057913 44.056363478302956 90.504917457699776 12.677734613418577 6.4850325509905806 113.61952072381973
leaf_count=119 893 3246 1013 4252 68 217 1245 205 18 366 875 75 66 1331
internal_value=-0.000291466 -0.0335878 0.0194397 0.0262119 0.0291819 -0.0164291 0.00324848 -0.0127196 -0.0105161 6.65933e-05 -0.0303866 0.0174702 -0.047137 -0.0403741
internal_weight=1759.97 651.943 1108.03 776.455 731.937 44.5186 331.57 265.049 167.465 150.165 114.883 164.105 386.894 120.105
internal_count=13989 6982 7007 4656 4320 336 2351 2339 1263 1259 1080 1088 4643 1397
cat_boundaries=0 1 2 3
cat_threshold=13 2 9
is_linear=0
shrinkage=0.05


Tree=13
num_leaves=15
num_cat=2
split_feature=0 0 37 39 42 44 39 5 44 44 35 37 37 44
split_gain=426.137 99.9724 32.3894 44.7375 28.7903 19.0709 44.7585 19.1154 4.01915 11.4647 14.6443 3.18381 6.0805 1.14014
threshold=0 1 40.500000000000007 18.250000000000004 6.5000000000000009 36.900000000000013 20.000000000000004 0.50370931781787065 40.500000000000007 41.95000000000001 84.529762000000019 27.500000000000004 26.500000000000004 44.100000000000001
decision_type=1 1 2 2 2 2 2 2 2 2 2 2 2 2
left_child=8 2 4 -4 -2 6 -3 -7 11 10 -10 12 -1 -11
right_child=1 5 3 -5 -6 7 -8 -9 9 13 -12 -13 -14 -15
leaf_value=-0.044784332221582068 0.0033986295391066016 -0.0041825337347969225 0.00996016922001388 0.040046950938852646 0.078240560159429443 -0.0052351399661331828 0.043579227900622491 -0.035929833944073286 -0.040343982219607263 -0.037575800637771183 0.026125142591046702 -0.052704488397931029 0.043334505654573939 -0.053967548193350472
leaf_weight=4.5008197650313368 207.67031878232956 221.32270891964436 180.82652878761292 394.78859773278236 12.7060624435544 249.40551728010178 61.967351675033569 62.826366655528545 19.426677390933037 28.275420524179935 13.058733254671095 249.97583301365376 2.0993845239281654 56.974915564060211
leaf_count=57 1382 1738 1075 2184 72 1990 448 524 225 353 136 3177 25 700
internal_value=-0.00021082 0.0125865 0.0240928 0.030629 0.00804767 -0.00295122 0.0063815 -0.0115064 -0.0467808 -0.0394626 -0.013642 -0.051789 -0.0147417 -0.0490295
internal_weight=1765.83 1391.51 795.992 575.615 220.376 595.522 283.29 312.232 374.312 117.736 32.4854 256.576 6.6002 85.2503
internal_count=14086 9413 4713 3259 1454 4700 2186 2514 4673 1414 361 3259 82 1053
cat_boundaries=0 1 2
cat_threshold=48 9
is_linear=0
shrinkage=0.05


Tree=14
num_leaves=15
num_cat=2
split_feature=0 0 39 39 4 39 5 35 44 5 43 19 4 44
split_gain=411.587 67.972 32.8162 33.3565 37.1767 28.0931 27.8836 26.558 22.3205 21.831 7.21357 4.31077 3.02608 6.75823
threshold=0 1 25.350000000000005 23.450000000000003 0.98213580174693116 18.550000000000004 0.3484035575467645 62.229166500000012 52.000000000000007 -0.9575230291762723 0.65000000000000002 29.285416500000004 -0.72696319516528884 40.500000000000007
decision_type=1 1 2 2 2 2 2 2 2 2 2 2 2 2
left_child=2 5 3 4 -1 10 -5 11 -9 -7 -2 -4 13 -3
right_child=1 12 7 6 -6 9 -8 8 -10 -11 -12 -13 -14 -15
leaf_value=0.016820723213509161 0.0037441946517019842 -0.045987657324425772 -0.042095870041511482 -0.016134908004068645 0.064117902770262802 -0.053368725916720275 0.03647933637303765 0.066207242654153522 -0.0035311503099443803 0.0029474077968045 -0.045766146604444592 0.01356825158455547 -0.050514590961647135 -0.010274952843340287
leaf_weight=835.84767755120993 8.2180660143494588 57.655158467590809 7.6680480316281301 126.63188971579075 42.899745360016823 18.048189014196396 30.389558404684067 72.6792808547616 13.473551899194716 177.40702858567238 59.113583043217659 5.1646329760551453 283.16506393998861 17.996925421059132
leaf_count=5172 80 749 54 796 246 182 214 440 84 1446 642 35 3702 210
internal_value=3.87811e-05 -0.0323338 0.0179119 0.0154103 0.0192 -0.0117149 -0.00578566 0.0454641 0.0553854 -0.00249797 -0.0397569 -0.020332 -0.0466368 -0.0377368
internal_weight=1756.36 621.604 1134.75 1035.77 878.747 262.787 157.021 98.9855 86.1528 195.455 67.3316 12.8327 358.817 75.6521
internal_count=14052 7011 7041 6428 5418 2350 1010 613 524 1628 722 89 4661 959
cat_boundaries=0 1 2
cat_threshold=13 2
is_linear=0
shrinkage=0.05


Tree=15
num_leaves=14
num_cat=2
split_feature=0 0 34 32 4 36 33 32 37 32 5 5 4
split_gain=371.299 81.8041 34.6287 25.7823 23.3101 22.2629 60.5075 13.3212 3.58554 6.59462 12.7051 1.74698 7.1613
threshold=0 1 20.950000000000003 26.419940500000006 -0.022576249993022598 91.500000000000014 36.750000000000007 27.340178500000004 63.500000000000007 26.643750000000001 -0.40613878790836588 0.48877522411129343 -0.76141707087277943
decision_type=1 1 2 2 2 2 2 2 2 2 2 2 2
left_child=8 2 4 -4 -2 7 -7 -3 11 -10 -11 -1 -13
right_child=1 5 3 -5 -6 6 -8 -9 9 10 -12 12 -14
leaf_value=-0.053691484855670914 0.018399746979133751 0.035166615202762978 0.048941753294664533 0.020758138046887038 -0.053148774564737128 -0.0033489562564377739 0.07710475365893249 -0.038885555776927636 -0.052947010933721318 -0.036690376137516086 0.026154340915684027 -0.0014632954452020795 -0.047463742435621292
leaf_weight=165.9319264292717 20.0993642359972 6.0239728167653075 92.186357915401459 674.06393025815487 24.120275504887104 508.87888108938932 23.492533855140209 55.531445927917957 34.047426126897335 35.230225101113319 9.5544518679380399 9.3495864719152433 94.987173348665237
leaf_count=2274 113 49 466 3890 221 4013 172 451 450 450 120 114 1311
internal_value=-0.000334126 0.0112029 0.0214577 0.0242082 -0.0209398 -0.0029265 0.000339217 -0.0311923 -0.0456616 -0.0364379 -0.0230045 -0.049891 -0.0433947
internal_weight=1753.5 1404.4 810.47 766.25 44.2196 593.927 532.371 61.5554 349.101 78.8321 44.7847 270.269 104.337
internal_count=14094 9375 4690 4356 334 4685 4185 500 4719 1020 570 3699 1425
cat_boundaries=0 1 2
cat_threshold=48 9
is_linear=0
shrinkage=0.05


Tree=16
num_leaves=15
num_cat=2
split_feature=0 0 34 4 39 36 33 32 37 4 4 5 5 4
split_gain=350.552 76.9029 27.78 28.6538 19.7675 18.5169 44.1583 12.3066 3.33361 6.20154 13.2668 2.78136 1.58657 7.46942
threshold=0 1 20.950000000000003 -0.022576249993022598 18.250000000000004 91.500000000000014 36.750000000000007 27.340178500000004 63.500000000000007 0.29342972903661901 0.49812943072827087 -0.40613878790836588 0.48877522411129343 -0.76141707087277943
decision_type=1 1 2 2 2 2 2 2 2 2 2 2 2 2
left_child=8 2 3 -2 -4 7 -7 -3 12 11 -11 -10 -1 -14
right_child=1 5 4 -5 -6 6 -8 -9 9 10 -12 -13 13 -15
leaf_value=-0.053434571903948291 0.025080915853583796 0.031105932084316907 0.0089229101281596696 -0.052832945349184771 0.027581985133697935 -0.0031314787663549812 0.064710351431702548 -0.036561928350232656 -0.052726541687088062 0.053108332138921077 -0.047062666465569836 -0.029941775583746749 9.1965991365799976e-05 -0.047500588002282323
leaf_weight=157.59362618625164 21.228328481316566 6.8662545159459105 188.5180751234293 24.361055426299572 589.47364830970764 511.54647700488567 24.163577929139137 54.891070686280727 33.395774751901627 5.0200060382485372 6.3320400640368462 31.762411750853062 9.0533185601234418 90.807649105787277
leaf_count=2260 118 54 1090 232 3272 4044 168 458 458 55 84 423 110 1305
internal_value=-0.000133627 0.0107675 0.0206033 -0.0167934 0.0230779 -0.00291796 4.34416e-05 -0.0286628 -0.0453793 -0.0363808 -0.00205252 -0.0422402 -0.0496581 -0.0432278
internal_weight=1755.01 1421.05 823.581 45.5894 777.992 597.467 535.71 61.7573 333.965 76.5102 11.352 65.1582 257.455 99.861
internal_count=14131 9436 4712 350 4362 4724 4212 512 4695 1020 139 881 3675 1415
cat_boundaries=0 1 2
cat_threshold=48 9
is_linear=0
shrinkage=0.05


Tree=17
num_leaves=14
num_cat=2
split_feature=0 0 34 44 4 4 40 32 37 33 32 5 44
split_gain=318.293 75.3393 28.971 26.3906 19.864 18.7678 38.9157 21.3918 3.37446 8.64101 3.82425 2.01034 5.74452
threshold=0 1 20.950000000000003 52.000000000000007 -0.022576249993022598 0.98802474685579855 11.850000000000003 28.075297500000001 63.500000000000007 32.750000000000007 26.643750000000001 0.48877522411129343 36.20000000000001
decision_type=1 1 2 2 2 2 2 2 2 2 2 2 2
left_child=8 2 4 -4 -2 7 -7 -3 11 10 -10 -1 -13
right_child=1 5 3 -5 -6 6 -8 -9 9 -11 -12 12 -14
leaf_value=-0.053200654732858094 0.014117513980082123 -0.00091059927193131796 0.023030340172751379 -0.04891067295832488 -0.052070617537210678 0.06704297185983614 -0.036848913651616029 -0.024108082791253552 -0.052463394102650954 0.034215528501359165 -0.02754228366788336 -0.052882596738308821 -0.026903212124166603
leaf_weight=152.2500391677022 21.676673471927643 425.50140983611345 766.49075710773468 12.05844311416149 22.013264834880829 23.919292069971561 13.320688068866728 128.70079866051674 31.716529235243797 3.4809889793395987 38.32879476994276 53.72356902807951 41.315912067890167
leaf_count=2285 119 3414 4251 67 218 162 91 1035 452 35 525 808 590
internal_value=-0.000602257 0.00967687 0.0193926 0.0218548 -0.0196504 -0.00393772 0.0298892 -0.0063314 -0.0446985 -0.0355083 -0.0394062 -0.0490772 -0.0419865
internal_weight=1734.5 1413.68 822.239 778.549 43.6899 591.442 37.24 554.202 320.816 73.5263 70.0453 247.29 95.0395
internal_count=14052 9357 4655 4318 337 4702 253 4449 4695 1012 977 3683 1398
cat_boundaries=0 1 2
cat_threshold=48 9
is_linear=0
shrinkage=0.05


Tree=18
num_leaves=13
num_cat=2
split_feature=0 0 43 43 44 39 4 39 44 2 5 4
split_gain=300.764 58.3086 24.9867 26.4255 17.2302 40.86 21.4102 14.7262 4.05359 7.00888 13.1272 7.72819
threshold=0 1 5.7500000000000009 21.550000000000004 36.900000000000013 20.000000000000004 0.039769539193789956 24.950000000000003 36.20000000000001 1.5000000000000002 0.92843842216862604 -0.75015329512557205
decision_type=1 1 2 2 2 2 2 2 2 2 2 2
left_child=8 2 7 -4 5 -3 -6 -2 -1 10 -10 -11
right_child=1 4 3 -5 6 -7 -8 -9 9 11 -12 -13
leaf_value=-0.052844739294792713 -0.0014429750301562831 -0.0036820204943945585 0.032769128866361567 0.011094617910335714 0.0034459460635625594 0.042574937914598071 -0.022914321862111977 0.027892993449812959 0.089251487085132253 -0.020400391173525535 -0.042390425693089803 -0.047194086185286949
leaf_weight=126.07581882551312 195.63594619184732 217.56868851184845 343.67201641201973 240.02388279885054 143.25842252373695 60.11354523152113 165.04902192950249 53.719882935285568 2.1650453954935065 35.978979855775833 3.757561020553112 141.1170586720109
leaf_count=1988 1235 1726 1847 1280 1151 418 1363 311 30 501 59 2125
internal_value=-0.000228659 0.00958054 0.0180217 0.0238905 -0.00253047 0.00644867 -0.0106942 0.00496318 -0.0440368 -0.0401082 0.0116733 -0.0418958
internal_weight=1728.14 1419.04 833.052 583.696 585.99 277.682 308.307 249.356 309.094 183.019 5.92261 177.096
internal_count=14034 9331 4673 3127 4658 2144 2514 1546 4703 2715 89 2626
cat_boundaries=0 1 2
cat_threshold=48 9
is_linear=0
shrinkage=0.05


Tree=19
num_leaves=15
num_cat=2
split_feature=36 33 34 1 1 42 33 21 38 44 32 32 38 4
split_gain=33.4038 31.4145 30.9952 27.7219 26.8696 26.3879 25.4518 23.1096 18.0216 16.0085 15.1007 10.9944 10.2451 4.7368
threshold=95.500000000000014 35.750000000000007 24.550000000000004 0 1 6.5000000000000009 35.750000000000007 25.350000000000005 10.700298000000002 49.150000000000006 28.951785500000003 26.779762000000002 11.053273500000001 0.77244481603295057
decision_type=2 2 2 1 1 2 2 2 2 2 2 2 2 2
left_child=5 2 7 -4 10 9 12 -2 -6 11 -3 -1 -7 -8
right_child=1 4 3 -5 8 6 13 -9 -10 -11 -12 -13 -14 -15
leaf_value=-0.053359247586021452 0.0044861305521322649 0.026568288445816005 0.0019118482420329359 -0.035929562494166158 -0.038291725629681944 -0.04611417539552045 0.061907150689040985 0.081873664968764748 0.040688786120172543 0.055929325465107343 0.10360837429308928 -0.018144892357676936 0.0072748356683862772 0.012733053236343873
leaf_weight=23.464040223509073 1088.755862634629 11.46243065595627 99.185416754335165 93.341795016080141 12.445834890007974 12.812118932604788 21.077789582312111 8.7376792617142183 14.618406087160109 5.9788086377084246 16.327958501875401 282.39713891223073 25.0884869992733 7.0763707607984534
leaf_count=278 8630 86 792 792 98 103 163 65 111 51 114 2473 198 54
internal_value=-0.000173936 0.00351814 0.0019271 -0.0165254 0.0402304 -0.0132881 0.0152482 0.00517622 0.00429834 -0.0193622 0.0738589 -0.0210114 -0.0114946 0.0504082
internal_weight=1722.77 1344.88 1290.02 192.527 54.8546 377.895 66.0548 1097.49 27.0642 311.84 27.7904 305.861 37.9006 28.1542
internal_count=14008 10688 10279 1584 409 3320 518 8695 209 2802 200 2751 301 217
cat_boundaries=0 1 2
cat_threshold=1 1
is_linear=0
shrinkage=0.05


Tree=20
num_leaves=15
num_cat=3
split_feature=0 0 6 44 44 39 2 1 44 44 4 37 37 44
split_gain=284.901 54.3469 23.0105 20.8866 20.4824 28.4173 18.364 13.9629 3.40826 9.71826 13.2826 2.57647 3.07824 1.14644
threshold=0 1 2.5000000000000004 52.000000000000007 36.900000000000013 20.000000000000004 2.5000000000000004 2 40.500000000000007 41.95000000000001 0.59177612190863982 27.500000000000004 26.500000000000004 44.100000000000001
decision_type=1 1 2 2 2 2 2 1 2 2 2 2 2 2
left_child=8 2 7 -4 5 -3 -6 -2 11 10 -10 12 -1 -11
right_child=1 4 3 -5 6 -7 -8 -9 9 13 -12 -13 -14 -15
leaf_value=-0.039855648892880145 0.014804013025312061 -0.0019592573379707172 0.022429842934659241 -0.04922739924590213 -0.045055849888039852 0.035397944844954281 -0.0073796858515124825 -0.012860017706129179 0.019254526162654686 -0.034605276244028781 -0.049591476206882534 -0.050956798022826613 0.027296837941722409 -0.052557163314972843
leaf_weight=2.9231465458869925 91.517948061227798 219.90104794502258 647.96455631405115 9.422424376010893 35.789651341736317 65.204882755875587 273.48195771127939 88.975249610841274 15.171101160347463 22.744111135601997 11.439143758267162 194.31730076298118 2.1054555028676987 45.263198297470808
leaf_count=48 534 1754 3538 53 321 440 2226 531 182 356 170 3164 27 706
internal_value=-0.000636736 0.00864932 0.0167935 0.0213296 -0.00292787 0.00667835 -0.0118708 0.00117114 -0.0445397 -0.0372175 -0.011065 -0.0500351 -0.0118751 -0.0471419
internal_weight=1726.22 1432.26 837.88 657.387 594.378 285.106 309.272 180.493 293.963 94.6176 26.6102 199.346 5.0286 68.0073
internal_count=14050 9397 4656 3591 4741 2194 2547 1065 4653 1414 352 3239 75 1062
cat_boundaries=0 1 2 3
cat_threshold=48 9 1
is_linear=0
shrinkage=0.05


Tree=21
num_leaves=14
num_cat=2
split_feature=0 0 34 32 4 44 39 4 37 32 5 5 44
split_gain=256.957 49.2858 22.658 28.5712 22.9264 18.7832 28.7583 19.9019 3.97819 7.66378 13.3345 2.53107 6.42061
threshold=0 1 20.950000000000003 26.419940500000006 -0.022576249993022598 36.900000000000013 20.000000000000004 0.039769539193789956 63.500000000000007 26.643750000000001 -0.40613878790836588 0.48877522411129343 36.20000000000001
decision_type=1 1 2 2 2 2 2 2 2 2 2 2 2
left_child=8 2 4 -4 -2 6 -3 -7 11 -10 -11 -1 -13
right_child=1 5 3 -5 -6 7 -8 -9 9 10 -12 12 -14
leaf_value=-0.052561744495846587 0.018559679010422752 -0.0024479399796897925 0.043618719189989261 0.014680138047659856 -0.051965979324629125 0.0022242929277191572 0.0342747712359074 -0.023313580993022144 -0.051789922348065655 -0.032849592673617208 0.035098522110464672 -0.052202073792431983 -0.023834667524961415
leaf_weight=130.58393060415983 21.463309809565544 220.02179040759802 96.323619470000267 715.61199663579464 22.938356302678585 143.62461937963963 69.313853740692139 161.3395024985075 28.566785093396902 29.760441828519106 8.5419826284050924 47.194163057953119 39.106631990522146
leaf_count=2231 115 1756 458 3920 237 1152 458 1378 457 441 116 813 607
internal_value=-0.000144591 0.00844529 0.0160699 0.0181627 -0.0182167 -0.00263355 0.00643718 -0.0113184 -0.0427301 -0.0325158 -0.0171887 -0.0476768 -0.0397678
internal_weight=1734.39 1450.64 856.337 811.936 44.4017 594.3 289.336 304.964 283.754 66.8692 38.3024 216.885 86.3008
internal_count=14139 9474 4730 4378 352 4744 2214 2530 4665 1014 557 3651 1420
cat_boundaries=0 1 2
cat_threshold=48 9
is_linear=0
shrinkage=0.05


Tree=22
num_leaves=15
num_cat=2
split_feature=0 0 43 42 9 2 36 21 44 44 4 44 37 40
split_gain=240.382 42.1895 22.9175 25.4884 15.6808 24.146 17.4803 12.0478 5.09702 12.5717 16.5853 2.50227 2.30838 3.81755
threshold=0 1 36.70000000000001 4.5000000000000009 22.550000000000004 2.5000000000000004 91.500000000000014 25.350000000000005 40.500000000000007 41.95000000000001 0.59177612190863982 44.100000000000001 27.500000000000004 1.5500000000000003
decision_type=1 1 2 2 2 2 2 2 2 2 2 2 2 2
left_child=8 2 3 -2 5 -3 -6 -4 12 10 -10 -11 13 -1
right_child=1 4 7 -5 6 -7 -8 -9 9 11 -12 -13 -14 -15
leaf_value=-0.04095667840567014 0.00067218415781914419 -0.0095851710040902021 -0.043193301966621259 0.021595006886289871 -0.032540118961323493 0.05292695978294825 -0.0020580378575305847 0.040933342938475392 0.030088053943423773 -0.028427278046484612 -0.048912610172507892 -0.052139983231272113 -0.049598318108590458 0.03403125504190848
leaf_weight=3.3007970303297034 188.82245500385761 30.502823978662491 23.112175360322002 635.27331340312958 51.207287110388279 29.767602704465389 476.33964832872152 4.3373447954654685 14.875685065984728 21.115668792277575 10.428709499537943 42.327115509659052 179.70519526675344 1.8716916292905805
leaf_count=56 1188 249 125 3322 456 211 3786 25 179 353 167 719 3185 25
internal_value=-0.000186712 0.00806017 0.0151237 0.0168077 -0.00226236 0.0216495 -0.0050728 -0.0289288 -0.0421966 -0.033083 -0.00309224 -0.0448113 -0.04864 -0.0127046
internal_weight=1712.99 1439.36 851.545 824.096 587.817 60.2704 527.547 27.4495 273.625 88.7472 25.3044 63.4428 184.878 5.17249
internal_count=14046 9362 4660 4510 4702 460 4242 150 4684 1418 346 1072 3266 81
cat_boundaries=0 1 2
cat_threshold=48 9
is_linear=0
shrinkage=0.05


Tree=23
num_leaves=15
num_cat=2
split_feature=0 0 39 36 34 5 42 14 4 44 44 5 39 2
split_gain=228.021 39.3729 26.2944 25.7066 25.5905 23.0757 21.9088 6.17929 4.89357 8.45813 18.5059 6.31698 2.84279 12.0047
threshold=0 1 18.550000000000004 95.500000000000014 24.450000000000003 -0.92921788351138401 5.5000000000000009 18.150000000000002 -0.72696319516528884 40.500000000000007 44.100000000000001 0.60383265664488517 21.950000000000003 1.5000000000000002
decision_type=1 1 2 2 2 2 2 2 2 2 2 2 2 2
left_child=8 2 7 6 -5 -4 -3 -2 9 11 -11 -1 -10 -14
right_child=1 3 5 4 -6 -7 -8 -9 12 10 -12 -13 13 -15
leaf_value=-0.046829111472145031 -0.041400219584681992 -0.011986530687326746 -0.045900233238403781 0.019377151266778678 -0.0018191828804063907 0.0056390998861681118 0.021226487212350778 0.030288548260351274 -0.052575161804668605 0.057992213244441926 -0.047410930820400349 0.014927136805067335 0.039924058285609826 -0.043130989188971722
leaf_weight=38.389901451766491 59.728897199034691 176.43866388499737 23.899666406214237 772.18769438564777 174.3408931568265 168.97874297201633 67.958502978086472 2.4719790965318671 120.2232862636447 6.9685901179909688 7.7262190654873848 4.1609039194881907 3.8343238011002532 82.190469853579998
leaf_count=673 679 1256 247 4333 1039 1391 402 20 2254 78 125 67 59 1426
internal_value=-4.72992e-05 0.00782885 -0.00974673 0.011648 0.0154752 -0.000950974 -0.00270226 -0.038117 -0.04185 -0.0295157 0.0030837 -0.0405861 -0.0471339 -0.0390128
internal_weight=1709.5 1446.01 255.079 1190.93 946.529 192.878 244.397 62.2009 263.494 57.2456 14.6948 42.5508 206.248 86.0248
internal_count=14049 9367 2337 7030 5372 1638 1658 699 4682 943 203 740 3739 1485
cat_boundaries=0 1 2
cat_threshold=48 2
is_linear=0
shrinkage=0.05


Tree=24
num_leaves=15
num_cat=2
split_feature=0 0 34 44 4 35 32 4 37 4 4 5 5 4
split_gain=210.257 35.9065 23.075 22.1007 18.0687 26.4665 19.6524 15.065 4.33318 8.07672 14.3896 3.38409 2.94665 8.04436
threshold=0 1 20.950000000000003 52.000000000000007 0.97875492728876534 72.145833000000025 28.075297500000001 -0.022576249993022598 63.500000000000007 0.29342972903661901 0.49812943072827087 -0.40613878790836588 0.48877522411129343 -0.76141707087277943
decision_type=1 1 2 2 2 2 2 2 2 2 2 2 2 2
left_child=8 2 7 -4 6 -6 -3 -2 12 11 -11 -10 -1 -14
right_child=1 4 3 -5 5 -7 -8 -9 9 10 -12 -13 13 -15
leaf_value=-0.052017463642548049 0.0077031295285850641 -0.00010708778126690025 0.016631727689401431 -0.05160159233025461 0.050460158078707053 -0.025966164589015007 -0.023519976112473293 -0.0512274363244292 -0.05113188314461492 0.065871622930406021 -0.044535735478317948 -0.023860756498000738 0.0099663652249863885 -0.043046238597691494
leaf_weight=116.19601146131754 21.157235786318779 425.79182928055525 815.71457152068615 11.096436053514479 34.137627050280571 15.967240788042544 112.5282629430294 20.770868502557278 25.182918559759855 4.8036419227719289 5.0385078936815262 25.95648605003953 7.59230913221836 69.32189080119133
leaf_count=2260 111 3420 4297 62 235 112 956 225 452 55 86 426 107 1304
internal_value=-0.000160685 0.00724114 0.013657 0.0156548 -0.0023079 0.0260734 -0.00503576 -0.0220039 -0.0411417 -0.030148 0.010456 -0.0380132 -0.0465596 -0.0377525
internal_weight=1711.26 1457.16 868.739 826.811 588.425 50.1049 538.32 41.9281 254.092 60.9816 9.84215 51.1394 193.11 76.9142
internal_count=14108 9418 4695 4359 4723 347 4376 336 4690 1019 141 878 3671 1411
cat_boundaries=0 1 2
cat_threshold=48 9
is_linear=0
shrinkage=0.05


Tree=25
num_leaves=15
num_cat=2
split_feature=0 0 31 43 4 24 4 5 44 44 4 37 23 44
split_gain=200.85 32.6799 19.8636 23.7639 19.0621 36.3027 25.7943 12.9435 5.14758 13.4261 13.0671 2.73992 5.1185 1.93616
threshold=0 1 31.850000000000005 36.70000000000001 0.73865729060996177 62.500000000000007 0.40614137006726808 -0.55656394595157355 40.500000000000007 41.95000000000001 0.59177612190863982 27.500000000000004 95.500000000000014 44.100000000000001
decision_type=1 1 2 2 2 2 2 2 2 2 2 2 2 2
left_child=8 2 7 -4 6 -6 -3 -2 11 10 -10 12 -1 -11
right_child=1 4 3 -5 5 -7 -8 -9 9 13 -12 -13 -14 -15
leaf_value=-0.039993911844056595 -0.015439849043609795 -0.0014414466485851889 0.020737232859161268 -0.038281254114138449 0.0067598371191472774 0.10774177219027542 -0.032841171163653003 0.0089191560818930853 0.025187092524290012 -0.029226563814890069 -0.047570466953657409 -0.048700149119556689 0.052529870986903815 -0.051553481219068109
leaf_weight=3.0889704376459113 71.075584143400192 340.56236637383699 561.30487421154976 16.699400439858437 152.79900325089693 8.4643732011318189 79.982330694794655 223.34113826602697 16.416261769831184 20.014523204416037 8.557843938469885 158.15884454548359 1.3686831817030904 37.566815230995417
leaf_count=59 381 2739 2997 88 1198 54 686 1217 195 365 155 3174 16 724
internal_value=0.000217623 0.00735629 0.0134377 0.0189689 -0.00184298 0.0126915 -0.00747702 0.00300625 -0.0406313 -0.0313378 -0.000616233 -0.0476124 -0.00716559 -0.0444243
internal_weight=1699.4 1454.23 872.421 578.004 581.808 161.263 420.545 294.417 245.172 82.5554 24.9741 162.616 4.45765 57.5813
internal_count=14048 9360 4683 3085 4677 1252 3425 1598 4688 1439 350 3249 75 1089
cat_boundaries=0 1 2
cat_threshold=48 9
is_linear=0
shrinkage=0.05


Tree=26
num_leaves=13
num_cat=2
split_feature=0 0 37 39 2 5 4 32 33 39 5 4
split_gain=174.843 37.8286 23.2844 30.9624 21.9751 23.0367 5.48298 9.74853 19.8916 3.99294 12.8228 2.6269
threshold=0 1 25.500000000000004 25.350000000000005 10.500000000000002 -0.93543596745397617 -0.72696319516528884 26.584821500000004 31.850000000000005 21.950000000000003 0.80798785254895478 0.98213580174693116
decision_type=1 1 2 2 2 2 2 2 2 2 2 2
left_child=6 4 11 -4 5 -2 7 -1 -9 -8 -11 -3
right_child=1 2 3 -5 -6 -7 9 8 -10 10 -12 -13
leaf_value=-0.050638468278952922 -0.048462211251634413 -0.055832208734075753 0.0080114492936572187 0.036924918786206157 -0.053744035439201067 -0.00059073655135932204 -0.052114936559921526 0.034442153150007267 -0.044201965194666584 -0.042924631548658866 0.020221589778357724 4.972872272983319e-05
leaf_weight=22.160952247679234 27.76386071741581 13.886673107743265 1090.5286409407854 100.33130919933319 26.849007681012154 199.17211511731148 106.05534907057881 14.260865062475206 16.030695721507072 68.396112732589245 8.5003877542912942 2.4468922168016425
leaf_count=429 311 114 6328 573 303 1743 2266 219 297 1332 134 17
internal_value=-0.000659495 0.00587404 0.00956777 0.0104764 -0.0113637 -0.00663436 -0.0396336 -0.0261916 -0.00725989 -0.0454786 -0.0357743 -0.0479408
internal_weight=1696.38 1460.98 1207.19 1190.86 253.785 226.936 235.404 52.4525 30.2916 182.952 76.8965 16.3336
internal_count=14066 9389 7032 6901 2357 2054 4677 945 516 3732 1466 131
cat_boundaries=0 1 2
cat_threshold=48 2
is_linear=0
shrinkage=0.05


Tree=27
num_leaves=13
num_cat=2
split_feature=0 0 39 5 39 44 22 43 44 36 36 5
split_gain=171.126 27.6317 25.6355 23.2358 21.7272 23.4829 21.0151 5.67975 5.41069 9.11594 14.9204 1.75617
threshold=0 1 18.250000000000004 -0.91595872546125101 25.350000000000005 39.400000000000013 62.034722000000009 0.65000000000000002 36.20000000000001 97.500000000000014 98.500000000000014 0.80798785254895478
decision_type=1 1 2 2 2 2 2 2 2 2 2 2
left_child=8 2 7 -4 5 -3 -6 -2 -1 11 -11 -10
right_child=1 4 3 -5 6 -7 -8 -9 9 10 -12 -13
leaf_value=-0.051317600681666388 0.0014918328350055979 0.012076281614933911 -0.044429903514860578 0.0057427480966020612 -0.028020243271184738 -0.0039479449435574701 0.039025122131650415 -0.046992281367658949 -0.051674601131609911 0.010403670066495415 -0.036703792425414425 -0.013953448784951118
leaf_weight=87.162231549620628 6.918561026453971 777.26583703607321 25.572847068309784 174.38282043486834 12.600248150527475 323.16133545339108 94.097206078469753 43.5290192887187 55.666370630264282 23.232989281415939 56.460319191217422 4.2037070654332629
leaf_count=1949 72 4446 277 1460 85 1940 520 537 1192 401 1055 82
internal_value=-0.000111122 0.00626119 -0.00862329 -0.000863124 0.00939878 0.00737115 0.0309209 -0.0404432 -0.0394656 -0.0345589 -0.0230118 -0.0492988
internal_weight=1684.25 1457.53 250.403 199.956 1207.12 1100.43 106.697 50.4476 226.726 139.563 79.6933 59.8701
internal_count=14016 9337 2346 1737 6991 6386 605 609 4679 2730 1456 1274
cat_boundaries=0 1 2
cat_threshold=48 2
is_linear=0
shrinkage=0.05


Tree=28
num_leaves=15
num_cat=2
split_feature=0 0 44 39 44 39 2 44 44 35 2 39 38 14
split_gain=169.141 26.2086 19.8671 32.7719 14.5421 21.9735 16.8813 5.24615 10.5612 16.1965 1.32096 10.04 0.939471 0.809001
threshold=0 1 52.000000000000007 25.350000000000005 36.900000000000013 20.000000000000004 2.5000000000000004 40.500000000000007 44.100000000000001 84.306547500000008 1.5000000000000002 21.950000000000003 14.349107500000001 9.5500000000000025
decision_type=1 1 2 2 2 2 2 2 2 2 2 2 2 2
left_child=7 2 3 -2 5 -3 -6 10 9 -9 11 -1 -4 -12
right_child=1 4 12 -5 6 -7 -8 8 -10 -11 13 -13 -14 -15
leaf_value=-0.048917122933174684 0.0096393471388870975 -0.0018666162338768688 -0.058974496244235612 0.044755291411413808 -0.043184576691745823 0.030818774100674837 -0.0055323703808333458 -0.041940583461912623 -0.051055373151753992 0.01872991088413482 -0.025615064332815504 0.038718921883556474 -0.021024938559049411 -0.050753386190791498
leaf_weight=14.401930015534164 795.34134664386511 210.10343096405268 8.2827381640672666 71.641191259026527 32.507099896669388 67.038788937032223 271.23926409333944 22.139093190431595 33.302125092595816 20.139829605817795 6.5157552100718013 3.344496998935937 3.8911747038364402 118.88191923499107
leaf_count=341 4225 1695 45 358 314 431 2245 442 718 284 143 49 22 2706
internal_value=-9.59953e-05 0.00613626 0.0115452 0.0125893 -0.00211238 0.00612213 -0.00969041 -0.0399955 -0.0303708 -0.0132748 -0.0476061 -0.0312168 -0.0493613 -0.0496602
internal_weight=1678.77 1460.05 879.156 866.983 580.889 277.142 303.746 218.725 75.581 42.2789 143.144 17.7464 12.1739 125.398
internal_count=14018 9335 4650 4583 4685 2126 2559 4683 1444 726 3239 390 67 2849
cat_boundaries=0 1 2
cat_threshold=48 9
is_linear=0
shrinkage=0.05


Tree=29
num_leaves=14
num_cat=3
split_feature=0 0 2 5 36 34 32 4 5 33 36 1 37
split_gain=151.255 24.9193 23.1567 21.3735 20.7882 30.7911 23.2578 4.84092 8.81229 9.61279 5.5242 2.64904 4.99676
threshold=0 1 10.500000000000002 -0.92921788351138401 96.500000000000014 24.550000000000004 26.738393000000006 -0.72696319516528884 0.48877522411129343 31.950000000000003 98.500000000000014 2 31.500000000000004
decision_type=1 1 2 2 2 2 2 2 2 2 2 1 2
left_child=7 2 3 -2 6 -6 -3 8 10 -10 -1 12 -9
right_child=1 4 -4 -5 5 -7 -8 11 9 -11 -12 -13 -14
leaf_value=0.0035649747423674538 -0.045737325152798075 -0.055118142580943087 -0.053351637198619607 0.0017019978787001799 0.015955755149119115 -0.011351183719102573 0.00091795132205037743 -0.0095455489658577489 0.050536953668406652 -0.041734693919961513 -0.045064904591118456 -0.051866807600986879 -0.043019616827097193
leaf_weight=6.9324550293385974 26.000257030129433 18.670551031827927 25.676391489803791 196.31769081950188 762.52929992228746 118.6427204683423 315.31085574626923 14.101023226976393 6.1454156227409822 3.7325436696410179 31.846776220947504 81.986209478229284 67.852726589888334
leaf_count=122 311 186 307 1721 4127 704 1965 304 84 72 679 1896 1563
internal_value=-0.000590619 0.00522908 -0.00896666 -0.00402603 0.00818067 0.0122704 -0.00236982 -0.0389037 -0.0259451 0.0150392 -0.0365004 -0.0449278 -0.0374445
internal_weight=1675.74 1463.15 247.994 222.318 1215.15 881.172 333.981 212.597 48.6572 9.87796 38.7792 163.94 81.9537
internal_count=14041 9321 2339 2032 6982 4831 2151 4720 957 156 801 3763 1867
cat_boundaries=0 1 2 3
cat_threshold=48 2 1
is_linear=0
shrinkage=0.05


Tree=30
num_leaves=13
num_cat=3
split_feature=0 0 44 44 36 33 42 4 32 33 1 37
split_gain=148.922 25.3585 17.3747 25.9964 14.8511 29.4079 6.60723 4.97378 8.41125 14.2868 1.83093 3.25824
threshold=0 1 52.000000000000007 51.45000000000001 91.500000000000014 36.750000000000007 2.5000000000000004 -0.72696319516528884 26.606547500000005 31.850000000000005 2 31.500000000000004
decision_type=1 1 2 2 2 2 2 2 2 2 1 2
left_child=7 2 3 -2 6 -6 -3 8 -1 -10 11 -9
right_child=1 4 -4 -5 5 -7 -8 10 9 -11 -12 -13
leaf_value=-0.050009422385439997 0.010871288177017616 -0.0063023180339594337 -0.050678604232294824 0.110247158741028 -0.0028209324742574774 0.051870415008988674 -0.041817800926267606 -0.015126782568464271 0.027867114847988261 -0.042189472929356764 -0.051703476613879584 -0.043387500234788663
leaf_weight=19.453406989574432 875.92275971919298 22.573413148522377 10.362289622426031 5.6446434557437888 497.04750400781631 24.855139568448067 31.596924290060997 13.709079213440416 13.649652171880009 13.501861952245234 76.866357695311308 65.895632367581129
leaf_count=434 4595 205 58 26 3994 162 290 300 217 292 1863 1579
internal_value=-0.000157214 0.00548645 0.0107317 0.0116318 -0.00268372 -0.000122091 -0.0274006 -0.0391326 -0.025763 -0.00723167 -0.0454109 -0.0387686
internal_weight=1671.08 1468 891.93 881.567 576.073 521.903 54.1703 203.076 46.6049 27.1515 156.471 79.6047
internal_count=14015 9330 4679 4621 4651 4156 495 4685 943 509 3742 1879
cat_boundaries=0 1 2 3
cat_threshold=48 9 1
is_linear=0
shrinkage=0.05


Tree=31
num_leaves=12
num_cat=2
split_feature=0 37 0 39 39 4 44 4 4 22 22
split_gain=129.627 21.4014 16.9224 25.7201 21.2943 6.10319 5.72054 8.74046 17.1657 0.185079 0.312697
threshold=0 25.500000000000004 1 18.550000000000004 25.350000000000005 0.98213580174693116 36.20000000000001 0.58481550752069722 0.27694220057652758 88.805555500000011 89.048611500000007
decision_type=1 2 1 2 2 2 2 2 2 2 2
left_child=6 5 3 -3 -4 -2 9 8 -8 -1 -11
right_child=1 2 4 -5 -6 -7 7 -9 -10 10 -12
leaf_value=-0.051331385210087434 -0.055707433571750488 -0.035881280043073935 0.0059322024304664283 0.0024269205119545599 0.029553510202669234 0.016322481695776405 -0.033494603563654572 -0.05093794214002352 0.023119506521539709 0.0029880815113940058 -0.029473248031695511
leaf_weight=71.036678146570921 17.428835280239586 56.567102067172527 1107.7057404071093 182.96375139802694 103.53059872239828 3.0344508960843077 66.070442382246256 41.14222314208746 15.96928261220455 0.84528118744492475 1.3034152947366235
leaf_count=1891 153 701 6314 1590 562 22 1420 1039 290 19 34
internal_value=-0.000404235 0.00478092 0.00554304 -0.00646274 0.00790871 -0.0447635 -0.037426 -0.0322174 -0.0223288 -0.0506854 -0.0198099
internal_weight=1667.6 1471.23 1450.77 239.531 1211.24 20.4633 196.367 123.182 82.0397 73.1854 2.1487
internal_count=14035 9342 9167 2291 6876 175 4693 2749 1710 1944 53
cat_boundaries=0 1 2
cat_threshold=48 2
is_linear=0
shrinkage=0.05


Tree=32
num_leaves=12
num_cat=2
split_feature=0 37 0 2 39 4 37 32 5 5 44
split_gain=120.894 19.9249 16.486 23.5791 18.2028 5.86051 5.45097 9.42875 10.7441 4.21298 8.15553
threshold=0 25.500000000000004 1 10.500000000000002 25.350000000000005 0.98213580174693116 63.500000000000007 26.643750000000001 -0.40613878790836588 0.48877522411129343 36.20000000000001
decision_type=1 2 1 2 2 2 2 2 2 2 2
left_child=6 5 3 -3 -4 -2 9 -8 -9 -1 -11
right_child=1 2 4 -5 -6 -7 7 8 -10 10 -12
leaf_value=-0.050867179530809881 -0.055135517736810725 -0.0014810113323692102 0.0057895528569483386 -0.052907555653768673 0.027306244368263455 0.015424815519155628 -0.049649946124432728 -0.023360794061144611 0.041788346544687674 -0.050232257405928474 -0.012280546888006977
leaf_weight=85.336847223341465 16.736853584647182 215.88427777588367 1107.6057078838348 23.863712854683399 107.0115170776844 3.074390396475791 18.947459310293198 21.016263347119096 7.8914137035608283 29.018265288323164 28.404944907873869
leaf_count=2297 154 2000 6294 302 574 22 462 446 120 805 588
internal_value=-0.000346926 0.00458932 0.00531209 -0.00652722 0.00764327 -0.0439706 -0.0366731 -0.0231941 -0.00477335 -0.0435497 -0.0319906
internal_weight=1664.79 1474.18 1454.37 239.748 1214.62 19.8112 190.615 47.8551 28.9077 142.76 57.4232
internal_count=14064 9346 9170 2302 6868 176 4718 1028 566 3690 1393
cat_boundaries=0 1 2
cat_threshold=48 2
is_linear=0
shrinkage=0.05


Tree=33
num_leaves=12
num_cat=2
split_feature=0 37 0 2 39 37 32 44 4 5 44
split_gain=118.158 21.0098 19.1887 21.439 19.942 7.0303 10.0296 10.7329 3.61888 3.20371 5.63904
threshold=0 25.500000000000004 1 10.500000000000002 25.350000000000005 63.500000000000007 26.643750000000001 44.100000000000001 0.98213580174693116 0.48877522411129343 36.20000000000001
decision_type=1 2 1 2 2 2 2 2 2 2 2
left_child=5 8 3 -3 -4 9 -7 -8 -2 -1 -11
right_child=1 2 4 -5 -6 6 7 -9 -10 10 -12
leaf_value=-0.051306051383714947 -0.054656046609730495 -0.0026537654026274663 0.0060104771172377561 -0.052575946517926443 0.028374112399292981 -0.0494151414139972 0.017523150889640821 -0.046712224362112587 0.0035051999725928731 -0.050040538919085678 -0.017609321657798362
leaf_weight=80.454422829672694 16.254013959318403 216.90786452591419 1113.4699914678931 22.889335356652737 108.63092517852783 17.994709488004446 20.044916670769457 8.4137222021818143 3.0278129801154128 27.348928552120924 28.627754364162683
leaf_count=2274 155 2013 6308 302 573 459 349 205 21 794 601
internal_value=-4.98696e-05 0.00472194 0.00545144 -0.0073138 0.00795489 -0.0367694 -0.0212754 -0.00240889 -0.0458005 -0.0445272 -0.0340546
internal_weight=1664.06 1481.18 1461.9 239.797 1222.1 182.884 46.4533 28.4586 19.2818 136.431 55.9767
internal_count=14054 9372 9196 2315 6881 4682 1013 554 176 3669 1395
cat_boundaries=0 1 2
cat_threshold=48 2
is_linear=0
shrinkage=0.05


Tree=34
num_leaves=14
num_cat=1
split_feature=0 36 4 5 34 44 38 4 44 4 4 22 22
split_gain=104.89 19.8005 38.9604 45.6676 45.3966 21.3511 17.6472 7.60997 6.13126 9.27873 16.1848 0.306963 0.128053
threshold=0 95.500000000000014 0.76140650896573492 -0.46800559042974538 24.550000000000004 35.100000000000001 8.0431550000000005 0.35846314187849704 36.20000000000001 0.58481550752069722 0.27694220057652758 88.805555500000011 89.520833500000023
decision_type=1 2 2 2 2 2 2 2 2 2 2 2 2
left_child=8 5 4 -4 -3 7 -7 -2 11 10 -10 -1 -13
right_child=1 2 3 -5 -6 6 -8 -9 9 -11 -12 12 -14
leaf_value=-0.050975478422042059 0.024651125546842578 0.0075291191911096844 0.07735032181161032 0.015306195402380283 -0.023052755278388935 0.045055873213556523 -0.00558905610799034 -0.049976493737907697 -0.031551344767129223 -0.05054151551965437 0.024466621099779564 -0.0009955859191766751 -0.024264833754264706
leaf_weight=62.918441900983453 3.203718662261962 851.66488505154848 36.869011089205742 140.39321628957987 140.49889669567347 17.391633167862892 265.10935061052442 32.616336740553379 58.179976183921099 36.514019455760717 15.68198726698756 0.9927026517689217 0.88044840097427368
leaf_count=1916 23 5191 209 819 936 122 1852 250 1368 1036 291 25 26
internal_value=-0.000387495 0.00401415 0.00704978 0.0285724 0.00317961 -0.00699938 -0.00232327 -0.0428136 -0.0357794 -0.0301238 -0.01949 -0.0502478 -0.0165716
internal_weight=1662.91 1487.75 1169.43 177.262 992.164 318.321 282.501 35.8201 175.168 110.376 73.862 64.7916 1.87315
internal_count=14064 9402 7155 1028 6127 2247 1974 273 4662 2695 1659 1967 51
cat_boundaries=0 1
cat_threshold=48
is_linear=0
shrinkage=0.05


Tree=35
num_leaves=14
num_cat=3
split_feature=0 0 6 39 4 40 32 1 4 32 33 39 5
split_gain=91.3092 18.2893 18.6788 18.5164 12.9571 21.4051 17.2301 12.3953 6.15238 9.63784 16.2322 4.74999 14.6441
threshold=0 1 2.5000000000000004 18.350000000000005 0.97875492728876534 11.850000000000003 28.075297500000001 2 -0.72696319516528884 26.584821500000004 31.850000000000005 21.950000000000003 0.80798785254895478
decision_type=1 1 2 2 2 2 2 1 2 2 2 2 2
left_child=8 2 7 -4 6 -6 -3 -2 9 -1 -11 -10 -13
right_child=1 4 3 -5 5 -7 -8 -9 11 10 -12 12 -14
leaf_value=-0.048819809493528259 0.0060411285877857383 -0.0018697892108487846 -0.0017881451868285291 0.016094581750697931 0.04144904531110441 -0.024642909480279793 -0.024135378078626236 -0.019327340914965883 -0.051024114177380668 0.037062241328621563 -0.040484249407006234 -0.040565508199829341 0.029036307641987415
leaf_weight=15.441299796104429 96.553135745227337 420.13953625038266 201.42060266435146 511.83708947524428 35.168336674571037 17.716799236834049 108.60856308788061 94.34142841398716 71.221122177317739 13.276383046060802 11.79762248136103 50.42162668146193 8.1213301606476289
leaf_count=430 531 3397 1048 2557 228 121 944 534 2228 219 296 1358 143
internal_value=-0.00123964 0.00283514 0.00725407 0.0110492 -0.00404125 0.0192615 -0.00648022 -0.00653153 -0.0347406 -0.0190688 0.00042236 -0.0421072 -0.0305846
internal_weight=1656.06 1485.79 904.152 713.258 581.633 52.8851 528.748 190.895 170.279 40.5153 25.074 129.764 58.543
internal_count=14034 9360 4670 3605 4690 349 4341 1065 4674 945 515 3729 1501
cat_boundaries=0 1 2 3
cat_threshold=48 9 1
is_linear=0
shrinkage=0.05


Tree=36
num_leaves=15
num_cat=3
split_feature=0 36 4 1 34 44 42 4 37 4 1 5 5 4
split_gain=92.2104 16.9689 30.4623 50.3708 45.0457 16.4361 15.9634 5.92786 5.72261 9.82147 15.6984 4.09263 3.21802 9.0814
threshold=0 95.500000000000014 0.76140650896573492 1 24.550000000000004 34.400000000000013 5.5000000000000009 0.40614137006726808 63.500000000000007 0.29342972903661901 2 -0.40613878790836588 0.48877522411129343 -0.77245553105869302
decision_type=1 2 2 1 2 2 2 2 2 2 1 2 2 2
left_child=8 5 4 -4 -3 7 -7 -2 12 11 -11 -10 -1 -14
right_child=1 2 3 -5 -6 6 -8 -9 9 10 -12 -13 13 -15
leaf_value=-0.050285991540790602 -0.00062356195017055076 0.0066226048598263636 0.050013976343838709 -0.0019839175608880838 -0.023940937820622302 -0.011348457035384318 0.014635134787176377 -0.057676817892940595 -0.049102240198365871 0.08715248475732551 -0.042189501565865484 -0.014486262578469983 0.021485698490483717 -0.039995158109514518
leaf_weight=70.355048952624202 5.8745997995138195 857.14221362024546 93.392285123467445 91.792683474719524 139.26735121011734 202.32950267195702 82.380755536258221 19.57690017670393 16.984619475901127 3.9809390008449546 3.5876858346164227 18.546478398144245 6.2734502702951422 44.704594649374485
leaf_count=2251 46 5194 520 533 939 1493 506 150 469 68 65 418 102 1296
internal_value=-0.000966683 0.0030501 0.00580237 0.0243674 0.00233104 -0.00732187 -0.00380521 -0.0450295 -0.0352587 -0.0209909 0.0280732 -0.0319246 -0.0429961 -0.0321614
internal_weight=1656.19 1491.76 1181.59 185.185 996.41 310.162 284.71 25.4515 164.433 43.0997 7.56862 35.5311 121.333 50.978
internal_count=14050 9381 7186 1053 6133 2195 1999 196 4669 1020 133 887 3649 1398
cat_boundaries=0 1 2 3
cat_threshold=48 1 1
is_linear=0
shrinkage=0.05


Tree=37
num_leaves=12
num_cat=2
split_feature=0 37 0 40 44 44 4 4 4 22 22
split_gain=86.1676 17.3935 15.5825 19.6919 15.8539 5.52763 8.64745 17.3417 5.45801 0.293363 0.325862
threshold=0 25.500000000000004 1 4.9000000000000012 52.000000000000007 36.20000000000001 0.58481550752069722 0.27694220057652758 0.98522604642031408 88.805555500000011 89.048611500000007
decision_type=1 2 1 2 2 2 2 2 2 2 2
left_child=5 8 4 -4 -3 9 7 -7 -2 -1 -11
right_child=1 2 3 -5 -6 6 -8 -9 -10 10 -12
leaf_value=-0.049753408678256367 -0.054124126284826747 0.0090180279448901276 0.013180019446657447 -0.0079293146386275239 -0.04824660430388375 -0.031838836952991445 -0.050105185280208922 0.026198140348897066 0.022673725730019786 0.0058959484022801422 -0.026576104930095767
leaf_weight=55.016687829047441 15.720196731388571 880.8084474876523 148.47012212127447 422.70542387291789 11.275799468159674 54.56905921548605 31.896595953032374 15.922289565205572 2.119799628853797 0.75309569761156936 1.0589060336351392
leaf_count=1907 158 4501 1185 3411 62 1397 1032 296 15 18 34
internal_value=-0.000407971 0.00344213 0.0040773 -0.00238704 0.00814975 -0.0341072 -0.0287675 -0.0185466 -0.0442797 -0.0489619 -0.0157829
internal_weight=1640.32 1481.1 1463.26 571.176 892.084 159.217 102.388 70.4913 17.84 56.8287 1.812
internal_count=14016 9332 9159 4596 4563 4684 2725 1693 173 1959 52
cat_boundaries=0 1 2
cat_threshold=48 9
is_linear=0
shrinkage=0.05


Tree=38
num_leaves=12
num_cat=2
split_feature=0 37 39 5 32 37 32 5 4 5 1
split_gain=83.7344 16.6931 14.9757 35.1368 17.8133 5.56511 8.1752 10.2248 3.98862 3.59548 7.14015
threshold=0 25.500000000000004 18.450000000000003 -0.57077231802681661 25.882440500000005 63.500000000000007 26.643750000000001 -0.40613878790836588 0.98213580174693116 0.48877522411129343 1
decision_type=1 2 2 2 2 2 2 2 2 2 1
left_child=5 8 3 -3 -4 9 -7 -8 -2 -1 -11
right_child=1 2 4 -5 -6 6 7 -9 -10 10 -12
leaf_value=-0.050044033744091422 -0.053527471239086466 -0.029877376347657459 -0.032484989958380395 0.0039429349745548807 0.0081579452460405471 -0.048532990652773292 -0.022884523662945772 0.041476097575086315 0.0090981385347258265 -0.010960896976519578 -0.05003099850072238
leaf_weight=65.62862210907042 14.818334661424162 99.429208185523748 26.720058917999268 325.62777537852526 1023.8810105398297 14.883974974974988 19.061834912747145 7.9174205660820034 2.7142591625452033 24.458515722304583 22.754389917477965
leaf_count=2287 155 692 173 2080 6283 453 451 121 19 711 683
internal_value=-0.000441014 0.00328072 0.0038924 -0.00401986 0.00709436 -0.0341693 -0.0200671 -0.00318971 -0.0438645 -0.0421803 -0.030438
internal_weight=1647.9 1493.19 1475.66 425.057 1050.6 154.705 41.8632 26.9793 17.5326 112.842 47.2129
internal_count=14108 9402 9228 2772 6456 4706 1025 572 174 3681 1394
cat_boundaries=0 1 2
cat_threshold=48 1
is_linear=0
shrinkage=0.05


Tree=39
num_leaves=15
num_cat=3
split_feature=36 24 34 1 21 44 38 21 23 44 1 4 1 4
split_gain=20.7972 23.5256 18.5446 33.6948 21.967 14.3982 16.804 15.5222 14.1196 8.34553 6.00517 5.43145 2.2935 0.980588
threshold=95.500000000000014 33.500000000000007 24.450000000000003 0 25.350000000000005 34.400000000000013 8.0687500000000032 24.350000000000005 86.500000000000014 33.650000000000006 1 0.40614137006726808 2 0.35846314187849704
decision_type=2 2 2 1 2 2 2 2 2 2 1 2 1 2
left_child=5 9 4 -4 -3 11 8 -8 -7 12 -11 13 -2 -1
right_child=1 2 3 -5 -6 6 7 -9 -10 10 -12 -13 -14 -15
leaf_value=0.018322352516114426 -0.038240944736129948 0.0039242525838038608 0.0073889293772235248 -0.030983169641617049 0.080943679091289786 -0.016824859054068688 -0.02537882557989531 -0.0017065030790112412 0.062481029826776571 0.060311756320300482 0.0229243715553894 -0.056734082923539479 0.014173202367068781 -0.016973515087570588
leaf_weight=2.2844584509730366 3.5280048456042996 1003.1054383479059 118.01888080500066 109.47425765171647 8.3477057032287103 8.4181460253894347 111.99720926396549 179.26962300948799 13.967040663585065 23.647886963561177 22.509693324565887 20.909369697794318 3.1277170032262802 3.95702332444489
leaf_count=22 33 8188 1004 1016 57 83 1220 1600 119 177 174 223 33 42
internal_value=0.000244125 0.003144 0.00173683 -0.0111313 0.00463923 -0.0107244 -0.00762325 -0.0108646 0.0332132 0.0355089 0.0429518 -0.0450064 -0.014976 -0.00330859
internal_weight=1632.56 1291.76 1238.95 227.493 1011.45 340.803 313.652 291.267 22.3852 52.8133 46.1576 27.1509 6.65572 6.24148
internal_count=13991 10682 10265 2020 8245 3309 3022 2820 202 417 351 287 66 64
cat_boundaries=0 1 2 3
cat_threshold=1 1 1
is_linear=0
shrinkage=0.05


Tree=40
num_leaves=13
num_cat=1
split_feature=0 37 14 38 36 44 44 37 4 37 23 14
split_gain=74.7961 15.2131 12.5444 17.7206 16.3719 6.29689 13.0772 15.9532 5.15097 4.49677 4.45167 0.983141
threshold=0 25.500000000000004 15.050000000000002 6.5514880000000009 96.500000000000014 40.500000000000007 44.100000000000001 63.500000000000007 0.98522604642031408 27.500000000000004 95.500000000000014 8.7500000000000018
decision_type=1 2 2 2 2 2 2 2 2 2 2 2
left_child=5 8 3 -3 -4 9 7 -7 -2 10 -1 -11
right_child=1 2 4 -5 -6 6 -8 -9 -10 11 -12 -13
leaf_value=-0.035146175564750429 -0.053262820526810299 0.011008921286538116 -0.00095557578429706323 -0.00775385358380252 0.012914361897906304 -0.023944870092294734 -0.049448039028879814 0.049270915763565071 0.021360984553259143 -0.010254140346308721 0.051612606768876391 -0.045985054181692415
leaf_weight=2.1037330850958815 14.504353169351818 181.59106576815248 349.35560820251703 404.00660625845194 542.6400583088398 21.71697138808668 22.02317969687283 10.063562490046023 2.1609021574258795 2.6419174168258897 1.8473840951919558 88.129562169313431
leaf_count=63 157 1121 2360 2527 3207 565 714 139 15 81 20 3086
internal_value=-0.000266418 0.00318713 0.00375745 -0.00192676 0.00748713 -0.0328183 -0.0207521 3.52931e-05 -0.0429253 -0.0428122 0.00765011 -0.0450682
internal_weight=1642.78 1494.26 1477.59 585.598 891.996 148.526 53.8037 31.7805 16.6653 94.7226 3.95112 90.7715
internal_count=14055 9387 9215 3648 5567 4668 1418 704 172 3250 83 3167
cat_boundaries=0 1
cat_threshold=48
is_linear=0
shrinkage=0.05


Tree=41
num_leaves=14
num_cat=2
split_feature=0 33 32 1 34 44 5 4 4 32 13 14 14
split_gain=69.1936 16.7153 22.1771 22.1391 21.8035 5.72149 8.57721 20.7125 8.36611 3.09437 0.765306 0.212693 0.607975
threshold=0 38.250000000000007 29.670238000000005 1 24.550000000000004 36.20000000000001 0.80798785254895478 0.37446826358596375 -0.76141707087277943 30.883035500000002 10.443750000000003 8.7500000000000018 8.2500000000000018
decision_type=1 2 2 1 2 2 2 2 2 2 2 2 2
left_child=5 2 4 -4 -2 11 8 -8 -7 -3 -11 12 -1
right_child=1 9 3 -5 -6 6 7 -9 -10 10 -12 -13 -14
leaf_value=-0.030113122888086874 0.0043974843836676923 0.0028572230392926033 0.057131995928506867 0.0011970400496009029 -0.013457710821624955 -0.0052740014580204856 -0.044339592418659451 0.08868066584903711 -0.041454753465155432 -0.017009004038545966 -0.055768703655189711 -0.049341804361516299 0.012799682244895956
leaf_weight=1.4066996965557326 1207.4348099343479 3.0603686198592213 36.197862632572651 33.815761134028435 198.16888125985861 21.923399968072772 5.6492763683199865 4.2681216485798359 61.268703065812588 2.6219463944435146 13.511870689690111 48.531670726835728 0.57212345860898484
leaf_count=50 7491 21 212 205 1313 493 148 63 1997 19 109 1903 17
internal_value=-0.00066178 0.00261737 0.00325107 0.0305134 0.00187239 -0.0325069 -0.0268823 0.0157871 -0.032096 -0.0425525 -0.0508301 -0.0484626 -0.0175742
internal_weight=1638.43 1494.81 1475.62 70.0136 1405.6 143.62 93.1095 9.9174 83.1921 19.1942 16.1338 50.5105 1.97882
internal_count=14041 9370 9221 417 8804 4671 2701 211 2490 149 128 1970 67
cat_boundaries=0 1 2
cat_threshold=48 1
is_linear=0
shrinkage=0.05


Tree=42
num_leaves=12
num_cat=2
split_feature=0 0 39 4 39 39 4 44 4 4 43
split_gain=65.2566 16.5409 20.5309 17.7735 15.781 19.566 15.4323 7.0391 9.74031 14.883 6.05332
threshold=0 1 18.250000000000004 -0.91597725483594616 25.350000000000005 23.450000000000003 0.88220160189607266 36.20000000000001 0.58481550752069722 0.27694220057652758 0.65000000000000002
decision_type=1 1 2 2 2 2 2 2 2 2 2
left_child=7 2 10 -4 5 -3 -6 -1 9 -9 -2
right_child=1 4 3 -5 6 -7 -8 8 -10 -11 -12
leaf_value=-0.049263481391539451 0.0056819947333612468 0.0062161596681293008 0.03896021706888763 -0.0074132440563679687 0.036402440052695925 -0.012529187979271307 -0.0016301040294102475 -0.027588259628965207 -0.049607673079783296 0.026995852766122309 -0.04573754313682496
leaf_weight=47.957776850089431 6.4149806573986998 977.96532496064901 22.436206765472889 173.68178192526102 74.031929694116116 161.32991125434637 41.254580203443766 49.358244827017188 27.49924499168992 15.724229544401167 39.894572149962187
leaf_count=1957 71 5430 168 1561 374 977 243 1400 1051 299 552
internal_value=-0.00015842 0.00298662 -0.00872109 -0.00193731 0.00530508 0.00355306 0.0228957 -0.0314335 -0.0251288 -0.0141915 -0.0386452
internal_weight=1637.55 1497.01 242.428 196.118 1254.58 1139.3 115.287 140.539 92.5817 65.0825 46.3096
internal_count=14083 9376 2352 1729 7024 6407 617 4707 2750 1699 623
cat_boundaries=0 1 2
cat_threshold=48 2
is_linear=0
shrinkage=0.05


Tree=43
num_leaves=14
num_cat=2
split_feature=0 36 4 1 34 44 42 44 4 4 4 37 37
split_gain=54.5847 15.8865 26.9076 37.2525 29.0709 14.5722 13.1871 7.21831 10.4856 16.0835 4.13725 0.184676 0.48353
threshold=0 95.500000000000014 0.76140650896573492 1 24.450000000000003 34.400000000000013 6.5000000000000009 36.20000000000001 0.58481550752069722 0.27694220057652758 0.40614137006726808 64.500000000000014 65.500000000000014
decision_type=1 2 2 1 2 2 2 2 2 2 2 2 2
left_child=7 5 4 -4 -3 10 -7 11 9 -9 -2 -1 -13
right_child=1 2 3 -5 -6 6 -8 8 -10 -11 -12 12 -14
leaf_value=-0.049976953415147421 -0.0064175184431450169 0.0054429294054263097 0.044095155718042137 -0.00053024457168774828 -0.01789399345019067 -0.0098678667098128607 0.017034038300639317 -0.026030408149124096 -0.049430504370044558 0.03111043529397808 -0.056468311599349785 -0.0064275347577801636 -0.038543861750265945
leaf_weight=40.282813888043165 5.6721115261316326 835.73796708509326 95.146925933659077 91.010263063013554 157.77679020166397 229.03308608755469 55.846456207334995 48.380108656361699 25.868946021422744 15.482417603954671 17.521354414522648 2.3337947130203238 2.9758357778191566
leaf_count=1765 44 5016 512 529 1072 1679 333 1405 1038 287 143 72 110
internal_value=-0.000507943 0.00234442 0.00500053 0.022392 0.0017226 -0.00773377 -0.00455301 -0.0296508 -0.0231535 -0.0119115 -0.0449993 -0.0480306 -0.0276834
internal_weight=1623.07 1487.74 1179.67 186.157 993.515 308.073 284.88 135.324 89.7315 63.8625 23.1935 45.5924 5.30963
internal_count=14005 9328 7129 1041 6088 2199 2012 4677 2730 1692 187 1947 182
cat_boundaries=0 1 2
cat_threshold=48 1
is_linear=0
shrinkage=0.05


Tree=44
num_leaves=14
num_cat=2
split_feature=0 0 4 43 20 29 25 5 44 4 4 14 14
split_gain=55.7383 14.8319 17.0991 18.697 11.1484 10.9765 23.4694 14.7175 6.69157 8.70811 10.8362 0.374445 0.557469
threshold=0 1 -0.99275805973510278 21.550000000000004 30.250000000000004 1.5000000000000002 6.4902780000000009 0.029024409397335454 36.20000000000001 0.58481550752069722 0.27694220057652758 8.7500000000000018 8.2500000000000018
decision_type=1 1 2 2 2 2 2 2 2 2 2 2 2
left_child=8 2 4 -4 -2 6 -3 -7 11 10 -10 12 -1
right_child=1 5 3 -5 -6 7 -8 -9 9 -11 -12 -13 -14
leaf_value=-0.027560593662286356 0.096959867017582468 0.075739063988692276 0.0092829425440232524 -0.0070449249462106291 0.024891410635737233 -0.0010016535574996627 0.00196223952066327 -0.019541198869531172 -0.026429261371733844 -0.049269728630936302 0.019458252296197215 -0.049995436936647208 0.013756943169165323
leaf_weight=1.1582000870257605 6.2697340399026897 11.1023688390851 641.84568862244487 240.24691098928452 25.230084136128426 307.5594361834228 99.169567916542292 163.29227842763066 47.358720095828176 24.529392264783382 16.708268688991666 41.73529526591301 0.54823340848088253
leaf_count=46 27 77 3346 1174 118 2433 825 1350 1416 1030 303 1885 16
internal_value=-0.000704493 0.00213809 0.00608453 0.00483294 0.041778 -0.00406395 0.0100041 -0.00745899 -0.030524 -0.0244579 -0.014347 -0.0489349 -0.014108
internal_weight=1626.75 1494.72 913.592 882.093 31.4998 581.124 110.272 470.852 132.038 88.5964 64.067 43.4417 1.70643
internal_count=14046 9350 4665 4520 145 4685 902 3783 4696 2749 1719 1947 62
cat_boundaries=0 1 2
cat_threshold=48 9
is_linear=0
shrinkage=0.05


Tree=45
num_leaves=14
num_cat=3
split_feature=0 36 4 1 4 21 32 36 4 43 43 39 1
split_gain=56.2371 13.2741 27.7719 33.9748 32.0913 19.158 37.3425 17.1229 7.29088 10.4338 11.4835 4.82804 10.0496
threshold=0 95.500000000000014 0.75014288946266361 1 0.40614137006726808 25.850000000000005 30.676786000000003 93.500000000000014 -0.73866753694953124 24.350000000000005 21.050000000000001 21.950000000000003 2
decision_type=1 2 2 1 2 2 2 2 2 2 2 2 1
left_child=8 5 4 -4 -3 7 -7 -2 9 10 -1 -10 -13
right_child=1 2 3 -5 -6 6 -8 -9 11 -11 -12 12 -14
leaf_value=-0.017205515851552857 -0.0025278401928296194 0.0055146646855577883 0.042022287902782653 0.00049374978157310325 -0.020336625991729126 0.059558548863627173 -0.014355908189033796 -0.029907323008339554 -0.050246844590419774 -0.047568227518007294 0.057489042220587511 -0.0034764545383800839 -0.049991933742738692
leaf_weight=13.371182641014462 151.11913710087538 852.31080415472388 103.28893722593784 93.364531680941582 138.7118484377861 28.533079646527767 39.84112074971199 90.991332527250051 50.757901910692453 11.482333296909927 7.0578915216028681 23.484908115118742 22.283210821449757
leaf_count=432 1096 5120 547 544 919 159 282 684 2276 392 108 739 754
internal_value=6.31888e-05 0.00286941 0.00529455 0.0224082 0.00187945 -0.00630243 0.0169031 -0.0128984 -0.0303186 -0.0114789 0.0100787 -0.0394742 -0.0267082
internal_weight=1626.6 1498.16 1187.68 196.653 991.023 310.485 68.3742 242.11 128.437 31.9114 20.4291 96.526 45.7681
internal_count=14052 9351 7130 1091 6039 2221 441 1780 4701 932 540 3769 1493
cat_boundaries=0 1 2 3
cat_threshold=48 1 1
is_linear=0
shrinkage=0.05


Tree=46
num_leaves=14
num_cat=1
split_feature=0 39 5 43 39 39 39 37 5 37 5 4 4
split_gain=49.7228 22.1833 17.6916 19.8799 14.4939 22.0132 13.6163 10.6127 7.62176 6.03108 2.54837 1.72791 0.183012
threshold=0 18.250000000000004 -0.96234030595689413 14.100000000000001 14.050000000000002 14.65 25.350000000000005 57.500000000000007 0.6174544326165855 29.500000000000004 0.98174098242282859 -0.90893996196865012 0.49812943072827087
decision_type=1 2 2 2 2 2 2 2 2 2 2 2 2
left_child=4 9 -3 -4 7 12 -7 8 -1 -2 -11 -9 -6
right_child=1 2 3 -5 5 6 -8 11 -10 10 -12 -13 -14
leaf_value=0.084230493784414939 0.052039565470202886 -0.051227705855043396 -0.01863606042510765 0.0085791298368551958 -0.05793954474820498 0.0029564215593030955 0.020843869836316222 0.014996336613664158 0.028197892507976548 -0.046150703984147223 -0.01369657414207847 -0.020556168927612029 -0.027208408806954926
leaf_weight=10.064482823014261 0.90833577886223693 23.006252219900489 147.92747977934778 121.30959933623672 12.197889573872088 1097.5101106725633 116.88323338329792 5.2737116366624832 17.15238469094038 63.402327410876751 7.8307690601795903 6.5896108448505384 3.4279073625802985
leaf_count=50 19 552 2738 1922 81 6155 619 28 84 1625 199 34 21
internal_value=0.000154048 -0.0158497 -0.01008 -0.0063874 0.00484458 0.00391517 0.00469379 0.0344783 0.0511689 -0.0409324 -0.042822 -0.00481451 -0.0532399
internal_weight=1633.48 364.385 292.243 269.237 1269.1 1230.02 1214.39 39.0802 27.2169 72.1414 71.2331 11.8633 15.6258
internal_count=14127 7055 5212 4660 7072 6876 6774 196 134 1843 1824 62 102
cat_boundaries=0 1
cat_threshold=13
is_linear=0
shrinkage=0.05


Tree=47
num_leaves=10
num_cat=2
split_feature=37 43 35 37 2 1 14 4 1
split_gain=13.1534 13.2603 11.3462 15.8491 11.1954 8.69119 5.44759 5.29117 1.8644
threshold=25.500000000000004 35.600000000000001 58.705357000000014 30.500000000000004 7.5000000000000009 0 18.050000000000004 0.98522604642031408 1
decision_type=2 2 2 2 2 1 2 2 1
left_child=7 2 6 -4 5 -3 -2 -1 -6
right_child=1 4 3 -5 8 -7 -8 -9 -10
leaf_value=-0.052381647254456633 0.015275804359333012 -0.010322010215024324 0.017366291169183447 -0.00041209268318904209 0.0039163108637657491 -0.048944934624599715 -0.05458787612059867 0.0233569526188597 0.047189606819147301
leaf_weight=15.448810454458 3.0546599254012099 29.885958585888147 136.85993198864162 1382.1524309273809 4.9544771555811149 28.733659379184246 12.330644790083168 2.0960677582770577 4.4392942991107702
leaf_count=232 29 264 1233 11783 39 269 139 20 34
internal_value=-0.000694063 -0.000209394 0.000754446 0.00120007 -0.0216497 -0.0297573 -0.0406311 -0.0425617 0.026939
internal_weight=1619.96 1602.41 1534.4 1519.01 68.0134 58.6196 15.3853 17.5449 9.39377
internal_count=14042 13790 13184 13016 606 533 168 252 73
cat_boundaries=0 1 2
cat_threshold=1 1
is_linear=0
shrinkage=0.05


Tree=48
num_leaves=11
num_cat=1
split_feature=0 35 33 34 44 36 36 32 13 5
split_gain=42.3529 14.2909 12.7654 15.8206 7.69385 10.9669 13.7392 2.5669 2.47826 1.90046
threshold=0 58.705357000000014 38.250000000000007 25.950000000000003 36.20000000000001 97.500000000000014 98.500000000000014 30.883035500000002 7.9895830000000005 0.80798785254895478
decision_type=1 2 2 2 2 2 2 2 2 2
left_child=4 8 3 -3 -1 9 -7 -4 -2 -6
right_child=1 2 7 -5 5 6 -8 -9 -10 -11
leaf_value=-0.047356731314379404 0.00061263777019020206 0.0024882759904909725 0.00274493914596062 0.03550122928753445 -0.047675347012172936 0.028618349607281997 -0.024239228484118126 -0.046272268172394458 -0.054635953725879961 -0.0059091472028694868
leaf_weight=39.42055175639689 2.3855492621660224 1432.3689726851881 3.0859626531600979 36.243925757706165 27.371577858924869 17.820734409615397 34.557372039183974 14.754801213741301 11.816100180149077 3.351425025612115
leaf_count=1972 20 8892 22 209 1201 397 1051 125 104 87
internal_value=-8.79866e-05 0.0022974 0.00280414 0.00332661 -0.0270802 -0.0202328 -0.00605613 -0.038098 -0.0459257 -0.0434492
internal_weight=1623.18 1500.66 1486.45 1468.61 122.522 83.1011 52.3781 17.8408 14.2016 30.723
internal_count=14080 9372 9248 9101 4708 2736 1448 147 124 1288
cat_boundaries=0 1
cat_threshold=48
is_linear=0
shrinkage=0.05


Tree=49
num_leaves=11
num_cat=1
split_feature=0 35 39 44 32 4 4 39 4 25
split_gain=43.7598 12.4371 11.834 33.127 17.5302 6.41055 10.8504 18.1011 9.62581 2.83041
threshold=0 58.705357000000014 18.450000000000003 38.000000000000007 25.921428500000005 0.58481550752069722 0.27694220057652758 21.950000000000003 -0.72696319516528884 8.593055500000002
decision_type=1 2 2 2 2 2 2 2 2 2
left_child=5 9 3 -3 -4 6 8 -8 -1 -2
right_child=1 2 4 -5 -6 -7 7 -9 -10 -11
leaf_value=-0.011346290717832294 -0.001595681125468752 0.00075166552647267502 -0.030374983886552895 -0.044783222076012937 0.00695726792279866 -0.049470932476789686 -0.045782845035444115 0.044928200852172917 -0.049844858551222337 -0.053781253343467811
leaf_weight=30.586504569277167 3.4040031097829333 379.42352364584804 31.453202940523624 43.637872736901045 1037.6598603986204 31.170153755694628 8.2701809126883763 12.571321252733467 35.519067082554102 10.899616274982689
leaf_count=941 29 2440 206 298 6313 1578 375 194 1586 102
internal_value=0.000181807 0.00255713 0.00303206 -0.00403969 0.0058316 -0.0277643 -0.0226654 0.00848475 -0.0324664 -0.0422778
internal_weight=1624.6 1506.48 1492.17 423.061 1069.11 118.117 86.9471 20.8415 66.1056 14.3036
internal_count=14062 9388 9257 2738 6519 4674 3096 569 2527 131
cat_boundaries=0 1
cat_threshold=48
is_linear=0
shrinkage=0.05


Tree=50
num_leaves=14
num_cat=1
split_feature=0 24 24 39 37 44 36 36 5 22 32 11 22
split_gain=39.3439 11.4462 14.324 12.0791 11.2738 7.98188 9.4681 12.234 1.86269 0.666816 0.651423 0.491468 0.411875
threshold=0 73.500000000000014 71.500000000000014 22.150000000000002 25.500000000000004 36.20000000000001 97.500000000000014 98.500000000000014 0.80798785254895478 88.805555500000011 26.207738000000003 95.500000000000014 89.048611500000007
decision_type=1 2 2 2 2 2 2 2 2 2 2 2 2
left_child=5 2 4 -4 -2 9 8 -8 -7 -1 -3 -12 -11
right_child=1 10 3 -5 -6 6 7 -9 -10 12 11 -13 -14
leaf_value=-0.049549154091265493 -0.038601398205306475 -0.017606209779910939 -0.034031613671290199 0.049697615285653293 0.002750493694680417 -0.047173283612123723 0.024909381155201579 -0.024604792736331305 -0.005462660568191436 0.01463728903940029 -0.024660364229298903 -0.055127873341790805 -0.021487997472137671
leaf_weight=34.504118125885725 15.675984784960745 5.0833615064620998 4.4094007052481201 25.528904058039188 1441.4553482085466 24.515005908906463 18.659328876063228 33.27267156355083 3.305339688435196 0.53154019080102333 5.0623893216252309 6.2855753041803837 0.72572861611843109
leaf_count=1896 177 31 30 142 8921 1177 411 1053 87 18 29 47 35
internal_value=0.000274848 0.00250897 0.00299588 0.0366643 0.00227946 -0.0265155 -0.0195749 -0.00667971 -0.0425791 -0.0482535 -0.0377621 -0.044634 -0.00649673
internal_weight=1619.01 1503.5 1487.07 29.9383 1457.13 115.514 79.7523 51.932 27.8203 35.7614 16.4313 11.348 1.25727
internal_count=14054 9377 9270 172 9098 4677 2728 1464 1264 1949 107 76 53
cat_boundaries=0 1
cat_threshold=48
is_linear=0
shrinkage=0.05


Tree=51
num_leaves=12
num_cat=1
split_feature=0 35 33 32 37 32 5 32 5 34 25
split_gain=37.8608 11.0223 10.8706 20.7777 7.3382 10.5441 10.9675 6.59039 4.90953 7.60926 3.08987
threshold=0 58.705357000000014 38.250000000000007 29.670238000000005 63.500000000000007 26.643750000000001 -0.40613878790836588 30.844940500000003 0.48877522411129343 22.450000000000003 8.593055500000002
decision_type=1 2 2 2 2 2 2 2 2 2 2
left_child=4 10 3 -3 8 -6 -7 -4 -1 -10 -2
right_child=1 2 7 -5 5 6 -8 -9 9 -11 -12
leaf_value=-0.048830092126708254 0.0021732677247085662 0.001511509004586919 0.033931585058955015 0.02869471739299552 -0.047099687025091735 -0.013444606220619139 0.057930987226669742 -0.046622887220524233 -0.04800171243120803 -0.001422034541762509 -0.053207006631216858
leaf_weight=43.58792260941118 3.1269556395709506 1403.5215188339353 2.2511682733893421 73.013130746781826 11.107377346605061 15.441427182406185 7.0465960390865829 15.685468092560766 15.060291138477622 19.448385329917073 10.502696670591829
leaf_count=2258 26 8699 15 416 456 437 115 137 743 668 103
internal_value=-0.000201332 0.0019591 0.00239331 0.0028742 -0.0269161 -0.00939879 0.0104351 -0.0352548 -0.0376405 -0.0225297 -0.0412214
internal_weight=1619.79 1508.1 1494.47 1476.53 111.692 33.5954 22.488 17.9366 78.0966 34.5087 13.6297
internal_count=14073 9396 9267 9115 4677 1008 552 152 3669 1411 129
cat_boundaries=0 1
cat_threshold=48
is_linear=0
shrinkage=0.05


Tree=52
num_leaves=11
num_cat=2
split_feature=0 35 33 34 4 4 1 4 32 25
split_gain=33.907 13.0351 11.0578 15.4782 6.85286 10.9753 27.2949 10.0144 4.28533 2.28444
threshold=0 58.705357000000014 38.250000000000007 25.950000000000003 0.58481550752069722 0.27694220057652758 1 -0.72696319516528884 30.883035500000002 8.355555500000003
decision_type=1 2 2 2 2 2 1 2 2 2
left_child=4 9 3 -3 5 7 -7 -1 -4 -2
right_child=1 2 8 -5 -6 6 -8 -9 -10 -11
leaf_value=-0.0093100735701314753 0.00074271624906910489 0.0022512557402385529 0.014651610193964834 0.033422297505792696 -0.049131229559851636 0.061943592903466405 -0.048235025868509536 -0.049566003351307432 -0.04572575852871115 -0.053109290895886424
leaf_weight=30.234023690223694 2.30757813155651 1426.643294416368 3.0959653258323696 39.978734977543354 27.286516862921417 11.096682258881629 9.5349101731553674 31.852120487950742 15.004460565745829 11.429894782602785
leaf_count=976 15 8834 22 224 1569 294 288 1587 136 116
internal_value=0.000115798 0.00215581 0.00263292 0.00312314 -0.0253523 -0.0200433 0.0111485 -0.0304209 -0.0351722 -0.0446268
internal_weight=1608.46 1498.46 1484.72 1466.62 110.004 82.7177 20.6316 62.0861 18.1004 13.7375
internal_count=14061 9347 9216 9058 4714 3145 582 2563 158 131
cat_boundaries=0 1 2
cat_threshold=48 1
is_linear=0
shrinkage=0.05


Tree=53
num_leaves=14
num_cat=1
split_feature=0 39 5 43 43 23 37 39 21 43 25 4 23
split_gain=37.6457 18.8441 17.3226 20.3414 12.8046 10.1355 30.9053 13.602 7.47114 5.30434 9.85536 3.18264 0.725774
threshold=0 18.250000000000004 -0.96234030595689413 14.100000000000001 38.900000000000006 98.500000000000014 57.500000000000007 25.350000000000005 25.350000000000005 0.65000000000000002 6.4631945000000011 -0.97876850416056749 98.500000000000014
decision_type=1 2 2 2 2 2 2 2 2 2 2 2 2
left_child=4 9 -3 -4 5 7 -7 -1 12 10 -2 -11 -6
right_child=1 2 3 -5 8 6 -8 -9 -10 11 -12 -13 -14
leaf_value=-0.00055246148920948149 0.052747696939123179 -0.051076999717868311 -0.018031864420787271 0.010130084740441907 -0.048896757246638584 0.032115453463747175 0.0023621626004879277 0.019027319623170662 0.016694635376043227 -0.011727409827399582 -0.044664779036026087 -0.048814086218830287 -0.016128336491408327
leaf_weight=731.60175419226289 3.6573144262656552 21.382561546750367 139.32638889923692 117.18534194398671 16.342007644474513 124.43927839398384 287.47526022046804 99.930980700999498 6.004588194191455 7.3946489840745917 4.8692381363362074 48.711442705243826 3.297783523797988
leaf_count=4217 79 554 2728 1902 103 621 1504 527 39 172 131 1460 18
internal_value=0.000252649 -0.0141938 -0.00887918 -0.00517692 0.00423824 0.00500276 0.0114066 0.0018206 -0.030038 -0.0387239 -0.00173049 -0.0442171 -0.0444425
internal_weight=1611.62 342.527 277.894 256.512 1269.09 1243.45 411.915 831.533 25.6444 64.6326 8.52655 56.1061 19.6398
internal_count=14055 7026 5184 4630 7029 6869 2125 4744 160 1842 210 1632 121
cat_boundaries=0 1
cat_threshold=13
is_linear=0
shrinkage=0.05


end of trees

feature_importances:
age_group=96
day_of_year_sin=96
wind_gust_max_7d=76
day_of_year_cos=55
wind_speed_max_7d=51
humidity_min_7d=48
temperature_mean_7d=38
humidity_max_7d=31
temperature_min_7d=30
gender=24
temperature_max_7d=21
month=18
rain_max_daily_7d=18
wind_speed_max_current=13
rain_days_7d=11
humidity_mean_7d=10
humidity_mean_3d=9
temperature_min_3d=8
wind_speed_mean_7d=7
humidity_max_3d=5
wind_speed_mean_3d=5
precipitation_sum_7d=5
temperature_mean_3d=4
humidity_min_3d=4
weather_code_current=2
wind_speed_mean_current=2
temperature_mean_current=1
temperature_min_current=1
humidity_max_current=1
temperature_max_3d=1
rain_days_3d=1
wind_gust_max_3d=1

parameters:
[boosting: gbdt]
[objective: binary]
[metric: binary_logloss]
[tree_learner: serial]
[device_type: cpu]
[data_sample_strategy: bagging]
[data: ]
[valid: ]
[num_iterations: 54]
[learning_rate: 0.05]
[num_leaves: 15]
[num_threads: 8]
[seed: 42]
[deterministic: 0]
[force_col_wise: 0]
[force_row_wise: 0]
[histogram_pool_size: -1]
[max_depth: 4]
[min_data_in_leaf: 20]
[min_sum_hessian_in_leaf: 0.001]
[bagging_fraction: 0.9]
[pos_bagging_fraction: 1]
[neg_bagging_fraction: 1]
[bagging_freq: 1]
[bagging_seed: 400]
[bagging_by_query: 0]
[feature_fraction: 0.9]
[feature_fraction_bynode: 1]
[feature_fraction_seed: 30056]
[extra_trees: 0]
[extra_seed: 12879]
[early_stopping_round: 0]
[early_stopping_min_delta: 0]
[first_metric_only: 0]
[max_delta_step: 0]
[lambda_l1: 0]
[lambda_l2: 1]
[linear_lambda: 0]
[min_gain_to_split: 0]
[drop_rate: 0.1]
[max_drop: 50]
[skip_drop: 0.5]
[xgboost_dart_mode: 0]
[uniform_drop: 0]
[drop_seed: 17869]
[top_rate: 0.2]
[other_rate: 0.1]
[min_data_per_group: 100]
[max_cat_threshold: 32]
[cat_l2: 10]
[cat_smooth: 10]
[max_cat_to_onehot: 4]
[top_k: 20]
[monotone_constraints: ]
[monotone_constraints_method: basic]
[monotone_penalty: 0]
[feature_contri: ]
[forcedsplits_filename: ]
[refit_decay_rate: 0.9]
[cegb_tradeoff: 1]
[cegb_penalty_split: 0]
[cegb_penalty_feature_lazy: ]
[cegb_penalty_feature_coupled: ]
[path_smooth: 0]
[interaction_constraints: ]
[verbosity: -1]
[saved_feature_importance_type: 0]
[use_quantized_grad: 0]
[num_grad_quant_bins: 4]
[quant_train_renew_leaf: 0]
[stochastic_rounding: 1]
[linear_tree: 0]
[max_bin: 255]
[max_bin_by_feature: ]
[min_data_in_bin: 3]
[bin_construct_sample_cnt: 200000]
[data_random_seed: 175]
[is_enable_sparse: 1]
[enable_bundle: 1]
[use_missing: 1]
[zero_as_missing: 0]
[feature_pre_filter: 1]
[pre_partition: 0]
[two_round: 0]
[header: 0]
[label_column: ]
[weight_column: ]
[group_column: ]
[ignore_column: ]
[categorical_feature: 0,1,3]
[forcedbins_filename: ]
[precise_float_parser: 0]
[parser_config_file: ]
[objective_seed: 16083]
[num_class: 1]
[is_unbalance: 0]
[scale_pos_weight: 1]
[sigmoid: 1]
[boost_from_average: 1]
[reg_sqrt: 0]
[alpha: 0.9]
[fair_c: 1]
[poisson_max_delta_step: 0.7]
[tweedie_variance_power: 1.5]
[lambdarank_truncation_level: 30]
[lambdarank_norm: 1]
[label_gain: ]
[lambdarank_position_bias_regularization: 0]
[eval_at: ]
[multi_error_top_k: 1]
[auc_mu_weights: ]
[num_machines: 1]
[local_listen_port: 12400]
[time_out: 120]
[machine_list_filename: ]
[machines: ]
[gpu_platform_id: -1]
[gpu_device_id: -1]
[gpu_device_id_list: ]
[gpu_use_dp: 0]
[num_gpu: 1]

end of parameters

pandas_categorical:[]
