tree
version=v4
num_class=1
num_tree_per_iteration=1
label_index=0
max_feature_idx=44
objective=binary sigmoid:1
feature_names=age_group gender month season day_of_year_sin day_of_year_cos weather_code_current temperature_mean_current temperature_max_current temperature_min_current humidity_mean_current humidity_max_current humidity_min_current wind_speed_mean_current wind_speed_max_current precipitation_sum_current rain_sum_current wind_gust_max_current rain_day_current temperature_mean_3d temperature_max_3d temperature_min_3d humidity_mean_3d humidity_max_3d humidity_min_3d wind_speed_mean_3d wind_speed_max_3d precipitation_sum_3d rain_sum_3d rain_days_3d rain_max_daily_3d wind_gust_max_3d temperature_mean_7d temperature_max_7d temperature_min_7d humidity_mean_7d humidity_max_7d humidity_min_7d wind_speed_mean_7d wind_speed_max_7d precipitation_sum_7d rain_sum_7d rain_days_7d rain_max_daily_7d wind_gust_max_7d
feature_infos=-1:0:1:2:3:4:5 -1:0:1 [1:12] -1:1:0 [-0.99999942202469239:0.99998555065071859] [-0.99997919295908244:0.9999907524084426] [0:61] [23.658332999999999:32.533332999999999] [25.899999999999999:39.200000000000003] [17.899999999999999:29.300000000000001] [48.958333000000003:91.625] [63:100] [23:86] [2.8541669999999999:19.695833] [6.4000000000000004:30.100000000000001] [0:63.100000000000001] [0:63.100000000000001] [14:56.899999999999999] [0:1] [23.766667000000002:32.427778000000004] [27.699999999999999:39.200000000000003] [17.899999999999999:28.100000000000001] [52.569443999999997:90.694444000000004] [73:100] [23:79] [4.125:17.329167000000002] [9.6999999999999993:30.100000000000001] [0:93.900000000000006] [0:93.900000000000006] [0:3] [0:63.100000000000001] [17.300000000000001:56.899999999999999] [24.365476000000001:32.235118999999997] [28.699999999999999:39.200000000000003] [17.899999999999999:27.5] [55.767856999999999:89.523809999999997] [77:100] [23:72] [4.5327380000000002:15.469643] [11.6:30.100000000000001] [0:163.90000000000001] [0:163.90000000000001] [0:7] [0:63.100000000000001] [23:56.899999999999999]
tree_sizes=1662 1590 1380 1411 1412 1407 1748 1395 1508 1506 1722 1734 1518 1731 1411 1727 1385 1094 1106 1727 1104 1376 1102 1110 1108 1110 1725 1110 986 1104 1015 1105 1107 893 1002 1512 1115 1124 913 1736 1108 1005 906 1104 1005 1109 1089 1429 1084 806 813 1112

Tree=0
num_leaves=15
num_cat=4
split_feature=0 5 26 26 0 33 5 5 42 5 19 4 1 0
split_gain=481.469 235.336 95.8481 101.683 63.202 88.9797 159.672 65.3725 59.0209 31.5616 37.63 11.5407 6.24221 17.5587
threshold=0 0.16587474750015926 17.750000000000004 23.350000000000005 1 37.100000000000009 0.14888728888808322 0.011826144619637501 6.5000000000000009 0.90070004940655357 26.572916500000002 -0.69057362043749781 2 3
decision_type=1 2 2 2 1 2 2 2 2 2 2 2 1 1
left_child=1 2 8 -4 5 7 -7 -2 -1 11 -11 -3 13 -6
right_child=4 9 3 -5 12 6 -8 -9 -10 10 -12 -13 -14 -15
leaf_value=-2.8642947768738232 -3.0206795627952672 -3.036102010256267 -2.8756270248891185 -3.0219037067720445 -3.0567515372885681 -3.0357342560616871 -2.5133150705193166 -3.1026370210898899 -3.0264020207505653 -3.0771092406542855 -2.9567779281019484 -3.0842038123391107 -3.1034073573543979 -3.0985451400596244
leaf_weight=5.6916241943836203 49.586119875311852 16.773044027388096 56.873123578727245 15.522611439228056 50.189776986837387 4.9154936224222174 1.1210774928331373 45.921058841049671 37.814806200563908 10.34840762615204 15.005191057920454 42.600944727659225 150.48309423029423 99.603423401713371
leaf_count=132 1150 389 1319 360 1164 114 26 1065 877 240 348 988 3490 2310
internal_value=-3.05155 -2.99022 -2.9412 -2.90616 -3.08298 -3.04799 -2.87603 -3.06021 -3.00147 -3.05065 -3.00501 -3.07059 -3.09451 -3.08815
internal_weight=602.45 200.63 115.902 72.3957 401.82 101.544 6.03657 95.5072 43.5064 84.7276 25.3536 59.374 300.276 149.793
internal_count=13972 4653 2688 1679 9319 2355 140 2215 1009 1965 588 1377 6964 3474
cat_boundaries=0 1 2 3 4
cat_threshold=5 8 1 2
is_linear=0
shrinkage=1


Tree=1
num_leaves=14
num_cat=5
split_feature=0 5 42 4 4 0 39 5 1 5 20 1 0
split_gain=427.421 188.422 154.07 98.8533 76.2917 54.7279 86.2002 54.1614 42.3397 67.4931 17.8489 8.59918 26.8916
threshold=0 -0.35846086284744716 6.5000000000000009 -0.67803021058859214 -0.082689790342551792 1 29.150000000000002 0.011826144619637501 2 0.097680735332368721 31.850000000000005 3 4
decision_type=1 2 2 2 2 1 2 2 1 2 2 1 1
left_child=1 2 4 -4 -1 6 7 -2 9 -3 -10 12 -7
right_child=5 8 3 -5 -6 11 -8 -9 10 -11 -12 -13 -14
leaf_value=0.04056116100757888 0.027893799426108114 0.13199743259868837 0.207589834442202 0.05689956998331111 0.32793034998004905 0.00080301445565343513 0.29603565460475623 -0.045557106194578055 -0.047864109772661055 0.013919498809496165 0.0080491036276144259 -0.051880368275836877 -0.046922285073569332
leaf_weight=3.3127688542008409 55.672159094363451 15.803636338561772 12.459337845444677 65.219065301120281 10.037993054836985 49.687996566295624 1.4407812580466259 44.060474395751953 21.401939231902361 44.280319545418024 38.700314965099096 142.36009740829468 96.775018226355314
leaf_count=65 1257 333 262 1383 198 1158 23 1066 485 1021 869 3462 2343
internal_value=0.000426337 0.0560362 0.112535 0.083401 0.26442 -0.0304126 0.00223346 -0.0046859 0.0172926 0.0466295 -0.0123186 -0.0415108 -0.0339632
internal_weight=601.212 211.215 91.0292 77.6784 13.3508 389.997 101.173 99.7326 120.186 60.084 60.1023 288.823 146.463
internal_count=13925 4616 1908 1645 263 9309 2346 2323 2708 1354 1354 6963 3501
cat_boundaries=0 1 2 3 4 5
cat_threshold=5 8 1 1 2
is_linear=0
shrinkage=0.05


Tree=2
num_leaves=12
num_cat=4
split_feature=0 5 20 39 38 5 1 34 1 0 5
split_gain=379.071 170.51 85.4442 64.2466 49.7866 35.3463 27.0773 12.3769 7.42409 20.3329 35.9132
threshold=0 0.38043945030393422 36.750000000000007 24.150000000000002 13.1619045 0.90070004940655357 1 23.550000000000004 2 3 -0.87810534180523914
decision_type=1 2 2 2 2 2 1 2 1 1 2
left_child=1 2 3 -1 -4 7 -7 -3 9 10 -2
right_child=8 5 4 -5 -6 6 -8 -9 -10 -11 -12
leaf_value=0.0651320199905807 0.080933051639031847 -0.046890878405874484 0.18837615793157492 -0.0053122250624896665 -0.0096297781774218067 0.062215636597575445 -0.01979874418374343 0.010196427281184283 -0.051758122267524811 -0.046582309663344292 -0.02384811652725273
leaf_weight=161.0187468752265 9.1461839117109758 55.276338174939156 17.627250965684656 40.2673399746418 3.7131889872252932 19.522377520799637 19.026600003242493 11.038339149206875 138.6927636153996 91.993303690105677 41.179297517985106
leaf_count=3290 213 1337 316 860 79 448 443 264 3537 2325 959
internal_value=-8.44855e-05 0.0359276 0.0616963 0.051083 0.155035 -0.0154518 0.0222588 -0.0373782 -0.0418224 -0.0347645 -0.00301237
internal_weight=608.502 327.49 222.627 201.286 21.3404 104.864 38.549 66.3147 281.012 142.319 50.3255
internal_count=14071 7037 4545 4150 395 2492 891 1601 7034 3497 1172
cat_boundaries=0 1 2 3 4
cat_threshold=13 1 1 2
is_linear=0
shrinkage=0.05


Tree=3
num_leaves=12
num_cat=2
split_feature=0 2 39 39 0 39 36 38 20 34 44
split_gain=330.49 62.66 124.507 133.789 52.5075 56.5256 52.3209 41.2372 34.8361 29.1346 14.0116
threshold=0 3.5000000000000004 18.850000000000005 24.150000000000002 1 29.150000000000002 96.500000000000014 7.5636905000000008 31.450000000000003 24.850000000000005 49.150000000000006
decision_type=1 2 2 2 1 2 2 2 2 2 2
left_child=1 6 8 -4 5 9 10 -8 -3 -2 -1
right_child=4 2 3 -5 -6 -7 7 -9 -10 -11 -12
leaf_value=-0.035072033729981203 -0.022660039953201358 -0.045635299847845548 0.12100546239023982 -0.010992895158834113 -0.04897306665855776 0.16987441074042786 0.16694551773518584 0.0093243935288824728 0.0312276850211087 0.030321897700713342 0.10472771709342317
leaf_weight=39.509601071476936 166.03749394416809 21.018781520426273 88.812277510762215 24.214506562799215 175.69903830811381 3.2511336058378211 6.0718486048281219 10.350082717835901 43.654967878013849 29.823424395173788 0.92270991206169028
leaf_count=909 3981 464 1583 497 4667 51 130 227 880 672 19
internal_value=-0.000367371 0.0449891 0.0614449 0.0928781 -0.0292151 -0.0101293 0.001159 0.0738406 0.00593293 -0.0144795 -0.029431
internal_weight=609.366 234.555 177.701 113.027 374.811 199.112 56.8542 16.4219 64.6737 195.861 40.4323
internal_count=14080 4709 3424 2080 9371 4704 1285 357 1344 4653 928
cat_boundaries=0 1 2
cat_threshold=5 10
is_linear=0
shrinkage=0.05


Tree=4
num_leaves=12
num_cat=3
split_feature=0 5 39 39 34 39 32 5 1 0 34
split_gain=303.956 142.262 70.055 91.3831 36.4254 30.3841 34.0843 9.62898 7.31313 18.3731 37.9171
threshold=0 0.38043945030393422 19.150000000000002 23.550000000000004 23.150000000000002 17.150000000000002 26.971428500000005 0.96849880583763492 1 2 22.350000000000005
decision_type=1 2 2 2 2 2 2 2 1 1 2
left_child=1 2 4 -4 -1 6 -3 -7 9 10 -2
right_child=8 5 3 -5 -6 7 -8 -9 -10 -11 -12
leaf_value=0.11081651492027809 0.086959754330507344 -0.024231747132091239 0.093882187853227647 0.0178495010846824 -0.0046892140458167303 -0.043571275621008196 0.079326460697723991 0.0068188266823046477 -0.05154252415106985 -0.045989560266774074 -0.02418999337454842
leaf_weight=6.6558640636503688 8.3547726422548276 16.930511482059959 113.36610620468855 61.232180092483759 62.327029909938574 62.844163857400417 13.418184228241442 10.841422479599713 125.91275027766824 84.785761535167694 41.722293339669704
leaf_count=134 203 417 1940 1253 1224 1557 289 243 3484 2340 982
internal_value=-0.00124565 0.0290211 0.0506956 0.0674708 0.00787967 -0.0189631 0.0226247 -0.0361653 -0.0410873 -0.0340425 -0.00360141
internal_weight=608.391 347.615 243.581 174.598 68.9829 104.034 30.3487 73.6856 260.776 134.863 50.0771
internal_count=14066 7057 4551 3193 1358 2506 706 1800 7009 3525 1185
cat_boundaries=0 1 2 3
cat_threshold=13 1 2
is_linear=0
shrinkage=0.05


Tree=5
num_leaves=12
num_cat=3
split_feature=0 5 39 39 34 39 32 5 1 0 5
split_gain=280.445 113.62 52.6825 61.1464 34.6815 26.8 26.7827 11.9596 7.91926 19.8745 31.227
threshold=0 0.38043945030393422 19.450000000000003 23.550000000000004 23.150000000000002 17.150000000000002 26.971428500000005 0.96849880583763492 1 2 -0.87810534180523914
decision_type=1 2 2 2 2 2 2 2 1 1 2
left_child=1 2 4 -4 -1 6 -3 -7 9 10 -2
right_child=8 5 3 -5 -6 7 -8 -9 -10 -11 -12
leaf_value=0.10757861499601329 0.076380706824214051 -0.020724314805836325 0.082441099998599832 0.020578707827810568 0.00026544153204541624 -0.04217581177233564 0.070567976975575819 0.012982981684680376 -0.051426814581700155 -0.045657693303230606 -0.02173580853114096
leaf_weight=7.4179885424673548 9.1091788783669454 16.544724192470316 114.59289641678333 62.314794823527336 71.33251229301095 59.516063332557678 14.013766840100287 11.249874219298361 120.45097165927291 80.86762560158968 40.007919952273369
leaf_count=135 204 415 1801 1262 1368 1535 282 250 3496 2329 964
internal_value=-0.000821051 0.0273381 0.0458093 0.0608886 0.0115961 -0.0165883 0.0220508 -0.0333483 -0.0403904 -0.0329325 -0.0019827
internal_weight=607.418 356.983 255.658 176.908 78.7505 101.324 30.5585 70.7659 250.436 129.985 49.1171
internal_count=14041 7048 4566 3063 1503 2482 697 1785 6993 3497 1168
cat_boundaries=0 1 2 3
cat_threshold=13 1 2
is_linear=0
shrinkage=0.05


Tree=6
num_leaves=15
num_cat=1
split_feature=5 39 39 24 4 39 34 39 32 1 5 36 4 35
split_gain=87.8906 39.3237 49.826 38.8152 36.0134 22.8246 21.5445 16.3876 11.53 9.19947 7.166 10.0029 2.56977 1.86167
threshold=0.38043945030393422 17.750000000000004 24.150000000000002 29.500000000000004 0.95242846126021108 17.150000000000002 23.250000000000004 16.850000000000005 28.780059500000004 0 0.96849880583763492 98.500000000000014 0.9053161325100999 81.586309500000013
decision_type=2 2 2 2 2 2 2 2 2 1 2 2 2 2
left_child=1 6 4 -4 -3 7 13 9 -8 -2 12 -12 -7 -1
right_child=5 2 3 -5 -6 10 8 -9 -10 -11 11 -13 -14 -15
leaf_value=0.082956073702425012 0.011283754055561986 0.03792254419376892 0.075138480994542192 -0.025728721962349002 -0.013019352706223878 -0.046270703855786473 -0.037586637742280493 0.10234721462739932 0.039783924060121025 -0.029474264445841614 -0.043260628573218836 0.024671475636058138 -0.0062134914437587474 0.026074928554353744
leaf_weight=2.7018167376518241 28.116076737642288 228.32488452643156 9.9093783348798734 75.964147172868252 40.366908777505159 104.90130121260881 56.622274458408356 2.5646349377930155 4.4479246251285067 25.543749075382948 10.406255859881641 9.4205949120223504 4.5098435394465914 4.7277651727199554
leaf_count=57 692 4608 209 1823 852 2928 1359 57 104 674 263 232 127 98
internal_value=0.000402258 0.0129812 0.01968 -0.0133582 0.0302494 -0.0282078 -0.021477 -0.00155508 -0.0314013 -0.0083026 -0.039702 -0.0113483 -0.0446908 0.0541473
internal_weight=608.528 423.065 354.565 85.8735 268.692 185.462 68.4998 56.2245 61.0702 53.6598 129.238 19.8269 109.411 7.42958
internal_count=14083 9110 7492 2032 5460 4973 1618 1423 1463 1366 3550 495 3055 155
cat_boundaries=0 1
cat_threshold=1
is_linear=0
shrinkage=0.05


Tree=7
num_leaves=12
num_cat=4
split_feature=0 5 20 21 5 33 0 1 0 34 34
split_gain=254.435 97.1456 38.7875 30.0007 26.4388 22.5374 19.2349 8.74012 21.6069 32.0929 7.09635
threshold=0 0.3484035575467645 36.750000000000007 23.250000000000004 0.90070004940655357 37.750000000000007 1 2 3 22.350000000000005 23.550000000000004
decision_type=1 2 2 2 2 2 1 1 1 2 2
left_child=1 2 3 -1 10 -4 -6 8 9 -2 -3
right_child=7 4 5 -5 6 -7 -8 -9 -10 -11 -12
leaf_value=0.10226354867499138 0.08091741367094557 -0.044015922246640915 0.14122760440933366 0.03027278887841317 0.032646920532194618 0.046393139157456798 -0.027137175884793231 -0.051307006672814841 -0.045345643180017429 -0.019780957685505356 -0.00061912071799195573
leaf_weight=14.749776583164929 8.7717856727540475 49.610222466289997 13.778056003153326 221.67106074467301 27.997023742645979 13.393595833331345 11.923635631799696 115.00295253656805 77.465410530567169 40.581990413367748 11.609963368624447
leaf_count=254 204 1385 175 3831 590 194 303 3521 2331 974 284
internal_value=-0.000778836 0.0253422 0.0419752 0.0351759 -0.015512 0.0977874 0.0159101 -0.0395342 -0.0316333 -0.00052729 -0.0359283
internal_weight=606.555 364.733 263.592 236.421 101.141 27.1717 39.9207 241.822 126.819 49.3538 61.2202
internal_count=14046 7016 4454 4085 2562 369 893 7030 3509 1178 1669
cat_boundaries=0 1 2 3 4
cat_threshold=13 5 1 2
is_linear=0
shrinkage=0.05


Tree=8
num_leaves=13
num_cat=3
split_feature=0 5 39 39 39 0 0 4 5 5 42 10
split_gain=227.192 61.0025 65.7495 54.0039 46.1132 31.6303 28.3785 54.2515 34.497 19.426 8.93382 3.7891
threshold=0 -0.32613736746952132 17.750000000000004 24.150000000000002 29.150000000000002 1 2 0.96465729447553372 0.95936279103287792 -0.78858226040708135 6.5000000000000009 64.937500000000014
decision_type=1 2 2 2 2 1 1 2 2 2 2 2
left_child=1 2 10 -4 5 9 7 -3 -8 -2 -1 -6
right_child=4 6 3 -5 11 -7 8 -9 -10 -11 -12 -13
leaf_value=0.045147533646126559 0.01079614269155372 0.010310831710983414 0.087827181852930661 -0.0025939237619898073 0.12070025193638455 -0.048036421520433248 -0.029582812585442281 0.11800629432152171 0.073221947237670074 -0.024979904022636612 -0.043584709763731029 0.013269627374114412
leaf_weight=2.5777533054351816 51.059200348332524 52.187187045812607 93.703689474612474 19.932065933942795 4.4031095597892991 145.23555744253099 56.90247406437993 14.157962221652268 8.528248902410267 141.50896876491606 15.484509684145451 1.2846592497080562
leaf_count=41 1120 1158 1227 390 70 4639 1198 227 164 3506 305 26
internal_value=-0.00130292 0.0328928 0.0580741 0.0720828 -0.0277026 -0.0309997 0.00995586 0.030217 -0.0132832 -0.0147264 -0.0292172 0.102048
internal_weight=606.965 263.474 131.698 113.636 343.491 337.804 131.776 66.3451 65.4307 192.568 18.0623 5.68777
internal_count=14071 4710 1963 1617 9361 9265 2747 1385 1362 4626 346 96
cat_boundaries=0 1 2 3
cat_threshold=5 10 4
is_linear=0
shrinkage=0.05


Tree=9
num_leaves=13
num_cat=3
split_feature=0 5 39 37 0 39 1 2 34 32 34 4
split_gain=221.426 51.5654 56.4669 42.9124 42.3601 35.1918 33.8598 41.541 24.1482 18.0859 7.8976 1.79211
threshold=0 -0.35846086284744716 17.750000000000004 67.500000000000014 1 29.150000000000002 2 3.5000000000000004 24.850000000000005 26.765178500000001 23.250000000000004 0.98049069993378934
decision_type=1 2 2 2 1 2 1 2 2 2 2 2
left_child=1 2 10 -4 5 8 7 -3 -2 -8 -1 -7
right_child=4 6 3 -5 -6 11 9 -9 -10 -11 -12 -13
leaf_value=0.066603139900576716 -0.022473078188986608 -0.011282204210342935 0.07716800394898618 -0.01981778116521991 -0.047844726536037857 0.14319529776410911 -0.048551295533766019 0.066814769771238347 0.024628567329563773 0.0055459746801755708 -0.038054527557681385 0.040049111452837162
leaf_weight=1.0996448397636438 158.26042017526925 28.031876303255558 108.00702838227153 12.333975002169607 140.13683207333088 2.5101679600775233 23.348960790783167 41.39662379026413 31.955689918249846 41.792269706726074 16.181513674557209 1.6621687412261961
leaf_count=14 3968 628 1410 196 4673 26 515 738 673 871 328 23
internal_value=-0.000321403 0.0324654 0.0550678 0.0671463 -0.0271739 -0.0105077 0.0115094 0.0355705 -0.0144727 -0.0142853 -0.0281159 0.117791
internal_weight=606.717 272.192 137.622 120.341 334.525 194.388 134.57 69.4285 190.216 65.1412 17.2812 4.17234
internal_count=14063 4700 1948 1606 9363 4690 2752 1366 4641 1386 342 49
cat_boundaries=0 1 2 3
cat_threshold=5 10 1
is_linear=0
shrinkage=0.05


Tree=10
num_leaves=15
num_cat=2
split_feature=0 5 20 33 20 39 38 34 4 4 1 5 24 2
split_gain=215.211 64.2486 34.4072 23.0554 36.5346 23.0201 20.7083 8.19489 36.7927 24.2499 23.7131 7.90732 22.6871 3.04052
threshold=0 0.38043945030393422 36.95000000000001 33.850000000000001 31.650000000000002 15.050000000000002 13.1619045 22.350000000000005 0.9053161325100999 -0.43733984355855576 1 -0.87810534180523914 58.500000000000007 11.500000000000002
decision_type=1 2 2 2 2 2 2 2 2 2 1 2 2 2
left_child=1 2 5 4 -3 -1 -4 8 9 -2 -10 12 -9 -5
right_child=7 3 6 13 -6 -7 -8 11 10 -11 -12 -13 -14 -15
leaf_value=-0.047320081010053791 0.063341464689435717 -0.040540276256343023 0.10005874930997399 -0.048862534819954291 0.036197552101749485 0.030516834560032475 -0.020717793487113959 0.04923011085363066 0.23111127816809529 -0.050080591735002837 -0.027405687665569292 -0.051308076352537681 -0.042929478170866293 0.022066341764999015
leaf_weight=9.0060338862240297 4.6626811921596518 25.350011168047786 25.447322696447376 32.66601057164371 36.726608697324991 251.56968240439892 3.7430358827114096 7.4272102918475857 1.3029703777283421 30.435323402285576 1.1331375073641539 140.78341563791037 32.93648099526763 1.0379408039152611
leaf_count=195 148 703 268 948 827 3983 72 226 37 983 38 4580 1016 20
internal_value=-0.00095662 0.0213834 0.0336427 -0.01346 0.00471449 0.027656 0.0843985 -0.0394393 -0.0192514 -0.0336755 0.137883 -0.0456589 -0.0251912 -0.0461053
internal_weight=604.228 385.547 289.766 95.7806 62.0766 260.576 29.1904 218.681 37.5341 35.098 2.43611 181.147 40.3637 33.704
internal_count=14044 7016 4518 2498 1530 4178 340 7028 1206 1131 75 5822 1242 968
cat_boundaries=0 1 2
cat_threshold=13 1
is_linear=0
shrinkage=0.05


Tree=11
num_leaves=15
num_cat=2
split_feature=0 5 39 39 5 5 43 34 34 4 4 1 5 35
split_gain=190.943 58.4127 26.0563 37.0091 30.9868 21.4483 19.4649 12.2734 10.3399 37.1438 29.7184 20.5 10.648 40.0681
threshold=0 0.38043945030393422 19.450000000000003 24.150000000000002 -0.79382744783423187 0.90070004940655357 0.8500000000000002 23.550000000000004 22.350000000000005 0.9053161325100999 -0.43733984355855576 1 -0.87810534180523914 81.586309500000013
decision_type=1 2 2 2 2 2 2 2 2 2 2 1 2 2
left_child=1 2 4 -4 -1 7 -7 -3 9 10 -2 -11 13 -10
right_child=8 5 3 -5 -6 6 -8 -9 12 11 -12 -13 -14 -15
leaf_value=0.047917920360424263 0.072105841788293865 -0.045062528252456636 0.052855093287991942 0.0052762647715439495 -0.014968162495729768 -0.024932940249741679 0.044377787318168306 0.014264097310700181 0.13637016214775485 0.21071353547453373 -0.049926124597116317 -0.02667591085727368 -0.051204988439297029 -0.035861038924050466
leaf_weight=29.571451496332884 5.062913851812481 43.92226623184979 159.68183425441384 55.134008202701807 53.642025396227837 17.118937056511641 22.18801967613399 10.310078516602514 2.7251851931214324 1.668636728078126 29.200033821165562 1.0726819448173046 133.83062477782369 36.835425343364477
leaf_count=510 149 1343 2059 1017 945 383 481 263 75 38 991 37 4572 1171
internal_value=-0.000275362 0.0202459 0.0315556 0.0407247 0.00768321 -0.0135997 0.014322 -0.0337299 -0.0375635 -0.0148292 -0.0303605 0.135521 -0.0444564 -0.020927
internal_weight=601.964 391.569 298.029 214.816 83.2135 93.5393 39.307 54.2323 210.396 37.0043 34.2629 2.74132 173.391 39.5606
internal_count=14034 7001 4531 3076 1455 2470 864 1606 7033 1215 1140 75 5818 1246
cat_boundaries=0 1 2
cat_threshold=13 1
is_linear=0
shrinkage=0.05


Tree=12
num_leaves=13
num_cat=2
split_feature=0 0 24 4 39 39 39 5 5 4 27 9
split_gain=169.062 38.9695 41.1396 32.5903 26.6001 33.5776 25.3149 19.1384 13.321 13.7813 11.3545 0.189725
threshold=0 1 29.500000000000004 0.9053161325100999 24.150000000000002 23.850000000000005 23.350000000000005 -0.76696334127844745 -0.95242240592625282 0.9550229469509578 46.050000000000004 24.850000000000005
decision_type=1 1 2 2 2 2 2 2 2 2 2 2
left_child=4 2 3 -2 5 6 -1 -4 10 -10 -6 -7
right_child=1 -3 7 -5 8 11 -8 -9 9 -11 -12 -13
leaf_value=0.034266932466318234 -0.040057134151707766 -0.047194803249352088 0.0083771169635664579 0.13304825607652324 -0.0038298277961332661 0.18690627524780404 -0.041043799902439219 -0.027144961980309364 -0.039824871759718904 0.02618787943440818 0.11731014261402826 0.076873113519168979
leaf_weight=229.07052008621395 3.4442903660237771 123.09421128034592 53.845157075673342 7.4640488978475332 4.130979359149932 2.3252076022326937 10.909931218251584 124.11717400886118 26.051979435607791 10.365979701280592 2.5397528260946274 2.4616634361445904
leaf_count=3602 112 4643 1172 121 74 28 180 3254 536 186 47 34
internal_value=-0.000697054 -0.025753 -0.00995021 0.0796166 0.0264291 0.033701 0.0306871 -0.0164105 -0.00871182 -0.0208373 0.0515724 0.153384
internal_weight=599.821 311.965 188.871 10.9083 287.856 244.767 239.98 177.962 43.0887 36.418 6.67073 4.78687
internal_count=13989 9302 4659 233 4687 3844 3782 4426 843 722 121 62
cat_boundaries=0 1 2
cat_threshold=5 10
is_linear=0
shrinkage=0.05


Tree=13
num_leaves=15
num_cat=3
split_feature=0 5 20 34 39 39 0 34 5 37 1 5 37 5
split_gain=164.614 56.6617 28.5451 30.383 24.4685 18.9076 16.3228 10.7039 23.0431 24.6385 17.2868 10.9265 28.6464 7.37705
threshold=0 0.38043945030393422 36.45000000000001 23.250000000000004 17.150000000000002 16.250000000000004 1 22.350000000000005 0.42763731121559989 55.500000000000007 2 -0.87810534180523914 54.500000000000007 0.96849880583763492
decision_type=1 2 2 2 2 2 1 2 2 2 1 2 2 2
left_child=1 2 3 -1 5 -3 -4 8 10 -10 -2 12 -9 -6
right_child=7 4 6 -5 13 -7 -8 11 9 -11 -12 -13 -14 -15
leaf_value=0.068551045850730824 0.14058119254212928 0.00067609534379290358 0.078485895620816259 0.016632317484454037 -0.041228080115657727 0.094356012587306803 -0.0055781278615051029 0.096892717544143331 -0.049538010941857065 0.062391186897680397 -0.032978172855957881 -0.051048534766111264 -0.034671278408303023 0.0024944107847446346
leaf_weight=31.143423769623041 2.8891715742647639 26.239777630195022 26.025266282260418 240.7491986118257 51.150646131485701 5.7821703627705565 13.722294453531502 3.7145413625985375 25.334781659767035 5.1456974260509005 1.7690932452678678 122.80003963410854 34.314516890794039 11.702216638252137
leaf_count=466 59 601 289 3651 1564 101 147 109 939 162 59 4553 1141 245
internal_value=-3.44258e-05 0.0180409 0.0287627 0.0228087 -0.0152285 0.0199369 0.0679318 -0.0364942 -0.0128867 -0.0292605 0.0804884 -0.0437956 -0.0196673 -0.0331761
internal_weight=602.483 406.515 311.64 271.893 94.8748 32.0219 39.7476 195.968 35.1387 30.4805 4.65826 160.829 38.0291 62.8529
internal_count=14086 7064 4553 4117 2511 702 436 7022 1219 1101 118 5803 1250 1809
cat_boundaries=0 1 2 3
cat_threshold=13 12 1
is_linear=0
shrinkage=0.05


Tree=14
num_leaves=12
num_cat=3
split_feature=0 5 39 39 34 36 20 1 0 43 13
split_gain=153.39 43.6985 24.8347 32.9286 21.239 21.0104 32.3261 10.4198 23.2008 29.55 8.01341
threshold=0 0.38043945030393422 19.450000000000003 23.550000000000004 23.150000000000002 96.500000000000014 31.750000000000004 1 2 15.350000000000001 5.0979165000000011
decision_type=1 2 2 2 2 2 2 1 1 2 2
left_child=1 2 4 -4 -1 10 -7 8 9 -2 -3
right_child=7 5 3 -5 -6 6 -8 -9 -10 -11 -12
leaf_value=0.068658025222866223 0.04082969246393995 0.069295410847285993 0.047533296510386576 0.0069838530771746876 -0.0055576390511212631 -0.038183209172398862 0.035192832305387549 -0.050758256267962258 -0.043197985569386803 -0.041344891477502477 -0.048706549385354764
leaf_weight=9.9799076393246633 24.831344503909349 0.6549677699804296 158.04809480533004 73.632748950272799 78.152410622686148 24.586911281570792 35.338296974077821 87.47950304299593 58.320928186178207 17.99396993406117 31.986448733136058
leaf_count=133 670 10 1819 1269 1341 714 760 3502 2333 506 995
internal_value=-1.83754e-05 0.0170182 0.0261687 0.0347313 0.00352238 -0.0127195 0.00495455 -0.0361487 -0.0266788 0.00500475 -0.0443493
internal_weight=601.006 412.38 319.813 231.681 88.1323 92.5666 59.9252 188.626 101.146 42.8253 32.6414
internal_count=14052 7041 4562 3088 1474 2479 1474 7011 3509 1176 1005
cat_boundaries=0 1 2 3
cat_threshold=13 1 2
is_linear=0
shrinkage=0.05


Tree=15
num_leaves=15
num_cat=3
split_feature=0 5 0 37 43 39 7 34 4 4 1 36 5 35
split_gain=148.048 34.5104 26.1362 89.2754 24.9631 22.496 14.8695 11.4738 27.3982 28.0492 12.5576 9.915 9.20977 34.3626
threshold=0 0.38043945030393422 1 59.500000000000007 27.750000000000004 17.150000000000002 26.835416500000004 22.350000000000005 0.9053161325100999 -0.43733984355855576 2 96.500000000000014 -0.88620506325989179 80.443452500000021
decision_type=1 2 1 2 2 2 2 2 2 2 1 2 2 2
left_child=1 2 3 -1 -4 6 -3 8 9 -2 -10 -7 13 -9
right_child=7 5 4 -5 -6 11 -8 12 10 -11 -12 -13 -14 -15
leaf_value=0.085422483644591596 0.069548235435943226 -0.018718729227134218 0.0021894709773657458 -0.00037637481541903341 0.043133039153632251 -0.048376792429373171 0.049339671237176155 0.12552511031935931 0.15223469285539981 -0.049464590719443563 -0.026040181370319188 -0.0073643772525963441 -0.050905973502631922 -0.036294884791314749
leaf_weight=64.051494311541319 5.1830569207668331 12.504483152180912 157.79215651378036 56.767475239932537 47.771102368831635 29.698334202170372 19.465908266603947 2.6650677099823943 2.4162904992699614 25.210785442963243 1.0264294743537905 29.156336754560471 114.93702710047364 31.770448014140129
leaf_count=760 144 333 2329 766 722 976 357 65 41 995 39 799 4637 1131
internal_value=9.73526e-06 0.0164319 0.0243948 0.0419903 0.0113192 -0.0103477 0.0229598 -0.0362002 -0.0114585 -0.0276005 0.105185 -0.0285219 -0.0440987 -0.0205822
internal_weight=600.416 417.207 326.382 120.819 205.563 90.8251 31.9704 183.209 33.8366 30.3938 3.44272 58.8547 149.373 34.4355
internal_count=14094 7042 4577 1526 3051 2465 690 7052 1219 1139 80 1775 5833 1196
cat_boundaries=0 1 2 3
cat_threshold=13 4 1
is_linear=0
shrinkage=0.05


Tree=16
num_leaves=12
num_cat=4
split_feature=0 5 35 38 39 0 1 0 43 36 4
split_gain=134.145 41.2345 22.7352 20.2147 18.496 12.1227 10.4011 22.4006 31.0999 7.41079 2.2543
threshold=0 0.38043945030393422 88.276786000000016 13.1619045 17.150000000000002 1 2 3 15.350000000000001 96.500000000000014 -0.99763297024448894
decision_type=1 2 2 2 2 1 1 1 2 2 2
left_child=1 2 3 -1 5 -3 7 8 -2 -6 -4
right_child=6 4 10 -5 9 -7 -8 -9 -10 -11 -12
leaf_value=0.028943166411900114 0.042406486768571457 0.027932983789205876 0.0020418743297260481 -0.034300195010325406 -0.048241641579703252 -0.023275537365141652 -0.050604434644407184 -0.042615854824108332 -0.043435156875784683 -0.012322629166382756 -0.048871646529085433
leaf_weight=307.49649783968925 24.374755874276161 24.502682272344828 2.5947627797722808 12.363624230027197 29.158849908038974 8.8626780342310649 80.847580753266811 54.245454251766205 17.079748589545488 29.171602755784988 10.31151247024536
leaf_count=4130 654 470 33 222 1001 236 3531 2346 519 810 179
internal_value=-6.4617e-06 0.0152199 0.0237442 0.0263993 -0.0139955 0.0154045 -0.0353595 -0.025747 0.00554304 -0.0307887 -0.0392249
internal_weight=601.01 424.462 332.766 319.86 91.6958 33.3654 176.548 95.7 41.4545 58.3305 12.9063
internal_count=14131 7081 4564 4352 2517 706 7050 3519 1173 1811 212
cat_boundaries=0 1 2 3 4
cat_threshold=13 5 1 2
is_linear=0
shrinkage=0.05


Tree=17
num_leaves=9
num_cat=3
split_feature=0 0 12 5 39 1 4 5
split_gain=114.134 35.2873 31.3143 26.2318 33.5199 32.7909 16.2515 15.3671
threshold=0 1 30.500000000000004 -0.35846086284744716 17.750000000000004 2 0.9053161325100999 -0.77788789561442695
decision_type=1 1 2 2 2 1 2 2
left_child=-1 3 6 4 -2 -5 -3 -4
right_child=1 2 7 5 -6 -7 -8 -9
leaf_value=-0.046139988585940678 -0.027796363899868531 -0.034429112475650718 0.0097428639436495657 0.026885633061936753 0.042143557316838332 -0.020490853717013261 0.11080921794904959 -0.022183631499572691
leaf_weight=101.12495991028845 18.705564752221107 2.0127200577408058 53.271084869280457 77.435225546360016 145.33694448322058 67.386478943750262 7.0186641179025173 124.03665840998292
leaf_count=4695 335 74 1147 1383 1574 1368 99 3377
internal_value=-0.000513519 0.00961413 -0.00739942 0.01978 0.0340483 0.0048517 0.0782361 -0.0125907
internal_weight=596.328 495.203 186.339 308.864 164.043 144.822 9.03138 177.308
internal_count=14052 9357 4697 4660 1909 2751 173 4524
cat_boundaries=0 1 2 3
cat_threshold=48 5 1
is_linear=0
shrinkage=0.05


Tree=18
num_leaves=9
num_cat=2
split_feature=0 0 24 39 39 5 4 5
split_gain=104.082 28.8889 30.7576 20.6428 21.3101 19.1246 18.9001 8.78679
threshold=0 1 29.500000000000004 24.150000000000002 19.850000000000005 -0.022575793296316444 0.9053161325100999 -0.95242240592625282
decision_type=1 1 2 2 2 2 2 2
left_child=-1 3 6 4 -2 -4 -3 -5
right_child=1 2 5 7 -6 -7 -8 -9
leaf_value=-0.045890079518764455 0.0070669718167256776 -0.03783591054072305 -0.00042146183006548914 0.031777008936650995 0.035324193644914757 -0.034898324012080685 0.098669352816738262 -0.023904377117467901
leaf_weight=96.810726072639227 119.94193532504141 2.7788348477333775 106.56527456082404 7.8182711526751509 151.12086406908929 63.634946282953024 9.1811821255832893 36.620005317032337
leaf_count=4703 2047 107 2371 123 1817 2037 123 706
internal_value=-0.00130595 0.00819757 -0.0074518 0.0171797 0.0228927 -0.0134403 0.066481 -0.0136243
internal_weight=594.472 497.661 182.16 315.501 271.063 170.2 11.96 44.4383
internal_count=14034 9331 4638 4693 3864 4408 230 829
cat_boundaries=0 1 2
cat_threshold=48 5
is_linear=0
shrinkage=0.05


Tree=19
num_leaves=15
num_cat=0
split_feature=5 34 39 39 39 5 7 32 5 36 10 32 4 9
split_gain=29.729 29.9597 25.5447 20.1299 27.6036 13.5346 10.6008 14.9481 9.46978 10.3208 7.24704 5.95962 5.1 1.83906
threshold=0.39629089145655316 22.850000000000005 17.150000000000002 18.850000000000005 23.550000000000004 -0.82413948779581736 26.464583500000003 27.782440500000003 0.96849880583763492 98.500000000000014 58.770833500000002 26.779762000000002 0.29342972903661901 22.250000000000004
decision_type=2 2 2 2 2 2 2 2 2 2 2 2 2 2
left_child=1 10 6 5 -5 -3 12 -8 13 -10 -1 -12 -2 -4
right_child=2 3 8 4 -6 -7 7 -9 9 -11 11 -13 -14 -15
leaf_value=-0.030341562539473749 -0.039928549579727378 0.0090014062515173382 -0.024900556475212374 0.017354978900647643 -0.01380656285449736 -0.030767982753541614 0.037938168011717815 -0.036127739546737002 -0.040944206275654677 0.03234296802529147 0.035582750433889809 0.096838092571755199 0.048524099981965843 -0.04813698731954185
leaf_weight=1.3922715689986969 11.770450739189981 31.219424186274409 14.028955057263373 236.37024211511016 100.57149944454432 64.468123035505414 28.811731515452266 7.966604456305503 8.2255909293890017 9.0297879539430124 9.0649677067995089 9.9570749215781671 1.0095918495208014 60.526374461129308
leaf_count=43 395 724 533 3993 2373 1637 779 192 262 240 165 186 32 2454
internal_value=-0.00110021 0.00515263 -0.021034 0.00228974 0.00804045 -0.0178338 0.00780617 0.021363 -0.036518 -0.00292195 0.0628839 0.070882 -0.0299268 -0.0441521
internal_weight=594.413 453.044 141.369 432.629 336.942 95.6875 49.5584 36.7783 91.8107 17.2554 20.4143 19.022 12.78 74.5553
internal_count=14008 9121 4887 8727 6366 2361 1398 971 3489 502 394 351 427 2987
is_linear=0
shrinkage=0.05


Tree=20
num_leaves=9
num_cat=2
split_feature=0 5 34 39 39 5 1 19
split_gain=101.378 33.8979 25.3681 26.7582 22.5786 13.3092 11.791 4.90411
threshold=0 0.38043945030393422 22.950000000000003 17.750000000000004 15.850000000000003 0.97263757644091864 1 28.710416500000004
decision_type=1 2 2 2 2 2 1 2
left_child=-1 2 7 -4 6 -6 -3 -2
right_child=1 4 3 -5 5 -7 -8 -9
leaf_value=-0.045568216696769581 0.080946624117296584 0.054905086034433573 -0.022103714243715464 0.018156273594706222 -0.039605042519223227 0.0044889415280357304 -0.011819503745732825 -0.010123493758984895
leaf_weight=91.263058170676231 15.949108907952906 13.865201447159052 46.307013127952814 329.13776631467044 61.58054250665009 23.294061051681638 11.403107956051826 1.3913816735148419
leaf_count=4653 221 305 1023 4801 2206 495 318 28
internal_value=-0.000106931 0.00894347 0.0159889 0.0131451 -0.0152945 -0.027592 0.0254899 0.0734857
internal_weight=594.191 502.928 392.785 375.445 110.143 84.8746 25.2683 17.3405
internal_count=14050 9397 6073 5824 3324 2701 623 249
cat_boundaries=0 1 2
cat_threshold=48 1
is_linear=0
shrinkage=0.05


Tree=21
num_leaves=12
num_cat=5
split_feature=0 8 36 33 0 0 42 1 0 34 32
split_gain=102.061 22.3803 25.7541 20.5097 20.2017 15.849 14.1857 12.6796 23.3229 29.2107 4.68804
threshold=0 36.150000000000013 95.500000000000014 36.750000000000007 1 2 5.5000000000000009 3 4 22.350000000000005 29.248512000000002
decision_type=1 2 2 2 1 1 2 1 1 2 2
left_child=1 2 3 -1 -4 10 -7 8 9 -2 -3
right_child=7 5 4 -5 -6 6 -8 -9 -10 -11 -12
leaf_value=-0.036707801979939628 0.086600039852453917 0.0009801623326161238 0.021743923781782658 0.028816849338489259 -0.0060482188916895626 -0.051834169086311978 0.052081928531478472 -0.05036652799534333 -0.041075368275630353 -0.011977083787961083 0.084462374718587807
leaf_weight=45.28309809602797 8.6787645444273931 1.8185113277286316 254.81059692241251 15.262276576831935 86.397237922996283 9.0500292442738992 3.946130894124507 69.7660266533494 45.24430668912828 32.825335770845413 26.016110364347696
leaf_count=1142 200 47 3583 181 1775 112 27 3512 2333 987 240
internal_value=0.00090018 0.0131875 0.00983322 -0.0199905 0.0151682 0.0483203 -0.0109739 -0.0324834 -0.021393 0.00824798 0.0588291
internal_weight=599.098 442.584 401.753 60.5454 341.208 40.8308 12.9962 156.514 86.7484 41.5041 27.8346
internal_count=14139 7107 6681 1323 5358 426 139 7032 3520 1187 287
cat_boundaries=0 1 2 3 4 5
cat_threshold=13 5 12 1 2
is_linear=0
shrinkage=0.05


Tree=22
num_leaves=9
num_cat=2
split_feature=0 0 37 5 36 33 39 39
split_gain=89.5511 33.4591 53.3771 31.6695 35.7281 25.2482 17.1068 16.2056
threshold=0 1 59.500000000000007 -0.8611288361322974 98.500000000000014 37.95000000000001 27.450000000000006 20.000000000000004
decision_type=1 1 2 2 2 2 2 2
left_child=-1 2 5 4 -3 -2 -5 -4
right_child=1 3 7 6 -6 -7 -8 -9
leaf_value=-0.045068941110200732 0.041843686014597301 -0.0072526845403822898 -0.039823410859676389 -0.01270120796659052 0.058956295054695962 0.13668342824965624 0.0518853277958689 0.010374268909244973
leaf_weight=84.088687938638031 93.997500529512763 40.636260591447353 23.788849433884025 249.2714660204947 39.478861127048731 6.8941529132425776 9.7167659904807788 44.925923623144627
leaf_count=4684 1374 706 406 5548 623 58 120 527
internal_value=-0.000472261 0.00770645 0.0251559 -0.00153725 0.0256982 0.0496022 -0.0100878 -0.00732597
internal_weight=592.798 508.71 169.606 339.103 80.1151 100.892 258.988 68.7148
internal_count=14046 9362 2365 6997 1329 1432 5668 933
cat_boundaries=0 1 2
cat_threshold=48 4
is_linear=0
shrinkage=0.05


Tree=23
num_leaves=9
num_cat=2
split_feature=0 0 37 5 38 5 5 2
split_gain=85.9242 29.5415 49.2446 28.6803 43.97 24.5509 17.3863 14.5882
threshold=0 1 58.500000000000007 -0.87810534180523914 6.9169645000000015 0.36447543099728857 -0.90161545992537195 2.5000000000000004
decision_type=1 1 2 2 2 2 2 2
left_child=-1 2 5 4 -3 -2 -4 -5
right_child=1 3 6 7 -6 -7 -8 -9
leaf_value=-0.044814317141802944 0.063678243798472298 0.080671701665024423 -0.041121015663245122 -0.038270702876398881 0.00012566730263358905 0.0080012692907017059 0.010651342560106114 -0.0042601050030479943
leaf_weight=80.639436337165534 70.79938904941082 23.677394438534975 22.672689907252789 35.731312109157443 54.075438739731908 27.77539436891675 50.604355232790112 225.18193499743938
leaf_count=4682 693 345 263 1254 908 668 727 4509
internal_value=-0.000168625 0.00768316 0.0239457 -0.00106274 0.0253666 0.0482281 -0.00570552 -0.00904609
internal_weight=591.157 510.518 171.852 338.666 77.7528 98.5748 73.277 260.913
internal_count=14049 9367 2351 7016 1253 1361 990 5763
cat_boundaries=0 1 2
cat_threshold=48 4
is_linear=0
shrinkage=0.05


Tree=24
num_leaves=9
num_cat=2
split_feature=0 0 24 5 39 39 4 5
split_gain=78.7891 19.4837 29.5718 18.6939 17.4453 18.8192 15.4897 12.5381
threshold=0 1 29.500000000000004 0.011826144619637501 24.150000000000002 19.850000000000005 0.9053161325100999 -0.95242240592625282
decision_type=1 1 2 2 2 2 2 2
left_child=-1 4 6 -4 5 -2 -3 -6
right_child=1 2 3 -5 7 -7 -8 -9
leaf_value=-0.044550207232889119 0.0037289268857873051 -0.037332675322402233 -0.00067962851983712738 -0.035626996390252311 0.038560165732398344 0.029581743668180002 0.084603480442060217 -0.026453879149726574
leaf_weight=77.34249304048717 123.41846002079546 2.6778610199689856 110.71891264431179 57.508075829595327 8.2276278957724553 163.84939112327993 11.363728374242781 38.034269111230969
leaf_count=4690 2031 120 2457 2002 122 1829 132 725
internal_value=-0.00088139 0.00647687 -0.0064764 -0.0127663 0.0135364 0.0185261 0.0604132 -0.01432
internal_weight=593.141 515.798 182.269 168.227 333.53 287.268 14.0416 46.2619
internal_count=14108 9418 4711 4459 4707 3860 252 847
cat_boundaries=0 1 2
cat_threshold=48 5
is_linear=0
shrinkage=0.05


Tree=25
num_leaves=9
num_cat=2
split_feature=0 0 24 4 5 32 5 33
split_gain=73.5465 21.7885 25.1082 17.307 16.4857 16.116 24.6105 24.5701
threshold=0 1 30.500000000000004 0.9053161325100999 0.011826144619637501 27.689583000000002 0.23328369003117272 32.350000000000001
decision_type=1 1 2 2 2 2 2 2
left_child=-1 5 3 -3 -4 7 -7 -2
right_child=1 2 4 -5 -6 6 -8 -9
leaf_value=-0.044255656080845598 0.0079215319488544159 -0.040279669410329802 -0.0034824324377578878 0.073380273424859865 -0.037509947491162647 0.0095241624511618744 -0.048102854637144137 0.043094664016336742
leaf_weight=73.89244943484664 121.77663307450712 3.6699311714619425 109.94186383113265 13.247688474133609 51.804639557376504 111.40382903441787 21.183575538918376 83.502889333292842
leaf_count=4688 1812 167 2429 169 1887 1144 561 1191
internal_value=-0.00109729 0.00589162 -0.0079596 0.0478521 -0.0145444 0.0132362 2.58933e-05 0.0223687
internal_weight=590.423 516.531 178.664 16.9176 161.747 337.867 132.587 205.28
internal_count=14048 9360 4652 336 4316 4708 1705 3003
cat_boundaries=0 1 2
cat_threshold=48 5
is_linear=0
shrinkage=0.05


Tree=26
num_leaves=15
num_cat=3
split_feature=0 5 5 1 35 32 34 34 1 34 5 37 39 32
split_gain=74.7163 18.1505 17.6247 17.6875 15.3885 17.1188 12.6956 29.8688 22.9978 11.752 9.96327 31.2815 4.33769 2.20731
threshold=0 0.36447543099728857 0.86004965528756494 1 88.276786000000016 26.350297500000003 21.550000000000004 21.050000000000004 2 23.550000000000004 -0.88620506325989179 55.500000000000007 12.750000000000002 26.086309500000002
decision_type=1 2 2 1 2 2 2 2 1 2 2 2 2 2
left_child=1 4 9 -4 5 -1 7 -2 -9 -3 11 -8 -12 -6
right_child=6 2 3 -5 13 -7 10 8 -10 -11 12 -13 -14 -15
leaf_value=0.063468008609374654 -0.046929350722250997 -0.048555959666876376 0.037355567737705625 -0.023266805886063602 0.015483595953626184 0.013365441641343784 0.081862074492298834 0.12949853764934438 -0.037036783829196389 0.012769552456922429 0.041003654289097073 -0.040645955557886027 -0.049448662276570882 -0.045506238344908669
leaf_weight=17.073269624263048 11.14519755728543 32.116151681169868 25.476230559870601 21.143581442534924 1.198232315480708 334.7646961081773 5.7305783312767771 5.0078555215150109 2.6069922922179103 9.7540697176009399 0.63737920299172302 22.313035570085049 89.299993727356195 11.145681656897066
leaf_count=205 612 1188 534 528 16 4100 193 124 123 273 29 1016 4937 188
internal_value=-0.00101795 0.00888389 -0.0111391 0.00995015 0.0140096 0.0159697 -0.0319493 0.00376775 0.0748031 -0.034305 -0.0402978 -0.0136554 -0.0483638 -0.0388692
internal_weight=589.413 452.672 88.49 46.6198 364.182 351.838 136.741 18.76 7.61485 41.8702 117.981 28.0436 89.9374 12.3439
internal_count=14066 7032 2523 1062 4509 4305 7034 859 247 1461 6175 1209 4966 204
cat_boundaries=0 1 2 3
cat_threshold=13 1 1
is_linear=0
shrinkage=0.05


Tree=27
num_leaves=9
num_cat=2
split_feature=0 0 37 5 36 33 33 39
split_gain=69.2639 19.9332 43.1613 23.3279 28.7914 22.7575 15.1039 14.7501
threshold=0 1 58.500000000000007 -0.86974577485258975 98.500000000000014 38.100000000000009 37.750000000000007 20.000000000000004
decision_type=1 1 2 2 2 2 2 2
left_child=-1 2 5 4 -3 -2 -5 -4
right_child=1 3 7 6 -6 -7 -8 -9
leaf_value=-0.043736755185874492 0.034594491623945685 -0.0083731967229953332 -0.037751813182719807 -0.005028224179844748 0.049888803530348358 0.12726252824068371 -0.053225513023981132 0.0082085110064995526
leaf_weight=68.182647394947708 96.260187147185206 40.343116901814938 26.292243117466569 239.8038872750476 43.128140432760119 6.3387579880654803 16.465686103329062 47.696861036121845
leaf_count=4679 1301 685 440 5477 613 41 239 541
internal_value=-0.000137127 0.00641517 0.0195536 -0.000812879 0.021964 0.0414929 -0.00831982 -0.00840926
internal_weight=584.512 516.329 176.588 339.741 83.4713 102.599 256.27 73.9891
internal_count=14016 9337 2323 7014 1298 1342 5716 981
cat_boundaries=0 1 2
cat_threshold=48 4
is_linear=0
shrinkage=0.05


Tree=28
num_leaves=8
num_cat=3
split_feature=0 0 39 1 39 39 43
split_gain=62.3772 18.3696 20.8743 15.5219 14.2485 15.6819 11.7604
threshold=0 1 29.150000000000002 2 24.150000000000002 23.850000000000005 18.850000000000005
decision_type=1 1 2 1 2 2 2
left_child=-1 4 3 -3 5 -2 -6
right_child=1 2 -4 -5 6 -7 -8
leaf_value=-0.043466776906918511 0.013901553253516439 0.0018333008029795808 0.073474934326029431 -0.02834719270699251 -0.028361650822780828 0.08465898768542432 0.026116008482040487
leaf_weight=65.553245368413627 288.27565954998136 93.103959935717285 6.4731976669281712 77.364927028305829 34.665082352235913 7.1015386320650569 12.830778252333401
leaf_count=4683 3737 2316 52 2315 640 63 212
internal_value=-0.00131385 0.00481735 -0.00798018 -0.0119491 0.0114644 0.0158826 -0.0134097
internal_weight=585.368 519.815 176.942 170.469 342.873 295.377 47.4959
internal_count=14018 9335 4683 4631 4652 3800 852
cat_boundaries=0 1 2 3
cat_threshold=48 5 1
is_linear=0
shrinkage=0.05


Tree=29
num_leaves=9
num_cat=2
split_feature=0 33 2 33 32 1 32 5
split_gain=60.695 19.9376 16.0033 19.9851 16.764 14.4981 14.607 11.9422
threshold=0 31.950000000000003 2.5000000000000004 33.850000000000001 27.082143000000006 1 26.340773500000001 -0.3744658827978154
decision_type=1 2 2 2 2 1 2 2
left_child=-1 5 3 -3 -4 6 -2 -7
right_child=1 2 4 -5 -6 7 -8 -9
leaf_value=-0.04321807723755397 0.03740810301032544 0.015520728181360525 0.035594640374995663 -0.049240625672813447 0.00855046422728898 -0.0043481884595723136 -0.012859322732905127 -0.051262741332958453
leaf_weight=63.303002903237939 20.340226193889976 23.077951246872544 71.117392314597964 22.846150152385235 284.42514750547707 23.819646621122956 43.816504972055554 31.135855302214622
leaf_count=4720 410 588 1066 964 4194 401 837 861
internal_value=-0.000919023 0.00502976 0.0104531 -0.0170593 0.0140446 -0.0127656 0.00340698 -0.0313694
internal_weight=583.882 520.579 401.467 45.9241 355.543 119.112 64.1567 54.9555
internal_count=14041 9321 6812 1552 5260 2509 1247 1262
cat_boundaries=0 1 2
cat_threshold=48 1
is_linear=0
shrinkage=0.05


Tree=30
num_leaves=8
num_cat=1
split_feature=0 35 5 34 38 4 7
split_gain=58.1062 14.8223 15.491 21.969 19.9033 1.95041 0.209738
threshold=0 88.276786000000016 0.39629089145655316 22.850000000000005 7.4752975000000008 -0.99763297024448894 26.102083500000003
decision_type=1 2 2 2 2 2 2
left_child=-1 2 3 -2 -4 6 -3
right_child=1 5 4 -5 -6 -7 -8
leaf_value=-0.042875758723732886 0.061006643801094662 0.0079432698944860401 0.0081916124437870011 0.0083825787458154249 -0.036613759010416601 -0.04910434167016043 -0.012805742492022333
leaf_weight=60.290844777598977 19.944807361811399 1.4564641993492835 57.96685969363898 388.89995162840933 41.930334073491395 12.712797333486376 1.4881185218691824
leaf_count=4685 259 21 1540 5573 1595 320 22
internal_value=-0.000486647 0.00517674 0.00678251 0.0110923 -0.0107913 -0.0411654 -0.00313084
internal_weight=584.69 524.399 508.742 408.845 99.8972 15.6574 2.94458
internal_count=14015 9330 8967 5832 3135 363 43
cat_boundaries=0 1
cat_threshold=48
is_linear=0
shrinkage=0.05


Tree=31
num_leaves=9
num_cat=2
split_feature=0 0 37 38 33 32 43 33
split_gain=55.4822 19.9225 34.2053 18.8946 27.0816 17.5246 15.7734 13.9189
threshold=0 1 58.500000000000007 7.0178570000000002 31.950000000000003 31.130655000000001 36.70000000000001 37.750000000000007
decision_type=1 1 2 2 2 2 2 2
left_child=-1 2 5 4 -3 -2 -4 -5
right_child=1 3 6 7 -6 -7 -8 -9
leaf_value=-0.042583023284686217 0.031020575566609337 -0.032741339637215927 -0.011935978514616696 -0.0059986551194893267 0.032633558723417326 0.11325485239139046 0.094277725353635433 -0.052965918775558785
leaf_weight=57.933878335170448 102.51116304472089 19.712222907692194 72.851948628202081 237.6607924522832 67.689740382134914 6.1356832385063163 2.6738244220614424 15.934217933565376
leaf_count=4693 1328 636 955 4890 1238 29 28 238
internal_value=-0.000370752 0.00507089 0.0178508 -0.0021737 0.0176856 0.0366552 -0.00699288 -0.00914621
internal_weight=583.103 525.17 184.173 340.997 87.402 108.647 75.5258 253.595
internal_count=14035 9342 2340 7002 1874 1357 983 5128
cat_boundaries=0 1 2
cat_threshold=48 4
is_linear=0
shrinkage=0.05


Tree=32
num_leaves=9
num_cat=2
split_feature=0 5 42 39 44 1 4 31
split_gain=50.7104 13.8435 22.3948 16.303 15.6532 15.1898 18.5952 14.5594
threshold=0 -0.35846086284744716 6.5000000000000009 18.850000000000005 38.350000000000009 1 0.9193901325473397 25.000000000000004
decision_type=1 2 2 2 2 1 2 2
left_child=-1 2 4 -4 -2 7 -7 -3
right_child=1 5 3 -5 -6 6 -8 -9
leaf_value=-0.042308034925701815 0.016908672772526941 0.057573311909664242 -0.019207190840075467 0.012059861763739422 0.071552991557159523 -0.034447789857358427 0.0078489075784033534 0.0012182382149055844
leaf_weight=55.850330351851881 32.222976634278893 11.626483166590331 54.008285596966743 171.54875714331865 22.120102221146226 67.828845442272723 41.238851958885789 124.67175342328846
leaf_count=4718 345 234 994 2289 186 2109 647 2542
internal_value=-0.00128377 0.00388054 0.0115359 0.00452142 0.0400424 -0.00470611 -0.0185293 0.00640974
internal_weight=581.116 525.266 279.9 225.557 54.3431 245.366 109.068 136.298
internal_count=14064 9346 3814 3283 531 5532 2756 2776
cat_boundaries=0 1 2
cat_threshold=48 1
is_linear=0
shrinkage=0.05


Tree=33
num_leaves=7
num_cat=2
split_feature=0 35 8 36 0 17
split_gain=46.6047 15.7899 13.959 17.89 7.93475 0.863216
threshold=0 88.276786000000016 36.750000000000007 95.500000000000014 1 22.500000000000004
decision_type=1 2 2 2 1 2
left_child=-1 2 3 -2 -4 -3
right_child=1 5 4 -5 -6 -7
leaf_value=-0.041944834169102982 -0.018458957217389702 4.3412677009192885e-05 -0.0093604269505617645 0.0068860727119050835 0.042265360046183628 -0.049488193600276661
leaf_weight=53.211577787995338 83.486418074928224 0.9341911543160667 11.233865449205039 395.10555890202522 23.273840136826038 13.589226176030932
leaf_count=4682 1940 24 155 6740 174 339
internal_value=-0.00173021 0.00313141 0.004685 0.00243557 0.0349355 -0.0465046
internal_weight=580.835 527.623 513.1 478.592 34.5077 14.5234
internal_count=14054 9372 9009 8680 329 363
cat_boundaries=0 1 2
cat_threshold=48 3
is_linear=0
shrinkage=0.05


Tree=34
num_leaves=8
num_cat=2
split_feature=0 0 37 4 33 33 39
split_gain=46.161 14.7224 31.494 18.6419 17.8097 25.6561 11.6097
threshold=0 1 59.500000000000007 -0.37447345805034538 37.750000000000007 37.350000000000009 21.850000000000005
decision_type=1 1 2 2 2 2 2
left_child=-1 2 3 -2 5 -3 -4
right_child=1 4 6 -5 -6 -7 -8
leaf_value=-0.041567515254077696 0.080076393938957657 -0.0024995355177433293 -0.027813809198485306 0.023036811067609131 -0.052827813811272162 0.068181675877637682 0.013292909654692882
leaf_weight=50.702399287372828 16.063198113813996 315.84122582897544 40.568158145993948 101.39243171922863 15.527203248813747 12.381010049954055 28.474435674026608
leaf_count=4662 187 6702 577 1237 238 120 341
internal_value=-0.00061301 0.0040796 0.0149915 0.0314477 -0.00212181 0.000365661 -0.0109129
internal_weight=580.95 530.248 186.498 117.456 343.749 328.222 69.0426
internal_count=14064 9402 2342 1424 7060 6822 918
cat_boundaries=0 1 2
cat_threshold=48 4
is_linear=0
shrinkage=0.05


Tree=35
num_leaves=13
num_cat=3
split_feature=0 1 5 37 34 5 5 1 35 38 34 24
split_gain=42.1261 12.5878 16.5513 44.219 23.5623 12.5624 14.3631 13.9798 11.3985 11.5168 11.3936 3.84219
threshold=0 1 -0.87810534180523914 55.500000000000007 22.350000000000005 0.38043945030393422 0.86004965528756494 2 88.145833500000023 13.234821500000002 23.550000000000004 72.500000000000014
decision_type=1 1 2 2 2 2 2 1 2 2 2 2
left_child=5 2 3 -2 -4 8 10 -8 9 -1 -7 -10
right_child=1 -3 4 -5 -6 6 7 -9 11 -11 -12 -13
leaf_value=0.012398928000511992 0.16508241545054819 -0.049803757310111961 0.025134880054498515 -0.020099315916302995 -0.049815227824177841 -0.049750320644891231 0.029019989407616489 -0.024569875787040937 -0.045303384822210406 -0.037096012179996703 0.013494287795025435 0.016642582111032766
leaf_weight=355.46513879857957 3.3653439348563543 46.672492207027972 13.80265704449266 11.672162562608717 36.782540743239224 28.62621489353478 27.378782265819609 20.345781360752881 11.5061595775187 11.204414006322621 8.8927768766880018 2.5738311931490889
leaf_count=4076 102 3492 610 529 2292 1166 527 527 218 196 260 39
internal_value=-0.00172588 -0.0277254 -0.0156725 0.0290531 -0.0292736 0.00507057 -0.0120743 0.00613836 0.00906342 0.0107897 -0.0347989 -0.0336269
internal_weight=578.288 112.295 65.6227 15.0375 50.5852 465.993 85.2436 47.7246 380.75 366.67 37.519 14.08
internal_count=14034 7025 3533 631 2902 7009 2480 1054 4529 4272 1426 257
cat_boundaries=0 1 2 3
cat_threshold=13 1 1
is_linear=0
shrinkage=0.05


Tree=36
num_leaves=9
num_cat=2
split_feature=0 0 24 5 19 22 20 4
split_gain=41.4976 12.6221 19.2467 15.9995 12.8602 17.7551 17.4141 11.7893
threshold=0 1 30.500000000000004 0.011826144619637501 27.928472000000003 81.645833500000023 31.650000000000002 0.9053161325100999
decision_type=1 1 2 2 2 2 2 2
left_child=-1 4 7 -4 6 -6 -2 -3
right_child=1 2 3 -5 5 -7 -8 -9
leaf_value=-0.041017994863504506 -0.00047311403546678891 -0.038363868609807505 -0.0027366650685032366 -0.037203681316291419 0.0046317806440270082 -0.044812912216516995 0.027282419356113266 0.061174948037781687
leaf_weight=47.306896918453276 95.939459415152669 3.00635748356581 111.82644346170127 47.285372556187212 103.1416050652042 20.999505717307329 136.39627860113978 13.585343347862361
leaf_count=4669 1427 161 2462 1899 1254 244 1770 164
internal_value=-0.000963151 0.00337371 -0.00731965 -0.0131481 0.00870569 -0.00402346 0.0158683 0.0419833
internal_weight=579.487 532.18 175.704 159.112 356.477 124.141 232.336 16.5917
internal_count=14050 9381 4686 4361 4695 1498 3197 325
cat_boundaries=0 1 2
cat_threshold=48 5
is_linear=0
shrinkage=0.05


Tree=37
num_leaves=9
num_cat=1
split_feature=0 20 39 42 5 39 44 42
split_gain=40.1656 12.1857 11.5 16.777 12.4331 8.4171 8.50991 6.37113
threshold=0 31.350000000000005 23.650000000000002 2.5000000000000004 -0.15101602693478736 21.250000000000004 49.150000000000006 5.5000000000000009
decision_type=1 2 2 2 2 2 2 2
left_child=-1 5 4 -4 -3 7 -7 -2
right_child=1 2 3 -5 -6 6 -8 -9
leaf_value=-0.040707627000761186 0.0097265593365012341 0.01767748610721109 0.024908639979691824 -0.024846016183230842 -0.0021648420375851088 0.012105415583511019 -0.046167473899281844 -0.035047736663339671
leaf_weight=45.573396569117904 9.3829692136496288 235.46019504219294 23.303714751265943 55.376946160569787 118.21404675766826 39.072153783403337 6.4300048127770415 40.113469695672393
leaf_count=4684 239 2916 364 1178 2829 642 131 1033
internal_value=-0.000652129 0.00358258 0.00721481 -0.00998197 0.0110579 -0.0124781 0.00305503 -0.0265354
internal_weight=572.927 527.354 432.355 78.6807 353.674 94.9986 45.5022 49.4964
internal_count=14016 9332 7287 1542 5745 2045 773 1272
cat_boundaries=0 1
cat_threshold=48
is_linear=0
shrinkage=0.05


Tree=38
num_leaves=7
num_cat=1
split_feature=0 38 5 26 39 7
split_gain=37.4605 12.5377 10.8852 19.5277 17.7482 0.66758
threshold=0 13.234821500000002 0.39629089145655316 17.750000000000004 17.150000000000002 31.331250000000001
decision_type=1 2 2 2 2 2
left_child=-1 2 3 -2 -4 -3
right_child=1 5 4 -5 -6 -7
leaf_value=-0.040398965442227708 -0.0076718005084670596 -0.048608772583356163 0.014606800765533999 0.015220000682236388 -0.027815135843885022 -0.002920923028515445
leaf_weight=43.948869671672583 137.94237354677171 11.099402789957818 40.850918320007622 282.77695504575968 59.371402262710035 0.99812683463096696
leaf_count=4706 2229 246 927 3643 2344 13
internal_value=-0.00108763 0.00292487 0.00418671 0.00771401 -0.0105503 -0.04535
internal_weight=576.988 533.039 520.942 420.719 100.222 12.0975
internal_count=14108 9402 9143 5872 3271 259
cat_boundaries=0 1
cat_threshold=48
is_linear=0
shrinkage=0.05


Tree=39
num_leaves=15
num_cat=0
split_feature=5 39 34 39 39 5 32 7 32 5 32 33 25 38
split_gain=13.0554 17.7374 14.082 15.8167 19.827 18.7182 10.181 9.56683 14.5936 6.87657 7.73931 4.38598 3.447 3.18941
threshold=0.39629089145655316 17.150000000000002 23.150000000000002 19.150000000000002 23.550000000000004 -0.77243990499604276 28.410119000000005 26.368750000000002 27.782440500000003 0.96849880583763492 26.804464500000005 32.650000000000013 5.4958335000000007 7.3892855000000006
decision_type=2 2 2 2 2 2 2 2 2 2 2 2 2 2
left_child=2 7 6 5 -5 -4 11 12 -9 13 -11 -1 -2 -3
right_child=1 9 3 4 -6 -7 -8 8 -10 10 -12 -13 -14 -15
leaf_value=0.023953994014403783 0.040544457932279503 -0.020060833571486691 0.0067144684883307937 0.013458594348871505 -0.013718597983404412 -0.038238044287689933 -0.040773098168715646 0.035483422965784821 -0.040825889058214077 -0.043960003762653806 0.026095573688285603 0.062211067682529514 -0.042020000768030474 -0.048410702649149373
leaf_weight=19.653222000226378 0.64156971126794715 16.47296100249514 42.474228795617819 236.63494330085814 92.609392177313566 49.251745659392327 3.4671403896063557 29.301599002443254 7.0057937959209076 5.4570824704132965 9.1248650266788882 13.76955429650843 9.1919753020629269 36.137210187502205
leaf_count=348 23 846 968 3711 2284 1452 116 799 193 209 278 222 370 2172
internal_value=-0.000464023 -0.0155804 0.00330349 0.00067403 0.00579584 -0.0175746 0.0324999 0.00820201 0.0200593 -0.0317925 -0.00126038 0.0410646 -0.033388 -0.0400738
internal_weight=571.193 113.333 457.86 420.97 329.244 91.726 36.8899 46.1409 36.3074 67.1921 14.5819 33.4228 9.83355 52.6102
internal_count=13991 4890 9101 8415 5995 2420 686 1385 992 3505 487 570 393 3018
is_linear=0
shrinkage=0.05


Tree=40
num_leaves=9
num_cat=2
split_feature=0 0 12 32 5 34 25 44
split_gain=35.4179 10.6398 15.9607 12.7043 19.5561 19.334 12.2819 5.57054
threshold=0 1 30.500000000000004 27.689583000000002 0.24997576770840005 24.550000000000004 6.6145835000000011 40.850000000000009
decision_type=1 1 2 2 2 2 2 2
left_child=-1 3 7 5 -5 -2 -4 -3
right_child=1 2 6 4 -6 -7 -8 -9
leaf_value=-0.03995721767267843 0.019317423106589099 -0.01863968548977394 0.013686413610179179 0.0037090990314707058 -0.050182297963303993 -0.041142715803038014 -0.018653152029291919 0.066049796818019021
leaf_weight=41.715290036518127 206.35225094668567 1.9682723628357042 37.355672330595553 121.64764033257961 18.518245907500386 13.198277350515125 126.3712540930137 8.4793408047407848
leaf_count=4668 2810 56 1049 1155 536 184 3486 111
internal_value=-0.000849283 0.00296693 -0.00691317 0.00781405 -0.0037159 0.0155128 -0.0112363 0.0498603
internal_weight=575.606 533.891 174.175 359.716 140.166 219.551 163.727 10.4476
internal_count=14055 9387 4702 4685 1691 2994 4535 167
cat_boundaries=0 1 2
cat_threshold=48 5
is_linear=0
shrinkage=0.05


Tree=41
num_leaves=8
num_cat=2
split_feature=0 0 37 33 33 32 5
split_gain=32.8827 11.4039 30.0094 15.9746 19.8347 14.2252 11.9673
threshold=0 1 58.500000000000007 37.750000000000007 37.350000000000009 31.130655000000001 -0.91595872546125101
decision_type=1 1 2 2 2 2 2
left_child=-1 2 5 4 -3 -2 -4
right_child=1 3 6 -5 -6 -7 -8
leaf_value=-0.039618327363844158 0.023964320415227228 -0.0034010937842476386 -0.042888227373905213 -0.052704413399574573 0.058671877588035042 0.10062944693680292 0.00065758927374418475
leaf_weight=40.137651467695832 108.5794890858233 315.31210107170045 21.088583309203386 14.577304509468375 12.415525885298846 5.5584177672862998 55.120492320507765
leaf_count=4671 1318 6703 235 233 114 24 743
internal_value=-0.00132477 0.00232841 0.0117982 -0.00314087 -0.000878213 0.0285394 -0.0117918
internal_weight=572.79 532.652 190.347 342.305 327.728 114.138 76.2091
internal_count=14041 9370 2320 7050 6817 1342 978
cat_boundaries=0 1 2
cat_threshold=48 4
is_linear=0
shrinkage=0.05


Tree=42
num_leaves=7
num_cat=1
split_feature=0 35 44 32 4 24
split_gain=32.7826 10.5724 10.237 9.52535 1.82214 1.50206
threshold=0 88.276786000000016 50.20000000000001 27.689583000000002 -0.99763297024448894 70.500000000000014
decision_type=1 2 2 2 2 2
left_child=-1 2 3 -2 5 -3
right_child=1 4 -4 -5 -6 -7
leaf_value=-0.039330256144211991 0.010745265983570852 -0.031324797496045324 -0.047233656290551262 -0.0031369624137987393 -0.048080672604966054 0.023982741594666724
leaf_weight=38.883760210126638 306.93707950692624 1.3436665814369908 8.4952462045475823 205.77072844747454 10.525886871851979 1.587515982799232
leaf_count=4707 5466 22 196 3358 311 23
internal_value=-0.000549539 0.00301691 0.0042354 0.0051785 -0.039118 -0.0028895
internal_weight=573.544 534.66 521.203 512.708 13.4571 2.93118
internal_count=14083 9376 9020 8824 356 45
cat_boundaries=0 1
cat_threshold=48
is_linear=0
shrinkage=0.05


Tree=43
num_leaves=9
num_cat=3
split_feature=0 33 1 4 32 0 34 5
split_gain=30.8938 12.0754 15.6844 12.9846 12.1669 24.5054 13.5228 9.84634
threshold=0 31.950000000000003 1 -0.96235977360714686 27.689583000000002 2 21.050000000000004 -0.35846086284744716
decision_type=1 2 1 2 2 1 2 2
left_child=-1 2 3 -2 6 -6 -3 -4
right_child=1 4 7 -5 5 -7 -8 -9
leaf_value=-0.038901331427304467 0.041353131286442052 -0.031305859324347783 -0.0075117577290229305 -0.0083473553734451072 0.011957643621153769 -0.021435721413130045 0.018721552252360548 -0.051120278219118333
leaf_weight=37.097097791265696 17.099366096779704 13.604951544664798 24.218125821091235 47.126135149039328 125.01885809469968 81.304221684113145 197.01807334646583 27.828905223868787
leaf_count=4677 269 523 415 995 1685 1677 2911 853
internal_value=-0.000506958 0.00290583 -0.0112254 0.00531601 0.00693353 -0.00169852 0.0153574 -0.0313528
internal_weight=570.316 533.219 116.273 64.2255 416.946 206.323 210.623 52.047
internal_count=14005 9328 2532 1264 6796 3362 3434 1268
cat_boundaries=0 1 2 3
cat_threshold=48 1 12
is_linear=0
shrinkage=0.05


Tree=44
num_leaves=8
num_cat=2
split_feature=0 0 37 32 33 20 5
split_gain=29.1253 11.6416 23.5044 16.3004 15.3147 21.3619 14.8075
threshold=0 1 58.500000000000007 31.130655000000001 37.750000000000007 36.95000000000001 -0.91595872546125101
decision_type=1 1 2 2 2 2 2
left_child=-1 2 3 -2 5 -3 -4
right_child=1 4 6 -5 -6 -7 -8
leaf_value=-0.038588232231753776 0.021594927078724915 -0.0040072674094489167 -0.043139919724548878 0.10104632152840209 -0.052208913283357909 0.051542839472406621 0.0048882906371672608
leaf_weight=35.875483919400722 112.06678533740342 308.89045715890825 21.527881866320968 5.9700111001729956 14.228760831989346 17.330563098192215 55.214136380702257
leaf_count=4696 1327 6618 241 25 236 159 744
internal_value=-0.000790102 0.00248398 0.0119007 0.0264285 -0.00310736 -0.000907658 -0.00896632
internal_weight=571.104 535.229 194.779 118.037 340.45 326.221 76.742
internal_count=14046 9350 2337 1352 7013 6777 985
cat_boundaries=0 1 2
cat_threshold=48 4
is_linear=0
shrinkage=0.05


Tree=45
num_leaves=9
num_cat=2
split_feature=0 0 24 34 32 34 21 4
split_gain=25.9925 10.7862 16.6318 15.2128 13.1835 15.9022 15.7251 6.54379
threshold=0 1 29.500000000000004 24.850000000000005 27.651488000000004 24.950000000000003 24.550000000000004 0.9053161325100999
decision_type=1 1 2 2 2 2 2 2
left_child=-1 4 7 -4 6 -6 -2 -3
right_child=1 2 3 -5 5 -7 -8 -9
leaf_value=-0.038257273772160413 0.019374295709157774 -0.033232558785265778 -0.021931195306911705 0.016382758160521479 -0.020313459563592956 0.012722743777288551 -0.018259360585684264 0.05389995343582217
leaf_weight=34.639199301600456 185.84981282614172 1.8753629475831974 126.00553523376584 31.762101354077458 80.511229751631618 64.949824599549174 31.785737432539463 12.197524914517997
leaf_count=4701 2545 117 3791 645 1192 555 382 124
internal_value=-0.00205786 0.00104749 -0.00893051 -0.0141631 0.00589346 -0.00557631 0.0138195 0.0408542
internal_weight=569.576 534.937 171.841 157.768 363.097 145.461 217.636 14.0729
internal_count=14052 9351 4677 4436 4674 1747 2927 241
cat_boundaries=0 1 2
cat_threshold=48 5
is_linear=0
shrinkage=0.05


Tree=46
num_leaves=9
num_cat=3
split_feature=0 33 1 32 0 44 37 5
split_gain=26.9678 12.5608 14.5916 11.8141 23.896 11.1363 10.7059 9.46614
threshold=0 31.950000000000003 1 27.689583000000002 2 48.050000000000004 71.500000000000014 -0.35846086284744716
decision_type=1 2 1 2 1 2 2 2
left_child=-1 2 6 5 -5 -3 -2 -4
right_child=1 3 7 4 -6 -7 -8 -9
leaf_value=-0.03791160843054206 0.0002881310958280302 0.016867083671590496 -0.0077416922865584589 0.011385510195046709 -0.021587154219180976 -0.041956792931316787 0.11641757044625423 -0.051056750446687373
leaf_weight=33.419475404545665 62.796961633488536 210.90382394474 23.379454933106899 126.83642494212836 80.561317041516304 7.4304419243708244 1.0495628900825966 27.49451105017215
leaf_count=4716 1232 3382 414 1679 1697 130 11 866
internal_value=-0.000447625 0.00258714 -0.0119822 0.0065926 -0.00195401 0.014683 0.003963 -0.031684
internal_weight=573.872 540.452 114.72 425.732 207.398 218.334 63.8465 50.874
internal_count=14127 9411 2523 6888 3376 3512 1243 1280
cat_boundaries=0 1 2 3
cat_threshold=48 1 12
is_linear=0
shrinkage=0.05


Tree=47
num_leaves=12
num_cat=0
split_feature=35 5 36 39 38 20 13 34 17 40 40
split_gain=10.6912 9.66719 17.839 11.6258 10.6205 9.72712 5.50036 1.53039 0.790828 0.20716 0.313699
threshold=88.276786000000016 0.39629089145655316 96.500000000000014 15.450000000000001 13.234821500000002 31.650000000000002 5.0979165000000011 23.350000000000005 22.500000000000004 138.35000000000005 144.75000000000003
decision_type=2 2 2 2 2 2 2 2 2 2 2
left_child=1 3 6 7 -5 -4 -3 -1 -2 -10 -11
right_child=8 2 5 4 -6 -7 -8 -9 9 10 -12
leaf_value=0.0040447271009329587 0.0016108952299122754 0.03986615234043276 -0.024923395139694094 0.0059180861164672416 -0.040841187923646195 0.012568754277404844 -0.048145835735461245 -0.045127917614945383 -0.048526732782491325 0.0059555051749763908 -0.026204452771602323
leaf_weight=1.6114374524913717 0.87385924812406202 1.151373978704213 25.087845400907099 420.63308787764981 11.513893354218451 50.356364180799574 31.308454676996917 12.739768992643802 11.548007550183682 0.73500554263591655 0.9718735977075994
leaf_count=34 32 23 1195 7898 375 1587 1970 421 451 23 33
internal_value=-0.00131161 -0.000179633 -0.0135391 0.00307195 0.00458084 -6.16418e-05 -0.0439258 -0.0397027 -0.0427818 -0.0456161 -0.0152718
internal_weight=568.531 554.402 107.904 446.498 432.147 75.4442 32.4598 14.3512 14.1287 13.2549 1.70688
internal_count=14042 13503 4775 8728 8273 2782 1993 455 539 507 56
is_linear=0
shrinkage=0.05


Tree=48
num_leaves=9
num_cat=3
split_feature=0 33 1 32 0 34 5 26
split_gain=26.1912 11.9809 11.9257 10.6214 18.1692 14.6617 10.4697 9.47277
threshold=0 31.950000000000003 1 27.586607500000003 2 21.050000000000004 -0.35846086284744716 12.15
decision_type=1 2 1 2 1 2 2 2
left_child=-1 2 7 5 -5 -3 -4 -2
right_child=1 3 6 4 -6 -7 -8 -9
leaf_value=-0.037448007145940966 0.059788078232956357 -0.034061366319648886 -0.005078542097885861 0.01059961561839476 -0.017218178286102729 0.01913390768678544 -0.050803752862903007 -0.0032129424030720079
leaf_weight=31.871111709624529 5.626311019062995 13.019649248570202 24.032014145515859 138.10345424059778 85.822141465730965 185.12230329215527 25.70154545456171 59.161996660754085
leaf_count=4708 113 509 424 1827 1828 2654 858 1159
internal_value=0.000194626 0.00313423 -0.011087 0.00708411 -0.00038529 0.015485 -0.0292442 0.00308379
internal_weight=568.461 536.589 114.522 422.068 223.926 198.142 49.7336 64.7883
internal_count=14080 9372 2554 6818 3655 3163 1282 1272
cat_boundaries=0 1 2 3
cat_threshold=48 1 12
is_linear=0
shrinkage=0.05


Tree=49
num_leaves=6
num_cat=1
split_feature=0 44 35 19 4
split_gain=24.4213 8.8643 8.52581 7.94622 2.10936
threshold=0 50.20000000000001 88.276786000000016 25.675694000000004 -0.99763297024448894
decision_type=1 2 2 2 2
left_child=-1 2 3 -2 -4
right_child=1 -3 4 -5 -6
leaf_value=-0.037051221088165304 -0.041223744133614487 -0.046656981723885237 0.0026911444679113767 0.0053524689137731136 -0.047186833554226537
leaf_weight=30.616827692836523 8.3338615894317609 7.9431657660752526 2.5481860041618338 511.25419854745269 9.1439896905794722
leaf_count=4674 293 201 42 8549 303
internal_value=-0.000124871 0.00267286 0.00354688 0.00452766 -0.0369609
internal_weight=569.84 539.223 531.28 519.588 11.6922
internal_count=14062 9388 9187 8842 345
cat_boundaries=0 1
cat_threshold=48
is_linear=0
shrinkage=0.05


Tree=50
num_leaves=6
num_cat=1
split_feature=0 44 5 39 32
split_gain=21.156 8.01941 8.53913 10.3633 9.47569
threshold=0 50.20000000000001 -0.17646730165275518 21.350000000000005 27.727976000000002
decision_type=1 2 2 2 2
left_child=-1 2 3 -2 -4
right_child=1 -3 4 -5 -6
leaf_value=-0.036661926754371348 -0.0012629771834769571 -0.046490708597489355 0.0017871798583715397 0.016776752489528989 -0.020283190976821418
leaf_weight=29.469323949888349 179.53371489141136 7.8056466998532406 133.5589953684248 141.85758077725768 75.353560929186642
leaf_count=4677 2415 205 3288 1756 1713
internal_value=-0.00181611 0.000821481 0.00161953 0.00672685 -0.00623218
internal_weight=567.579 538.109 530.304 321.391 208.913
internal_count=14054 9377 9172 4171 5001
cat_boundaries=0 1
cat_threshold=48
is_linear=0
shrinkage=0.05


Tree=51
num_leaves=9
num_cat=1
split_feature=0 12 32 33 38 8 39 10
split_gain=21.773 8.22936 7.18082 7.97527 3.08476 2.74552 2.46205 1.30796
threshold=0 75.500000000000014 25.986012000000006 30.350000000000005 6.044642500000001 28.650000000000002 19.550000000000004 89.750000000000014
decision_type=1 2 2 2 2 2 2 2
left_child=-1 2 4 -4 -2 6 -3 -7
right_child=1 5 3 -5 -6 7 -8 -9
leaf_value=-0.036305957975702262 0.032913958594136143 -0.037549601915011846 0.082333022788125668 0.0039604490405259225 -0.043068457985396713 -0.045705406540160025 0.012514637406352645 -0.012053522618497344
leaf_weight=28.465656962245703 0.7836446026340117 2.5399877773597854 2.270496677607297 500.83828023960814 9.9138471176847798 11.302831800188871 7.0536320740357041 4.9578432706184676
leaf_count=4677 25 81 30 8496 323 234 106 101
internal_value=-0.000445692 0.0021414 0.00358473 0.00447676 -0.0351644 -0.02481 -0.0030336 -0.0367378
internal_weight=568.126 539.661 513.806 503.109 10.6975 25.8543 9.59362 16.2607
internal_count=14073 9396 8874 8526 348 522 187 335
cat_boundaries=0 1
cat_threshold=48
is_linear=0
shrinkage=0.05


end of trees

feature_importances:
age_group=89
day_of_year_cos=80
wind_speed_max_7d=60
temperature_min_7d=33
gender=29
day_of_year_sin=29
temperature_mean_7d=26
temperature_max_7d=22
humidity_min_7d=14
temperature_max_3d=12
wind_speed_mean_7d=12
humidity_mean_7d=11
humidity_max_7d=11
humidity_min_3d=10
wind_gust_max_7d=8
rain_days_7d=7
rain_max_daily_7d=6
month=5
temperature_mean_current=5
temperature_mean_3d=4
wind_speed_max_3d=4
temperature_max_current=3
humidity_mean_current=3
humidity_min_current=3
temperature_min_current=2
wind_speed_mean_current=2
wind_gust_max_current=2
temperature_min_3d=2
wind_speed_mean_3d=2
precipitation_sum_7d=2
humidity_mean_3d=1
precipitation_sum_3d=1
wind_gust_max_3d=1

parameters:
[boosting: gbdt]
[objective: binary]
[metric: binary_logloss]
[tree_learner: serial]
[device_type: cpu]
[data_sample_strategy: bagging]
[data: ]
[valid: ]
[num_iterations: 52]
[learning_rate: 0.05]
[num_leaves: 15]
[num_threads: 8]
[seed: 42]
[deterministic: 0]
[force_col_wise: 0]
[force_row_wise: 0]
[histogram_pool_size: -1]
[max_depth: 4]
[min_data_in_leaf: 20]
[min_sum_hessian_in_leaf: 0.001]
[bagging_fraction: 0.9]
[pos_bagging_fraction: 1]
[neg_bagging_fraction: 1]
[bagging_freq: 1]
[bagging_seed: 400]
[bagging_by_query: 0]
[feature_fraction: 0.9]
[feature_fraction_bynode: 1]
[feature_fraction_seed: 30056]
[extra_trees: 0]
[extra_seed: 12879]
[early_stopping_round: 0]
[early_stopping_min_delta: 0]
[first_metric_only: 0]
[max_delta_step: 0]
[lambda_l1: 0]
[lambda_l2: 1]
[linear_lambda: 0]
[min_gain_to_split: 0]
[drop_rate: 0.1]
[max_drop: 50]
[skip_drop: 0.5]
[xgboost_dart_mode: 0]
[uniform_drop: 0]
[drop_seed: 17869]
[top_rate: 0.2]
[other_rate: 0.1]
[min_data_per_group: 100]
[max_cat_threshold: 32]
[cat_l2: 10]
[cat_smooth: 10]
[max_cat_to_onehot: 4]
[top_k: 20]
[monotone_constraints: ]
[monotone_constraints_method: basic]
[monotone_penalty: 0]
[feature_contri: ]
[forcedsplits_filename: ]
[refit_decay_rate: 0.9]
[cegb_tradeoff: 1]
[cegb_penalty_split: 0]
[cegb_penalty_feature_lazy: ]
[cegb_penalty_feature_coupled: ]
[path_smooth: 0]
[interaction_constraints: ]
[verbosity: -1]
[saved_feature_importance_type: 0]
[use_quantized_grad: 0]
[num_grad_quant_bins: 4]
[quant_train_renew_leaf: 0]
[stochastic_rounding: 1]
[linear_tree: 0]
[max_bin: 255]
[max_bin_by_feature: ]
[min_data_in_bin: 3]
[bin_construct_sample_cnt: 200000]
[data_random_seed: 175]
[is_enable_sparse: 1]
[enable_bundle: 1]
[use_missing: 1]
[zero_as_missing: 0]
[feature_pre_filter: 1]
[pre_partition: 0]
[two_round: 0]
[header: 0]
[label_column: ]
[weight_column: ]
[group_column: ]
[ignore_column: ]
[categorical_feature: 0,1,3]
[forcedbins_filename: ]
[precise_float_parser: 0]
[parser_config_file: ]
[objective_seed: 16083]
[num_class: 1]
[is_unbalance: 0]
[scale_pos_weight: 1]
[sigmoid: 1]
[boost_from_average: 1]
[reg_sqrt: 0]
[alpha: 0.9]
[fair_c: 1]
[poisson_max_delta_step: 0.7]
[tweedie_variance_power: 1.5]
[lambdarank_truncation_level: 30]
[lambdarank_norm: 1]
[label_gain: ]
[lambdarank_position_bias_regularization: 0]
[eval_at: ]
[multi_error_top_k: 1]
[auc_mu_weights: ]
[num_machines: 1]
[local_listen_port: 12400]
[time_out: 120]
[machine_list_filename: ]
[machines: ]
[gpu_platform_id: -1]
[gpu_device_id: -1]
[gpu_device_id_list: ]
[gpu_use_dp: 0]
[num_gpu: 1]

end of parameters

pandas_categorical:[]
