tree
version=v4
num_class=1
num_tree_per_iteration=1
label_index=0
max_feature_idx=44
objective=binary sigmoid:1
feature_names=age_group gender month season day_of_year_sin day_of_year_cos weather_code_current temperature_mean_current temperature_max_current temperature_min_current humidity_mean_current humidity_max_current humidity_min_current wind_speed_mean_current wind_speed_max_current precipitation_sum_current rain_sum_current wind_gust_max_current rain_day_current temperature_mean_3d temperature_max_3d temperature_min_3d humidity_mean_3d humidity_max_3d humidity_min_3d wind_speed_mean_3d wind_speed_max_3d precipitation_sum_3d rain_sum_3d rain_days_3d rain_max_daily_3d wind_gust_max_3d temperature_mean_7d temperature_max_7d temperature_min_7d humidity_mean_7d humidity_max_7d humidity_min_7d wind_speed_mean_7d wind_speed_max_7d precipitation_sum_7d rain_sum_7d rain_days_7d rain_max_daily_7d wind_gust_max_7d
feature_infos=-1:0:1:2:3:4:5 -1:0:1 [1:12] -1:1:0 [-0.99999942202469239:0.99998555065071859] [-0.99997919295908244:0.9999907524084426] [0:61] [23.658332999999999:32.533332999999999] [25.899999999999999:39.200000000000003] [17.899999999999999:29.300000000000001] [48.958333000000003:91.625] [63:100] [23:86] [2.8541669999999999:19.695833] [6.4000000000000004:30.100000000000001] [0:63.100000000000001] [0:63.100000000000001] [14:56.899999999999999] [0:1] [23.766667000000002:32.427778000000004] [27.699999999999999:39.200000000000003] [17.899999999999999:28.100000000000001] [52.569443999999997:90.694444000000004] [73:100] [23:79] [4.125:17.329167000000002] [9.6999999999999993:30.100000000000001] [0:93.900000000000006] [0:93.900000000000006] [0:3] [0:63.100000000000001] [17.300000000000001:56.899999999999999] [24.365476000000001:32.235118999999997] [28.699999999999999:39.200000000000003] [17.899999999999999:27.5] [55.767856999999999:89.523809999999997] [77:100] [23:72] [4.5327380000000002:15.469643] [11.6:30.100000000000001] [0:163.90000000000001] [0:163.90000000000001] [0:7] [0:63.100000000000001] [23:56.899999999999999]
tree_sizes=1605 1668 1644 1692 1684 1677 1748 1681 1459 1483 1679 1475 1486 1461 1386 1356 1373 1385 1365 1751 1382 1361 1381 1375 1400 1383 1293 1417 1419 1279 1376 1381 1422 1525 1094 1419 1411 1105 1376 1765 1081 1293 1085 1101

Tree=0
num_leaves=15
num_cat=8
split_feature=0 0 1 0 4 2 1 0 1 44 33 40 0 5
split_gain=1442.75 447.641 209.022 230.84 213.537 170.17 107.478 146.415 81.5058 63.3239 52.1352 16.4489 44.016 0.755066
threshold=0 1 2 3 -0.8041866928211282 3.5000000000000004 4 5 6 33.300000000000004 35.45000000000001 62.800000000000004 7 -0.99938741687870725
decision_type=1 1 1 1 2 2 1 1 1 2 2 2 1 2
left_child=1 5 4 -4 -3 9 7 10 -7 -1 -2 13 -13 -8
right_child=6 2 3 -5 -6 8 11 -9 -10 -11 -12 12 -14 -15
leaf_value=-1.4044960341099113 -1.372760665364565 -1.397941282848215 -1.3293140233618019 -1.4055802215567299 -1.2984130283057809 -1.224489737215118 -1.3842480719374231 -1.4176402705214504 -1.2800214541953432 -1.3084734428271123 -1.3244198866095105 -1.3626770211415926 -1.4163715342793273 -1.4204080505785361
leaf_weight=20.824684143066406 312.5329549908638 64.263673722743988 188.23562151193619 187.91023582220078 314.48526912927628 135.36044692993164 3.4165497422218314 187.58485013246536 141.54277503490448 81.671808123588562 66.866759240627289 66.704066395759583 134.54698270559311 367.19775086641312
leaf_count=128 1921 395 1157 1155 1933 832 21 1153 870 502 411 410 827 2257
internal_value=-1.35857 -1.31884 -1.34175 -1.36793 -1.31536 -1.27501 -1.39813 -1.38298 -1.25249 -1.32824 -1.36402 -1.41377 -1.40178 -1.42015
internal_weight=2273.14 1134.29 754.895 376.146 378.749 379.4 1138.85 566.985 276.903 102.496 379.4 571.865 201.251 370.614
internal_count=13972 6972 4640 2312 2328 2332 7000 3485 1702 630 2332 3515 1237 2278
cat_boundaries=0 1 2 3 4 5 6 7 8
cat_threshold=7 1 1 4 1 40 1 8
is_linear=0
shrinkage=1


Tree=1
num_leaves=15
num_cat=8
split_feature=0 0 1 0 4 2 0 1 19 36 40 1 0 44
split_gain=1328.97 408.532 184.253 217.354 176.663 122.377 103.261 73.0697 83.4924 58.601 48.6945 39.2394 61.3542 20.4361
threshold=0 1 2 3 -0.78326540922535159 1.5000000000000002 4 5 28.929861500000005 96.500000000000014 62.800000000000004 6 7 33.300000000000004
decision_type=1 1 1 1 2 2 1 1 2 2 2 1 1 2
left_child=1 5 4 -4 -3 13 7 8 -2 -7 -9 12 -8 -1
right_child=6 2 3 -5 -6 9 11 10 -10 -11 -12 -13 -14 -15
leaf_value=-0.043860616008419451 -0.0085664615640546164 -0.033878978272551243 0.028157269370291504 -0.046179046636719089 0.055563914047862144 0.056056691737391896 -0.015563610348504224 -0.058520893604141012 0.082647554651184243 0.10174220873029119 -0.0053104215106227256 -0.061929411366146651 -0.058570379314972977 0.03177540774544424
leaf_weight=18.673947095870972 164.52394768595695 65.987803995609283 188.64460408687592 183.92827944457531 319.55162474513054 102.12296859920025 192.10720308125019 114.59691716730595 28.574298396706581 260.82039007544518 68.80199122428894 360.68822836875916 181.79950073361397 15.408443033695219
leaf_count=118 1018 414 1140 1163 1897 602 1185 731 173 1511 424 2299 1158 92
internal_value=0.000563276 0.0379362 0.0158123 -0.00904818 0.0402071 0.0786161 -0.0382872 -0.0157659 0.00528747 0.0890768 -0.0386961 -0.0494271 -0.038552 -0.00973498
internal_weight=2266.23 1155.14 758.112 372.573 385.539 397.026 1111.09 376.497 193.098 362.943 183.399 734.595 373.907 34.0824
internal_count=13925 6937 4614 2303 2311 2323 6988 2346 1191 2113 1155 4642 2343 210
cat_boundaries=0 1 2 3 4 5 6 7 8
cat_threshold=7 1 1 4 8 1 1 32
is_linear=0
shrinkage=0.05


Tree=2
num_leaves=15
num_cat=9
split_feature=0 0 1 0 2 34 0 1 1 39 40 44 1 0
split_gain=1210.69 325.448 173.506 198.289 128.737 124.142 93.1234 63.4056 62.7932 69.84 51.8777 49.2905 35.7717 52.4642
threshold=0 1 2 3 3.5000000000000004 25.150000000000002 4 5 6 24.550000000000004 62.800000000000004 33.300000000000004 7 8
decision_type=1 1 1 1 2 2 1 1 1 2 2 2 1 1
left_child=1 4 5 -4 11 -3 8 -6 9 -2 -10 -1 13 -8
right_child=6 2 3 -5 7 -7 12 -9 10 -11 -12 -13 -14 -15
leaf_value=-0.046644353881709261 -0.010181164470369692 0.028210161315915191 0.024741529700957367 -0.04613896981010799 0.10951061520635806 0.12316515069741923 -0.016859803436914129 0.063442950169776011 -0.058295875188937085 0.072573481057824477 -0.0033516708916931856 0.039421777313399464 -0.061202791708180604 -0.057772074013189068
leaf_weight=19.507081776857376 159.77754500508308 364.11478471755981 194.42424935102463 180.32894901931286 158.1932320445776 37.191300839185715 188.86471666395664 152.93096527457237 115.49956645071507 29.301891297101974 68.262067019939423 89.269086390733719 356.91514346003532 173.96353080868721
leaf_count=126 985 2138 1156 1173 857 214 1176 853 764 178 422 516 2364 1149
internal_value=-0.000595055 0.0340192 0.0143046 -0.00996721 0.0691603 0.0372945 -0.0384404 0.0871422 -0.0168335 0.00295777 -0.0380143 0.023703 -0.0492113 -0.038632
internal_weight=2288.54 1195.96 776.059 374.753 419.9 401.306 1092.58 311.124 372.841 189.079 183.762 108.776 719.743 362.828
internal_count=14071 7033 4681 2329 2352 2352 7038 1710 2349 1163 1186 642 4689 2325
cat_boundaries=0 1 2 3 4 5 6 7 8 9
cat_threshold=7 1 1 4 8 1 1 1 32
is_linear=0
shrinkage=0.05


Tree=3
num_leaves=15
num_cat=6
split_feature=0 0 1 4 1 0 2 37 33 33 44 41 0 41
split_gain=1107.03 280.239 153.884 159.634 94.9647 123.906 86.9826 61.2114 44.1882 40.619 18.0985 17.4739 32.9352 4.21877
threshold=0 1 2 -0.77245553105869302 3 4 1.5000000000000002 32.500000000000007 35.45000000000001 31.650000000000002 33.300000000000004 97.000000000000014 5 56.000000000000007
decision_type=1 1 1 2 1 1 2 2 2 2 2 2 1 2
left_child=1 6 3 -3 5 8 10 -8 -2 -4 -1 13 -13 -6
right_child=4 2 9 -5 11 -7 7 -9 -10 -11 -12 12 -14 -15
leaf_value=-0.044662793643034653 -0.014313272703018833 -0.034999522821009252 0.025998775895231776 0.049078865687731704 -0.060186281979297762 -0.057060022594761117 0.022247978742812931 0.079669925956410592 0.029430665556339317 -0.016735561443286712 0.026386165297135757 0.017126647957610146 -0.048719865685894349 -0.048346640763507441
leaf_weight=17.804804414510727 306.79095277190208 66.902884632349014 66.797231689095497 340.08600881695747 307.52469477057457 168.55700634419918 54.634749963879585 347.52694950997829 70.089183792471886 309.61154323816299 16.212293297052383 25.829818248748779 44.643093675374985 142.62642207741737
leaf_count=119 1924 420 417 1916 2117 1155 306 1840 418 1936 93 160 307 952
internal_value=-0.000264442 0.0321371 0.0137562 0.0352057 -0.037279 -0.0229831 0.0639994 0.0719435 -0.00596394 -0.00910316 -0.0110149 -0.0528982 -0.0291041 -0.0565505
internal_weight=2285.64 1219.58 783.398 406.989 1066.06 545.437 436.179 402.162 376.88 376.409 34.0171 520.624 70.4729 450.151
internal_count=14080 7047 4689 2336 7033 3497 2358 2146 2342 2353 212 3536 467 3069
cat_boundaries=0 1 2 3 4 5 6
cat_threshold=7 1 1 1 40 8
is_linear=0
shrinkage=0.05


Tree=4
num_leaves=15
num_cat=6
split_feature=0 0 1 4 1 0 2 44 44 33 33 40 0 40
split_gain=976.717 216.778 123.399 145.361 96.3701 125.955 73.4554 57.3674 45.227 42.1886 41.2947 15.9993 30.2216 4.59732
threshold=0 1 2 -0.77245553105869302 3 4 3.5000000000000004 48.050000000000004 33.300000000000004 31.650000000000002 35.45000000000001 97.000000000000014 5 56.000000000000007
decision_type=1 1 1 2 1 1 2 2 2 2 2 2 1 2
left_child=1 6 3 -3 5 10 8 -8 -1 -4 -2 13 -13 -6
right_child=4 2 9 -5 11 -7 7 -9 -10 -11 -12 12 -14 -15
leaf_value=-0.045466872593321078 -0.012584628061566057 -0.034378510097102848 0.028316253253660401 0.044978546277976018 -0.059370771711149087 -0.05639199986997126 0.075183825974986213 -0.011101902830267045 0.037404567632806252 -0.015551912168980038 0.029560335186440946 0.015749366931685101 -0.048003569734850905 -0.04691569171536418
leaf_weight=19.013839602470398 305.23396517336369 68.25843445956707 65.950465351343155 350.8507748991251 294.50334413349628 163.51315072178841 317.7067669481039 20.247262075543404 94.345124557614326 302.08653464913368 70.755989298224449 25.767060160636902 43.24349582195282 136.69457978010178
leaf_count=129 1931 438 406 1926 2109 1163 1611 103 522 1908 415 158 307 940
internal_value=-0.000260597 0.02962 0.0133145 0.032003 -0.0357881 -0.0214131 0.0570654 0.0699968 0.0232284 -0.00763552 -0.0044774 -0.0519327 -0.0289217 -0.0555401
internal_weight=2278.17 1238.46 787.146 419.109 1039.71 539.503 451.313 337.954 113.359 368.037 375.99 500.208 69.0106 431.198
internal_count=14066 7043 4678 2364 7023 3509 2365 1714 651 2314 2346 3514 465 3049
cat_boundaries=0 1 2 3 4 5 6
cat_threshold=7 1 1 1 40 8
is_linear=0
shrinkage=0.05


Tree=5
num_leaves=15
num_cat=7
split_feature=0 0 1 0 4 1 0 2 39 33 40 0 4 5
split_gain=890.082 188.799 127.702 169.614 128.086 96.2369 119.416 64.0065 41.7575 38.6474 14.4689 34.7723 13.3423 0.989276
threshold=0 1 2 3 -0.814291907305839 4 5 1.5000000000000002 28.500000000000004 35.45000000000001 62.800000000000004 6 0.40614137006726808 -0.99938741687870725
decision_type=1 1 1 1 2 1 1 2 2 2 2 1 2 2
left_child=1 7 4 -4 -3 6 9 12 -9 -2 13 -12 -1 -7
right_child=5 2 3 -5 -6 10 -8 8 -10 -11 11 -13 -14 -15
leaf_value=-0.027921043179450235 -0.012375967105069979 -0.036861814602609407 0.022760384231732267 -0.043262201985484895 0.042413472291275518 -0.020268395714599104 -0.055702028910695062 0.061463204290412493 -0.05791952147607396 0.027945383929216801 -0.0044565364313776884 -0.054416415321123103 0.041787708792721902 -0.058649075263160794
leaf_weight=26.57977469265461 304.85957959294319 58.40864397585392 196.56351295113564 173.32936955988407 364.84356591105461 3.0347192585468283 156.10228016972542 420.60542058944702 6.7106891423463813 72.778623938560486 64.12785604596138 112.34098328649998 8.1803782135248166 298.95983222126961
leaf_count=168 1943 385 1164 1173 1963 22 1153 2105 36 420 409 823 51 2226
internal_value=-0.000262514 0.0277651 0.0125307 -0.00876336 0.0314124 -0.0349414 -0.0206296 0.0530151 0.0594575 -0.00443481 -0.0515592 -0.039706 -0.0108061 -0.0583316
internal_weight=2267.43 1255.22 793.145 369.893 423.252 1012.2 533.74 462.076 427.316 377.638 478.463 176.469 34.7602 301.995
internal_count=14041 7045 4685 2337 2348 6996 3516 2360 2141 2363 3480 1232 219 2248
cat_boundaries=0 1 2 3 4 5 6 7
cat_threshold=7 1 1 4 1 40 8
is_linear=0
shrinkage=0.05


Tree=6
num_leaves=15
num_cat=1
split_feature=1 34 2 39 5 5 37 43 39 32 44 36 5 39
split_gain=179.899 87.1091 49.5745 52.8295 35.2327 30.0192 45.8196 27.3423 23.9778 15.6266 13.8225 10.8286 6.72295 4.30762
threshold=0 25.150000000000002 10.500000000000002 14.850000000000003 0.79773375822167203 0.31595530242620651 31.500000000000004 27.950000000000006 19.050000000000004 31.130655000000001 30.400000000000002 99.500000000000014 0.95936279103287792 14.300000000000002
decision_type=1 2 2 2 2 2 2 2 2 2 2 2 2 2
left_child=1 2 3 -1 5 8 -7 9 -2 -3 -4 12 -6 -13
right_child=4 7 10 -5 11 6 -8 -9 -10 -11 -12 13 -14 -15
leaf_value=-0.051137133888440413 -0.03070904006953791 0.034330754852856464 0.013628087805339551 0.0065877374107683965 -0.032707571294780455 -0.032264202066070946 0.020966458606722804 0.11501048110251558 -0.01002794248682732 0.088903274826006934 0.045104390899041086 -0.046116782635635671 -0.056356746793871551 -0.0091362103064544682
leaf_weight=40.504487067461014 197.67058576643467 82.374333918094635 54.384865701198578 881.8510699570179 85.249493926763535 55.276966363191605 142.69642336666584 15.373594328761099 481.85915611684322 15.47205041348934 102.35896606743336 8.6734606176614744 52.976933509111404 46.959780991077423
leaf_count=243 1282 459 321 5232 577 374 939 88 3146 85 601 57 367 312
internal_value=-0.000517992 0.0128383 0.00843469 0.00400016 -0.0153803 -0.0110939 0.00601625 0.0543675 -0.0160802 0.0437722 0.0343388 -0.0346262 -0.0421111 -0.0156141
internal_weight=2263.68 1192.32 1079.1 922.356 1071.36 877.503 197.973 113.22 679.53 97.8464 156.744 193.86 138.226 55.6332
internal_count=14083 7029 6397 5475 7054 5741 1313 632 4428 544 922 1313 944 369
cat_boundaries=0 1
cat_threshold=1
is_linear=0
shrinkage=0.05


Tree=7
num_leaves=15
num_cat=7
split_feature=0 0 0 1 4 1 39 37 33 40 33 1 0 5
split_gain=823.299 164.146 101.754 85.7035 114.525 59.2769 55.9096 55.5832 44.058 43.7788 40.7525 31.8468 44.6582 24.7011
threshold=0 1 2 3 -0.8041866928211282 4 24.550000000000004 32.500000000000007 31.650000000000002 62.800000000000004 34.550000000000004 5 6 -0.013976481981245098
decision_type=1 1 1 1 2 1 2 2 2 2 2 1 1 2
left_child=1 7 5 4 -3 6 -2 13 -5 -7 -9 12 -4 -1
right_child=2 3 11 8 -6 9 -8 10 -10 -11 -12 -13 -14 -15
leaf_value=0.085189776021143929 -0.0051079587410538599 -0.036317784865389946 -0.016053578374336658 0.030721932258307307 0.037764371480720829 -0.054773415260242479 0.067297588394597083 0.050632626086160037 -0.013827244867070383 -0.0017595103854037939 0.093721621002835653 -0.058726901061321349 -0.055276379825768565 -0.0013660785425965831
leaf_weight=8.4895647019147855 159.89217804372311 59.879274398088455 183.98832452297211 67.234793037176132 370.40393672883511 98.66999639570713 30.970036670565605 326.6365619301796 296.7929243594408 64.026994228363037 67.559026598930359 303.19227892905474 153.94436764717102 62.500609487295151
leaf_count=42 997 402 1160 411 1936 771 179 1608 1922 413 333 2361 1171 340
internal_value=-0.000366423 0.026391 -0.0341619 0.0121611 0.0273946 -0.0116415 0.00693037 0.0498466 -0.00553753 -0.0340488 0.0582359 -0.0461753 -0.0361363 0.0100245
internal_weight=2254.18 1259.5 994.684 794.311 430.283 353.559 190.862 465.186 364.028 162.697 394.196 641.125 337.933 70.9902
internal_count=14046 6994 7052 4671 2338 2360 1176 2323 2333 1184 1941 4692 2331 382
cat_boundaries=0 1 2 3 4 5 6 7
cat_threshold=7 1 8 1 1 1 32
is_linear=0
shrinkage=0.05


Tree=8
num_leaves=13
num_cat=7
split_feature=0 0 0 1 34 1 36 34 1 1 40 8
split_gain=732.854 158.189 91.4402 117.642 80.2408 52.606 51.8552 58.2142 46.1367 44.3735 21.6685 20.3717
threshold=0 1 2 3 25.150000000000002 4 96.500000000000014 25.350000000000005 5 6 62.800000000000004 34.250000000000007
decision_type=1 1 1 1 2 1 2 2 1 1 2 2
left_child=1 6 3 11 8 -6 7 -1 -3 -8 -5 -2
right_child=2 4 -4 10 5 -7 9 -9 -10 -11 -12 -13
leaf_value=0.0066451942127222679 -0.0095652937324890233 0.017054210289161653 -0.056445933744931315 -0.056162938649482658 0.093578971002330466 0.0092253080925143519 0.076400378813470893 0.090029662236509433 -0.0082244706567169389 0.0399335257060143 -0.028143026092644276 0.018949998572145545
leaf_weight=114.07751441001892 300.64254410564899 394.21217411756516 291.59624960273504 184.97598159313202 44.528281539678574 31.516567438840866 172.23047539591789 24.68860936164856 331.40137618780136 169.71919511258602 115.4974098727107 78.073954522609711
leaf_count=601 1917 2137 2335 1508 216 206 804 116 2128 829 825 449
internal_value=-0.000219288 0.0245068 -0.0327879 -0.0218931 0.0105415 0.0591923 0.0470388 0.0220186 0.00551353 0.0584701 -0.0455216 -0.00365233
internal_weight=2253.16 1282.37 970.786 679.19 801.658 76.0448 480.716 138.766 725.614 341.95 300.473 378.716
internal_count=14071 7037 7034 4699 4687 422 2350 717 4265 1633 2333 2366
cat_boundaries=0 1 2 3 4 5 6 7
cat_threshold=7 1 40 1 1 1 1
is_linear=0
shrinkage=0.05


Tree=9
num_leaves=13
num_cat=5
split_feature=0 0 0 1 1 4 2 37 33 33 40 44
split_gain=692.329 131.098 84.7369 108.678 79.6702 95.2801 56.4121 40.4514 35.7667 28.9261 22.6522 14.0126
threshold=0 1 2 3 4 -0.8041866928211282 1.5000000000000002 32.500000000000007 31.650000000000002 35.45000000000001 62.800000000000004 33.300000000000004
decision_type=1 1 1 1 1 2 2 2 2 2 2 2
left_child=1 6 3 9 5 -3 11 -8 -6 -2 -5 -1
right_child=2 4 -4 10 8 -7 7 -9 -10 -11 -12 -13
leaf_value=-0.046648887897936607 -0.011205677190291032 -0.03338952537015917 -0.055908985215238877 -0.05593284326054565 0.025553451495879721 0.03429083750649313 0.0092093866806041823 0.05514301444797385 -0.0138235480946476 0.023587949711980784 -0.027083425519003997 0.015535642338558248
leaf_weight=17.46930718421936 294.87101864814758 59.30663737654686 280.17728904634714 180.60889430344105 70.478274747729301 384.01417550444603 55.04941563308239 394.46325062215328 298.14358562231064 73.869062498211861 114.11299680173397 17.042501553893089
leaf_count=120 1898 403 2336 1533 427 1949 287 1823 1953 412 828 94
internal_value=-0.000215265 0.0234299 -0.0325824 -0.0219805 0.0107907 0.0251819 0.043921 0.0495507 -0.00624614 -0.00419059 -0.044892 -0.0163684
internal_weight=2239.61 1295.97 943.639 663.462 811.943 443.321 484.024 449.513 368.622 368.74 294.722 34.5118
internal_count=14063 7056 7007 4671 4732 2352 2324 2110 2380 2310 2361 214
cat_boundaries=0 1 2 3 4 5
cat_threshold=7 1 40 1 1
is_linear=0
shrinkage=0.05


Tree=10
num_leaves=15
num_cat=7
split_feature=0 0 0 1 4 1 19 40 36 34 33 33 1 0
split_gain=627.15 120.83 88.0475 65.0003 81.2287 44.0296 49.8872 40.1096 39.8982 59.2939 55.8627 35.7147 33.3226 42.4617
threshold=0 1 2 3 -0.814291907305839 4 28.929861500000005 62.800000000000004 96.500000000000014 25.350000000000005 34.550000000000004 32.350000000000001 5 6
decision_type=1 1 1 1 2 1 2 2 2 2 2 2 1 1
left_child=1 8 5 4 -3 6 -2 -7 9 -1 -10 -5 13 -4
right_child=2 3 12 11 -6 7 -8 -9 10 -11 -12 -13 -14 -15
leaf_value=0.0036068429457289638 -0.0063123899346890586 -0.034281145146025392 -0.014325545448961436 0.01336227739618496 0.030323876761274057 -0.053330951034265398 0.061796730180529669 -0.00042062274552099959 0.044834323128576888 0.084432096825079878 0.11754006834141784 -0.018663498599769297 -0.05739310256741053 -0.053461742238532874
leaf_weight=115.75157572329044 157.25148573517799 54.624660715460777 183.12800903618336 143.05694274604321 395.02047830820084 84.547656387090683 31.396656885743141 61.645049467682838 325.67140792310238 27.254162847995758 28.32518644630909 219.22494168579578 266.87037822604179 135.50079008936882
leaf_count=602 997 380 1172 900 1977 745 168 412 1495 122 130 1452 2331 1161
internal_value=-0.000339114 0.0218318 -0.0317529 0.00962025 0.0224167 -0.0103678 0.00528907 -0.0311747 0.0411408 0.0194899 0.0509666 -0.00601527 -0.043566 -0.0332047
internal_weight=2229.27 1308.93 920.34 811.927 449.645 334.841 188.648 146.193 497.002 143.006 353.997 362.282 585.499 318.629
internal_count=14044 7058 6986 4709 2357 2322 1165 1157 2349 724 1625 2352 4664 2333
cat_boundaries=0 1 2 3 4 5 6 7
cat_threshold=7 1 8 1 1 1 32
is_linear=0
shrinkage=0.05


Tree=11
num_leaves=13
num_cat=6
split_feature=0 0 0 1 34 2 1 39 1 33 40 44
split_gain=572.397 110.202 83.1684 95.0589 68.662 44.1321 39.6246 32.3847 30.4899 25.1443 24.0709 19.9892
threshold=0 1 2 3 25.150000000000002 1.5000000000000002 4 28.500000000000004 5 35.45000000000001 62.800000000000004 33.300000000000004
decision_type=1 1 1 1 2 2 1 2 1 2 2 2
left_child=1 5 3 9 6 11 -3 -7 -6 -2 -5 -1
right_child=2 4 -4 10 8 7 -8 -9 -10 -11 -12 -13
leaf_value=-0.051700306492072926 -0.010945517118158355 0.014554422234465772 -0.054918986765734028 -0.05493894234448287 0.077871248635278667 0.045407002450645245 -0.0088793533484352802 -0.058103278573732653 0.014151560211903561 0.020814133835684426 -0.024292402421636588 0.023545279936913535
leaf_weight=17.104440778493881 294.70805412530899 406.64340943098068 258.98312028497458 166.44343740493059 47.547072991728783 458.43342228233814 322.69405651092529 6.8671348541975012 31.469907328486443 77.989878728985786 108.03392616659403 16.375637248158455
leaf_count=119 1921 2144 2343 1534 217 2081 2099 37 208 427 816 88
internal_value=-0.000492886 0.0206172 -0.0308209 -0.0204207 0.00890792 0.0389923 0.00418823 0.043758 0.0529878 -0.00426165 -0.0430085 -0.015281
internal_weight=2213.29 1307.14 906.158 647.175 808.354 498.781 729.337 465.301 79.017 372.698 274.477 33.4801
internal_count=14034 6993 7041 4698 4668 2325 4243 2118 425 2348 2350 207
cat_boundaries=0 1 2 3 4 5 6
cat_threshold=7 1 40 1 1 1
is_linear=0
shrinkage=0.05


Tree=12
num_leaves=13
num_cat=5
split_feature=0 0 0 1 34 2 1 34 38 40 33 44
split_gain=501.68 96.9415 83.8749 89.8411 63.3858 39.3979 35.0927 33.6322 32.0398 23.1737 20.283 15.5512
threshold=0 1 2 3 25.150000000000002 1.5000000000000002 4 23.850000000000005 7.4860120000000014 56.000000000000007 35.45000000000001 33.300000000000004
decision_type=1 1 1 1 2 2 1 2 2 2 2 2
left_child=1 5 3 10 6 11 -3 -7 -6 -5 -2 -1
right_child=2 4 -4 9 8 7 -8 -9 -10 -11 -12 -13
leaf_value=-0.05042870874732415 -0.009656030385607816 0.013074665981818313 -0.05443839634128711 -0.055259711543528926 0.11805264182210387 0.053805094770311201 -0.0089062967272137035 0.026966264354807735 0.034681554538633155 -0.025040625391579488 0.018876247827253678 0.016131499338293491
leaf_weight=15.596442267298697 289.04849755764008 408.33558720350266 246.97538320720196 144.27875251322985 13.413977429270743 233.7038531601429 325.41334697604179 240.28527443110943 66.530058324337006 117.77963768690825 78.346280083060265 17.86011977493763
leaf_count=112 1897 2136 2329 1388 71 1060 2129 1069 354 924 425 95
internal_value=-0.000572429 0.0188348 -0.0296915 -0.0192135 0.00786771 0.0358806 0.00332738 0.0402848 0.0499562 -0.0418249 -0.00353685 -0.0154599
internal_weight=2197.57 1321.14 876.429 629.453 813.693 507.446 733.749 473.989 79.944 262.058 367.395 33.4566
internal_count=13989 7026 6963 4634 4690 2336 4265 2129 425 2312 2322 207
cat_boundaries=0 1 2 3 4 5
cat_threshold=7 1 40 1 1
is_linear=0
shrinkage=0.05


Tree=13
num_leaves=13
num_cat=7
split_feature=0 0 1 0 1 0 0 36 33 33 40 33
split_gain=505.26 79.561 81.5952 75.8366 48.7166 190.094 81.5195 38.3536 45.5255 40.3358 25.211 21.1556
threshold=0 1 2 3 4 5 6 96.500000000000014 38.100000000000009 34.550000000000004 62.800000000000004 35.45000000000001
decision_type=1 1 1 1 1 1 1 2 2 2 2 2
left_child=3 2 11 7 6 -6 -5 8 -1 -9 -4 -2
right_child=1 -3 10 4 5 -7 -8 9 -10 -11 -12 -13
leaf_value=0.0051441632189003694 -0.010570029949559459 -0.054013398287912386 -0.054033344681021223 0.040796553620785159 0.028696786479917413 -0.042081922841929992 -0.00130558832042098 0.038246500101028036 0.10994152329284912 0.096149299925345405 -0.021933865581639449 0.018835112973543955
leaf_weight=135.33553508669138 292.92435956001282 239.11539050191641 152.79914802312851 227.36954022943974 195.7587728202343 164.50969915091991 229.65735676884651 335.98705469071865 10.234235271811484 32.708180114626884 105.14257769286633 76.278333514928818
leaf_count=670 1934 2351 1529 1166 1178 1183 1173 1487 44 141 821 409
internal_value=0.000102233 -0.0294089 -0.0192584 0.0193839 0.00960766 -0.00402048 0.0205456 0.0343941 0.0132117 0.0436294 -0.0410841 -0.00446038
internal_weight=2197.82 866.26 627.144 1331.56 817.295 360.268 457.027 514.265 145.57 368.695 257.942 369.203
internal_count=14086 7044 4693 7042 4700 2361 2339 2342 714 1628 2350 2343
cat_boundaries=0 1 2 3 4 5 6 7
cat_threshold=7 40 1 1 1 4 2
is_linear=0
shrinkage=0.05


Tree=14
num_leaves=12
num_cat=5
split_feature=0 0 34 1 44 1 0 5 21 4 4
split_gain=471.694 115.461 75.0946 52.4497 46.177 33.6776 38.34 33.0538 30.7572 28.5881 19.8383
threshold=0 1 25.150000000000002 2 40.500000000000007 3 4 0.92191100909954782 23.850000000000005 -0.28519255817492867 -0.039770090859911449
decision_type=1 1 2 1 2 1 1 2 2 2 2
left_child=5 7 4 -4 -3 6 9 8 -2 -1 -9
right_child=1 2 3 -5 -6 -7 -8 10 -10 -11 -12
leaf_value=-0.039984625805878173 0.053855996550252583 -0.0071846343400892888 0.069524047412240692 -0.00031930965070761262 0.015710600343380787 -0.055987742120768652 -0.051393585208185544 0.031637273465805832 0.027255464433054405 0.0015439676620277291 -0.032576464756743598
leaf_weight=63.730121552944183 173.691854596138 708.47276819497347 69.11036179959774 43.579364947974682 318.36476273089647 228.45865441858768 115.66199163347483 19.384208664298058 300.52607429027557 114.9867716729641 28.398508504033089
leaf_count=431 786 4455 320 314 1945 2328 1167 83 1316 735 172
internal_value=0.000150206 0.0132099 0.00415482 0.042749 -7.77265e-05 -0.040772 -0.0301942 0.0324833 0.0370913 -0.0126986 -0.00641208
internal_weight=2184.37 1661.53 1139.53 112.69 1026.84 522.838 294.379 522.001 474.218 178.717 47.7827
internal_count=14052 9391 7034 634 6400 4661 2333 2357 2102 1166 255
cat_boundaries=0 1 2 3 4 5
cat_threshold=48 1 1 1 32
is_linear=0
shrinkage=0.05


Tree=15
num_leaves=12
num_cat=7
split_feature=0 0 1 0 0 1 0 33 2 39 37
split_gain=446.385 102.615 70.0737 170.872 95.6425 33.3864 37.0112 31.6294 27.3429 26.8429 9.82131
threshold=0 1 2 3 4 5 6 31.850000000000005 1.5000000000000002 28.500000000000004 38.500000000000007
decision_type=1 1 1 1 1 1 1 2 2 2 2
left_child=5 8 4 -4 -3 6 7 -1 10 -10 -2
right_child=1 2 3 -5 -6 -7 -8 -9 9 -11 -12
leaf_value=-0.052808905980482435 0.0067331550812936188 0.039830891193084292 0.025182297159558539 -0.033763647062926269 0.00024799429782714323 -0.05563403444434914 -0.050970160392664055 -0.0022976426047971845 0.035907771856875721 -0.058045052937683229 -0.050067565625694227
leaf_weight=38.72945462167263 21.915591970086098 231.6746269017458 197.99798056483269 291.07801685482264 421.89626887440681 221.06116516888142 112.23457527160645 141.38578879833221 480.9833961725235 6.8629190027713767 10.502105653285978
leaf_count=268 125 1162 1172 2352 2363 2356 1179 916 2086 37 78
internal_value=9.4331e-05 0.0127044 0.00419287 -0.0100723 0.0149309 -0.0401606 -0.0296796 -0.0126898 0.0309243 0.03447 -0.0126157
internal_weight=2176.32 1662.91 1142.65 489.076 653.571 513.411 292.35 180.115 520.264 487.846 32.4177
internal_count=14094 9375 7049 3524 3525 4719 2363 1184 2326 2123 203
cat_boundaries=0 1 2 3 4 5 6 7
cat_threshold=48 1 1 4 2 1 32
is_linear=0
shrinkage=0.05


Tree=16
num_leaves=12
num_cat=6
split_feature=0 0 1 0 4 1 0 33 37 39 34
split_gain=393.466 81.4982 67.069 164.307 80.7644 36.6855 41.385 37.0772 35.494 26.9189 14.0902
threshold=0 1 2 3 -0.79384350655589164 4 5 31.850000000000005 32.500000000000007 17.150000000000002 25.950000000000003
decision_type=1 1 1 1 2 1 1 2 2 2 2
left_child=5 8 4 -4 -3 6 7 -1 10 -10 -2
right_child=1 2 3 -5 -6 -7 -8 -9 9 -11 -12
leaf_value=-0.053481049560677243 -0.0092039430531624649 -0.028614974090320419 0.023777090914557056 -0.033747428630046067 0.021496426881778264 -0.055311266459331244 -0.050494600950675907 0.0014884990266563465 0.0092078859210528927 0.039581086189018955 0.075416275612880501
leaf_weight=38.392352432012558 71.463493078947067 92.830801948904991 203.9442420899868 286.26576833426952 565.02001720666885 211.03370731323957 107.33834590762854 138.41201516985893 92.283849515020847 360.67316991090775 4.2795789688825598
leaf_count=275 356 622 1190 2369 2907 2349 1174 897 409 1565 18
internal_value=-6.24567e-05 0.0115341 0.00393529 -0.0100185 0.0143924 -0.0387267 -0.0276166 -0.0101128 0.0276183 0.0334269 -0.00350238
internal_weight=2171.94 1676.76 1148.06 490.21 657.851 495.176 284.143 176.804 528.7 452.957 75.7431
internal_count=14131 9436 7088 3559 3529 4695 2346 1172 2348 1974 374
cat_boundaries=0 1 2 3 4 5 6
cat_threshold=48 1 1 4 1 32
is_linear=0
shrinkage=0.05


Tree=17
num_leaves=12
num_cat=5
split_feature=0 34 0 36 43 4 1 0 33 12 1
split_gain=360.679 84.2099 81.6164 47.8538 44.6146 39.1684 36.9557 39.6993 36.1137 26.2205 5.77564
threshold=0 25.150000000000002 1 96.500000000000014 27.950000000000006 0.091259403071267911 2 3 31.850000000000005 63.500000000000007 4
decision_type=1 2 1 2 2 2 1 1 2 2 1
left_child=6 2 3 -2 9 -4 7 8 -1 -3 -6
right_child=1 4 5 -5 10 -7 -8 -9 -10 -11 -12
leaf_value=-0.052882751756328963 -0.0038461962732995441 0.042351776344419556 0.0085925884326957507 0.033199051158990626 0.12838831272249071 -0.010925238741295201 -0.055001112875185248 -0.049971564489197873 0.0016253615465869336 -0.01653590197728301 0.066055194162462194
leaf_weight=37.948242425918579 114.44928465783596 119.47440864145756 519.01964090764523 362.22876347601414 14.127717331051826 507.31374955177307 203.25249055027962 101.42959973216057 137.99172312021255 21.866148166358471 10.340814270079136
leaf_count=282 565 616 3284 1551 62 3103 2366 1155 892 115 61
internal_value=-0.000344564 0.0106828 0.00700106 0.0238166 0.0444552 -0.00104608 -0.0380092 -0.0267704 -0.00980945 0.0331894 0.105673
internal_weight=2149.44 1668.82 1503.01 476.678 165.809 1026.33 480.622 277.37 175.94 141.341 24.4685
internal_count=14052 9357 8503 2116 854 6387 4695 2329 1174 731 123
cat_boundaries=0 1 2 3 4 5
cat_threshold=48 1 1 32 1
is_linear=0
shrinkage=0.05


Tree=18
num_leaves=12
num_cat=7
split_feature=0 0 1 0 0 1 0 33 30 21 2
split_gain=339.738 66.1215 46.2959 149.878 76.4456 34.2274 36.0958 30.1626 27.6013 31.2502 29.0966
threshold=0 1 2 3 4 5 6 31.850000000000005 0.15000000000000005 23.850000000000005 2.5000000000000004
decision_type=1 1 1 1 1 1 1 2 2 2 2
left_child=5 8 4 -4 -3 6 7 -1 10 -10 -2
right_child=1 2 3 -5 -6 -7 -8 -9 9 -11 -12
leaf_value=-0.050902605217730601 -0.042657393714614709 0.033513645709770494 0.023108818419310829 -0.032310724144855904 -0.0015341680554504912 -0.054704864400644621 -0.049609041271623563 -0.0005649221090559762 0.045159183090087283 0.018699192280412811 0.02805708587444616
leaf_weight=36.875804252922535 28.743176855146885 238.63256074488163 204.70270676910877 272.49250610172749 418.39000448584557 192.75908163189888 98.855542592704296 138.97882455587387 179.71437437832355 298.88067224621773 27.522071376442909
leaf_count=284 157 1173 1178 2303 2329 2347 1172 900 797 1270 124
internal_value=-0.000572806 0.0100186 0.00308424 -0.00873119 0.0117129 -0.0377379 -0.0270461 -0.0107413 0.0243651 0.0287085 -0.00818158
internal_weight=2136.55 1669.08 1134.22 477.195 657.023 467.469 274.71 175.855 534.86 478.595 56.2652
internal_count=14034 9331 6983 3481 3502 4703 2356 1184 2348 2067 281
cat_boundaries=0 1 2 3 4 5 6 7
cat_threshold=48 1 1 4 2 1 32
is_linear=0
shrinkage=0.05


Tree=19
num_leaves=15
num_cat=1
split_feature=1 33 36 4 5 5 5 38 4 34 36 7 4 39
split_gain=67.665 40.6756 46.992 47.6807 32.6939 31.6585 29.8829 36.7465 30.9044 16.3391 9.60906 8.31915 7.71288 5.83543
threshold=0 36.95000000000001 96.500000000000014 0.97875492728876534 -0.94703994556331683 0.78724360164103002 0.26659387353423863 10.372024000000001 -0.61237985104942771 24.350000000000005 99.500000000000014 31.797917000000005 0.3261394409934788 14.300000000000002
decision_type=1 2 2 2 2 2 2 2 2 2 2 2 2 2
left_child=1 2 4 -4 -1 6 8 -8 -2 -3 12 -11 -7 -12
right_child=5 9 3 -5 -6 10 7 -9 -10 11 13 -13 -14 -15
leaf_value=0.09547249147903375 -0.030465036070671383 0.088241274136791337 0.0083916510159623512 0.065301203150373896 -0.014347342505461838 -0.048992814515597692 0.023821380800052777 -0.0292646447193394 -0.0045676347406242469 0.021934127751095631 -0.0480279044744054 0.0663352616458283 -0.021739203565203733 -0.003902978263437119
leaf_weight=5.9462927281856528 158.68899835646152 13.748467221856115 772.15001578629017 37.687153890728951 298.47452755272388 68.353586852550507 138.98860437422991 41.57293776422739 415.15383701771498 64.515363156795502 8.1685696169733983 12.209562361240385 45.743099823594093 42.207990571856499
leaf_count=33 1139 75 4610 209 1720 572 1046 337 3107 331 62 60 381 326
internal_value=-0.000331523 0.00746065 0.00482475 0.0111173 -0.0118966 -0.0105448 -0.00619129 0.0115049 -0.0117698 0.0395165 -0.0303552 0.0297624 -0.0383502 -0.0118534
internal_weight=2123.61 1204.73 1114.26 809.837 304.421 918.878 754.404 180.562 573.843 90.4734 164.473 76.7249 114.097 50.3766
internal_count=14008 7038 6572 4819 1753 6970 5629 1383 4246 466 1341 391 953 388
cat_boundaries=0 1
cat_threshold=1
is_linear=0
shrinkage=0.05


Tree=20
num_leaves=12
num_cat=5
split_feature=0 34 0 34 43 44 1 0 33 19 1
split_gain=313.475 75.0341 71.4395 43.5131 41.4227 37.9182 32.0177 32.8916 28.2963 26.2506 5.69843
threshold=0 25.150000000000002 1 24.450000000000003 27.950000000000006 40.500000000000007 2 3 31.850000000000005 31.933333000000001 4
decision_type=1 2 1 2 2 2 1 1 2 2 1
left_child=6 2 3 -2 9 -4 7 8 -1 -3 -6
right_child=1 4 5 -5 10 -7 -8 -9 -10 -11 -12
leaf_value=-0.051444624757522574 0.028235135251124907 0.022317486232218506 -0.0082905268461214779 -0.012906429309422122 0.11971613240149877 0.012359717447650048 -0.054379670083071319 -0.049167802307645551 -0.0015121647469580771 0.092914190507486616 0.061139313669550867
leaf_weight=34.764944814145565 408.06566174328327 127.29226862639189 705.59991753101349 75.642150446772575 14.924709156155586 323.35183317959309 181.7769016996026 94.074665203690529 137.59208366274834 13.894927620887755 11.026217080652714
leaf_count=276 1803 650 4460 326 64 1962 2335 1155 887 69 63
internal_value=-0.000730217 0.0092267 0.00575536 0.0213476 0.0409713 -0.00177815 -0.037358 -0.0269818 -0.0111776 0.0298699 0.0980196
internal_weight=2128.01 1679.8 1512.66 483.708 167.138 1028.95 448.209 266.432 172.357 141.187 25.9509
internal_count=14050 9397 8551 2129 846 6422 4653 2318 1163 719 127
cat_boundaries=0 1 2 3 4 5
cat_threshold=48 1 1 32 1
is_linear=0
shrinkage=0.05


Tree=21
num_leaves=12
num_cat=7
split_feature=0 0 1 0 0 1 0 33 30 34 2
split_gain=291.422 58.365 46.9031 138.106 68.8468 32.683 33.9703 26.9717 24.4963 27.0379 20.9712
threshold=0 1 2 3 4 5 6 31.850000000000005 0.15000000000000005 23.850000000000005 2.5000000000000004
decision_type=1 1 1 1 1 1 1 2 2 2 2
left_child=5 8 4 -4 -3 6 7 -1 10 -10 -2
right_child=1 2 3 -5 -6 -7 -8 -9 9 -11 -12
leaf_value=-0.04955565487532089 -0.03837051059312014 0.031401918814927314 0.020712418323260054 -0.032256536481739727 -0.001497564357420246 -0.054125754674210005 -0.048813177454391669 -0.00061697610237483212 0.038083863383708547 0.0144856003052427 0.02235779087772714
leaf_weight=34.486795477569103 28.127047725021839 244.74129866063595 209.0285727083683 271.54999708384275 425.70595376193523 173.67318310588598 91.506438307464123 136.38232734799385 241.78922475874424 246.71454827487469 26.849265709519386
leaf_count=284 156 1187 1194 2367 2358 2332 1170 879 1052 1040 120
internal_value=-0.000535586 0.00888867 0.00242681 -0.00946213 0.0109864 -0.0364643 -0.0259971 -0.0101355 0.0222545 0.0262197 -0.00884252
internal_weight=2130.55 1694.51 1151.03 480.579 670.447 436.049 262.376 170.869 543.48 488.504 54.9763
internal_count=14139 9474 7106 3561 3545 4665 2333 1163 2368 2092 276
cat_boundaries=0 1 2 3 4 5 6 7
cat_threshold=48 1 1 4 2 1 32
is_linear=0
shrinkage=0.05


Tree=22
num_leaves=12
num_cat=5
split_feature=0 34 0 39 36 43 1 0 32 33 1
split_gain=271.335 59.4057 51.2279 39.0461 38.7397 35.7934 32.7638 33.4321 25.8717 24.5899 3.88414
threshold=0 25.150000000000002 1 25.100000000000005 96.500000000000014 27.950000000000006 2 3 31.130655000000001 31.850000000000005 4
decision_type=1 2 1 2 2 2 1 1 2 2 1
left_child=6 2 4 -4 -2 8 7 9 -3 -1 -7
right_child=1 5 3 -5 -6 10 -8 -9 -10 -11 -12
leaf_value=-0.048700742709412805 -0.0058318766202333913 0.017200608977551664 -0.0047067086881517322 0.024537673896711916 0.027161315698790905 0.1091534765076696 -0.053872819545536924 -0.048424727413161978 0.07524041955546007 -0.0010797299178360569 0.058373522961785142
leaf_weight=32.680058665573597 117.44593404978514 122.59768391400576 894.31863088905811 129.81693399697542 361.98401004076004 14.434251815080643 165.70029390603304 88.263741090893745 22.022462897002697 139.17104808986187 11.145453132688999
leaf_count=279 570 627 5641 772 1521 61 2331 1175 108 899 62
internal_value=-0.000553597 0.00855677 0.00542635 -0.00096998 0.0186945 0.0365178 -0.035665 -0.0252701 0.0264948 -0.00979809 0.0900565
internal_weight=2099.58 1673.77 1503.57 1024.14 479.43 170.2 425.815 260.115 144.62 171.851 25.5797
internal_count=14046 9362 8504 6413 2091 858 4684 2353 735 1178 123
cat_boundaries=0 1 2 3 4 5
cat_threshold=48 1 1 32 1
is_linear=0
shrinkage=0.05


Tree=23
num_leaves=12
num_cat=6
split_feature=0 0 1 0 4 1 0 44 5 21 4
split_gain=242.54 59.2183 49.8929 115.995 59.8049 36.9177 38.2068 26.6723 24.0161 26.6586 14.0464
threshold=0 1 2 3 -0.8041866928211282 4 5 38.350000000000009 0.92191100909954782 23.350000000000005 -0.039770090859911449
decision_type=1 1 1 1 2 1 1 2 2 2 2
left_child=5 8 4 -4 -3 6 7 -1 9 -2 -10
right_child=1 2 3 -5 -6 -7 -8 -9 10 -11 -12
leaf_value=0.010875857428919229 0.049182534030170158 -0.027263051527389739 0.017058458269729328 -0.031866869929739243 0.016541004891098273 -0.053639191378588871 -0.047996247365440087 -0.028594377696415235 0.01913071276978091 0.019778181445226969 -0.033395986870760647
leaf_weight=92.191304489970207 95.947334796190262 89.141993567347527 208.70913070440292 263.76796584576368 576.90837968885899 158.60171022638679 84.446585901081562 78.275034226477146 21.704367354512215 393.94753497838974 28.172554992139339
leaf_count=638 419 598 1177 2346 2912 2336 1171 537 89 1657 169
internal_value=-0.000125268 0.00836625 0.00182122 -0.0105773 0.0106463 -0.0339099 -0.0227982 -0.00690643 0.0218594 0.0256256 -0.0106118
internal_weight=2091.81 1678.3 1138.53 472.477 666.05 413.515 254.913 170.466 539.772 489.895 49.8769
internal_count=14049 9367 7033 3523 3510 4682 2346 1175 2334 2076 258
cat_boundaries=0 1 2 3 4 5 6
cat_threshold=48 1 1 4 1 32
is_linear=0
shrinkage=0.05


Tree=24
num_leaves=12
num_cat=4
split_feature=0 34 0 34 1 4 0 41 20 33 35
split_gain=234.708 51.3445 46.1352 36.6283 33.5374 32.9908 32.1442 24.7427 26.3452 23.8031 5.5242
threshold=0 25.150000000000002 1 24.450000000000003 2 0.10837544681456417 3 44.550000000000004 33.95000000000001 31.850000000000005 83.151786000000016
decision_type=1 2 1 2 1 2 1 2 2 2 2
left_child=4 2 3 -2 6 -4 9 8 -3 -1 -9
right_child=1 7 5 -5 -6 -7 -8 10 -10 -11 -12
leaf_value=-0.047854437769826785 0.023432219245805616 -0.056927692104224395 0.0075003074997494219 -0.014092649880015221 -0.053421148071270991 -0.010424935144042481 -0.047512276337369944 0.077506656710003272 0.029575424537355989 -8.6490690206061054e-05 0.014207929282009632
leaf_weight=31.201471641659737 418.34589415788651 8.5495706126093847 528.31941869109869 76.275153279304504 153.47078564018011 497.37472985684872 79.931826569139957 31.468209125101566 124.86252061277628 137.1982427239418 4.4242172688245764
leaf_count=278 1814 45 3357 326 2367 3085 1154 151 619 891 21
internal_value=-0.000402033 0.00781133 0.00493765 0.0172801 -0.0342181 -0.00118209 -0.0235562 0.0338944 0.0236497 -0.00865629 0.0703009
internal_weight=2091.42 1689.62 1520.32 494.621 401.802 1025.69 248.332 169.305 133.412 168.4 35.8924
internal_count=14108 9418 8582 2140 4690 6442 2323 836 664 1169 172
cat_boundaries=0 1 2 3 4
cat_threshold=48 1 1 32
is_linear=0
shrinkage=0.05


Tree=25
num_leaves=12
num_cat=5
split_feature=0 34 34 39 0 1 0 43 4 19 1
split_gain=224.064 44.2917 44.4823 100.093 45.8132 32.5731 31.741 28.9858 25.5455 21.3906 2.72332
threshold=0 25.150000000000002 24.450000000000003 19.150000000000002 1 2 3 27.950000000000006 -0.27694604220087021 31.933333000000001 4
decision_type=1 2 2 2 1 1 1 2 2 2 1
left_child=5 2 4 -4 -2 6 8 9 -1 -3 -9
right_child=1 7 3 -5 -6 -7 -8 10 -10 -11 -12
leaf_value=-0.037235651034387578 0.016604672798165389 0.016411254302518174 -0.064205016180568161 0.0065607079948177957 -0.0026349489004896462 -0.053215791078236097 -0.047223811952098543 0.095159090350121378 0.004659405910627845 0.0819793548911706 0.052944997046356357
leaf_weight=52.583994396030903 753.58858778327703 133.29175825417042 70.447937414050102 165.69032706320286 521.19933824241161 146.04169313237071 78.288601197302341 14.745950445532799 112.79056838899851 12.853240244090555 12.170805394649506
leaf_count=424 3618 668 392 909 3587 2355 1178 61 731 61 64
internal_value=-8.26803e-05 0.00786731 0.00515879 -0.0147328 0.00885212 -0.0337069 -0.0232221 0.0318006 -0.0083064 0.0226958 0.0786516
internal_weight=2073.69 1683.99 1510.93 236.138 1274.79 389.705 243.663 173.062 165.375 146.145 26.9168
internal_count=14048 9360 8506 1301 7205 4688 2333 854 1155 729 125
cat_boundaries=0 1 2 3 4 5
cat_threshold=48 5 1 32 1
is_linear=0
shrinkage=0.05


Tree=26
num_leaves=11
num_cat=4
split_feature=0 34 0 1 0 34 4 33 24 4
split_gain=186.365 44.0711 44.0418 37.889 38.1842 32.1597 30.6026 27.8672 25.1872 24.5983
threshold=0 25.150000000000002 1 2 3 24.450000000000003 0.10837544681456417 31.850000000000005 66.500000000000014 0.71503381463111937
decision_type=1 2 1 1 1 2 2 2 2 2
left_child=3 2 5 4 7 -2 -4 -1 9 -3
right_child=1 8 6 -5 -6 -7 -8 -9 -10 -11
leaf_value=-0.048351428902554852 0.021927077791065491 0.062942060522451257 0.0065664683765661331 -0.05301146821164341 -0.046840324902126688 -0.01344530034318616 -0.010766208162446972 0.0046949379824920961 -0.057667056178256841 0.021500781303823303
leaf_weight=29.219691969454288 421.10389525443316 51.795371569693089 525.46814104914665 138.31172501295805 75.287347614765167 75.10041618347168 492.30910237133503 136.25802558660507 6.8710284158587447 117.22286561131477
leaf_count=276 1813 249 3320 2336 1179 323 3073 886 37 574
internal_value=-0.000219464 0.00693134 0.00421014 -0.0313877 -0.0200959 0.0162308 -0.00180217 -0.00462805 0.03059 0.0344959
internal_weight=2068.95 1689.87 1513.98 379.077 240.765 496.204 1017.78 165.478 175.889 169.018
internal_count=14066 9389 8529 4677 2341 2136 6393 1162 860 823
cat_boundaries=0 1 2 3 4
cat_threshold=48 1 1 32
is_linear=0
shrinkage=0.05


Tree=27
num_leaves=12
num_cat=3
split_feature=0 43 8 4 44 5 37 1 0 44 33
split_gain=196.235 38.0331 50.01 49.4143 44.53 45.434 37.6471 30.9087 27.6062 26.7008 22.509
threshold=0 19.050000000000004 33.150000000000013 0.056951373111866661 40.150000000000006 -0.98801846520836334 32.500000000000007 1 2 29.350000000000005 31.850000000000005
decision_type=1 2 2 2 2 2 2 1 1 2 2
left_child=7 2 3 -2 9 -6 -4 8 10 -3 -1
right_child=1 4 6 -5 5 -7 -8 -9 -10 -11 -12
leaf_value=-0.049412515955050022 0.0035576079735304884 0.049959979350772371 -0.0016841575931107499 -0.024823917410125931 0.12524634191946657 0.030576889873140146 0.026576419692151479 -0.052817237954249224 -0.046345272654270214 0.0034520140154430399 -0.00098493018237118236
leaf_weight=28.043018110096455 406.51123359799385 33.017296753823757 210.2006177008152 245.07142569124699 12.857474401593207 172.41792281717062 266.88445948064327 132.52759367227554 71.110896117985249 334.85621675103903 138.28220342099667
leaf_count=275 2256 183 1176 1425 67 928 1444 2347 1160 1858 897
internal_value=-0.000208594 0.00709001 0.0018634 -0.00713885 0.0178599 0.0377837 0.0141475 -0.0326285 -0.0225541 0.00775031 -0.0088666
internal_weight=2051.78 1681.82 1128.67 651.583 553.149 185.275 477.085 369.964 237.436 367.874 166.325
internal_count=14016 9337 6301 3681 3036 995 2620 4679 2332 2041 1172
cat_boundaries=0 1 2 3
cat_threshold=48 1 32
is_linear=0
shrinkage=0.05


Tree=28
num_leaves=12
num_cat=3
split_feature=0 43 44 8 2 35 1 32 0 27 33
split_gain=173.337 40.5772 40.2539 39.3401 53.7141 31.9136 31.6045 30.0458 29.6458 23.9649 19.1335
threshold=0 18.650000000000002 40.150000000000006 33.150000000000013 10.500000000000002 85.892857500000005 1 28.763095000000003 2 8.1500000000000004 31.850000000000005
decision_type=1 2 2 2 2 2 1 2 1 2 2
left_child=6 3 7 4 -2 -4 8 -3 10 -5 -1
right_child=1 2 5 9 -6 -7 -8 -9 -10 -11 -12
leaf_value=-0.045339778312093716 -0.016843974484542858 0.0028633488809936751 0.072496304286408658 0.006597844146030693 0.016455646202124915 0.024195458368978677 -0.052629693068182576 0.053601797736051532 -0.046110224299165212 0.038217112018199058 -7.8995712611391145e-05
leaf_weight=27.178734324872494 447.79863197356462 348.1275791823864 42.973348625004292 417.80816954374313 164.95938966423273 163.71010437607765 125.62693839520216 30.861854955554008 70.007365502417088 69.100831478834152 136.29036824405193
leaf_count=277 2585 1942 221 2303 901 873 2332 153 1189 357 885
internal_value=-0.00058359 0.00618648 0.0168419 0.00055757 -0.00786724 0.0345388 -0.0315805 0.00712527 -0.0214253 0.0111543 -0.00738505
internal_weight=2044.44 1685.34 585.673 1099.67 612.758 206.683 359.103 378.989 233.476 486.909 163.469
internal_count=14018 9335 3189 6146 3486 1094 4683 2095 2351 2660 1162
cat_boundaries=0 1 2 3
cat_threshold=48 1 32
is_linear=0
shrinkage=0.05


Tree=29
num_leaves=11
num_cat=5
split_feature=0 34 43 43 1 0 4 1 0 20
split_gain=170.989 35.2459 39.0243 39.8622 30.4803 26.7423 19.0747 18.6027 53.994 15.9105
threshold=0 25.150000000000002 43.800000000000004 19.050000000000004 1 2 0.77244481603295057 3 4 33.250000000000007
decision_type=1 2 2 2 1 1 2 1 1 2
left_child=4 2 3 -2 5 6 -1 9 -9 -3
right_child=1 7 -4 -5 -6 -7 -8 8 -10 -11
leaf_value=-0.019366499060833334 -0.0010728654166977916 -0.018694554109951283 -0.06722082160185687 0.016163756903861085 -0.052465163223122883 -0.045654474634259687 0.018161184554200401 0.036398614609545375 -0.040713694232235365 0.047102360033770344
leaf_weight=116.39404129236937 982.18508833646774 9.6362805366516096 18.045385718345642 508.2976681292057 122.21880821511149 66.530862856656313 46.688686236739159 47.61525185406208 26.528996244072914 94.510791197419167
leaf_count=888 5580 43 100 2780 2376 1177 279 212 212 394
internal_value=-0.000298654 0.00636263 0.00390658 0.00481222 -0.0314519 -0.0214517 -0.00808483 0.0273606 0.00805877 0.0408946
internal_weight=2038.65 1686.82 1508.53 1490.48 351.832 229.614 163.083 178.291 74.1442 104.147
internal_count=14041 9321 8460 8360 4720 2344 1167 861 424 437
cat_boundaries=0 1 2 3 4 5
cat_threshold=48 1 32 1 5
is_linear=0
shrinkage=0.05


Tree=30
num_leaves=12
num_cat=6
split_feature=0 1 0 0 2 34 33 37 1 0 44
split_gain=154.622 37.2945 135.71 87.5062 61.8738 58.4347 45.6511 35.4857 30.6352 27.4324 25.865
threshold=0 1 2 3 11.500000000000002 21.050000000000004 33.850000000000001 63.500000000000007 4 5 38.350000000000009
decision_type=1 1 1 1 2 2 2 2 1 1 2
left_child=8 3 6 5 -5 -2 -3 -4 9 10 -1
right_child=1 2 7 4 -6 -7 -8 -9 -10 -11 -12
leaf_value=0.010794575258111356 -0.028627537940599825 0.0023709747620843037 -0.042416452985915905 -0.0094900940456428048 0.068437361624134413 0.031612447638883399 0.03458586992012113 0.00046301780234130307 -0.052290100652455512 -0.045330446468838499 -0.029099708472225941
leaf_weight=87.538711600005627 43.191761299967766 317.08405564725399 196.01544380187988 397.44138340651989 26.215616121888161 476.88345612585545 167.49446593225002 63.870395705103874 114.7402030043304 64.508377339690924 74.204564474523067
leaf_count=623 203 1520 1838 2177 140 2125 822 505 2338 1188 536
internal_value=-0.000260699 0.00599008 -0.00234077 0.0126208 -0.00441424 0.026064 0.0132808 -0.0307386 -0.03042 -0.0204862 -0.00713598
internal_weight=2029.19 1688.2 744.464 943.732 423.657 520.075 484.579 259.886 340.992 226.252 161.743
internal_count=14015 9330 4685 4645 2317 2328 2342 2343 4685 2347 1159
cat_boundaries=0 1 2 3 4 5 6
cat_threshold=48 1 5 3 1 32
is_linear=0
shrinkage=0.05


Tree=31
num_leaves=12
num_cat=6
split_feature=0 1 0 0 2 34 1 37 35 0 33
split_gain=125.316 37.1403 113.337 71.5478 61.8475 49.7103 34.7743 34.4168 33.4124 30.3922 23.9479
threshold=0 1 2 3 11.500000000000002 21.050000000000004 4 63.500000000000007 87.44642850000001 5 31.850000000000005
decision_type=1 1 1 1 2 2 1 2 2 1 2
left_child=6 3 8 5 -5 -2 9 -4 -3 10 -1
right_child=1 2 7 4 -6 -7 -8 -9 -10 -11 -12
leaf_value=-0.048101165946718975 -0.026955241188121218 0.016000902120035871 -0.04186660860953869 -0.0091801968168660261 0.066657901705347231 0.028387382062217373 -0.052130269737555635 0.00055743009337588594 -0.022795055313676503 -0.044786731108518746 0.0035014137382830841
leaf_weight=25.829216524958611 43.515660166740417 414.77280681580305 189.53681173175573 402.85610382258892 27.804193541407585 482.09891511499882 109.92843582481146 63.784018442034721 63.150392696261406 60.544191170483828 138.14752715826035
leaf_count=279 207 2011 1833 2215 144 2139 2349 505 288 1161 904
internal_value=-0.000896861 0.00469582 -0.00375638 0.0112053 -0.00404712 0.0233202 -0.0283407 -0.0300431 0.010616 -0.0177701 -0.00459092
internal_weight=2021.97 1687.52 731.244 956.275 430.66 525.615 334.449 253.321 477.923 224.521 163.977
internal_count=14035 9342 4637 4705 2359 2346 4693 2338 2299 2344 1183
cat_boundaries=0 1 2 3 4 5 6
cat_threshold=48 1 5 3 1 32
is_linear=0
shrinkage=0.05


Tree=32
num_leaves=12
num_cat=3
split_feature=0 43 5 44 34 44 34 34 1 0 4
split_gain=126.018 32.1301 45.1155 40.442 51.0473 39.1538 37.4751 36.8323 31.8595 27.0921 20.6329
threshold=0 19.050000000000004 -0.99052477729077237 34.400000000000013 24.050000000000004 36.900000000000013 25.050000000000004 24.350000000000005 1 2 0.78857998149907527
decision_type=1 2 2 2 2 2 2 2 1 1 2
left_child=8 3 7 4 -2 -5 -4 -3 9 10 -1
right_child=1 2 6 5 -6 -7 -8 -9 -10 -11 -12
leaf_value=-0.017697508177744736 -0.0059119931067407464 0.020644946151407738 0.007209892978609485 0.024649971238861278 -0.059206143891796285 -0.00055426795182657296 0.061621296115463235 0.11951753166986492 -0.051982405233430243 -0.044487662221562196 0.021069171454094274
leaf_weight=114.62906972318888 240.58951673656702 21.017403736710548 491.62465239316225 203.09633881598711 54.331525281071663 628.68553150445223 32.861470222473145 16.862092114984989 105.58798630908132 58.893786355853081 47.863718837499619
leaf_count=897 1414 112 2697 1138 312 3432 155 86 2363 1175 283
internal_value=-0.000724569 0.00482654 0.0146046 -1.97636e-05 -0.0158969 0.00562207 0.0107298 0.0666002 -0.0286026 -0.0185544 -0.00586093
internal_weight=2016.04 1689.07 562.366 1126.7 294.921 831.782 524.486 37.8795 326.975 221.387 162.493
internal_count=14064 9346 3050 6296 1726 4570 2852 198 4718 2355 1180
cat_boundaries=0 1 2 3
cat_threshold=48 1 32
is_linear=0
shrinkage=0.05


Tree=33
num_leaves=13
num_cat=2
split_feature=0 39 34 2 34 33 0 4 34 34 34 21
split_gain=115.59 31.4182 30.6139 29.9873 59.405 26.9135 23.9526 18.8917 59.9327 12.3922 9.83748 1.72307
threshold=0 14.850000000000003 23.750000000000004 10.500000000000002 20.350000000000005 31.850000000000005 1 0.77244481603295057 24.050000000000004 20.950000000000003 23.350000000000005 23.950000000000003
decision_type=1 2 2 2 2 2 1 2 2 2 2 2
left_child=6 2 10 4 -3 -5 7 9 -9 -1 -2 -4
right_child=1 3 11 5 -6 -7 -8 8 -10 -11 -12 -13
leaf_value=0.01985793616098927 -0.0076465424373281469 -0.0616201683332551 -0.030572501408513787 0.046207600057371685 0.0056682968957465548 0.0078686461117302275 -0.047476979928447516 0.056427409496045335 -0.039768943519862175 -0.030667792855559563 0.055109810047836709 -0.064529070880989026
leaf_weight=12.63439307361841 49.347709305584431 32.59988772124052 7.5276971459388724 83.881709188222885 1384.376049734652 100.44784320145845 104.25318034738302 30.000994544476271 32.912266276776791 136.50944677367806 6.1288567259907714 28.678679570555687
leaf_count=150 285 209 42 443 7637 550 2327 284 307 1614 35 171
internal_value=-0.000339661 0.00489133 -0.0233912 0.00655476 0.00407785 0.0254705 -0.0275506 -0.015896 0.00626866 -0.0262839 0.000139599 -0.0584806
internal_weight=2009.3 1692.99 91.6829 1601.31 1416.98 184.33 316.31 212.057 62.9133 149.144 55.4766 36.2064
internal_count=14054 9372 533 8839 7846 993 4682 2355 591 1764 320 213
cat_boundaries=0 1 2
cat_threshold=48 32
is_linear=0
shrinkage=0.05


Tree=34
num_leaves=9
num_cat=3
split_feature=0 0 1 41 32 39 43 38
split_gain=101.793 45.0832 35.1162 34.7341 28.9083 25.2781 19.4607 4.35922
threshold=0 1 2 62.800000000000004 31.130655000000001 14.850000000000003 22.200000000000006 10.845535500000002
decision_type=1 1 1 2 2 2 2 2
left_child=-1 4 6 -4 5 -2 -3 -6
right_child=1 2 3 -5 7 -7 -8 -9
leaf_value=-0.047195991206249989 -0.02178848251802196 -0.0082877193016764727 -0.050113245264356593 -0.0038735038520234383 0.019648034214093071 0.0074893612978470456 0.019406592032043164 0.080382224259335056
leaf_weight=100.29300633072853 77.199864931404591 267.84099907428026 91.285850621759892 72.855380941182375 4.6668473184108761 1299.1335865855217 82.02921649813652 13.96981059014797
leaf_count=2336 408 1738 1518 825 21 6573 583 62
internal_value=-0.000712444 0.0019898 -0.0105285 -0.0297371 0.00664876 0.00583251 -0.00175781 0.0669487
internal_weight=2009.27 1908.98 514.011 164.141 1394.97 1376.33 349.87 18.6367
internal_count=14064 11728 4664 2343 7064 6981 2321 83
cat_boundaries=0 1 2 3
cat_threshold=16 7 1
is_linear=0
shrinkage=0.05


Tree=35
num_leaves=12
num_cat=3
split_feature=0 43 8 2 5 5 39 1 36 0 33
split_gain=108.621 32.5457 34.1305 43.7577 33.3893 56.8028 37.4372 30.0749 27.7971 23.3205 18.5624
threshold=0 19.050000000000004 33.250000000000007 10.500000000000002 -0.8142754349318998 0.18281312110578127 19.350000000000005 1 96.500000000000014 2 31.850000000000005
decision_type=1 2 2 2 2 2 2 1 2 1 2
left_child=7 2 3 -2 6 -6 -3 9 -4 10 -1
right_child=1 4 8 -5 5 -7 -8 -9 -10 -11 -12
leaf_value=-0.045308044832697202 -0.014850755777420259 0.0003144990868289984 0.0034986510990533334 0.014640799715660877 -0.0081914438353827591 0.035521757344402147 0.044221321432716704 -0.051636832137991133 0.032282836154188664 -0.04324045846265126 0.0011150620117659172
leaf_weight=24.581383377313614 493.35315194353461 72.21452259272337 354.26636137068272 167.80907416343689 245.68504164367914 105.38439456373453 147.2346635311842 92.550580367445946 109.01714480668306 51.73813533782959 135.78485588729382
leaf_count=285 2869 385 1928 908 1361 579 741 2319 589 1170 900
internal_value=-0.000144449 0.00484243 -6.69953e-05 -0.00735472 0.0145864 0.00499405 0.0298398 -0.0270865 0.0103269 -0.0174532 -0.0058735
internal_weight=1999.62 1694.96 1124.45 661.162 570.519 351.069 219.449 304.655 463.284 212.104 160.366
internal_count=14034 9360 6294 3777 3066 1940 1126 4674 2517 2355 1185
cat_boundaries=0 1 2 3
cat_threshold=48 1 32
is_linear=0
shrinkage=0.05


Tree=36
num_leaves=12
num_cat=3
split_feature=0 1 34 34 39 36 0 6 41 34 8
split_gain=104.876 27.6424 27.5483 35.3515 80.443 33.3506 20.7227 19.9323 19.2171 21.7911 11.891
threshold=0 1 25.150000000000002 24.450000000000003 19.150000000000002 96.500000000000014 2 2.5000000000000004 31.300000000000001 26.050000000000004 31.350000000000005
decision_type=1 1 2 2 2 2 1 2 2 2 2
left_child=1 6 3 5 -5 -2 7 -1 9 -4 -10
right_child=2 -3 8 4 -6 -7 -8 -9 10 -11 -12
leaf_value=-0.037477355069425469 -0.0086037017253193706 -0.051501680339732597 -0.0069583198560233929 -0.061372852430232966 0.003074060421793136 0.010076277355693638 -0.042881161567946802 0.0031498826269859385 -0.02716531089968019 0.036415919714833093 0.05306316678907768
leaf_weight=39.59264037758112 315.19358957186341 88.686599906533957 68.093926385045052 67.066711727529764 167.44881574809551 978.44322058558464 49.915646433830261 117.29324619472027 4.4452176168560973 49.050395391881466 53.34533204138279
leaf_count=261 1842 2332 339 401 906 5383 1174 902 23 234 253
internal_value=-0.000406632 -0.0273415 0.00441445 0.00228171 -0.0155388 0.00552179 -0.0180982 -0.00684212 0.0231771 0.0113577 0.0465349
internal_weight=1998.58 295.488 1703.09 1528.15 234.516 1293.64 206.802 156.886 174.935 117.144 57.7905
internal_count=14050 4669 9381 8532 1307 7225 2337 1163 849 573 276
cat_boundaries=0 1 2 3
cat_threshold=48 1 32
is_linear=0
shrinkage=0.05


Tree=37
num_leaves=9
num_cat=2
split_feature=0 0 34 2 43 39 26 30
split_gain=88.9073 38.9499 26.3756 32.4182 22.0828 24.3054 14.0858 13.1
threshold=0 1 25.350000000000005 10.500000000000002 22.200000000000006 23.450000000000003 25.650000000000002 7.5500000000000016
decision_type=1 1 2 2 2 2 2 2
left_child=-1 2 3 -2 6 -6 -3 -4
right_child=1 4 7 -5 5 -7 -8 -9
leaf_value=-0.046328837034629491 0.00099529589519897202 -0.018297149345678953 0.017299741398644243 0.023166054480244704 -0.0020039391757689169 0.054750932508217415 0.025927869218055045 0.053708925396428332
leaf_weight=88.836948495358229 1078.4994437023997 354.72645963355899 76.35669669508934 193.65784078091383 111.38435099646449 21.694837786257267 18.110945641994476 36.718858927488327
leaf_count=2352 5563 3335 343 928 998 181 151 165
internal_value=-0.000339874 0.00207767 0.00640865 0.00438585 -0.00966485 0.0075877 -0.0160853 0.02949
internal_weight=1979.99 1891.15 1385.23 1272.16 505.917 133.079 372.837 113.076
internal_count=14016 11664 6999 6491 4665 1179 3486 508
cat_boundaries=0 1 2
cat_threshold=16 7
is_linear=0
shrinkage=0.05


Tree=38
num_leaves=12
num_cat=6
split_feature=0 1 1 0 0 2 34 37 33 0 44
split_gain=85.2847 29.6794 27.9986 111.983 68.2704 55.3021 42.9821 32.2932 32.0288 22.0929 20.4455
threshold=0 1 2 3 4 11.500000000000002 21.050000000000004 63.500000000000007 33.850000000000001 5 38.350000000000009
decision_type=1 1 1 1 1 2 2 2 2 1 2
left_child=1 9 4 8 6 -6 -2 -5 -4 10 -1
right_child=2 -3 3 7 5 -7 -8 -9 -10 -11 -12
leaf_value=0.011442825533144012 -0.026057787171703248 -0.051314229106422908 0.0011880477698360606 -0.041914354999993103 -0.010410311672370888 0.06025059931100693 0.025878925271536332 -0.0014737520267556407 0.02788809608991899 -0.04219422050417368 -0.024459291063131491
leaf_weight=85.058084703981876 42.6223084628582 82.696007112041116 321.09625336527824 184.40256881341338 403.24208165705204 28.733418181538582 482.04298572987318 67.379707306623459 171.82519712299109 46.705437734723091 72.613175250589848
leaf_count=626 204 2335 1522 1844 2220 143 2123 522 824 1192 553
internal_value=-0.000637212 -0.025314 0.00366616 -0.00357967 0.00934286 -0.0054559 0.0212146 -0.0299556 0.0103239 -0.0158276 -0.0048365
internal_weight=1988.42 287.073 1701.34 744.704 956.641 431.975 524.665 251.782 492.921 204.377 157.671
internal_count=14108 4706 9402 4712 4690 2363 2327 2366 2346 2371 1179
cat_boundaries=0 1 2 3 4 5 6
cat_threshold=48 1 1 5 3 32
is_linear=0
shrinkage=0.05


Tree=39
num_leaves=15
num_cat=1
split_feature=1 5 5 37 4 2 44 21 38 7 36 4 39 44
split_gain=28.8075 33.0079 34.1398 39.5161 30.8116 29.7151 42.7464 30.6535 22.2106 11.7038 8.8301 9.36672 5.99442 3.68899
threshold=0 0.78724360164103002 0.26659387353423863 31.500000000000004 -0.61237985104942771 11.500000000000002 34.400000000000013 20.950000000000003 7.8770835000000012 27.912500000000005 99.500000000000014 0.27694220057652758 14.950000000000001 29.700000000000003
decision_type=1 2 2 2 2 2 2 2 2 2 2 2 2 2
left_child=5 2 4 -4 -2 6 8 -8 -1 13 11 -3 -12 -7
right_child=1 10 3 -5 -6 9 7 -9 -10 -11 12 -13 -14 -15
leaf_value=-0.0075781209429468853 -0.029707339427882857 -0.051959439682575187 -0.023860651482366834 0.031097623925011031 -0.0021240444506912606 0.026390708263664193 -0.060732057344132999 0.0093761163718682414 -0.042885189650785631 -0.018639001322466247 -0.041406699094082365 -0.020077367997782904 2.2179953330149722e-05 0.05175486928294637
leaf_weight=216.64724482223392 138.66670385561883 54.085006520152092 43.85610812716186 120.9844086393714 368.63722657412291 28.833636768162251 14.918012112379072 790.91646414622664 55.284526206552982 8.6310381144285184 10.857767034322022 42.98884379118681 33.111654788255692 38.315700132399797
leaf_count=1391 1141 523 409 1006 3099 168 99 4728 354 47 103 434 276 213
internal_value=-0.000715996 -0.00791798 -0.00328477 0.0164202 -0.00970729 0.00436347 0.00222035 0.00800458 -0.014887 0.0344176 -0.0298191 -0.0381892 -0.0109015 0.0414107
internal_weight=1966.73 813.188 672.144 164.841 507.304 1153.55 1077.77 805.834 271.932 75.7804 141.043 97.0739 43.9694 67.1493
internal_count=13991 6991 5655 1415 4240 7000 6572 4827 1745 428 1336 957 379 381
cat_boundaries=0 1
cat_threshold=1
is_linear=0
shrinkage=0.05


Tree=40
num_leaves=9
num_cat=4
split_feature=0 0 1 0 4 44 5 34
split_gain=78.7937 30.3329 34.6375 101.39 60.361 21.7102 21.531 15.1193
threshold=0 1 2 3 -0.82415615971448097 48.050000000000004 0.92191100909954782 24.150000000000002
decision_type=1 1 1 1 2 2 2 2
left_child=-1 5 4 -4 -3 6 -2 -7
right_child=1 2 3 -5 -6 7 -8 -9
leaf_value=-0.045636207838869278 0.017660691560205378 -0.031465046955025895 0.013243096721828466 -0.031308042206498014 0.0090983246376336244 0.0083870294911794555 -0.017062248850126503 -0.057962530562175256
leaf_weight=80.34706749022007 469.8767456561327 103.78373035788536 217.02904279530048 287.63833585381508 734.83269896358252 15.815422281622885 48.530147567391396 17.223856687545776
leaf_count=2323 1951 737 1161 3544 3944 69 248 78
internal_value=-0.000275921 0.00190137 -0.00216509 -0.0125181 0.00404687 0.0116556 0.0143835 -0.0268886
internal_weight=1975.08 1894.73 1343.28 504.667 838.616 551.446 518.407 33.0393
internal_count=14055 11732 9386 4705 4681 2346 2199 147
cat_boundaries=0 1 2 3 4
cat_threshold=16 1 1 4
is_linear=0
shrinkage=0.05


Tree=41
num_leaves=11
num_cat=3
split_feature=0 1 39 44 37 43 0 19 13 43
split_gain=77.3195 27.2333 26.1095 51.2524 33.8141 28.7975 18.7856 16.4659 12.6175 2.08578
threshold=0 1 25.650000000000002 48.050000000000004 25.500000000000004 19.050000000000004 2 29.168750000000003 12.93125 17.350000000000005
decision_type=1 1 2 2 2 2 1 2 2 2
left_child=1 6 3 5 -4 -2 7 -1 -6 -5
right_child=2 -3 4 9 8 -7 -8 -9 -10 -11
leaf_value=0.0011263535082413 -0.0020277902046674408 -0.051083740462790517 -0.064160718778742049 -0.066124232284296841 0.041356150400608666 0.012502663129990658 -0.04131348926252721 -0.04269415871689719 0.0088749287911883967 -0.038463335430580621
leaf_weight=131.67125356942415 983.97283731028438 75.331813232973218 9.26476903259754 20.141169276088476 87.548435680568218 520.63389372453094 42.675154261291027 24.595232784748077 46.137741193175316 19.825594253838062
leaf_count=1027 5568 2327 51 119 460 2814 1176 141 250 108
internal_value=-0.000668869 -0.0247487 0.0033837 0.00150464 0.0237704 0.0030051 -0.0158088 -0.0056397 0.0302954 -0.0536768
internal_weight=1961.8 274.273 1687.52 1544.57 142.951 1504.61 198.942 156.266 133.686 39.9668
internal_count=14041 4671 9370 8609 761 8382 2344 1168 710 227
cat_boundaries=0 1 2 3
cat_threshold=48 1 32
is_linear=0
shrinkage=0.05


Tree=42
num_leaves=9
num_cat=4
split_feature=0 39 1 0 0 34 34 21
split_gain=71.8703 31.7833 34.4194 116.098 71.4266 25.9992 8.05304 1.43464
threshold=0 14.850000000000003 1 2 3 23.650000000000002 23.350000000000005 24.050000000000004
decision_type=1 2 1 1 1 2 2 2
left_child=-1 5 4 -4 -3 6 -2 -7
right_child=1 2 3 -5 -6 7 -8 -9
leaf_value=-0.045100021127157303 -0.010465058738164746 0.022237714081997505 0.0098144510558316796 -0.031192344689640938 -0.0035756466416017561 -0.034247263960187603 0.048987766500841128 -0.062325022195890104
leaf_weight=74.917978463694453 55.005963845178485 507.31446659564972 466.7835356220603 260.02434833161533 554.57049514353275 10.594828650355337 5.347586326301097 29.899051478132606
leaf_count=2357 367 2235 2208 3295 3306 72 35 208
internal_value=-0.000373339 0.00165275 0.00320678 -0.00517266 0.00894156 -0.025509 -0.00448469 -0.0559812
internal_weight=1964.46 1889.54 1788.69 726.808 1061.88 100.847 60.3536 40.4939
internal_count=14083 11726 11044 5503 5541 682 402 280
cat_boundaries=0 1 2 3 4
cat_threshold=16 1 5 3
is_linear=0
shrinkage=0.05


Tree=43
num_leaves=9
num_cat=3
split_feature=0 6 39 33 1 34 33 1
split_gain=68.5116 32.3937 27.9288 27.8982 26.2456 23.0537 14.0194 9.90119
threshold=0 2.5000000000000004 14.850000000000003 36.850000000000001 1 23.950000000000003 31.850000000000005 2
decision_type=1 2 2 2 1 2 2 1
left_child=-1 3 6 5 -4 -2 -3 -5
right_child=1 2 4 7 -6 -7 -8 -9
leaf_value=-0.044780836475657448 -0.0059551552518438047 -0.0039267726670523693 0.012753848099534124 0.039131149707851344 -0.0013021723826025762 -0.032061759637334021 -0.044987948502598046 -0.0052468679950888409
leaf_weight=71.747462160885334 233.72086774930358 45.748756160959601 804.61368861794472 33.588717743754387 564.73605458065867 132.03998536616564 37.425687614828348 19.406290078535676
leaf_count=2354 1513 312 4221 152 4225 825 254 149
internal_value=-0.000255472 0.00170477 0.00524637 -0.0105225 0.00696026 -0.0154414 -0.0227179 0.0230841
internal_weight=1943.03 1871.28 1452.52 418.756 1369.35 365.761 83.1744 52.995
internal_count=14005 11651 9012 2639 8446 2338 566 301
cat_boundaries=0 1 2 3
cat_threshold=16 1 1
is_linear=0
shrinkage=0.05


end of trees

feature_importances:
age_group=137
gender=79
temperature_min_7d=42
temperature_max_7d=36
day_of_year_sin=29
wind_gust_max_7d=24
month=21
wind_speed_max_7d=21
day_of_year_cos=18
rain_max_daily_7d=15
precipitation_sum_7d=13
humidity_max_7d=12
humidity_min_7d=12
temperature_min_3d=6
temperature_max_current=5
temperature_mean_3d=5
rain_sum_7d=5
temperature_mean_7d=4
wind_speed_mean_7d=4
rain_max_daily_3d=3
humidity_mean_7d=3
weather_code_current=2
temperature_mean_current=2
temperature_max_3d=2
humidity_min_current=1
wind_speed_mean_current=1
humidity_min_3d=1
wind_speed_max_3d=1
precipitation_sum_3d=1

parameters:
[boosting: gbdt]
[objective: binary]
[metric: binary_logloss]
[tree_learner: serial]
[device_type: cpu]
[data_sample_strategy: bagging]
[data: ]
[valid: ]
[num_iterations: 44]
[learning_rate: 0.05]
[num_leaves: 15]
[num_threads: 8]
[seed: 42]
[deterministic: 0]
[force_col_wise: 0]
[force_row_wise: 0]
[histogram_pool_size: -1]
[max_depth: 4]
[min_data_in_leaf: 20]
[min_sum_hessian_in_leaf: 0.001]
[bagging_fraction: 0.9]
[pos_bagging_fraction: 1]
[neg_bagging_fraction: 1]
[bagging_freq: 1]
[bagging_seed: 400]
[bagging_by_query: 0]
[feature_fraction: 0.9]
[feature_fraction_bynode: 1]
[feature_fraction_seed: 30056]
[extra_trees: 0]
[extra_seed: 12879]
[early_stopping_round: 0]
[early_stopping_min_delta: 0]
[first_metric_only: 0]
[max_delta_step: 0]
[lambda_l1: 0]
[lambda_l2: 1]
[linear_lambda: 0]
[min_gain_to_split: 0]
[drop_rate: 0.1]
[max_drop: 50]
[skip_drop: 0.5]
[xgboost_dart_mode: 0]
[uniform_drop: 0]
[drop_seed: 17869]
[top_rate: 0.2]
[other_rate: 0.1]
[min_data_per_group: 100]
[max_cat_threshold: 32]
[cat_l2: 10]
[cat_smooth: 10]
[max_cat_to_onehot: 4]
[top_k: 20]
[monotone_constraints: ]
[monotone_constraints_method: basic]
[monotone_penalty: 0]
[feature_contri: ]
[forcedsplits_filename: ]
[refit_decay_rate: 0.9]
[cegb_tradeoff: 1]
[cegb_penalty_split: 0]
[cegb_penalty_feature_lazy: ]
[cegb_penalty_feature_coupled: ]
[path_smooth: 0]
[interaction_constraints: ]
[verbosity: -1]
[saved_feature_importance_type: 0]
[use_quantized_grad: 0]
[num_grad_quant_bins: 4]
[quant_train_renew_leaf: 0]
[stochastic_rounding: 1]
[linear_tree: 0]
[max_bin: 255]
[max_bin_by_feature: ]
[min_data_in_bin: 3]
[bin_construct_sample_cnt: 200000]
[data_random_seed: 175]
[is_enable_sparse: 1]
[enable_bundle: 1]
[use_missing: 1]
[zero_as_missing: 0]
[feature_pre_filter: 1]
[pre_partition: 0]
[two_round: 0]
[header: 0]
[label_column: ]
[weight_column: ]
[group_column: ]
[ignore_column: ]
[categorical_feature: 0,1,3]
[forcedbins_filename: ]
[precise_float_parser: 0]
[parser_config_file: ]
[objective_seed: 16083]
[num_class: 1]
[is_unbalance: 0]
[scale_pos_weight: 1]
[sigmoid: 1]
[boost_from_average: 1]
[reg_sqrt: 0]
[alpha: 0.9]
[fair_c: 1]
[poisson_max_delta_step: 0.7]
[tweedie_variance_power: 1.5]
[lambdarank_truncation_level: 30]
[lambdarank_norm: 1]
[label_gain: ]
[lambdarank_position_bias_regularization: 0]
[eval_at: ]
[multi_error_top_k: 1]
[auc_mu_weights: ]
[num_machines: 1]
[local_listen_port: 12400]
[time_out: 120]
[machine_list_filename: ]
[machines: ]
[gpu_platform_id: -1]
[gpu_device_id: -1]
[gpu_device_id_list: ]
[gpu_use_dp: 0]
[num_gpu: 1]

end of parameters

pandas_categorical:[]
