tree
version=v4
num_class=1
num_tree_per_iteration=1
label_index=0
max_feature_idx=44
objective=binary sigmoid:1
feature_names=age_group gender month season day_of_year_sin day_of_year_cos weather_code_current temperature_mean_current temperature_max_current temperature_min_current humidity_mean_current humidity_max_current humidity_min_current wind_speed_mean_current wind_speed_max_current precipitation_sum_current rain_sum_current wind_gust_max_current rain_day_current temperature_mean_3d temperature_max_3d temperature_min_3d humidity_mean_3d humidity_max_3d humidity_min_3d wind_speed_mean_3d wind_speed_max_3d precipitation_sum_3d rain_sum_3d rain_days_3d rain_max_daily_3d wind_gust_max_3d temperature_mean_7d temperature_max_7d temperature_min_7d humidity_mean_7d humidity_max_7d humidity_min_7d wind_speed_mean_7d wind_speed_max_7d precipitation_sum_7d rain_sum_7d rain_days_7d rain_max_daily_7d wind_gust_max_7d
feature_infos=-1:0:1:2:3:4:5 -1:0:1 [1:12] -1:1:0 [-0.99999942202469239:0.99998555065071859] [-0.99997919295908244:0.9999907524084426] [0:61] [23.658332999999999:32.533332999999999] [25.899999999999999:39.200000000000003] [17.899999999999999:29.300000000000001] [48.958333000000003:91.625] [63:100] [23:86] [2.8541669999999999:19.695833] [6.4000000000000004:30.100000000000001] [0:63.100000000000001] [0:63.100000000000001] [14:56.899999999999999] [0:1] [23.766667000000002:32.427778000000004] [27.699999999999999:39.200000000000003] [17.899999999999999:28.100000000000001] [52.569443999999997:90.694444000000004] [73:100] [23:79] [4.125:17.329167000000002] [9.6999999999999993:30.100000000000001] [0:93.900000000000006] [0:93.900000000000006] [0:3] [0:63.100000000000001] [17.300000000000001:56.899999999999999] [24.365476000000001:32.235118999999997] [28.699999999999999:39.200000000000003] [17.899999999999999:27.5] [55.767856999999999:89.523809999999997] [77:100] [23:72] [4.5327380000000002:15.469643] [11.6:30.100000000000001] [0:163.90000000000001] [0:163.90000000000001] [0:7] [0:63.100000000000001] [23:56.899999999999999]
tree_sizes=1576 1618 1606 1611 1617 1615 1761 1512 1529 1626 1536 1623 1617 1630 1734 1630 1619 1537 1643 1760 1654 1542 1636 1549 1733 1621 1730 1629 1632 1748 1627

Tree=0
num_leaves=14
num_cat=3
split_feature=0 1 33 38 34 5 5 0 43 20 40 5 5
split_gain=1044.22 176.711 237.087 127.669 84.8871 66.4159 114.636 41.2206 4.92354 4.84556 3.17027 11.4485 1.08728
threshold=0 1 36.95000000000001 5.9392855000000013 25.850000000000005 -0.4831374111459158 -0.90161545992537195 2 49.000000000000007 33.350000000000001 0.35000000000000003 0.53312596302726967 -0.97111920233974802
decision_type=1 1 2 2 2 2 2 1 2 2 2 2 2
left_child=8 2 3 -2 -4 6 -3 -7 10 -10 11 -1 -12
right_child=1 5 4 -5 -6 7 -8 -9 9 -11 12 -13 -14
leaf_value=-1.7676494927595237 -1.6436466008218888 -1.7823463738791774 -1.5414205737514761 -1.7384142419785136 -1.6980710201170977 -1.7473365499129967 -1.7085377606589642 -1.7843241287410541 -1.8151934147608035 -1.7386426240692758 -1.8164201647713545 -1.8265855417640708 -1.8278818893463726
leaf_weight=11.440233945846556 37.429461061954498 91.024470090866089 22.010015308856964 502.37549066543579 15.916847229003904 91.646221935749054 122.73381417989731 276.67957097291946 3.3574599623680106 2.9844088554382324 48.869695007801056 27.730132281780243 483.22553384304047
leaf_count=92 301 732 177 4040 128 737 987 2225 27 24 393 223 3886
internal_value=-1.77006 -1.74275 -1.72295 -1.73162 -1.60362 -1.76198 -1.73988 -1.77485 -1.82439 -1.77979 -1.82581 -1.80974 -1.82692
internal_weight=1737.42 1159.82 577.732 539.805 37.9269 582.084 213.758 368.326 577.607 6.34187 571.266 39.1704 532.095
internal_count=13972 9327 4646 4341 305 4681 1719 2962 4645 51 4594 315 4279
cat_boundaries=0 1 2 3
cat_threshold=48 1 4
is_linear=0
shrinkage=1


Tree=1
num_leaves=14
num_cat=3
split_feature=0 1 33 38 5 5 34 0 43 20 5 43 40
split_gain=976.225 155.935 180.765 103.308 56.9019 89.4009 41.1152 29.6849 6.31118 5.25673 1.97925 2.26434 2.25853
threshold=0 1 36.95000000000001 5.9392855000000013 -0.5129677127369543 -0.90892157495189674 25.850000000000005 2 49.000000000000007 33.350000000000001 -0.97111920233974802 18.650000000000002 0.35000000000000003
decision_type=1 1 2 2 2 2 2 1 2 2 2 2 2
left_child=8 2 3 -2 5 -3 -4 -6 10 -10 11 -1 -12
right_child=1 4 6 -5 7 -7 -8 -9 9 -11 12 -13 -14
leaf_value=-0.055550678442070671 0.11164012177841409 -0.0096533797957822284 0.18494166015266864 0.030480594444279963 0.019367461531255851 0.056131765362450403 0.076652873016402723 -0.01199123602139626 -0.044463546179770691 0.033431638644168073 -0.041859726503038167 -0.031119817762233062 -0.057261740881255685
leaf_weight=21.53406585007906 41.670756369829178 88.387253925204277 24.690289795398712 515.50620830059052 92.039414376020432 122.37504863739014 16.739828109741211 275.37817588448524 3.2510260194540015 3.4327675402164459 39.296005912125111 27.067959867417812 460.42151284217834
leaf_count=179 307 717 170 4054 728 944 128 2235 27 27 325 225 3859
internal_value=0.000558348 0.0263028 0.0443927 0.0367396 0.00798362 0.0286282 0.144025 -0.00390431 -0.0534885 -0.00531261 -0.0550387 -0.0428461 -0.0561366
internal_weight=1731.79 1176.79 598.607 557.177 578.18 210.762 41.4301 367.418 555.003 6.68379 548.32 48.602 499.718
internal_count=13925 9283 4659 4361 4624 1661 298 2963 4642 54 4588 404 4184
cat_boundaries=0 1 2 3
cat_threshold=48 1 4
is_linear=0
shrinkage=0.05


Tree=2
num_leaves=14
num_cat=4
split_feature=0 1 33 0 5 5 34 0 43 20 40 5 5
split_gain=898.286 154.155 144.948 99.61 46.0839 76.0518 42.3683 35.0318 4.68683 3.55654 2.71684 10.1431 2.02267
threshold=0 1 36.95000000000001 2 -0.55656394595157355 -0.90892157495189674 25.950000000000003 3 49.000000000000007 33.350000000000001 0.35000000000000003 0.53312596302726967 -0.97111920233974802
decision_type=1 1 2 1 2 2 2 1 2 2 2 2 2
left_child=8 2 3 -2 5 -3 -4 -6 10 -10 11 -1 -12
right_child=1 4 6 -5 7 -7 -8 -9 9 -11 12 -13 -14
leaf_value=0.0020319577646905323 -0.0030892983617327361 -0.0098146222864583313 0.15967635276608005 0.045872180141225766 0.020059558169443527 0.05108785574626025 0.055656222833403747 -0.013207339784334086 -0.043024877139331008 0.022830530307629725 -0.042957734625496437 -0.05550007977792918 -0.056686705472585225
leaf_weight=10.760249651968477 142.29480731487274 89.862124636769295 30.518235445022583 433.00551065802574 97.885823681950569 117.48072791099548 16.395973771810532 283.50332552939653 2.9146838933229438 3.3835309147834778 46.688811428844929 25.021487295627594 450.04593410342932
leaf_count=89 1086 734 188 3305 763 872 119 2315 25 26 400 216 3933
internal_value=0.000139952 0.0240195 0.0415504 0.0345201 0.00585986 0.0247724 0.125243 -0.00445986 -0.052937 -0.00936537 -0.0544261 -0.0386142 -0.0554852
internal_weight=1749.76 1210.95 622.215 575.3 588.732 207.343 46.9142 381.389 538.815 6.29821 532.516 35.7817 496.735
internal_count=14071 9382 4698 4391 4684 1606 307 3078 4689 51 4638 305 4333
cat_boundaries=0 1 2 3 4
cat_threshold=48 1 8 4
is_linear=0
shrinkage=0.05


Tree=3
num_leaves=14
num_cat=3
split_feature=0 1 33 38 0 4 35 37 43 20 41 4 34
split_gain=819.357 117.663 123.934 89.2637 50.1489 68.3931 44.7021 19.782 7.1481 4.97943 3.17136 11.348 0.694659
threshold=0 1 36.95000000000001 6.0229165000000009 2 -0.34235669412071196 62.229166500000012 34.500000000000007 49.000000000000007 33.350000000000001 0.35000000000000003 0.86548282553247169 25.950000000000003
decision_type=1 1 2 2 1 2 2 2 2 2 2 2 2
left_child=8 2 3 -2 5 -3 -6 -4 10 -10 11 -1 -12
right_child=1 4 7 -5 6 -7 -8 -9 9 -11 12 -13 -14
leaf_value=-0.055126885572088218 0.091394743435528808 0.053596455336511341 0.12579053878912003 0.024481305180403624 0.055323121911857676 0.0036488256841763281 -0.014333738677796803 0.034520428926640916 -0.041488790309748752 0.038790024212047157 -0.05553566545442068 0.0048849537551103814 -0.040137273216362769
leaf_weight=25.350368410348892 54.225746318697929 104.27180407196283 42.055526793003082 533.34851996600628 24.180100858211517 196.86753963679075 271.07880511134863 7.9642736017704001 2.5979844555258742 3.172809362411499 453.27344478666782 11.01812371611595 19.967217370867729
leaf_count=228 370 807 252 4012 200 1552 2167 53 23 24 4119 91 182
internal_value=0.000148752 0.0222585 0.0373544 0.0308014 0.00645686 0.0203889 -0.00818544 0.11222 -0.052151 0.00185907 -0.0537864 -0.0373016 -0.054972
internal_weight=1749.37 1233.99 637.594 587.574 596.398 301.139 295.259 50.0198 515.38 5.77079 509.609 36.3685 473.241
internal_count=14080 9413 4687 4382 4726 2359 2367 305 4667 47 4620 319 4301
cat_boundaries=0 1 2 3
cat_threshold=48 1 5
is_linear=0
shrinkage=0.05


Tree=4
num_leaves=14
num_cat=3
split_feature=0 1 33 37 5 5 0 34 43 20 40 4 5
split_gain=756.764 97.7234 104.491 75.968 46.9064 85.8403 34.7421 29.0729 6.30169 3.9473 2.53193 8.78723 2.92165
threshold=0 1 36.95000000000001 59.500000000000007 -0.4831374111459158 -0.90892157495189674 2 25.950000000000003 49.000000000000007 33.350000000000001 0.35000000000000003 0.86548282553247169 -0.97111920233974802
decision_type=1 1 2 2 2 2 1 2 2 2 2 2 2
left_child=8 2 3 -2 5 -3 -6 -4 10 -10 11 -1 -12
right_child=1 4 7 -5 6 -7 -8 -9 9 -11 12 -13 -14
leaf_value=-0.0546433272197554 0.012942153787764027 -0.014882769031958188 0.12860139872705756 0.048907297578548607 0.019675656907613123 0.048208394274833907 -0.013777067437879292 0.047666706072671636 -0.041403200610406053 0.028152429192018581 -0.039842370902594633 -0.0017775165125546854 -0.055921517227212052
leaf_weight=24.108662590384483 348.62679782509804 86.859075494110584 33.85379059612751 253.95513993501663 96.690795838832855 139.51031495630741 272.24741345643997 18.80392786860466 2.6284260749816886 3.6649940013885498 42.955789245665073 11.542824208736418 410.09391498565674
leaf_count=226 2561 716 179 1841 733 1003 2245 124 24 27 396 95 3896
internal_value=-2.88731e-05 0.0206913 0.0341648 0.0281554 0.00617594 0.024041 -0.00482089 0.101127 -0.0516873 -0.00259104 -0.0533685 -0.0380425 -0.0544881
internal_weight=1745.54 1250.55 655.24 602.582 595.308 226.369 368.938 52.6577 494.995 6.29342 488.701 35.6515 453.05
internal_count=14066 9402 4705 4402 4697 1719 2978 303 4664 51 4613 321 4292
cat_boundaries=0 1 2 3
cat_threshold=48 1 4
is_linear=0
shrinkage=0.05


Tree=5
num_leaves=14
num_cat=4
split_feature=0 1 0 5 32 0 4 33 43 20 40 5 5
split_gain=711.785 86.0783 95.5158 72.5497 43.7547 38.0244 60.3676 41.2215 4.84648 3.19877 2.08689 7.90648 1.36315
threshold=0 1 2 -0.57077231802681661 29.217262000000002 3 -0.39036798905311365 32.550000000000004 49.000000000000007 33.350000000000001 0.35000000000000003 0.53312596302726967 -0.97111920233974802
decision_type=1 1 1 2 2 1 2 2 2 2 2 2 2
left_child=8 2 4 -4 -2 6 -3 -7 10 -10 11 -1 -12
right_child=1 5 3 -5 -6 7 -8 -9 9 -11 12 -13 -14
leaf_value=-0.0030147390879999084 -0.011743675725145883 0.04912283545211197 0.070122244212307325 0.029689634228808146 0.067209584422565125 -0.027682574978423215 0.0023761663468372107 0.010088952389916082 -0.040836044119655059 0.023379118106007062 -0.042718544901923901 -0.05428480285099814 -0.05551140443320262
leaf_weight=10.921376422047613 145.85126709938049 103.76283285021782 166.49032364785671 337.81248404085636 18.930422529578209 133.7160961329937 202.98538465797901 154.91661627590656 2.5476281046867362 3.320009708404541 42.114423245191574 24.045156352221966 391.17182622849941
leaf_count=90 1069 764 1175 2345 118 1082 1588 1248 24 24 400 235 3879
internal_value=-9.05521e-05 0.0195173 0.0319646 0.042313 -0.00219055 0.00582631 0.0177214 -0.00719632 -0.0516391 -0.00638838 -0.0532918 -0.0388003 -0.0543692
internal_weight=1738.59 1264.47 669.084 504.303 164.782 595.381 306.748 288.633 474.12 5.86764 468.253 34.9665 433.286
internal_count=14041 9389 4707 3520 1187 4682 2352 2330 4652 48 4604 325 4279
cat_boundaries=0 1 2 3 4
cat_threshold=48 1 8 5
is_linear=0
shrinkage=0.05


Tree=6
num_leaves=15
num_cat=1
split_feature=1 33 38 33 5 5 5 34 43 34 34 34 4 13
split_gain=66.6166 75.847 56.4514 65.959 44.2341 41.17 54.8568 42.8979 20.9083 19.2032 18.9111 26.689 6.45834 4.85154
threshold=0 36.95000000000001 6.3017855000000003 31.650000000000002 -0.58481178939031186 -0.61236746317008228 -0.90161545992537195 24.450000000000003 22.200000000000006 25.850000000000005 20.350000000000005 23.550000000000004 0.96687895796550427 9.9229170000000018
decision_type=1 2 2 2 2 2 2 2 2 2 2 2 2 2
left_child=1 2 3 -1 -4 6 8 -8 -2 13 -7 -12 -11 -3
right_child=5 9 4 -5 -6 10 7 -9 -10 12 11 -13 -14 -15
leaf_value=-0.029190729450044028 -0.0043888245317110211 0.025489064342723119 0.016334238758244534 0.057229277276056617 -0.0094906895275658539 -0.052258545972092479 0.053109803928199507 -0.00053003097843921769 -0.047673962397983403 0.037579176664097373 -0.0061830945655556493 -0.029344845057067599 -0.015873416149136059 0.083744960129428087
leaf_weight=28.300147503614426 87.388645499944687 5.1135503500699988 258.47063966095448 91.622313275933266 458.37172138690948 36.601245388388634 73.572989210486412 74.482113972306252 40.144575379788876 20.882097616791729 313.12413215637207 206.11151016503572 6.9799468517303458 40.096839219331741
leaf_count=213 769 30 2012 678 3662 320 568 573 355 149 2707 1762 50 235
internal_value=0.000116654 0.00946057 0.00516125 0.0367625 -0.000169256 -0.0101076 0.00568029 0.0263027 -0.0182789 0.0579585 -0.0179315 -0.0154159 0.0241023 0.0778501
internal_weight=1741.26 909.837 836.765 119.922 716.842 831.425 275.588 148.055 127.533 73.0724 555.837 519.236 27.862 45.2104
internal_count=14083 7029 6565 891 5674 7054 2265 1141 1124 464 4789 4469 199 265
cat_boundaries=0 1
cat_threshold=1
is_linear=0
shrinkage=0.05


Tree=7
num_leaves=13
num_cat=3
split_feature=0 34 1 42 4 36 0 19 30 24 9 5
split_gain=664.814 77.7132 63.9466 61.9902 35.851 19.0817 13.532 13.4606 2.41017 2.25684 5.02567 2.11221
threshold=0 21.050000000000004 1 3.5000000000000004 -0.98523971305672664 95.500000000000014 2 27.893750000000004 49.000000000000007 28.500000000000004 22.450000000000003 -0.97111920233974802
decision_type=1 2 1 2 2 2 1 2 2 2 2 2
left_child=8 5 3 -3 -4 7 -7 -2 9 10 -1 -11
right_child=1 2 4 -5 -6 6 -8 -9 -10 11 -12 -13
leaf_value=-0.0016997561626877163 -0.057544575082641991 0.070415683144049071 -0.046913666501009858 0.026647779221025722 0.012837595314656251 -0.033840009909604556 0.0095595165615125037 0.03247612489842279 -0.0043481913334549446 -0.039764827386553139 -0.052037968520787896 -0.054338110015208996
leaf_weight=8.150342099368574 37.32837525755167 95.265310078859329 25.406728237867355 529.62010228633881 519.64326138794422 15.1170789077878 48.598445288836956 4.0130148380994788 2.8342598974704734 41.145260080695152 11.942302405834196 394.58995118737221
leaf_count=76 289 609 205 3650 4075 123 372 31 23 403 120 4070
internal_value=7.45529e-05 0.0186677 0.0225148 0.0334221 0.00997156 -0.0222226 -0.00485308 -0.0482456 -0.0508392 -0.052231 -0.0326675 -0.0530562
internal_weight=1733.65 1274.99 1169.94 624.885 545.05 105.057 63.7155 41.3414 458.662 455.828 20.0926 435.735
internal_count=14046 9354 8539 4259 4280 815 495 320 4692 4669 196 4473
cat_boundaries=0 1 2 3
cat_threshold=48 1 8
is_linear=0
shrinkage=0.05


Tree=8
num_leaves=13
num_cat=2
split_feature=0 0 5 39 39 34 5 43 20 40 4 5
split_gain=601.785 73.2696 92.3632 72.6968 69.0081 30.2538 30.8161 6.17578 3.53225 2.18342 8.32439 2.61397
threshold=0 1 -0.4295879841196229 18.650000000000002 27.450000000000006 21.050000000000004 -0.10837475778693634 49.000000000000007 33.350000000000001 0.35000000000000003 0.86548282553247169 -0.97874870457683605
decision_type=1 1 2 2 2 2 2 2 2 2 2 2
left_child=7 5 3 -3 -4 -2 -7 9 -9 10 -1 -11
right_child=1 2 4 -5 -6 6 -8 8 -10 11 -12 -13
leaf_value=-0.053471618083371468 -0.05599429638956413 0.0058186736450527602 0.0078763831843904446 0.055080483404789993 0.10143443585133238 -0.014923032334692114 0.017931271805200943 -0.039975237935193163 0.02668730068693035 -0.037544657070543865 0.0003901203755683712 -0.05465640946812278
leaf_weight=22.632359996438026 25.284073457121849 101.1282149553299 573.0420116558671 290.50493857264519 19.425486296415329 155.48842606693506 130.22174429893494 2.4268368631601325 3.732359766960144 34.044924698770046 10.279362604022024 366.73891483992338
leaf_count=242 210 700 4210 2015 112 1146 992 24 27 344 87 3962
internal_value=-0.000515772 0.016683 0.0233581 0.0424072 0.0111097 -0.00451582 6.17032e-05 -0.0503155 -0.00149384 -0.0521613 -0.0371335 -0.0532999
internal_weight=1734.95 1295.09 984.101 391.633 592.467 310.994 285.71 439.855 6.1592 433.696 32.9117 400.784
internal_count=14071 9385 7037 2715 4322 2348 2138 4686 51 4635 329 4306
cat_boundaries=0 1 2
cat_threshold=48 8
is_linear=0
shrinkage=0.05


Tree=9
num_leaves=14
num_cat=3
split_feature=0 34 1 0 21 36 19 43 19 20 5 4 40
split_gain=573.688 72.5269 59.6349 56.6695 41.3773 22.3364 14.4473 5.85225 3.78534 3.51647 2.10968 3.64367 2.3426
threshold=0 21.050000000000004 1 2 21.550000000000004 95.500000000000014 26.815278000000003 49.000000000000007 27.893750000000004 33.350000000000001 -0.97111920233974802 1.0000000180025095e-35 0.35000000000000003
decision_type=1 2 1 1 2 2 2 2 2 2 2 2 2
left_child=7 5 3 -3 -4 8 -7 10 -2 -9 11 -1 -12
right_child=1 2 4 -5 -6 6 -8 9 -10 -11 12 -13 -14
leaf_value=-0.021089660802961541 -0.05701582203132765 0.0019418609569569389 0.098192018289177896 0.038256745890137805 0.0060963691900792726 -0.016692738317201545 0.041297082548919735 -0.040352726253653874 -0.0022847335056628911 0.025333730631000806 -0.037127219591785936 -0.053281945825182309 -0.054419591645956333
leaf_weight=19.204965308308601 36.214059628546238 149.47541093826294 11.479818247258661 493.13016527891159 551.19208562374115 51.245682016015053 12.530684776604174 2.5477336645126334 3.5456454902887335 3.7960792183876038 30.643205523490906 19.456555388867855 345.31986477971077
leaf_count=200 292 1042 91 3199 4239 403 97 26 27 27 316 203 3901
internal_value=0.000106955 0.0164753 0.0200533 0.0304503 0.0081462 -0.023394 -0.00483735 -0.0499091 -0.0523109 -0.00294917 -0.0518196 -0.0382255 -0.0531124
internal_weight=1729.78 1308.81 1205.28 642.606 562.672 103.536 63.7764 420.968 39.7597 6.34381 414.625 38.6615 375.963
internal_count=14063 9390 8571 4241 4330 819 500 4673 319 53 4620 403 4217
cat_boundaries=0 1 2 3
cat_threshold=48 1 8
is_linear=0
shrinkage=0.05


Tree=10
num_leaves=13
num_cat=2
split_feature=0 0 5 39 34 34 30 43 20 5 4 40
split_gain=512.656 64.9647 75.4338 64.598 56.0621 25.7968 28.0955 5.47508 3.47965 2.69039 4.14243 2.96925
threshold=0 1 -0.38243420677835344 27.450000000000006 24.450000000000003 21.050000000000004 1.3500000000000003 49.000000000000007 33.350000000000001 -0.97111920233974802 1.0000000180025095e-35 0.35000000000000003
decision_type=1 1 2 2 2 2 2 2 2 2 2 2
left_child=7 5 4 -4 -3 -2 -7 9 -9 10 -1 -11
right_child=1 2 3 -5 -6 6 -8 8 -10 11 -12 -13
leaf_value=-0.018546260164625496 -0.055207262019474596 0.052901846509252497 0.0058324575520671863 0.09211806697646302 0.016303550239044395 0.024272908648462391 -0.011095171356307667 -0.040631983599387744 0.024003491928422063 -0.035248950640873335 -0.052831236027022201 -0.054081810506515032
leaf_weight=19.238194607198238 23.35805606096983 237.49431446939707 566.56739118695259 21.56520040333271 188.65599209070206 75.837073944509029 207.5912387445569 2.6548639833927146 3.8598666936159134 30.439818762242794 18.375492766499519 329.03854163736105
leaf_count=204 206 1584 4102 119 1253 549 1567 28 27 321 200 3884
internal_value=-0.000628353 0.0144916 0.0205776 0.0091473 0.0367759 -0.00564542 -0.00157965 -0.0491746 -0.00423842 -0.0511346 -0.03623 -0.0525893
internal_weight=1724.68 1321.07 1014.28 588.133 426.15 306.786 283.428 403.607 6.51473 397.092 37.6137 359.478
internal_count=14044 9380 7058 4221 2837 2322 2116 4664 55 4609 404 4205
cat_boundaries=0 1 2
cat_threshold=48 8
is_linear=0
shrinkage=0.05


Tree=11
num_leaves=14
num_cat=3
split_feature=0 33 1 25 4 39 44 0 43 40 5 5 32
split_gain=487.165 63.0144 57.2265 56.9797 49.9373 15.6514 16.3608 10.7872 5.99206 3.77254 10.821 3.22139 2.59102
threshold=0 31.550000000000004 1 6.3631945000000014 -0.30163705152652737 20.650000000000002 29.350000000000005 2 49.000000000000007 0.35000000000000003 0.53312596302726967 -0.97111920233974802 28.811607000000006
decision_type=1 2 1 2 2 2 2 1 2 2 2 2 2
left_child=8 5 3 -3 -4 6 -2 -7 9 10 -1 -11 -10
right_child=1 2 4 -5 -6 7 -8 -9 12 11 -12 -13 -14
leaf_value=0.0096261366464738315 0.0040189927314168497 0.061219679089883905 0.030723435338686291 0.021997016508980886 -0.003293863315787752 0.026186227621879461 -0.038908070008718924 -0.0078895801164927427 -0.029056748697894402 -0.03590121781199547 -0.052438981364211393 -0.053614881344828329 0.028146020718738209
leaf_weight=10.302749037742617 32.172195635735989 113.04718813300133 151.82194744795561 507.34711010754108 366.3579201027751 23.013108909130096 69.354521356523037 63.934534564614296 2.8652188330888739 37.331546664237976 19.36625474691391 317.40621831268072 3.057935431599617
leaf_count=92 244 704 1103 3313 2847 155 500 469 29 412 229 3916 21
internal_value=-3.49556e-05 0.0144574 0.0189977 0.0292311 0.00671287 -0.0121629 -0.0253986 0.00340513 -0.0483511 -0.0503537 -0.0312754 -0.0518569 0.000275025
internal_weight=1717.38 1327.05 1138.57 620.394 518.18 188.474 101.527 86.9476 390.33 384.407 29.669 354.738 5.92315
internal_count=14034 9335 7967 4017 3950 1368 744 624 4699 4649 321 4328 50
cat_boundaries=0 1 2 3
cat_threshold=48 1 4
is_linear=0
shrinkage=0.05


Tree=12
num_leaves=14
num_cat=3
split_feature=0 34 0 1 5 36 35 19 43 40 5 35 5
split_gain=443.298 56.7717 45.1299 56.1993 31.7433 15.5631 16.4237 10.887 3.67614 3.26054 10.0298 2.8663 2.84068
threshold=0 21.050000000000004 1 2 0.98174098242282859 95.500000000000014 67.342262000000019 27.893750000000004 49.000000000000007 0.35000000000000003 0.53312596302726967 83.068452500000021 -0.97111920233974802
decision_type=1 2 1 1 2 2 2 2 2 2 2 2 2
left_child=8 5 4 -4 -3 7 -7 -2 9 10 -1 -10 -11
right_child=1 2 3 -5 -6 6 -8 -9 11 12 -12 -13 -14
leaf_value=0.0093539876624031734 -0.05651954899347722 -0.005234225225467173 0.032323796109493513 0.0079272981668079816 0.079334722920769193 0.027959289793992877 -0.025194545912527538 0.027800971402947974 0.0181453226186583 -0.035912655202235459 -0.052102652565816511 -0.041227670107350844 -0.053289803898555303
leaf_weight=9.5889713093638438 34.189944468438625 275.20722062885761 519.64340722560883 433.40202455967665 10.561015024781225 20.916194505989552 42.306751847267151 3.6936889290809622 3.5584574639797202 35.180866420269012 18.777012407779694 2.7480170726776123 300.37011028081179
leaf_count=85 287 2040 3206 3207 78 163 337 28 24 400 232 29 3873
internal_value=-0.000558104 0.0128857 0.0159252 0.0210289 -0.00178099 -0.0228855 -0.007448 -0.0477947 -0.0481673 -0.0501229 -0.0317165 -0.0098279 -0.05158
internal_weight=1710.14 1339.92 1238.81 953.045 285.768 101.107 63.2229 37.8836 370.223 363.917 28.366 6.30647 335.551
internal_count=13989 9346 8531 6413 2118 815 500 315 4643 4590 317 53 4273
cat_boundaries=0 1 2 3
cat_threshold=48 8 1
is_linear=0
shrinkage=0.05


Tree=13
num_leaves=14
num_cat=3
split_feature=0 33 0 5 34 39 44 0 43 40 5 37 5
split_gain=429.967 63.3255 50.3184 60.3012 21.2928 13.2719 13.7778 11.6217 4.36688 2.71406 7.84525 2.53629 1.85543
threshold=0 31.550000000000004 1 -0.44505783185115427 21.050000000000004 20.650000000000002 32.95000000000001 2 49.000000000000007 0.35000000000000003 0.53312596302726967 54.500000000000007 -0.97111920233974802
decision_type=1 2 1 2 2 2 2 1 2 2 2 2 2
left_child=8 5 4 -4 -3 6 -2 -7 9 10 -1 -10 -11
right_child=1 2 3 -5 -6 7 -8 -9 11 12 -12 -13 -14
leaf_value=0.0028862567606926376 -0.0084988263916064444 -0.054067099734762258 0.037902859826553795 0.011659993439704214 0.0015641697906115541 0.024672177768508698 -0.045010958889987324 -0.010621014522861865 0.026678398986942055 -0.037854326914512459 -0.051758682817870355 -0.031142407085499021 -0.053172511037598041
leaf_weight=9.8838427886366862 54.81879385560751 17.44721769541502 381.90120262652636 514.22441854327917 253.80453754961491 22.890056312084198 48.869754076004028 63.854092687368393 2.5406311005353919 33.848687842488289 17.999495312571526 3.1155214756727219 289.96421057730913
leaf_count=87 413 161 2425 3577 1865 150 356 466 17 396 232 31 3910
internal_value=-0.000310219 0.0125976 0.0170508 0.0226215 -0.00212162 -0.0139891 -0.025973 0.000468579 -0.0482586 -0.0503052 -0.0329593 -0.00506432 -0.0516927
internal_weight=1715.16 1357.81 1167.38 896.126 271.252 190.433 103.689 86.7441 357.352 351.696 27.8833 5.65615 323.813
internal_count=14086 9413 8028 6002 2026 1385 769 616 4673 4625 319 48 4306
cat_boundaries=0 1 2 3
cat_threshold=48 8 4
is_linear=0
shrinkage=0.05


Tree=14
num_leaves=15
num_cat=2
split_feature=0 34 42 4 4 5 1 38 40 5 34 43 5 32
split_gain=398.553 45.3288 45.5258 78.2852 57.8072 11.7671 13.6339 5.03333 3.22401 8.78372 9.33131 2.70059 2.32122 1.01981
threshold=0 20.350000000000005 3.5000000000000004 0.87397152483179585 0.80926549319045582 0.98899263613956456 1 6.7669645000000012 0.35000000000000003 0.53312596302726967 22.150000000000002 49.000000000000007 -0.97507822412530132 28.894345000000005
decision_type=1 2 2 2 2 2 1 2 2 2 2 2 2 2
left_child=8 5 4 -4 -3 7 -7 -2 9 10 -1 12 -10 -13
right_child=1 2 3 -5 -6 6 -8 -9 11 -11 -12 13 -14 -15
leaf_value=0.042736542666677986 -0.014290579964209404 0.0057399843112041563 0.014672383648272167 -0.023949623156780057 0.058029617338497388 0.064319414669785788 -0.046546689725206078 -0.056078903767272752 -0.035794249989274038 -0.051443122415844339 -0.046196384372143934 -0.030634010575137611 -0.053080819396959425 0.0065409425609893245
leaf_weight=6.0536693856120127 10.457386307418345 96.196289792656898 951.87118262797594 151.23477114737034 116.97228946536779 5.1093654036521894 4.1344451233744621 30.295630060136318 30.447657719254494 17.390000864863396 4.0816780179738998 3.0517878904938689 278.35250065475702 2.8517832905054092
leaf_count=53 85 702 6441 1083 745 37 36 262 367 234 36 31 3921 19
internal_value=-0.000560548 0.0115982 0.0134662 0.00936045 0.0345699 -0.034606 0.0150295 -0.0459549 -0.0479354 -0.0308268 0.00598942 -0.0508478 -0.0514974 -0.01433
internal_weight=1708.5 1366.27 1316.27 1103.11 213.169 49.9968 9.24381 40.753 342.229 27.5253 10.1353 314.704 308.8 5.90357
internal_count=14052 9391 8971 7524 1447 420 73 347 4661 323 89 4338 4288 50
cat_boundaries=0 1 2
cat_threshold=48 1
is_linear=0
shrinkage=0.05


Tree=15
num_leaves=14
num_cat=3
split_feature=0 33 0 1 34 37 35 39 43 40 5 5 20
split_gain=370.538 54.1299 44.3072 50.5335 18.9642 16.9461 8.41993 8.11413 3.84057 3.18899 7.68615 3.12266 2.17941
threshold=0 31.550000000000004 1 2 21.050000000000004 70.500000000000014 88.092262000000019 20.650000000000002 49.000000000000007 0.35000000000000003 0.53312596302726967 -0.97111920233974802 33.350000000000001
decision_type=1 2 1 1 2 2 2 2 2 2 2 2 2
left_child=8 5 4 -4 -3 7 -7 -2 9 10 -1 -11 -10
right_child=1 2 3 -5 -6 6 -8 -9 12 11 -12 -13 -14
leaf_value=0.0024928679849025807 -0.026567325632059074 -0.053469650593799968 0.031231156060667287 0.0075772901736606141 0.00061485927224220896 -0.0017248331582206085 0.084340399104698108 -0.0048602594651028751 -0.037950742178637219 -0.033789349209001715 -0.051055943336596667 -0.052440501804637822 0.015610059248522355
leaf_weight=10.769500136375429 101.51874379813671 16.297887064516544 501.15238338708878 411.78391082584858 256.91527106612921 5.1118402481079084 5.2904804572463036 75.138876773416996 2.2270460501313201 32.476576507091522 16.357147052884102 266.98906613141298 3.7068321108818054
leaf_count=94 762 158 2999 2984 1870 36 38 528 27 404 230 3939 25
internal_value=-0.000363222 0.0111765 0.0151996 0.0203592 -0.00269632 -0.0136856 0.0456047 -0.0174139 -0.0468391 -0.0489678 -0.0304638 -0.050537 -0.00706601
internal_weight=1705.74 1373.21 1186.15 912.936 273.213 187.06 10.4023 176.658 332.526 326.592 27.1266 299.466 5.93388
internal_count=14094 9375 8011 5983 2028 1364 74 1290 4719 4667 324 4343 52
cat_boundaries=0 1 2 3
cat_threshold=48 8 1
is_linear=0
shrinkage=0.05


Tree=16
num_leaves=14
num_cat=3
split_feature=0 33 36 0 1 42 38 33 43 5 4 40 19
split_gain=356.819 44.9384 55.1683 52.1312 32.3409 27.1491 21.109 11.9715 4.04063 2.8241 4.30212 2.07461 1.62075
threshold=0 36.95000000000001 94.500000000000014 1 2 2.5000000000000004 12.262500000000001 38.400000000000006 49.000000000000007 -0.97111920233974802 1.0000000180025095e-35 0.35000000000000003 28.572917000000004
decision_type=1 2 2 1 1 2 2 2 2 2 2 2 2
left_child=8 2 5 -4 7 -2 -6 -3 9 10 -1 -11 -10
right_child=1 4 3 -5 6 -7 -8 -9 12 11 -12 -13 -14
leaf_value=-0.013367898532332731 0.0092000416951636427 0.074049243191959477 0.023017580864357901 0.0010797566849781511 0.038400596162217346 -0.030176279609349169 -0.029736402881676151 0.015722766772349558 -0.028519400802337683 -0.03434914049047192 -0.051131929057540951 -0.052363850862207101 0.017418728146954884
leaf_weight=15.996487490832807 66.994916394352913 52.995298057794571 570.78879059106112 520.65871980786324 24.873784556984901 123.2512419372797 19.323253683745861 11.260386273264883 2.776517577469348 25.391620822250843 15.108162343502043 254.8755908049643 2.9624661505222321
leaf_count=199 499 242 3708 3726 175 883 143 60 30 314 199 3933 20
internal_value=1.59007e-05 0.0110066 0.00845217 0.0127836 0.0418474 -0.0163344 0.00861181 0.0642255 -0.0469192 -0.0491594 -0.032732 -0.0508597 -0.00574017
internal_weight=1707.26 1390.15 1281.69 1091.45 108.453 190.246 44.197 64.2557 317.111 311.372 31.1046 280.267 5.73898
internal_count=14131 9436 8816 7434 620 1382 318 302 4695 4645 398 4247 50
cat_boundaries=0 1 2 3
cat_threshold=48 5 1
is_linear=0
shrinkage=0.05


Tree=17
num_leaves=13
num_cat=1
split_feature=0 34 39 33 34 5 43 23 40 5 5 9
split_gain=320.813 44.7725 37.4918 37.0525 30.178 7.688 5.1442 3.66742 3.57314 8.1407 3.38827 1.78506
threshold=0 20.350000000000005 15.450000000000001 31.350000000000005 23.850000000000005 0.99895983886342388 49.000000000000007 96.500000000000014 0.35000000000000003 0.53312596302726967 -0.97111920233974802 25.750000000000004
decision_type=1 2 2 2 2 2 2 2 2 2 2 2
left_child=6 5 4 -4 -3 7 8 -2 9 -1 -10 -8
right_child=1 2 3 -5 -6 -7 11 -9 10 -11 -12 -13
leaf_value=0.0064955014122309966 -0.053981477487002973 0.0025094585051583969 -0.013349537078062912 0.016725354147433362 -0.059555573259853029 0.026618018923344467 -0.027203252707286008 -0.022599395580170763 -0.032048042572936732 -0.050433284301155359 -0.051904528063009187 0.01999154648037961
leaf_weight=10.072426602244379 27.102472968399525 52.601671688258648 111.72573438286781 1144.8577639982104 30.131939478218555 3.7490064650773993 2.6504139453172675 17.357566677033901 30.315074972808361 14.817626088857649 243.43156326934695 3.4453074038028717
leaf_count=90 239 368 805 7565 206 29 30 145 398 224 3930 23
internal_value=-0.000172415 0.0101071 0.0118931 0.0140428 -0.0205362 -0.0366899 -0.0456936 -0.0424963 -0.0481133 -0.0280345 -0.0498302 -0.00147054
internal_weight=1692.26 1387.53 1339.32 1256.58 82.7336 48.209 304.732 44.46 298.637 24.8901 273.747 6.09572
internal_count=14052 9357 8944 8370 574 413 4695 384 4642 314 4328 53
cat_boundaries=0 1
cat_threshold=48
is_linear=0
shrinkage=0.05


Tree=18
num_leaves=14
num_cat=1
split_feature=0 33 25 39 4 37 33 43 4 40 5 5 9
split_gain=306.804 40.487 49.287 45.0725 31.2631 14.0907 8.29124 5.20914 5.13936 4.3699 9.79661 4.00745 1.53571
threshold=0 31.550000000000004 6.8347225000000007 27.450000000000006 -0.99467753128998015 70.500000000000014 31.150000000000002 49.000000000000007 -0.92274349529687905 0.35000000000000003 0.53312596302726967 -0.97507822412530132 25.750000000000004
decision_type=1 2 2 2 2 2 2 2 2 2 2 2 2
left_child=7 5 4 -4 -3 6 -2 9 -7 10 -1 -11 -9
right_child=1 2 3 -5 -6 8 -8 12 -10 11 -12 -13 -14
leaf_value=0.011946352496136394 -0.025479364741499158 -0.056162388954441159 0.0055255878577073056 0.063715927373702352 0.03401798508696896 -0.0099537258179506292 -0.0036581314493285993 -0.025421725342784269 0.061660965356271247 -0.029754048147301433 -0.050297364542233373 -0.051884115614582893 0.01895538446761021
leaf_weight=9.913844935595991 89.831786103546619 9.0644579082727414 872.05173859000206 33.615288823843002 291.08963058143854 3.1786589324474335 84.342042870819569 2.4445535615086547 7.6298360973596555 27.566333517432213 15.011230021715162 234.61489552631974 3.4920658469200134
leaf_count=88 681 60 5870 175 1867 23 603 28 52 371 237 3956 23
internal_value=0.000304321 0.010176 0.01359 0.00775331 0.0311171 -0.011485 -0.0149938 -0.0452304 0.0415405 -0.047724 -0.0260343 -0.0496792 -0.000348536
internal_weight=1683.85 1390.8 1205.82 905.667 300.154 184.982 174.174 293.043 10.8085 287.106 24.9251 262.181 5.93662
internal_count=14034 9331 7972 6045 1927 1359 1284 4703 75 4652 325 4327 51
cat_boundaries=0 1
cat_threshold=48
is_linear=0
shrinkage=0.05


Tree=19
num_leaves=15
num_cat=1
split_feature=1 32 36 34 39 5 4 34 34 38 34 5 4 42
split_gain=40.3398 42.5467 50.4339 56.9565 32.1831 24.3057 51.5362 38.5045 35.7245 25.3227 20.7965 16.1469 15.9688 10.412
threshold=0 29.217262000000002 95.500000000000014 24.450000000000003 24.350000000000005 -0.31800055644052067 -0.452744437932114 25.150000000000002 23.650000000000002 12.562500000000002 20.350000000000005 0.19969739736768835 0.97112537654464559 4.5000000000000009
decision_type=1 2 2 2 2 2 2 2 2 2 2 2 2 2
left_child=1 2 13 -4 12 6 9 -8 10 -2 -7 -10 -3 -1
right_child=5 4 3 -5 -6 8 7 -9 11 -11 -12 -13 -14 -15
leaf_value=-0.013762276683733674 0.03974212016890185 0.031602500862548059 0.015849943046606998 -0.021964513004418384 0.071175977578461253 -0.048662443288064815 -0.022107182080643144 0.024606437137791821 -0.053690168881035817 -0.032353369056103233 -0.0034945377368424905 -0.011977981750413164 -0.020293822506384243 -0.042918784597248474
leaf_weight=85.431612376123667 92.813733700662851 44.444573510438204 550.31147184222937 120.61485083028674 40.953351140022278 27.012649059295654 185.6471446454525 56.86170419305563 74.538616817444563 13.231938794255255 284.78581497818232 34.48935791477561 21.175516113638878 48.122134197503328
leaf_count=712 736 294 4301 920 243 310 1640 469 729 107 2666 313 171 397
internal_value=0.000276134 0.00739155 0.00343806 0.00902933 0.0369255 -0.00814817 0.00161758 -0.011098 -0.0162214 0.0305281 -0.00755072 -0.0407239 0.0148024 -0.0245089
internal_weight=1680.43 911.054 804.48 670.926 106.573 769.381 348.555 242.509 420.826 106.046 311.798 109.028 65.6201 133.554
internal_count=14008 7038 6330 5221 708 6970 2952 2109 4018 843 2976 1042 465 1109
cat_boundaries=0 1
cat_threshold=1
is_linear=0
shrinkage=0.05


Tree=20
num_leaves=14
num_cat=1
split_feature=0 34 42 4 4 37 20 43 23 5 4 42 9
split_gain=283.535 40.9017 48.6774 53.4311 44.6151 18.7525 12.8412 3.6602 3.45614 3.10642 4.63744 2.87709 2.35415
threshold=0 21.050000000000004 2.5000000000000004 0.85673801594079257 0.80926549319045582 32.500000000000007 32.150000000000013 49.000000000000007 97.500000000000014 -0.97111920233974802 1.0000000180025095e-35 1.5000000000000002 25.750000000000004
decision_type=1 2 2 2 2 2 2 2 2 2 2 2 2
left_child=7 5 4 -4 -3 8 -7 9 -2 10 -1 -11 -9
right_child=1 2 3 -5 -6 6 -8 12 -10 11 -12 -13 -14
leaf_value=-0.0095740438834831486 -0.054480138542460137 0.0025457601148418008 0.013129832620235905 -0.015001993608054924 0.065470836077289263 -0.023203964239542102 0.022068577616444998 -0.038387137898987927 -0.0018655916723681898 -0.030982256093963701 -0.050278132995853056 -0.051634728261045315 0.017691150747784479
leaf_weight=14.696462772786619 33.131223194301128 45.329397097229958 986.60441712290049 202.70676199346781 73.774411529302597 37.667400620877743 25.360361121594906 2.211794137954711 3.5149565786123267 24.219898957759142 13.457487910985945 219.9419218711555 3.5489607900381088
leaf_count=196 300 307 6418 1399 435 319 191 27 28 336 196 3875 23
internal_value=-0.000218398 0.00897841 0.0113979 0.00832646 0.0417429 -0.0216878 -0.00492757 -0.04535 -0.0496172 -0.0478085 -0.0300877 -0.0497208 -0.00633291
internal_weight=1686.17 1408.09 1308.41 1189.31 119.104 99.6739 63.0278 278.077 36.6462 272.316 28.154 244.162 5.76075
internal_count=14050 9397 8559 7817 742 838 510 4653 328 4603 392 4211 50
cat_boundaries=0 1
cat_threshold=48
is_linear=0
shrinkage=0.05


Tree=21
num_leaves=13
num_cat=2
split_feature=0 0 5 39 42 34 5 43 5 37 42 9
split_gain=255.728 35.936 41.9546 54.0626 43.988 19.7074 28.6546 5.16601 3.01993 6.06321 3.68477 1.20534
threshold=0 1 -0.39827153806311177 18.650000000000002 3.5000000000000004 21.050000000000004 0.98174098242282859 49.000000000000007 -0.97111920233974802 61.500000000000007 1.5000000000000002 25.750000000000004
decision_type=1 1 2 2 2 2 2 2 2 2 2 2
left_child=7 5 3 -3 -4 -2 -7 8 9 -1 -10 -9
right_child=1 2 4 -5 -6 6 -8 11 10 -11 -12 -13
leaf_value=-0.047994687255111135 -0.053597546779212357 -0.0056530376193298718 0.023148040332630068 0.033357867871014052 -0.0050616546600215986 -0.0068034771584308765 0.070183852215006559 -0.022973273856257578 -0.028236144602389962 -0.00070784335439942842 -0.051166333378560518 0.016960333384042885
leaf_weight=16.248895667493347 20.106737717986107 118.09544000774622 201.79395985603333 353.96835188567638 432.97787825763226 287.45722647756338 11.617288097739218 2.2158610895276061 23.630873005837202 11.218031689524649 210.73802340775728 3.5829333662986755
leaf_count=237 209 722 1346 2092 2952 2075 78 27 336 156 3886 23
internal_value=-0.000533958 0.00797285 0.0122249 0.0236073 0.00392851 -0.006688 -0.00358905 -0.0443663 -0.0470478 -0.0293851 -0.0489841 0.000566162
internal_weight=1693.65 1426.02 1106.84 472.064 634.772 319.181 299.075 267.635 261.836 27.4669 234.369 5.79879
internal_count=14139 9474 7112 2814 4298 2362 2153 4665 4615 393 4222 50
cat_boundaries=0 1 2
cat_threshold=48 8
is_linear=0
shrinkage=0.05


Tree=22
num_leaves=14
num_cat=2
split_feature=0 34 39 43 5 5 1 43 11 5 4 42 20
split_gain=241.511 32.316 29.6253 65.1369 54.927 8.9952 9.81097 5.42649 3.63593 3.01128 4.39218 2.93291 0.919621
threshold=0 20.350000000000005 18.750000000000004 1.8500000000000003 0.8511460603353429 0.98899263613956456 1 49.000000000000007 96.500000000000014 -0.97111920233974802 1.0000000180025095e-35 1.5000000000000002 33.45000000000001
decision_type=1 2 2 2 2 2 1 2 2 2 2 2 2
left_child=7 5 3 -3 -4 8 -7 9 -2 10 -1 -11 -9
right_child=1 2 4 -5 -6 6 -8 12 -10 11 -12 -13 -14
leaf_value=-0.0096017633621334024 -0.053281541369694298 0.042841824933192274 0.017312454333216515 -0.010188447104635966 -0.029726982895825413 0.049068914193218377 -0.045470228528858479 -0.015381334362547953 -0.013426368512519141 -0.029799815503253703 -0.049759497295533084 -0.050930058019768076 0.019525332370292497
leaf_weight=14.750710122287275 27.552061296999454 67.758375927805901 871.24056682735682 365.90704089403152 65.914385266602039 5.4405317604541761 3.8097462803125381 2.7466458007693282 8.1871580183505994 23.363622259348631 12.682510569691656 201.69461364671588 2.8203946501016617
leaf_count=202 266 450 5595 2432 474 37 35 30 73 344 199 3891 18
internal_value=-0.00065242 0.00754947 0.00898003 -0.00182319 0.0139758 -0.033645 0.00949532 -0.0440959 -0.0447655 -0.0468708 -0.029264 -0.048878 0.00258352
internal_weight=1673.87 1415.81 1370.82 433.665 937.155 44.9895 9.25028 258.058 35.7392 252.491 27.4332 225.058 5.56704
internal_count=14046 9362 8951 2882 6069 411 72 4684 339 4636 401 4235 48
cat_boundaries=0 1 2
cat_threshold=48 1
is_linear=0
shrinkage=0.05


Tree=23
num_leaves=13
num_cat=2
split_feature=0 0 5 39 42 34 5 43 5 4 40 32
split_gain=224.484 38.3761 46.2459 44.1108 42.8152 16.7406 24.9458 4.69649 3.80877 5.33255 4.73505 1.17182
threshold=0 1 -0.35042475891464192 18.650000000000002 3.5000000000000004 21.050000000000004 -0.14250536273956088 49.000000000000007 -0.97111920233974802 1.0000000180025095e-35 0.35000000000000003 28.811607000000006
decision_type=1 1 2 2 2 2 2 2 2 2 2 2
left_child=7 5 3 -3 -4 -2 -7 8 9 -1 -10 -9
right_child=1 2 4 -5 -6 6 -8 11 10 -11 -12 -13
leaf_value=-0.0049754424404591839 -0.053060716040880321 -0.0036016848834844726 0.021375397150842954 0.031510036488437608 -0.0066958615464205841 -0.018836125182153919 0.010047116240382816 -0.023660025412840902 -0.025038608945286492 -0.049444714590304917 -0.050935656306547963 0.015287503655326716
leaf_weight=14.296457692980768 18.471858888864517 117.03194675594568 202.13192669302225 375.92869099974632 409.09719365090132 156.937718488276 141.05537897348404 2.2992971166968337 22.698288977146149 12.195055246353148 193.03384213149548 3.6608337461948395
leaf_count=197 202 725 1332 2167 2798 1125 1018 29 324 200 3909 23
internal_value=-0.000446054 0.0073112 0.0117002 0.0231839 0.00260698 -0.00788139 -0.00517633 -0.0432587 -0.0460693 -0.0265003 -0.048339 -0.000978278
internal_weight=1668.84 1420.65 1104.19 492.961 611.229 316.465 297.993 248.184 242.224 26.4915 215.732 5.96013
internal_count=14049 9367 7022 2892 4130 2345 2143 4682 4630 397 4233 52
cat_boundaries=0 1 2
cat_threshold=48 8
is_linear=0
shrinkage=0.05


Tree=24
num_leaves=15
num_cat=2
split_feature=0 33 38 39 26 39 26 0 41 5 38 5 44 34
split_gain=214.995 30.7422 40.6602 54.0585 29.4926 13.309 14.8332 11.3412 3.57008 8.30378 10.6526 4.23008 6.77738 4.70421
threshold=0 31.550000000000004 7.4752975000000008 18.750000000000004 14.450000000000001 20.650000000000002 13.15 1 0.35000000000000003 0.53312596302726967 10.316666500000002 -0.97111920233974802 33.650000000000006 25.350000000000005
decision_type=1 2 2 2 2 2 2 1 2 2 2 2 2 2
left_child=8 5 4 -4 -3 6 -2 -7 9 10 -1 12 -10 -13
right_child=1 2 3 -5 -6 7 -8 -9 11 -11 -12 13 -14 -15
leaf_value=0.052384856800574968 0.00034225121844503638 -0.0036012759757412371 -0.032359474935607369 0.0080128989799302854 0.028837469073045015 0.025070431819561756 -0.039637357639473299 -0.0090883554333739576 0.017908025237458391 -0.04914967726355729 -0.045071665047707189 -0.052316812803922599 -0.039810049771573791 -0.02394292439163569
leaf_weight=5.465535484254362 37.458787031471729 87.478814490139484 92.712003763765097 719.20902585983276 346.94048524647951 24.678846083581448 59.879011936485767 65.850815296173096 5.9913287386298206 12.604210861027239 3.986959345638752 171.14513243362308 20.786150824278593 18.673650611191988
leaf_count=51 290 576 637 4650 2179 153 462 471 84 233 40 3626 325 331
internal_value=-0.000313204 0.00709219 0.00998411 0.0033687 0.022312 -0.0116689 -0.0244049 0.00214178 -0.0431557 -0.0240588 0.0108994 -0.0469642 -0.0267161 -0.0496656
internal_weight=1672.86 1434.21 1246.34 811.921 434.419 187.867 97.3378 90.5297 238.653 22.0567 9.45249 216.596 26.7775 189.819
internal_count=14108 9418 8042 5287 2755 1376 752 624 4690 324 91 4366 409 3957
cat_boundaries=0 1 2
cat_threshold=48 4
is_linear=0
shrinkage=0.05


Tree=25
num_leaves=14
num_cat=3
split_feature=0 34 1 33 4 5 1 17 43 40 5 5 4
split_gain=207.867 28.7999 26.6424 33.1677 31.4865 9.10528 9.47736 4.47228 3.60271 3.55783 6.86641 3.41056 1.06896
threshold=0 20.350000000000005 1 36.95000000000001 -0.98523971305672664 0.98899263613956456 2 20.700000000000003 49.000000000000007 0.35000000000000003 0.53312596302726967 -0.97111920233974802 0.61237135649459018
decision_type=1 2 1 2 2 2 1 2 2 2 2 2 2
left_child=8 5 3 -3 -4 7 -7 -2 9 10 -1 -11 -10
right_child=1 2 4 -5 -6 6 -8 -9 12 11 -12 -13 -14
leaf_value=0.0071151863762491246 -0.010835783290421921 0.010987040953024234 -0.051172542412358406 0.046701782489607852 0.0028810602761778379 0.050687151589183632 -0.044517859466410535 -0.053085463288960813 -0.020722987444056606 -0.029531671506394332 -0.048751267892098119 -0.051066490729611773 0.017319243681977823
leaf_weight=9.2770813032984751 8.8435753881931287 689.32242684811354 27.206474967300892 70.962395414710045 599.55559415370226 5.3108136653900129 3.50565505027771 27.001900870352983 3.2526279315352431 25.987602259963751 11.748334884643553 176.45670733228326 2.3055555820465088
leaf_count=89 83 4158 223 315 4245 35 33 268 36 407 227 3914 15
internal_value=-0.000409199 0.00676391 0.0080921 0.0143775 0.000456924 -0.0322777 0.0121525 -0.0432389 -0.043488 -0.0463646 -0.0248973 -0.0484608 -0.00470823
internal_weight=1660.74 1431.71 1387.05 760.285 626.762 44.6619 8.81647 35.8455 229.028 223.47 21.0254 202.444 5.55818
internal_count=14048 9360 8941 4473 4468 419 68 351 4688 4637 316 4321 51
cat_boundaries=0 1 2 3
cat_threshold=48 1 1
is_linear=0
shrinkage=0.05


Tree=26
num_leaves=15
num_cat=3
split_feature=0 1 38 33 0 4 4 42 5 38 5 44 34 19
split_gain=188.477 30.5643 40.093 44.8698 38.3457 22.6284 35.917 4.71459 10.5389 8.89342 4.5423 6.38433 4.88979 1.94791
threshold=0 1 6.1681545000000009 31.650000000000002 2 -0.98803845231459231 -0.28519255817492867 1.5000000000000002 0.5475998096715059 10.316666500000002 -0.97111920233974802 33.650000000000006 25.350000000000005 27.086805500000001
decision_type=1 1 2 2 1 2 2 2 2 2 2 2 2 2
left_child=7 2 3 -2 -4 13 -7 8 9 -1 11 -9 -12 -3
right_child=1 5 4 -5 -6 6 -8 10 -10 -11 12 -13 -14 -15
leaf_value=0.053454303697029054 -0.02742150237739506 -0.055177508321931384 -0.012772153099631027 0.062109158595252935 0.015241955599037774 0.016859664557979381 -0.0082273775463192859 0.018068423555180138 -0.048653730629212306 -0.041761345296990937 -0.052050400709239858 -0.038433203707843144 -0.022599988900388973 -0.010171718967625511
leaf_weight=5.8327145352959651 16.735123261809349 19.315316520631317 148.49581135809422 71.358497083187103 554.87724805623293 218.38947554677725 407.00897151604295 5.9814020842313793 11.977102566510437 2.929771862924099 155.81010846048594 19.155240159481764 17.897751025855541 3.3098522648215285
leaf_count=52 111 166 1029 368 3188 1498 3002 85 246 32 3611 319 332 27
internal_value=6.33165e-05 0.0067377 0.0133706 0.0449842 0.00935296 -0.00126775 0.000545961 -0.0419277 -0.0197915 0.0206019 -0.046224 -0.0248114 -0.0491627 -0.0493028
internal_weight=1659.07 1439.49 791.467 88.0936 703.373 648.024 625.398 219.584 20.7396 8.76249 198.845 25.1366 173.708 22.6252
internal_count=14066 9389 4696 479 4217 4693 4500 4677 330 84 4347 404 3943 193
cat_boundaries=0 1 2 3
cat_threshold=48 1 8
is_linear=0
shrinkage=0.05


Tree=27
num_leaves=14
num_cat=3
split_feature=0 1 0 6 43 4 4 43 42 5 5 25 15
split_gain=173.427 29.7749 32.8896 37.815 31.7069 24.9451 35.5042 5.36189 4.73729 9.99972 5.19857 0.729266 0.184198
threshold=0 1 2 2.5000000000000004 33.250000000000007 -0.98803845231459231 -0.30163705152652737 49.000000000000007 1.5000000000000002 0.5475998096715059 -0.97111920233974802 6.9458335000000009 3.2500000000000004
decision_type=1 1 1 2 2 2 2 2 2 2 2 2 2
left_child=7 2 4 -4 -2 12 -7 8 9 -1 -10 -9 -3
right_child=1 5 3 -5 -6 6 -8 11 10 -11 -12 -13 -14
leaf_value=0.018421026504944548 -0.012778035477180911 -0.018991894138125118 -0.0049036323348396749 0.024948758449381488 0.069203295822861804 0.016568984982570322 -0.0084130713529359854 0.020410080037246599 -0.023748192973909139 -0.04855264387484573 -0.050096922272732582 -0.011611358951648495 -0.054892463496283433
leaf_weight=9.0114079751074332 160.01089546829462 1.7620368525385881 135.31665204465389 485.14801349490881 11.734264619648455 218.36881428211927 403.40606901794672 2.7857289016246787 24.271137602627277 12.030547279864548 160.73246857151389 2.4597588293254375 19.976003117859364
leaf_count=84 1093 15 787 2714 80 1474 2996 18 399 258 3890 30 178
internal_value=0.000120835 0.00643712 0.0129653 0.0181488 -0.00643601 -0.00150728 0.000373203 -0.0409985 -0.0441965 -0.0203361 -0.0467864 0.00593941 -0.0529457
internal_weight=1647.01 1435.72 792.21 620.465 171.745 643.513 621.775 211.291 206.046 21.042 185.004 5.24549 21.738
internal_count=14016 9337 4674 3501 1173 4663 4470 4679 4631 342 4289 48 193
cat_boundaries=0 1 2 3
cat_threshold=48 1 8
is_linear=0
shrinkage=0.05


Tree=28
num_leaves=14
num_cat=2
split_feature=0 33 38 39 39 39 44 0 40 5 38 5 35
split_gain=168.62 36.6746 36.0305 49.594 29.619 8.5088 13.0574 8.65005 3.85511 6.97163 8.70424 4.72015 15.065
threshold=0 31.550000000000004 7.4619050000000007 18.750000000000004 16.250000000000004 20.650000000000002 29.350000000000005 1 0.35000000000000003 0.53312596302726967 10.316666500000002 -0.6905596507703472 78.282738000000009
decision_type=1 2 2 2 2 2 2 1 2 2 2 2 2
left_child=8 5 4 -4 -3 6 -2 -7 9 10 -1 12 -10
right_child=1 2 3 -5 -6 7 -8 -9 11 -11 -12 -13 -14
leaf_value=0.044620863279601672 0.0016740642440782319 -0.00032631371545236348 -0.03086325917067595 0.0077034379368061054 0.029060657026057986 0.017929405241019086 -0.037294928973080635 -0.012194693304035895 0.10842103462687623 -0.047745732056721876 -0.043953121493859632 -0.051695525297643902 -0.037233193556759393
leaf_weight=5.9032944142818469 31.844147183001041 117.51353327184916 93.105408400297165 729.40833573043346 315.93296577781439 24.462349437177181 64.62217003852129 63.28658764064312 0.88023573160171409 10.030014559626578 3.6675827503204346 117.9427984431386 64.730695649981499
leaf_count=50 250 754 644 4667 1917 147 504 452 20 221 39 3012 1341
internal_value=0.000252572 0.00636132 0.0094624 0.00330566 0.021111 -0.014375 -0.0245458 -0.00304323 -0.0411669 -0.02057 0.00973203 -0.0454736 -0.0336808
internal_weight=1643.33 1440.18 1255.96 822.514 433.446 184.215 96.4663 87.7489 203.155 19.6009 9.57088 183.554 65.6109
internal_count=14018 9335 7982 5311 2671 1353 754 599 4683 310 89 4373 1361
cat_boundaries=0 1 2
cat_threshold=48 4
is_linear=0
shrinkage=0.05


Tree=29
num_leaves=15
num_cat=1
split_feature=0 34 42 4 2 36 19 5 44 44 4 42 5 34
split_gain=154.989 28.2152 38.4305 43.2393 41.0959 15.163 10.934 3.61489 6.914 11.9071 4.98417 4.57344 7.32146 5.50491
threshold=0 21.050000000000004 2.5000000000000004 0.80926549319045582 4.5000000000000009 94.500000000000014 27.040972500000006 -0.97111920233974802 33.650000000000006 32.600000000000001 -0.15951315977791497 1.5000000000000002 0.5475998096715059 25.350000000000005
decision_type=1 2 2 2 2 2 2 2 2 2 2 2 2 2
left_child=7 5 3 -3 -4 -2 -7 8 9 -1 -10 12 -9 -13
right_child=1 2 4 -5 -6 6 -8 11 10 -11 -12 13 -14 -15
leaf_value=-0.040305136030446859 -0.055187218625669332 -0.004698472265915298 -0.011100222031999478 0.055152025687543016 0.0098561401990010442 -0.019512578203861035 0.026679525001749523 0.010327290702368659 0.012665818720741854 0.086249600796573234 -0.049690236154431869 -0.051676774694538109 -0.047901636184038227 -0.01911301252117547
leaf_weight=2.9747213423252132 23.164826568216085 47.569313213229179 314.29912079870701 80.847209259867668 906.30484310537577 55.783954974263906 15.608465030789374 9.4280215017497557 3.5803490653634134 2.5916034802794456 14.744892023503775 137.2364686280489 10.76761197298765 16.04572019726038
leaf_count=45 215 306 2133 444 5622 492 109 86 57 37 275 3650 252 318
internal_value=-0.000469077 0.00531425 0.00720617 0.0331166 0.00445532 -0.020914 -0.0091846 -0.0407938 -0.0230914 0.0227788 -0.0374823 -0.0454236 -0.0215136 -0.0484139
internal_weight=1640.95 1443.58 1349.02 128.417 1220.6 94.5572 71.3924 197.369 23.8916 5.56632 18.3252 173.478 20.1956 153.282
internal_count=14041 9321 8505 750 7755 816 601 4720 414 82 332 4306 338 3968
cat_boundaries=0 1
cat_threshold=48
is_linear=0
shrinkage=0.05


Tree=30
num_leaves=14
num_cat=3
split_feature=0 33 38 1 22 37 33 43 1 40 5 20 5
split_gain=142.303 26.1674 25.1528 34.7183 24.8851 7.64562 6.45855 5.31519 6.62662 4.15811 6.40707 4.07935 3.90081
threshold=0 31.550000000000004 6.2047620000000014 1 86.798611500000007 70.500000000000014 31.150000000000002 49.000000000000007 2 0.35000000000000003 0.53312596302726967 30.450000000000003 -0.97111920233974802
decision_type=1 2 2 1 2 2 2 2 1 2 2 2 2
left_child=7 5 3 -3 -4 6 -2 9 -9 10 -1 -7 -11
right_child=1 2 4 -5 -6 11 -8 8 -10 12 -12 -13 -14
leaf_value=0.0076492834727914689 -0.02493625848071845 0.049609128504074868 0.0014588511206454948 -0.0018998214800273366 0.021171168667569629 -0.016768251614268558 -0.0055733003938089202 0.052453497339512545 -0.042815361143058832 -0.025507364746477218 -0.047430493218153999 0.041274747730699599 -0.049816506565919336
leaf_weight=9.8772084489464778 88.381707049906254 76.107876844704151 936.00299672409892 56.696921847760677 192.18709161877632 3.7486630156636229 84.533043682575226 2.6673671118915072 2.6463671028614044 22.508598379790783 9.7825881354510766 8.6589867025613767 140.58871225267649
leaf_count=91 690 377 6039 396 1153 27 595 26 26 400 235 53 3907
internal_value=-0.000769841 0.00465656 0.00726832 0.0277691 0.00483262 -0.0128085 -0.0155567 -0.0404131 0.00574077 -0.0439783 -0.0207272 0.0237958 -0.0466376
internal_weight=1634.39 1446.32 1260.99 132.805 1128.19 185.322 172.915 188.071 5.31373 182.757 19.6598 12.4076 163.097
internal_count=14015 9330 7965 773 7192 1365 1285 4685 52 4633 326 80 4307
cat_boundaries=0 1 2 3
cat_threshold=48 1 1
is_linear=0
shrinkage=0.05


end of trees

feature_importances:
day_of_year_cos=73
age_group=53
temperature_min_7d=34
day_of_year_sin=30
rain_max_daily_7d=28
gender=22
temperature_max_7d=22
precipitation_sum_7d=20
wind_speed_max_7d=17
wind_speed_mean_7d=14
rain_days_7d=14
temperature_max_3d=13
humidity_min_7d=8
temperature_mean_3d=7
wind_gust_max_7d=7
humidity_max_7d=6
temperature_min_current=5
temperature_mean_7d=5
humidity_mean_7d=5
wind_speed_mean_3d=3
humidity_max_3d=2
wind_speed_max_3d=2
rain_max_daily_3d=2
rain_sum_7d=2
month=1
weather_code_current=1
humidity_max_current=1
wind_speed_mean_current=1
precipitation_sum_current=1
wind_gust_max_current=1
temperature_min_3d=1
humidity_mean_3d=1
humidity_min_3d=1

parameters:
[boosting: gbdt]
[objective: binary]
[metric: binary_logloss]
[tree_learner: serial]
[device_type: cpu]
[data_sample_strategy: bagging]
[data: ]
[valid: ]
[num_iterations: 31]
[learning_rate: 0.05]
[num_leaves: 15]
[num_threads: 8]
[seed: 42]
[deterministic: 0]
[force_col_wise: 0]
[force_row_wise: 0]
[histogram_pool_size: -1]
[max_depth: 4]
[min_data_in_leaf: 20]
[min_sum_hessian_in_leaf: 0.001]
[bagging_fraction: 0.9]
[pos_bagging_fraction: 1]
[neg_bagging_fraction: 1]
[bagging_freq: 1]
[bagging_seed: 400]
[bagging_by_query: 0]
[feature_fraction: 0.9]
[feature_fraction_bynode: 1]
[feature_fraction_seed: 30056]
[extra_trees: 0]
[extra_seed: 12879]
[early_stopping_round: 0]
[early_stopping_min_delta: 0]
[first_metric_only: 0]
[max_delta_step: 0]
[lambda_l1: 0]
[lambda_l2: 1]
[linear_lambda: 0]
[min_gain_to_split: 0]
[drop_rate: 0.1]
[max_drop: 50]
[skip_drop: 0.5]
[xgboost_dart_mode: 0]
[uniform_drop: 0]
[drop_seed: 17869]
[top_rate: 0.2]
[other_rate: 0.1]
[min_data_per_group: 100]
[max_cat_threshold: 32]
[cat_l2: 10]
[cat_smooth: 10]
[max_cat_to_onehot: 4]
[top_k: 20]
[monotone_constraints: ]
[monotone_constraints_method: basic]
[monotone_penalty: 0]
[feature_contri: ]
[forcedsplits_filename: ]
[refit_decay_rate: 0.9]
[cegb_tradeoff: 1]
[cegb_penalty_split: 0]
[cegb_penalty_feature_lazy: ]
[cegb_penalty_feature_coupled: ]
[path_smooth: 0]
[interaction_constraints: ]
[verbosity: -1]
[saved_feature_importance_type: 0]
[use_quantized_grad: 0]
[num_grad_quant_bins: 4]
[quant_train_renew_leaf: 0]
[stochastic_rounding: 1]
[linear_tree: 0]
[max_bin: 255]
[max_bin_by_feature: ]
[min_data_in_bin: 3]
[bin_construct_sample_cnt: 200000]
[data_random_seed: 175]
[is_enable_sparse: 1]
[enable_bundle: 1]
[use_missing: 1]
[zero_as_missing: 0]
[feature_pre_filter: 1]
[pre_partition: 0]
[two_round: 0]
[header: 0]
[label_column: ]
[weight_column: ]
[group_column: ]
[ignore_column: ]
[categorical_feature: 0,1,3]
[forcedbins_filename: ]
[precise_float_parser: 0]
[parser_config_file: ]
[objective_seed: 16083]
[num_class: 1]
[is_unbalance: 0]
[scale_pos_weight: 1]
[sigmoid: 1]
[boost_from_average: 1]
[reg_sqrt: 0]
[alpha: 0.9]
[fair_c: 1]
[poisson_max_delta_step: 0.7]
[tweedie_variance_power: 1.5]
[lambdarank_truncation_level: 30]
[lambdarank_norm: 1]
[label_gain: ]
[lambdarank_position_bias_regularization: 0]
[eval_at: ]
[multi_error_top_k: 1]
[auc_mu_weights: ]
[num_machines: 1]
[local_listen_port: 12400]
[time_out: 120]
[machine_list_filename: ]
[machines: ]
[gpu_platform_id: -1]
[gpu_device_id: -1]
[gpu_device_id_list: ]
[gpu_use_dp: 0]
[num_gpu: 1]

end of parameters

pandas_categorical:[]
