tree
version=v4
num_class=1
num_tree_per_iteration=1
label_index=0
max_feature_idx=44
objective=binary sigmoid:1
feature_names=age_group gender month season day_of_year_sin day_of_year_cos weather_code_current temperature_mean_current temperature_max_current temperature_min_current humidity_mean_current humidity_max_current humidity_min_current wind_speed_mean_current wind_speed_max_current precipitation_sum_current rain_sum_current wind_gust_max_current rain_day_current temperature_mean_3d temperature_max_3d temperature_min_3d humidity_mean_3d humidity_max_3d humidity_min_3d wind_speed_mean_3d wind_speed_max_3d precipitation_sum_3d rain_sum_3d rain_days_3d rain_max_daily_3d wind_gust_max_3d temperature_mean_7d temperature_max_7d temperature_min_7d humidity_mean_7d humidity_max_7d humidity_min_7d wind_speed_mean_7d wind_speed_max_7d precipitation_sum_7d rain_sum_7d rain_days_7d rain_max_daily_7d wind_gust_max_7d
feature_infos=-1:0:1:2:3:4:5 -1:0:1 [1:12] -1:1:0 [-0.99999942202469239:0.99998555065071859] [-0.99997919295908244:0.9999907524084426] [0:61] [23.658332999999999:32.533332999999999] [25.899999999999999:39.200000000000003] [17.899999999999999:29.300000000000001] [48.958333000000003:91.625] [63:100] [23:86] [2.8541669999999999:19.695833] [6.4000000000000004:30.100000000000001] [0:63.100000000000001] [0:63.100000000000001] [14:56.899999999999999] [0:1] [23.766667000000002:32.427778000000004] [27.699999999999999:39.200000000000003] [17.899999999999999:28.100000000000001] [52.569443999999997:90.694444000000004] [73:100] [23:79] [4.125:17.329167000000002] [9.6999999999999993:30.100000000000001] [0:93.900000000000006] [0:93.900000000000006] [0:3] [0:63.100000000000001] [17.300000000000001:56.899999999999999] [24.365476000000001:32.235118999999997] [28.699999999999999:39.200000000000003] [17.899999999999999:27.5] [55.767856999999999:89.523809999999997] [77:100] [23:72] [4.5327380000000002:15.469643] [11.6:30.100000000000001] [0:163.90000000000001] [0:163.90000000000001] [0:7] [0:63.100000000000001] [23:56.899999999999999]
tree_sizes=1278 1414 1518 1522 1316 1319 1530 1735 1423 1319 1418 1419 1410 1522 1500 1307 1407 1505 1520 1526 1539 1713 1429 1503 1500 1412 1385 1740 1712 1405 1725 1417 1542 1416 1511 1393

Tree=0
num_leaves=11
num_cat=2
split_feature=0 26 33 5 4 5 0 2 20 4
split_gain=451.31 196.032 121.326 99.7626 70.442 66.5276 35.4953 3.88977 6.57033 5.43438
threshold=0 19.550000000000004 38.800000000000004 -0.98521978256641018 -0.92923668111203817 -0.14250536273956088 1 9.5000000000000018 33.850000000000001 -0.83377653105606597
decision_type=1 2 2 2 2 2 1 2 2 2
left_child=1 4 3 -3 5 -1 -6 -2 9 -9
right_child=7 2 -4 -5 6 -7 -8 8 -10 -11
leaf_value=-3.0161412319185694 -3.3030110214239969 -2.9713832971298921 -2.8318575607200067 -3.1749987003718796 -3.2206798398763019 -3.2209044692473374 -3.2712064100956204 -3.267074885183594 -3.1857131052842722 -3.3016225837333129
leaf_weight=5.2757256701588657 200.19046114385128 5.6346185728907576 1.9739109650254238 96.075630061328411 43.138926908373833 11.771687209606169 86.349632397294044 19.774998940527439 0.71778580546378989 30.541786022484303
leaf_count=147 5578 157 55 2677 1202 328 2406 551 20 851
internal_value=-3.25152 -3.20499 -3.15089 -3.1611 -3.24056 -3.14801 -3.25344 -3.29785 -3.28594 -3.28862
internal_weight=501.445 250.22 103.684 101.71 146.536 17.0474 129.489 251.225 51.0346 50.3168
internal_count=13972 6972 2889 2834 4083 475 3608 7000 1422 1402
cat_boundaries=0 1 2
cat_threshold=7 1
is_linear=0
shrinkage=1


Tree=1
num_leaves=12
num_cat=2
split_feature=0 39 4 21 40 0 20 5 2 7 4
split_gain=419.393 247.411 79.5794 105.378 82.3071 39.2547 39.818 10.1027 4.007 6.19041 5.36889
threshold=0 20.250000000000004 0.93237596376505805 25.150000000000002 66.450000000000017 1 33.350000000000001 0.16587474750015926 9.5000000000000018 28.502083500000001 -0.83377653105606597
decision_type=1 2 2 2 2 1 2 2 2 2 2
left_child=1 5 4 -4 -3 6 -1 -7 -2 10 -10
right_child=8 2 3 -5 -6 7 -8 -9 9 -11 -12
leaf_value=0.0059450785323186157 -0.05156769714639281 0.032454454355729773 0.084651152960060386 0.28842344592064356 0.11791758630431488 -0.013733815206021944 0.12184684007668845 -0.05055736716639006 -0.015396632821408872 0.061640732873058747 -0.050120877983049532
leaf_weight=30.956043761223555 190.34475195407867 67.063537109643221 18.398648362606767 9.8661982938647252 48.993533577769995 38.315033979713917 8.7898925356566888 37.244174882769585 19.594938561320305 0.77747946605086227 29.105082336813211
leaf_count=834 5564 1772 484 241 1250 1070 237 1049 554 21 849
internal_value=0.000411661 0.0435642 0.0886326 0.163206 0.0692319 -0.00937724 0.0272504 -0.0285755 -0.0461826 -0.0340037 -0.0367401
internal_weight=499.449 259.627 144.322 28.2648 116.057 115.305 39.7459 75.5592 239.822 49.4775 48.7
internal_count=13925 6937 3747 725 3022 3190 1071 2119 6988 1424 1403
cat_boundaries=0 1 2
cat_threshold=7 1
is_linear=0
shrinkage=0.05


Tree=2
num_leaves=13
num_cat=2
split_feature=0 39 21 5 40 0 43 5 2 44 39 7
split_gain=379.108 206.729 91.1063 71.548 63.1899 31.3741 44.1124 11.3364 4.05469 5.98717 16.9201 1.12502
threshold=0 20.250000000000004 25.250000000000004 -0.31800055644052067 76.15000000000002 1 0.65000000000000002 0.16587474750015926 9.5000000000000018 32.600000000000001 17.650000000000002 27.789583500000003
decision_type=1 2 2 2 2 1 2 2 2 2 2 2
left_child=1 5 4 -4 -3 6 -1 -7 -2 10 -10 -11
right_child=8 2 3 -5 -6 7 -8 -9 9 11 -12 -13
leaf_value=0.15635877730985917 -0.051464007562901065 0.036288791697697304 0.078382099042943965 0.25937510251066581 0.10922372301488159 -0.011467124752433944 0.0071964512744255756 -0.050440530956565269 -0.034662329349143477 -0.049974548100019729 0.070351216828768645 0.0047834249023558468
leaf_weight=4.7650579884648314 182.3697443343699 90.567952383309603 12.802498169243338 10.52789246290922 44.486852426081896 38.606911193579435 36.155896708369255 36.553580727428198 16.61307812482119 27.271188709884886 3.9249867498874655 0.79788638278841872
leaf_count=120 5593 2261 321 192 1019 1091 950 1079 497 811 114 23
internal_value=0.0001545 0.0391761 0.0775671 0.167359 0.0609397 -0.010075 0.0225113 -0.0272561 -0.0458937 -0.0336297 -0.0122588 -0.048307
internal_weight=505.444 274.467 158.385 23.3304 135.055 116.081 40.921 75.1605 230.977 48.6071 20.5381 28.0691
internal_count=14071 7033 3793 513 3280 3240 1070 2170 7038 1445 611 834
cat_boundaries=0 1 2
cat_threshold=7 1
is_linear=0
shrinkage=0.05


Tree=3
num_leaves=13
num_cat=2
split_feature=0 39 19 30 0 4 20 4 2 44 39 19
split_gain=350.511 151.526 60.1884 61.7813 37.2026 31.6189 30.2288 9.81735 4.21393 5.84262 14.7184 1.17856
threshold=0 20.250000000000004 29.354861000000003 15.050000000000002 1 0.93237596376505805 33.350000000000001 0.99865421017599987 9.5000000000000018 32.600000000000001 17.650000000000002 27.575694500000004
decision_type=1 2 2 2 1 2 2 2 2 2 2 2
left_child=1 4 3 -3 6 -4 -1 -6 -2 10 -10 -11
right_child=8 2 5 -5 7 -7 -8 -9 9 11 -12 -13
leaf_value=0.0083954138895553018 -0.051363255993791657 0.030175074401284981 0.051746593644056829 0.10018789766488007 -0.032036382568386465 0.17281058555444295 0.10283956746064034 0.088354091633375556 -0.034052896329807056 -0.049785974614320272 0.061475352981257739 0.0063107444804089315
leaf_weight=32.117919575423002 173.90285469591618 94.205425847321749 9.1147379875183123 47.437060356140137 72.411914762109518 18.005078747868538 10.610536634922026 0.7957034707069387 16.06237477064133 25.748838534578685 4.305472880601882 0.75108348205685516
leaf_count=848 5596 2254 218 1005 2152 304 244 22 496 802 117 22
internal_value=0.000499681 0.0365649 0.0679381 0.0541608 -0.0061669 0.135409 0.0273982 -0.0260451 -0.0455585 -0.0329143 -0.0119276 -0.0480244
internal_weight=505.469 284.698 168.762 141.642 115.936 27.1198 42.7285 73.2076 220.771 46.8678 20.3678 26.4999
internal_count=14080 7047 3781 3259 3266 522 1092 2174 7033 1437 613 824
cat_boundaries=0 1 2
cat_threshold=7 1
is_linear=0
shrinkage=0.05


Tree=4
num_leaves=11
num_cat=2
split_feature=0 39 5 37 0 43 5 2 20 4
split_gain=329.203 138.547 56.2336 61.3543 28.608 30.618 12.2911 3.2575 6.16166 3.72713
threshold=0 20.250000000000004 0.91511078773075505 30.500000000000004 1 0.65000000000000002 0.16587474750015926 9.5000000000000018 33.850000000000001 -0.83377653105606597
decision_type=1 2 2 2 1 2 2 2 2 2
left_child=1 4 3 -3 5 -1 -6 -2 9 -9
right_child=7 2 -4 -5 6 -7 -8 8 -10 -11
leaf_value=0.12460474305157876 -0.051266559386712131 0.13315989985514962 -0.047602425821169574 0.054865986161125035 -0.008433561445008203 0.0090378390803826196 -0.050178984250614005 -0.018947026163004421 0.060743458719255197 -0.049663711831957828
leaf_weight=5.7823490463197222 165.90623453259468 30.671684626489878 10.181314721703528 138.50369891896844 37.058689199388027 38.258659660816193 33.507034901529551 18.841909568756819 0.79132771119475265 25.336137734353542
leaf_count=119 5602 606 245 2942 1088 975 1068 567 21 833
internal_value=0.000701378 0.0343863 0.0628707 0.0697598 -0.00737476 0.0218006 -0.0251637 -0.0456643 -0.0342638 -0.0372724
internal_weight=504.839 293.963 179.357 169.175 114.607 44.041 70.5657 210.876 44.9694 44.178
internal_count=14066 7043 3793 3548 3250 1094 2156 7023 1421 1400
cat_boundaries=0 1 2
cat_threshold=7 1
is_linear=0
shrinkage=0.05


Tree=5
num_leaves=11
num_cat=2
split_feature=0 39 5 5 0 33 5 2 20 4
split_gain=278.105 106.228 45.5246 38.6046 28.2676 22.457 10.1979 3.97776 6.68444 4.79887
threshold=0 20.250000000000004 0.91511078773075505 -0.97874870457683605 1 33.45000000000001 0.16587474750015926 9.5000000000000018 34.250000000000007 -0.83377653105606597
decision_type=1 2 2 2 1 2 2 2 2 2
left_child=1 4 3 -3 5 -1 -6 -2 9 -9
right_child=7 2 -4 -5 6 -7 -8 8 -10 -11
leaf_value=0.00039590398817764455 -0.051171883129192554 0.13274784700088804 -0.047426201079341354 0.050942316948698434 -0.011468822417498652 0.074588691881273955 -0.050026305934364218 -0.01470637570904247 0.069881315853178916 -0.049542450948491135
leaf_weight=30.461916800588369 157.47660979628563 15.418455518782137 9.9890810996294004 164.06144455820322 37.456586766988039 14.341197330504654 31.904913086444139 17.938729109242558 0.6560530848801126 24.705855578184128
leaf_count=786 5580 278 251 3254 1108 302 1066 550 16 850
internal_value=-0.000809918 0.0290386 0.0528535 0.0586665 -0.00807911 0.0207289 -0.0259722 -0.0450751 -0.0324222 -0.0355611
internal_weight=504.411 303.634 189.469 179.48 114.165 44.8031 69.3615 200.777 43.3006 42.6446
internal_count=14041 7045 3783 3532 3262 1088 2174 6996 1416 1400
cat_boundaries=0 1 2
cat_threshold=7 1
is_linear=0
shrinkage=0.05


Tree=6
num_leaves=13
num_cat=0
split_feature=39 5 37 4 4 33 39 4 5 34 23 32
split_gain=70.0922 31.9451 36.2175 35.4957 20.4104 8.33214 13.1544 12.3037 15.2763 8.43562 7.0471 4.04975
threshold=19.550000000000004 0.91511078773075505 30.500000000000004 -0.86976336936302323 0.61915405168109316 33.150000000000013 16.750000000000004 -0.861146256326485 -0.091258822863740582 22.250000000000004 96.500000000000014 24.806548000000003
decision_type=2 2 2 2 2 2 2 2 2 2 2 2
left_child=5 2 4 -4 -2 7 10 8 -1 -8 -7 -9
right_child=1 -3 3 -5 -6 6 9 11 -10 -11 -12 -13
leaf_value=0.038553361198973929 0.1402542094863938 -0.049144513636851614 0.050440040577510517 0.00051512237401540298 0.04170232306366236 0.070071037659536692 0.018220440463760569 0.043470295640055452 -0.031243449233876598 -0.036517277757769813 0.0028912263594166321 -0.043831588062780875
leaf_weight=11.194768834859131 5.2437626980245104 18.567501751706004 41.729387674480677 213.58342281915247 48.559371370822191 5.1566734835505512 8.2978002410382015 0.5936364009976377 21.017764933407307 31.761290468275547 10.917414043098686 88.755776358768344
leaf_count=347 136 576 1002 5549 1119 149 262 19 648 996 344 2936
internal_value=-0.000784153 0.0129201 0.0167946 0.00884001 0.0536914 -0.0259868 -0.00982061 -0.0333107 -0.00655661 -0.0250113 0.0272846 -0.0427768
internal_weight=505.379 327.683 309.116 255.313 53.8031 177.695 56.1332 121.562 32.2125 40.0591 16.0741 89.3494
internal_count=14083 8382 7806 6551 1255 5701 1751 3950 995 1258 493 2955
is_linear=0
shrinkage=0.05


Tree=7
num_leaves=15
num_cat=2
split_feature=0 39 19 5 0 5 40 5 44 4 4 20 44 4
split_gain=254.742 78.5259 37.4673 45.7442 28.0312 20.9503 19.2301 10.1927 4.19131 10.5578 8.67271 4.2123 0.530074 7.66621
threshold=0 20.250000000000004 29.428472000000003 -0.97874870457683605 1 -0.36648370705903521 103.25000000000001 0.16587474750015926 29.000000000000004 -0.83377653105606597 -0.89406062840022227 34.250000000000007 32.600000000000001 -0.89406062840022227
decision_type=1 2 2 2 1 2 2 2 2 2 2 2 2 2
left_child=1 4 3 -3 6 -4 -1 -6 9 10 -2 -11 13 -10
right_child=8 2 5 -5 7 -7 -8 -9 12 11 -12 -13 -14 -15
leaf_value=0.014272817224322635 -0.029120367951761619 0.11047086261354183 0.025029249780849284 0.026925044547886058 -0.010153601019957815 0.11892272329845695 0.11547695868216319 -0.049826608045790616 0.024312869637279418 -0.047287270584171613 0.11423012421098973 0.046137613806310193 -0.050788209598259193 -0.049076501296561555
leaf_weight=40.299248769879341 1.2929932326078417 17.604466754943132 8.6839806064963323 150.66054720804095 35.088248193264008 23.44377164542675 4.3812928907573214 30.134999223053455 3.6153018288314369 11.434268850833174 1.4197428673505772 0.54601286351680833 153.58134911209345 20.929762940853834
leaf_count=969 42 283 179 2998 1070 303 111 1081 102 426 42 12 5646 782
internal_value=-0.00107284 0.0267078 0.0461189 0.0362669 -0.00637404 0.0950654 0.0217468 -0.02516 -0.0447551 -0.019564 0.0564637 -0.0398029 -0.0492107 -0.0377382
internal_weight=503.116 310.297 200.393 168.265 109.904 32.1278 44.6805 65.2232 192.819 14.693 2.71274 11.9803 178.126 24.5451
internal_count=14046 6994 3763 3281 3231 482 1080 2151 7052 522 84 438 6530 884
cat_boundaries=0 1 2
cat_threshold=7 1
is_linear=0
shrinkage=0.05


Tree=8
num_leaves=12
num_cat=2
split_feature=0 39 21 4 0 43 4 5 2 20 4
split_gain=245.804 66.5803 32.4657 35.2625 27.5468 21.1823 17.5084 11.2615 4.39774 5.93672 4.81775
threshold=0 20.250000000000004 25.250000000000004 -0.90893996196865012 1 0.65000000000000002 0.94704596667653973 0.16587474750015926 9.5000000000000018 34.250000000000007 -0.83377653105606597
decision_type=1 2 2 2 1 2 2 2 2 2 2
left_child=1 4 3 -3 5 -1 -4 -6 -2 10 -10
right_child=8 2 6 -5 7 -7 -8 -9 9 -11 -12
leaf_value=0.10380682361879807 -0.050999939493082062 0.088361629061470645 0.046185026455322117 0.024977272943994083 -0.0077163575433790007 0.01244161767662756 0.12076553688671948 -0.049685725596439807 -0.013037606152721421 0.062813637394219204 -0.049112770572856596
leaf_weight=6.6579752303659907 144.13549234718084 25.108694776892662 16.679895609617233 149.02008419856429 35.375937655568123 39.230041790753603 18.202599495649338 28.838465820997953 17.140273403376341 0.75533478334545989 21.895118104293942
leaf_count=116 5622 416 323 2855 1089 971 183 1084 542 16 854
internal_value=0.000137506 0.0264209 0.0437579 0.0345694 -0.00421016 0.0227724 0.0873841 -0.0234428 -0.0443891 -0.0306611 -0.0339936
internal_weight=503.04 319.114 209.011 174.129 110.102 45.888 34.8825 64.2144 183.926 39.7907 39.0354
internal_count=14071 7037 3777 3271 3260 1087 506 2173 7034 1412 1396
cat_boundaries=0 1 2
cat_threshold=7 1
is_linear=0
shrinkage=0.05


Tree=9
num_leaves=11
num_cat=2
split_feature=0 39 5 37 0 33 5 2 20 44
split_gain=224.686 54.7859 35.7303 35.2809 22.4694 22.628 7.39154 3.80809 5.33113 4.13314
threshold=0 19.550000000000004 0.91511078773075505 30.500000000000004 1 33.45000000000001 -0.67801649466304881 9.5000000000000018 34.250000000000007 32.600000000000001
decision_type=1 2 2 2 1 2 2 2 2 2
left_child=1 4 3 -3 5 -1 -6 -2 9 -9
right_child=7 2 -4 -5 6 -7 -8 8 -10 -11
leaf_value=-0.0026841901992409041 -0.050912875491725157 0.083004092097618623 -0.047655621017730306 0.032198541285336106 -0.0009386913334276213 0.075312838180395913 -0.041422622329957748 -0.015015740720739766 0.054015312158879038 -0.049101859456147999
leaf_weight=27.345718994736671 136.33782351389527 42.18459558300674 10.840914871543644 179.76760058104992 15.786698019132016 13.039465520530937 38.866135383024812 16.829215237870812 0.89875336736440559 21.319311792030931
leaf_count=699 5582 623 291 3283 504 245 1411 596 18 811
internal_value=-0.000195404 0.0240675 0.0378141 0.0421837 -0.00714145 0.0190963 -0.0253929 -0.0442811 -0.0314897 -0.0348324
internal_weight=503.216 327.831 232.793 221.952 95.038 40.3852 54.6528 175.385 39.0473 38.1485
internal_count=14063 7056 4197 3906 2859 944 1915 7007 1425 1407
cat_boundaries=0 1 2
cat_threshold=7 1
is_linear=0
shrinkage=0.05


Tree=10
num_leaves=12
num_cat=2
split_feature=0 39 19 4 0 40 5 5 2 20 44
split_gain=195.656 48.0112 27.7754 40.0989 19.1015 16.4449 14.217 10.4191 3.28673 5.6861 3.28431
threshold=0 20.250000000000004 29.428472000000003 -0.86976336936302323 1 85.000000000000014 -0.31800055644052067 0.16587474750015926 9.5000000000000018 34.250000000000007 32.600000000000001
decision_type=1 2 2 2 1 2 2 2 2 2 2
left_child=1 4 3 -3 5 -1 -4 -6 -2 10 -10
right_child=8 2 6 -5 7 -7 -8 -9 9 -11 -12
leaf_value=0.0051653799992472113 -0.050829383313258272 0.077437525920022537 0.02380063464271925 0.015238686360108939 -0.0078699021551374183 0.079866551456008905 0.091216072676971294 -0.049432862282302974 -0.017766707577194146 0.05748866670835634 -0.048943318071345998
leaf_weight=39.70284928381443 129.27384623140097 30.245387095957994 12.024301975965498 156.81828740611672 34.390633257105947 8.0923380479216558 27.358896851539612 26.507419204339385 16.80931393429637 0.83778833597898383 20.425645042210817
leaf_count=892 5555 454 216 2870 1079 190 278 1079 602 16 813
internal_value=-0.00171153 0.0202791 0.0339476 0.0256536 -0.0063985 0.0159268 0.0717322 -0.0227863 -0.04419 -0.0322323 -0.0357018
internal_weight=502.487 335.14 226.447 187.064 108.693 47.7952 39.3832 60.8981 167.347 38.0727 37.235
internal_count=14044 7058 3818 3324 3240 1082 494 2158 6986 1431 1415
cat_boundaries=0 1 2
cat_threshold=7 1
is_linear=0
shrinkage=0.05


Tree=11
num_leaves=12
num_cat=2
split_feature=0 0 33 5 4 5 20 2 44 39 7
split_gain=194.278 49.9503 60.5876 59.142 49.8298 85.6027 58.0124 4.59407 5.53254 10.6479 1.49536
threshold=0 1 38.800000000000004 -0.95242240592625282 -0.37447345805034538 0.029024409397335454 33.150000000000013 9.5000000000000018 32.600000000000001 17.650000000000002 28.256250000000005
decision_type=1 1 2 2 2 2 2 2 2 2 2
left_child=1 4 3 -3 5 -1 -6 -2 9 -9 -10
right_child=7 2 -4 -5 6 -7 -8 8 10 -11 -12
leaf_value=0.15546247760655321 -0.050753036967716117 0.069374889469699913 0.15679475824171246 -0.0090555481593774783 -0.022881008147491222 0.006008710102269701 0.060305009223363473 -0.030039094852726319 -0.048781574932417124 0.053617694953218054 0.015416100673626702
leaf_weight=22.963828757405281 124.02726673893631 26.716777183115482 5.4665629863739005 180.02609089761972 34.00133454054594 16.102070614695549 51.914813153445721 13.08316879719496 19.554211989045147 4.2265905067324629 0.51128417253494163
leaf_count=418 5593 516 36 4116 697 362 848 502 815 116 15
internal_value=9.64603e-05 0.0215855 0.00581284 0.00136495 0.0457296 0.0955485 0.0274996 -0.0433154 -0.0292422 -0.00779955 -0.0464916
internal_weight=498.594 337.191 212.209 206.743 124.982 39.0659 85.9161 161.403 37.3753 17.3098 20.0655
internal_count=14034 6993 4668 4632 2325 780 1545 7041 1448 618 830
cat_boundaries=0 1 2
cat_threshold=7 1
is_linear=0
shrinkage=0.05


Tree=12
num_leaves=12
num_cat=2
split_feature=0 39 5 5 0 43 38 2 44 39 7
split_gain=178.057 43.1377 29.333 25.803 16.7321 15.8992 8.89021 5.69629 6.31435 11.861 1.40719
threshold=0 19.550000000000004 0.91511078773075505 0.86004965528756494 1 26.900000000000002 5.2648805000000012 9.5000000000000018 32.600000000000001 17.650000000000002 28.256250000000005
decision_type=1 2 2 2 1 2 2 2 2 2 2
left_child=1 4 3 -3 5 -1 -6 -2 9 -9 -10
right_child=7 2 -4 -5 6 -7 -8 8 10 -11 -12
leaf_value=0.0019313018335056901 -0.050673654142189807 0.032954428581603003 -0.047389892113089103 0.14938554611650209 0.06319889882368479 0.075308716628439215 -0.032813292352249043 -0.028886170332631529 -0.048471514972748 0.058732826071979861 0.013681807498414586
leaf_weight=34.741954922676086 117.62005430459976 236.18790338747203 10.334005771204827 3.9522978998720637 1.6270871087908734 8.393401198089121 49.981769906356931 12.386078961193563 17.685116648674015 4.432476043701171 0.54968098551034827
leaf_count=768 5569 3817 289 72 55 177 1848 489 774 116 15
internal_value=0.000652739 0.0204612 0.0318883 0.0354822 -0.00762884 0.0143424 -0.0240677 -0.0425421 -0.0264081 -0.00379424 -0.045984
internal_weight=497.892 345.218 250.474 240.14 94.7442 43.1354 51.6089 152.673 35.0534 16.8186 18.2348
internal_count=13989 7026 4178 3889 2848 945 1903 6963 1394 605 789
cat_boundaries=0 1 2
cat_threshold=7 1
is_linear=0
shrinkage=0.05


Tree=13
num_leaves=13
num_cat=2
split_feature=0 33 40 5 37 36 1 32 44 39 20 38
split_gain=159.179 39.2139 63.2958 40.9306 31.4751 22.6385 9.59026 8.63205 3.82575 10.7793 2.27726 1.20335
threshold=0 34.750000000000007 65.65000000000002 0.13185577213185917 31.500000000000004 90.500000000000014 1 27.661309500000005 32.600000000000001 19.550000000000004 34.250000000000007 7.6529765000000012
decision_type=1 2 2 2 2 2 1 2 2 2 2 2
left_child=1 2 7 -4 6 -6 -3 -1 9 10 -2 -11
right_child=8 4 3 -5 5 -7 -8 -9 -10 11 -12 -13
leaf_value=-0.028284433942665173 -0.039779317942484259 0.047421702144178068 0.041756143736320472 -0.046069363049565645 -0.047909589630513651 0.031963212724929808 0.096794939903456501 0.0003230792604762676 -0.050204390758149413 0.081414525175041122 0.019820182244002282 0.0044125049422695716
leaf_weight=82.146217871457338 29.654031053185467 23.148656111210585 110.08040356077254 14.229393538087605 9.7521960139274579 51.5271040443331 22.873269401490688 38.582731543108821 115.14775966852903 1.2599898725748055 1.114117957651614 0.80966721475124348
leaf_count=2202 1325 296 1936 349 203 889 293 874 5628 29 35 27
internal_value=-0.00119509 0.0171121 0.0064938 0.0314156 0.0426568 0.0186868 0.0734972 -0.0192145 -0.0428758 -0.0291246 -0.0370652 0.0625416
internal_weight=500.326 352.34 245.039 124.31 107.301 61.2793 46.0219 120.729 147.986 32.8378 30.7681 2.06966
internal_count=14086 7042 5361 2285 1681 1092 589 3076 7044 1416 1360 56
cat_boundaries=0 1 2
cat_threshold=7 1
is_linear=0
shrinkage=0.05


Tree=14
num_leaves=13
num_cat=4
split_feature=0 39 0 1 4 0 43 5 2 44 4 7
split_gain=147.335 38.539 24.3524 43.5726 41.8342 12.6853 14.0963 7.61082 5.8126 6.33687 10.5496 1.55672
threshold=0 19.550000000000004 1 2 -0.30163705152652737 3 1.8500000000000003 -0.67801649466304881 9.5000000000000018 32.600000000000001 -0.83377653105606597 28.439583500000001
decision_type=1 2 1 1 2 1 2 2 2 2 2 2
left_child=1 5 3 -3 -4 6 -1 -7 -2 10 -10 -11
right_child=8 2 4 -5 -6 7 -8 -9 9 11 -12 -13
leaf_value=0.061295417521239196 -0.050527251462784806 0.085657934611755041 -0.023505315716568487 0.017122683668788066 0.029901699398060946 0.00041603226409405884 -0.0039248043564830718 -0.041598727451999863 0.039618911545411313 -0.048251854828368849 -0.036501046940666498 0.017638511173754475
leaf_weight=9.9049454070627672 106.75788804143667 45.810486074537039 52.100861372426152 47.203850619494915 118.14500454440713 15.349809926003216 34.042648822069168 35.040214354172349 7.2113113515079048 16.931705983355645 9.2194702774286252 0.46159978955984016
leaf_count=168 5557 698 857 707 1934 491 784 1424 211 812 397 12
internal_value=-0.00028817 0.016788 0.027055 0.0464846 0.0127699 -0.0100856 0.00966171 -0.0243105 -0.0417719 -0.0254753 -0.00273643 -0.0456393
internal_weight=498.18 357.598 263.26 93.0143 170.246 94.3376 43.9476 50.39 140.582 33.8241 16.4308 17.3933
internal_count=14052 7063 4196 1405 2791 2867 952 1915 6989 1432 608 824
cat_boundaries=0 1 2 3 4
cat_threshold=7 1 1 1
is_linear=0
shrinkage=0.05


Tree=15
num_leaves=11
num_cat=3
split_feature=0 0 33 1 33 5 39 2 20 4
split_gain=143.862 35.0394 56.0774 70.9823 44.9479 41.7534 28.6864 4.64079 4.69401 4.52817
threshold=0 1 31.350000000000005 2 38.800000000000004 -0.95242240592625282 17.650000000000002 9.5000000000000018 34.250000000000007 -0.83377653105606597
decision_type=1 1 2 1 2 2 2 2 2 2
left_child=1 2 6 -4 5 -3 -1 -2 9 -9
right_child=7 4 3 -5 -6 -7 -8 8 -10 -11
leaf_value=-0.0050680887428074181 -0.050465649733923069 0.053007961898444561 0.06248178127597355 -0.012622211900344852 0.12387153453034028 -0.0097885591630268356 0.15887271035354267 -0.0096933374946281629 0.051215100456601326 -0.048164347142557414
leaf_weight=3.2858768068253985 103.96244779229164 29.878985930234194 63.710562404245138 60.680469077080488 6.4782108515501013 184.41377945616841 11.930318739265202 14.554149994626643 0.94828853756189246 16.720347879454494
leaf_count=82 5682 519 1035 1023 36 4130 186 537 18 846
internal_value=-0.000313528 0.0162785 0.0351726 0.0260361 0.00322834 -0.000827253 0.125341 -0.0421338 -0.0272247 -0.0311162
internal_weight=496.563 360.378 139.607 124.391 220.771 214.293 15.2162 136.185 32.2228 31.2745
internal_count=14094 7011 2326 2058 4685 4649 268 7083 1401 1383
cat_boundaries=0 1 2 3
cat_threshold=7 1 1
is_linear=0
shrinkage=0.05


Tree=16
num_leaves=12
num_cat=3
split_feature=0 2 4 0 8 19 4 1 2 33 4
split_gain=124.731 31.4363 48.4483 31.6475 26.2435 16.0254 15.4084 11.6003 4.60046 4.4877 4.36223
threshold=0 9.5000000000000018 -0.90893996196865012 1 33.150000000000013 25.600694500000003 -0.98523971305672664 2 9.5000000000000018 34.250000000000007 -0.83377653105606597
decision_type=1 2 2 1 2 2 2 1 2 2 2
left_child=1 2 3 -1 -4 7 -7 -3 -2 10 -10
right_child=8 5 4 -5 -6 6 -8 -9 9 -11 -12
leaf_value=0.092112980567005412 -0.050390305143769493 0.11196174107461371 -0.00028185476422791527 -0.023526137356254445 0.029923946212822489 0.024098060692428376 -0.045645380913055027 -0.022168537654683101 -0.010134009636117143 0.048837020327496095 -0.048043249259078713
leaf_weight=19.638330113142729 98.049381537362933 2.6617386844009152 159.2158464808017 8.5059398915618676 130.10655031912029 9.3010014872997981 37.339296832680702 2.3830081950873137 14.729753112420445 0.99228948354720969 16.276181569322944
leaf_count=273 5626 70 3189 142 2045 157 1131 65 552 18 863
internal_value=-0.00161672 0.0133488 0.0195981 0.0810893 0.0133578 -0.0221467 -0.0315233 0.0554164 -0.041711 -0.0270351 -0.0309133
internal_weight=499.199 369.152 317.467 28.1443 289.322 51.685 46.6403 5.04475 130.048 31.9982 31.0059
internal_count=14131 7072 5649 415 5234 1423 1288 135 7059 1433 1415
cat_boundaries=0 1 2 3
cat_threshold=7 5 1
is_linear=0
shrinkage=0.05


Tree=17
num_leaves=13
num_cat=3
split_feature=0 2 2 1 43 4 1 19 2 44 4 8
split_gain=118.789 29.6325 44.9787 35.1814 28.9945 13.4994 26.2099 14.3288 5.60235 5.68068 8.36935 1.6969
threshold=0 9.5000000000000018 8.5000000000000018 1 33.250000000000007 -0.98523971305672664 2 25.600694500000003 9.5000000000000018 32.600000000000001 -0.83377653105606597 33.750000000000007
decision_type=1 2 2 1 2 2 1 2 2 2 2 2
left_child=1 2 4 -4 -1 6 -3 -7 -2 10 -10 -11
right_child=8 5 3 -5 -6 7 -8 -9 9 11 -12 -13
leaf_value=0.0085147735425303087 -0.050319877816912308 -0.045369666079156601 0.12185727768559039 0.0188618215647182 0.067481374900741298 0.039544685349640209 0.10409303446082968 -0.045165134978578034 0.035012291215173991 -0.047802906010226166 -0.034755221197734068 0.02175133979173596
leaf_weight=263.52473785355687 93.185919273644686 5.1651344858109933 17.124033531174064 16.077628675848246 21.689551204442978 4.9988014101982108 4.7222091965377331 35.351909408345819 7.0701132155954829 14.966023724526163 8.2025304790586251 0.37847643718123514
leaf_count=4755 5613 83 240 239 371 133 80 1128 205 797 399 9
internal_value=-0.000576505 0.0137638 0.0197678 0.0739923 0.0132191 -0.0212476 0.0290183 -0.0339684 -0.040874 -0.0243704 -0.00229114 -0.0448615
internal_weight=492.457 368.654 318.416 33.2017 285.214 50.2381 9.88734 40.3507 123.803 30.6171 15.2726 15.3445
internal_count=14052 7029 5605 479 5126 1424 163 1261 7023 1410 604 806
cat_boundaries=0 1 2 3
cat_threshold=7 1 1
is_linear=0
shrinkage=0.05


Tree=18
num_leaves=13
num_cat=2
split_feature=0 0 37 19 43 4 20 5 2 44 39 7
split_gain=115.77 30.4628 37.6914 39.7825 38.2429 30.5636 50.565 41.348 4.82687 4.68489 9.18968 1.71336
threshold=0 1 31.500000000000004 27.893750000000004 30.750000000000004 -0.37447345805034538 33.350000000000001 -0.022575793296316444 9.5000000000000018 32.600000000000001 17.650000000000002 29.450000000000006
decision_type=1 1 2 2 2 2 2 2 2 2 2 2
left_child=1 5 3 -3 -4 7 -7 -1 -2 10 -10 -11
right_child=8 2 4 -5 -6 6 -8 -9 9 11 -12 -13
leaf_value=0.10033739837427613 -0.05025017187679405 -0.03917995823125936 -0.017966543349955826 0.071161924379326003 0.044647078081700486 -0.02639776361555822 0.045469433261979587 0.0047908305421574026 -0.030028824223115803 -0.047677898099264142 0.048300441116293467 0.022429009248855093
leaf_weight=29.919234234839678 88.570834993384778 10.178908482193945 153.95547384954989 31.593375157564878 27.96524990722537 39.992737974971533 60.075824353843927 18.030414488166571 10.833588223904373 14.567624799907204 4.4878926742821923 0.36330118775367815
leaf_count=398 5602 238 3545 364 511 766 805 379 499 812 109 6
internal_value=-4.83667e-05 0.013794 0.00166438 0.0439869 -0.00814998 0.0307417 0.0167705 0.0652411 -0.040847 -0.02566 -0.00553143 -0.0446712
internal_weight=490.534 371.711 223.693 41.7723 181.921 148.018 100.069 47.9496 118.823 30.2524 15.3215 14.9309
internal_count=14034 7006 4658 602 4056 2348 1571 777 7028 1426 608 818
cat_boundaries=0 1 2
cat_threshold=7 1
is_linear=0
shrinkage=0.05


Tree=19
num_leaves=13
num_cat=2
split_feature=39 5 5 4 33 25 1 4 39 1 44 5
split_gain=37.9465 20.677 13.582 13.3621 8.91854 17.3522 12.3413 9.45607 12.3785 6.18463 5.65154 4.77977
threshold=19.550000000000004 0.91511078773075505 0.86004965528756494 -0.86976336936302323 33.150000000000013 6.3631945000000014 0 -0.83377653105606597 18.850000000000005 1 39.400000000000013 0.94909129669788206
decision_type=2 2 2 2 2 2 1 2 2 1 2 2
left_child=4 2 3 -2 7 6 -6 8 -1 -4 -9 -7
right_child=1 -3 9 -5 5 11 -8 10 -10 -11 -12 -13
leaf_value=-0.01742722488003037 0.033386809037766856 -0.048146391790734842 0.01985765505157892 0.0056616309590242532 -0.0056296799348757413 -0.030578426005718942 0.082075690761967413 -0.044860203632332438 0.084767482666253058 0.12160284519933934 0.017296144510041068 0.026126853762971549
leaf_weight=29.455334351398054 50.696366047486663 14.181854199618099 3.1219126638025037 276.9126450214535 7.6055900901555997 29.170803944580257 7.2124330634251237 60.010344842448831 2.2892482960596672 3.016808683052659 3.3865547608584157 3.4652371658012262
leaf_count=1052 1004 587 70 6614 273 1073 272 2659 64 73 157 110
internal_value=9.24786e-05 0.00899543 0.0115601 0.0100406 -0.0215419 -0.00372144 0.0395495 -0.0302991 -0.00769381 0.0798892 -0.0413229 -0.0239598
internal_weight=490.525 347.93 333.748 327.609 142.596 47.4541 14.818 95.1415 31.7446 6.13872 63.3969 32.636
internal_count=14008 8348 7761 7618 5660 1728 545 3932 1116 143 2816 1183
cat_boundaries=0 1 2
cat_threshold=1 1
is_linear=0
shrinkage=0.05


Tree=20
num_leaves=13
num_cat=1
split_feature=0 39 34 37 4 33 14 4 2 44 39 8
split_gain=106.085 26.6515 20.8992 18.2806 10.7804 18.3275 15.6355 7.01229 5.93087 5.83606 7.67764 1.60779
threshold=0 19.550000000000004 21.050000000000004 30.500000000000004 -0.91597725483594616 33.150000000000013 13.550000000000002 -0.22701068973476937 9.5000000000000018 32.600000000000001 17.650000000000002 33.750000000000007
decision_type=1 2 2 2 2 2 2 2 2 2 2 2
left_child=1 4 7 -4 6 -6 -1 -3 -2 10 -10 -11
right_child=8 2 3 -5 5 -7 -8 -9 9 11 -12 -13
leaf_value=-0.028666051679772448 -0.050177594885055715 0.047610089495647295 0.050209566853979981 0.017821179975367266 -0.036073165907347902 0.011294764035052106 0.076755874341923394 -0.045671772346874882 -0.023951448698327604 -0.047461097613312436 0.048465984180904739 0.020014339748843677
leaf_weight=5.48225632868707 83.647646063938737 1.504142880439759 54.464184492826462 215.13427360355854 46.918632414191961 34.928646352142096 7.1154665928333998 13.745628122240301 10.052587654441597 13.752976944670078 4.472034875303506 0.41055755689740259
leaf_count=168 5565 24 587 3262 1640 898 171 329 490 803 103 10
internal_value=0.000563888 0.0133148 0.0212783 0.0245256 -0.0092795 -0.0159664 0.0321443 -0.0341073 -0.0398821 -0.0226177 3.10519e-05 -0.0443143
internal_weight=491.629 379.293 284.848 269.598 94.445 81.8473 12.5977 15.2498 112.336 28.6882 14.5246 14.1635
internal_count=14050 7079 4202 3849 2877 2538 339 353 6971 1406 593 813
cat_boundaries=0 1
cat_threshold=7
is_linear=0
shrinkage=0.05


Tree=21
num_leaves=15
num_cat=4
split_feature=0 0 33 1 4 39 40 4 44 4 1 33 44 4
split_gain=91.0137 28.5494 37.6879 44.9847 34.6575 30.1485 20.2481 18.5694 5.85391 7.86358 10.6349 3.92621 1.14887 5.46525
threshold=0 1 31.350000000000005 2 -0.11692013674435768 21.850000000000005 115.00000000000001 -0.90893996196865012 29.000000000000004 -0.83377653105606597 3 34.250000000000007 32.600000000000001 -0.89406062840022227
decision_type=1 1 2 1 2 2 2 2 2 2 1 2 2 2
left_child=1 2 6 -4 7 -6 -1 -3 9 10 -2 -11 13 -10
right_child=8 4 3 -5 5 -7 -8 -9 12 11 -12 -13 -14 -15
leaf_value=0.11638953529365764 -0.031251417380876438 0.0040905407753657891 0.045763090731433927 -0.011395329425781094 -0.013930081067204093 0.031864084507536909 -0.017740340319432498 -0.044410309793228464 0.015943548604106125 -0.044335701946156554 0.12413536026406154 0.047694057424832743 -0.049569565820793318 -0.046910581461431643
leaf_weight=15.04391327314079 1.5143798310309649 30.866349080577493 70.978442046791315 65.355859601870179 59.664095586165786 87.697973296046257 3.1179330423474303 52.961091827601194 4.1502256616950062 6.8422678178176266 1.2828378919512033 0.51990184932947148 82.507491557858884 11.940990136004983
leaf_count=224 47 560 1044 1062 1616 1179 38 1389 101 439 39 10 5608 783
internal_value=-0.00138773 0.0102026 0.0261764 0.0184791 -0.00117616 0.013354 0.0936387 -0.026714 -0.0395362 -0.00630852 0.053935 -0.0329104 -0.0468318 -0.030715
internal_weight=494.444 385.686 154.496 136.334 231.19 147.362 18.1618 83.8274 108.758 10.1594 2.79722 7.36217 98.5987 16.0912
internal_count=14139 7112 2368 2106 4744 2795 262 1949 7027 535 86 449 6492 884
cat_boundaries=0 1 2 3 4
cat_threshold=7 1 1 1
is_linear=0
shrinkage=0.05


Tree=22
num_leaves=12
num_cat=2
split_feature=0 5 43 5 40 33 39 2 20 1 20
split_gain=88.1113 22.2444 39.5466 28.9758 18.9582 15.8585 12.1369 5.20138 4.77375 4.67352 4.49789
threshold=0 0.16587474750015926 1.8500000000000003 -0.39036009226888668 93.750000000000014 34.650000000000013 17.050000000000004 9.5000000000000018 34.250000000000007 1 29.750000000000004
decision_type=1 2 2 2 2 2 2 2 2 1 2
left_child=1 3 5 4 -1 -3 -5 -2 9 -9 -4
right_child=7 2 10 6 -6 -7 -8 8 -10 -11 -12
leaf_value=-0.0055284715929904485 -0.050050696222989938 -0.013317730637397633 0.010942033383940765 -0.024530410163771554 0.033227644668498285 0.033287072311791767 0.044343635155967023 -0.047691882518420534 0.056965971561654484 -0.0062117975115646889 -0.043337257742750657
leaf_weight=111.87680471129715 76.637829327955842 28.040015561506152 3.7435501981526604 6.2428647112101308 42.833908524364233 49.035755289718509 93.583392942324281 13.453906727954747 0.84448988363146682 13.457178970798852 49.026758184656501
leaf_count=2168 5616 717 89 168 638 690 1078 708 15 703 1456
internal_value=-0.00111939 0.0101462 -0.00639929 0.0189756 0.0053462 0.0163789 0.0398359 -0.0395161 -0.0234412 -0.027915 -0.0393548
internal_weight=488.776 384.383 129.846 254.537 154.711 77.0758 99.8263 104.393 27.7556 26.9111 52.7703
internal_count=14046 7004 2952 4052 2806 1407 1246 7042 1426 1411 1545
cat_boundaries=0 1 2
cat_threshold=7 1
is_linear=0
shrinkage=0.05


Tree=23
num_leaves=13
num_cat=3
split_feature=0 0 5 33 33 33 34 38 2 44 1 7
split_gain=78.9268 19.2346 35.7952 48.7781 42.7282 33.8533 23.533 17.08 7.0561 6.27491 8.2957 1.61607
threshold=0 1 -0.95242240592625282 33.95000000000001 35.900000000000006 31.150000000000002 26.550000000000004 6.8693455000000005 9.5000000000000018 32.600000000000001 2 29.450000000000006
decision_type=1 1 2 2 2 2 2 2 2 2 1 2
left_child=1 5 3 -3 -4 7 -7 -1 -2 10 -10 -11
right_child=8 2 4 -5 -6 6 -8 -9 9 11 -12 -13
leaf_value=-0.0051924757278547012 -0.049984109940919605 0.023266554032018088 -0.022562333877195806 0.20131018579281734 0.028727776041205084 0.013293487045775454 0.15919387210669261 0.12219196977643612 -0.032765336532690516 -0.046955865910972276 0.038406556029992961 0.021002218533910318
leaf_weight=3.2647511735558501 72.947449600324035 29.303732823580503 141.84281801246107 3.4977597594261161 55.780566202476621 140.87665105424821 1.8315310850739468 11.056355211883782 7.0507006077095884 12.196836249902841 7.3415328897535801 0.3879999518394478
leaf_count=76 5613 483 3503 43 659 2107 26 125 307 803 298 6
internal_value=-0.000867086 0.00955358 7.79552e-05 0.0476461 -0.0080136 0.0225428 0.0162607 0.0947089 -0.0381352 -0.0190846 0.00367625 -0.0434689
internal_weight=487.379 387.454 230.425 32.8015 197.623 157.029 142.708 14.3211 99.9245 26.9771 14.3922 12.5848
internal_count=14049 7022 4688 526 4162 2334 2133 201 7027 1414 605 809
cat_boundaries=0 1 2 3
cat_threshold=7 1 1
is_linear=0
shrinkage=0.05


Tree=24
num_leaves=13
num_cat=3
split_feature=0 0 37 5 32 1 33 38 2 44 4 7
split_gain=79.092 19.9512 27.8924 36.1317 28.1011 24.7872 55.2743 31.8604 6.97963 5.90594 7.11269 1.59118
threshold=0 1 31.500000000000004 -0.95242240592625282 28.1711305 2 31.350000000000005 12.262500000000001 9.5000000000000018 32.600000000000001 -0.83377653105606597 29.450000000000006
decision_type=1 1 2 2 2 1 2 2 2 2 2 2
left_child=1 5 4 -4 -3 7 -7 -1 -2 10 -10 -11
right_child=8 2 3 -5 -6 6 -8 -9 9 11 -12 -13
leaf_value=0.053293896138411248 -0.04991716129208762 -0.025377651244538859 0.038336640436794189 -0.018440143308320084 0.058283069718045234 0.10814486222575814 -0.012832524426009987 -0.047265175058751378 0.033587112619490482 -0.046797932381974633 -0.031884736403061741 0.020601088978818849
leaf_weight=77.389799818396568 69.358752836473286 13.388457752764223 33.427929304540157 150.14186756499112 34.105508171021938 9.9897643290460092 66.093227900564671 7.9853768274188033 7.7637113612145185 11.780825372785326 6.8825566926971096 0.3950686454772957
leaf_count=1098 5602 295 527 3583 318 130 1059 72 210 810 398 6
internal_value=0.00052221 0.0106418 0.000882763 -0.00794944 0.0346623 0.0236609 0.00424881 0.04345 -0.037679 -0.0189188 0.00274919 -0.0432135
internal_weight=488.703 392.522 231.064 183.57 47.494 161.458 76.083 85.3752 96.1809 26.8222 14.6463 12.1759
internal_count=14108 7082 4723 4110 613 2359 1189 1170 7026 1424 608 816
cat_boundaries=0 1 2 3
cat_threshold=7 1 1
is_linear=0
shrinkage=0.05


Tree=25
num_leaves=12
num_cat=3
split_feature=0 39 5 31 0 43 43 26 4 5 1
split_gain=78.0286 19.8652 18.6515 20.7929 18.6866 11.2916 11.4308 7.96528 5.34677 14.3028 15.7899
threshold=0 20.250000000000004 -0.97507822412530132 37.250000000000007 1 33.750000000000007 0.65000000000000002 14.750000000000002 -0.84315017450793706 0.33222858587828868 2
decision_type=1 2 2 2 1 2 2 2 2 2 1
left_child=1 5 3 -3 -4 6 -1 -7 9 -2 -11
right_child=8 2 4 -5 -6 7 -8 -9 -10 10 -12
leaf_value=0.027905784634706068 -0.047367328869911379 -0.0020888092498442469 0.028872182475898501 0.085036822289321121 0.0014191672572023738 -0.023784260865241769 -0.019009335769977709 0.071511376580920979 -0.048595411885677689 -0.039475485635082963 0.096170672222787107
leaf_weight=14.342288373969494 13.29131397046149 10.393982484936716 99.282672256231308 18.810072541236877 156.82025479339063 2.5639563705772144 86.322439327836037 6.2324597649276257 72.055763639509678 3.1527526704594484 3.7288634106516838
leaf_count=355 873 126 1165 190 2315 64 2691 127 5927 106 109
internal_value=0.000711923 0.010557 0.0177539 0.0549855 0.0133109 -0.00723663 -0.0121163 0.0441424 -0.0381316 -0.0182353 0.0369018
internal_weight=486.997 394.768 285.307 29.2041 256.103 109.461 100.665 8.79642 92.2287 20.1729 6.88162
internal_count=14048 7033 3796 316 3480 3237 3046 191 7015 1088 215
cat_boundaries=0 1 2 3
cat_threshold=7 1 1
is_linear=0
shrinkage=0.05


Tree=26
num_leaves=12
num_cat=4
split_feature=0 2 4 38 7 4 1 1 2 33 1
split_gain=72.4428 19.0698 20.773 18.1338 11.7015 13.7313 10.5708 10.1639 5.50493 4.25072 4.49699
threshold=0 9.5000000000000018 -0.90893996196865012 6.3017855000000003 25.454166500000003 -0.98523971305672664 1 2 9.5000000000000018 34.250000000000007 3
decision_type=1 2 2 2 2 2 1 1 2 2 1
left_child=1 2 7 -4 6 -6 -3 -1 -2 10 -10
right_child=8 4 3 -5 5 -7 -8 -9 9 -11 -12
leaf_value=0.074140110240279639 -0.049782951181095006 0.10432492113558806 0.055711603891476218 0.0070711127124756454 0.019552971561284032 -0.043180585086624965 -0.02352192961108325 0.018890517389661281 -0.047045808534495109 0.053155026781319031 -0.0046365218556630476
leaf_weight=19.15724697522819 62.690816766582429 2.507117247208952 19.530893698334694 296.59578946791589 11.109762791544197 32.668366490863264 2.4415277410298586 15.709166418761013 11.553949083201589 0.91007425636052985 12.935677664354445
leaf_count=206 5575 59 406 4848 160 1139 58 194 703 16 702
internal_value=0.000821848 0.0100461 0.0143703 0.0102424 -0.0187446 -0.0271793 0.047898 0.050468 -0.0375859 -0.0209735 -0.0257055
internal_weight=487.81 399.72 350.993 316.127 48.7268 43.7781 4.94864 34.8664 88.0905 25.3997 24.4896
internal_count=14066 7070 5654 5254 1416 1299 117 400 6996 1421 1405
cat_boundaries=0 1 2 3 4
cat_threshold=7 1 1 1
is_linear=0
shrinkage=0.05


Tree=27
num_leaves=15
num_cat=3
split_feature=0 0 4 34 5 36 35 4 44 4 1 20 39 39
split_gain=64.0958 23.0447 33.5214 24.2006 23.0699 33.1047 31.7097 13.0226 5.53548 9.39259 11.5435 3.31718 0.139488 0.869822
threshold=0 1 -0.17647087149565663 21.700000000000006 -0.85225707553516283 91.500000000000014 87.324405000000013 -0.90893996196865012 32.600000000000001 -0.83377653105606597 2 34.250000000000007 16.750000000000004 16.650000000000002
decision_type=1 1 2 2 2 2 2 2 2 2 1 2 2 2
left_child=1 4 7 -4 6 -6 -1 -3 9 10 -2 -11 13 -10
right_child=8 2 3 -5 5 -7 -8 -9 12 11 -12 -13 -14 -15
leaf_value=-0.042304789918150038 -0.039673107006804251 -0.0032218159292329478 -0.048757332518252511 0.017819110907729706 -0.022758085668970789 0.043107467544793089 0.070314216948757294 -0.045262420738695942 -0.032709168325046674 -0.047211125883774602 0.072412175165471979 0.030520829896374554 -0.049748425702741184 0.018285528089380665
leaf_weight=24.260458417236809 3.2430330086499479 30.417612602002919 14.157676635310052 139.21000617183745 22.236084293574095 113.45168612897396 7.3351552598178378 46.346972868777812 1.8327756160870188 13.783303610980507 4.22138143889606 0.83838156051933843 60.191357352770865 0.4443815667182206
leaf_count=376 103 547 450 2369 248 1625 80 1303 170 1163 103 33 5430 16
internal_value=-0.000217458 0.00841658 -0.00201089 0.0113973 0.0220007 0.0322261 -0.0148044 -0.0288597 -0.0370729 -0.0187156 0.0247811 -0.0410857 -0.0490073 -0.0202146
internal_weight=481.97 397.416 230.132 153.368 167.283 135.688 31.5956 76.7646 84.5546 22.0861 7.46441 14.6217 62.4685 2.27716
internal_count=14016 6998 4669 2819 2329 1873 456 1850 7018 1402 206 1196 5616 186
cat_boundaries=0 1 2 3
cat_threshold=7 1 1
is_linear=0
shrinkage=0.05


Tree=28
num_leaves=15
num_cat=4
split_feature=0 2 2 0 33 33 0 5 44 33 1 20 2 39
split_gain=58.8109 16.1845 20.5668 29.6179 18.1582 12.904 9.8673 8.86132 7.57049 8.23113 13.1797 3.08535 0.173919 0.803362
threshold=0 9.5000000000000018 8.5000000000000018 1 34.750000000000007 31.150000000000002 2 0.14888728888808322 32.600000000000001 31.750000000000004 3 34.250000000000007 11.500000000000002 17.550000000000004
decision_type=1 2 2 1 2 2 1 2 2 2 1 2 2 2
left_child=1 2 4 -4 -1 6 -3 -7 9 10 -2 -11 -10 -14
right_child=8 5 3 -5 -6 7 -8 -9 12 11 -12 -13 13 -15
leaf_value=-0.0026630685782995118 -0.041394324031028787 0.035261727745897961 0.05942375215843998 -0.026282677055636056 0.021463217671725765 0.022501638911404505 -0.020167565127314997 -0.046730118096661361 -0.049686587398741391 -0.046637421714329844 0.067254453847190906 0.028115047449533838 0.017291572429113857 -0.031833996329985341
leaf_weight=175.62680471688509 4.1197614558041113 7.8098368383944017 30.156765833497047 10.258761916309593 139.00611612573266 4.8967469837516537 6.7821950819343328 27.389106310904026 57.770051407627761 11.284148750826713 5.2931079678237438 0.89157182723283845 0.46139982994645778 1.7001572819426654
leaf_count=3420 208 112 311 157 1721 79 212 989 5474 937 197 32 11 158
internal_value=0.000501788 0.00855423 0.0124184 0.0455615 0.00803025 -0.0185743 0.0195384 -0.0358693 -0.0355509 -0.0136533 0.0202932 -0.0394452 -0.0489199 -0.0191953
internal_weight=483.447 401.926 355.048 40.4155 314.633 46.8779 14.592 32.2859 81.5202 21.5886 9.41287 12.1757 59.9316 2.16156
internal_count=14018 7001 5609 468 5141 1392 324 1068 7017 1374 405 969 5643 169
cat_boundaries=0 1 2 3 4
cat_threshold=7 5 1 1
is_linear=0
shrinkage=0.05


Tree=29
num_leaves=12
num_cat=3
split_feature=0 43 37 0 32 5 44 4 1 10 20
split_gain=56.4129 17.2667 18.6936 18.7623 10.0232 8.80566 6.67488 9.55475 10.1463 5.19503 3.04537
threshold=0 33.250000000000007 27.500000000000004 1 26.779762000000002 0.18281312110578127 32.600000000000001 -0.83377653105606597 2 82.604166500000005 34.250000000000007
decision_type=1 2 2 1 2 2 2 2 1 2 2
left_child=1 2 4 -4 -1 9 7 8 -2 -3 -9
right_child=6 5 3 -5 -6 -7 -8 10 -10 -11 -12
leaf_value=-0.040589877905979871 -0.039022996541199714 0.087604485362146906 0.013331900738709887 -0.010194350874986789 0.041340706917220554 -0.038555839488656506 -0.049666754647341937 -0.046926264168526542 0.064517594611347248 0.035681252586356939 0.026645335544231527
leaf_weight=3.3058608286082736 3.0614751428365725 6.0404549371451131 140.75983229093254 180.9264720575884 41.093763567507267 2.5215363912284365 56.983919342048466 12.79219309147447 4.9829006306827068 27.065575467422605 0.92616204358637411
leaf_count=75 105 82 2017 4027 381 39 5637 1162 106 377 33
internal_value=-0.000277795 0.00754642 0.00444608 0.000206644 0.0344807 0.0404726 -0.0361936 -0.0161835 0.025155 0.0474459 -0.0404864
internal_weight=480.46 401.713 366.086 321.686 44.3996 35.6276 78.7467 21.7627 8.04438 33.106 13.7184
internal_count=14041 6998 6500 6044 456 498 7043 1406 211 459 1195
cat_boundaries=0 1 2 3
cat_threshold=7 1 1
is_linear=0
shrinkage=0.05


Tree=30
num_leaves=15
num_cat=3
split_feature=0 2 2 1 8 33 0 4 44 4 4 8 33 33
split_gain=56.3887 18.1044 15.5436 26.3241 17.3489 9.69849 8.86593 7.82112 5.22266 6.23914 5.24047 1.47141 0.35599 2.53323
threshold=0 9.5000000000000018 8.5000000000000018 1 33.050000000000004 31.150000000000002 2 -0.98523971305672664 29.000000000000004 -0.83377653105606597 -0.89406062840022227 34.250000000000007 31.350000000000005 31.250000000000004
decision_type=1 2 2 1 2 2 1 2 2 2 2 2 2 2
left_child=1 2 4 -4 -1 6 -3 -7 9 10 -2 -11 13 -10
right_child=8 5 3 -5 -6 7 -8 -9 12 11 -12 -13 -14 -15
leaf_value=-0.0044512149143350289 -0.028034796078075047 0.029138018108466196 0.073623080222619861 -0.0044299821673344794 0.019002211172515229 0.014790156030875743 -0.020876147089615573 -0.048218442052765952 -0.043660518773685729 -0.042559907832268859 0.07892312456871417 0.022983971797432671 -0.048932039232004669 0.013896200083637121
leaf_weight=159.46364092361182 1.1817539352923634 7.9552575014531595 23.307269180193543 19.248916016891599 154.38222291320562 5.5257377289235583 7.1786561729386449 26.16469952091575 6.2076368276029807 5.1805700119584781 2.0549756549298763 0.35386071726679791 58.480197411961854 2.0576046034693718
leaf_count=3042 40 107 247 241 2051 87 221 992 545 441 46 6 5844 105
internal_value=-0.000702365 0.00699549 0.011019 0.0390271 0.00710934 -0.0217568 0.0107115 -0.0371155 -0.0373879 -0.00532017 0.0424722 -0.0354931 -0.0469801 -0.0293786
internal_weight=478.743 403.226 356.402 42.5562 313.846 46.8244 15.1339 31.6904 75.5166 8.77116 3.23673 5.53443 66.7454 8.26524
internal_count=14015 6988 5581 488 5093 1407 328 1079 7027 533 86 447 6494 650
cat_boundaries=0 1 2 3
cat_threshold=7 1 1
is_linear=0
shrinkage=0.05


Tree=31
num_leaves=12
num_cat=2
split_feature=0 0 4 33 33 21 38 2 44 39 7
split_gain=45.8599 13.3721 27.9713 26.2485 24.2348 18.5804 18.1185 7.63892 5.05131 5.7864 1.86153
threshold=0 1 -0.37447345805034538 33.45000000000001 38.800000000000004 23.150000000000002 6.112797500000001 9.5000000000000018 32.600000000000001 17.650000000000002 29.450000000000006
decision_type=1 1 2 2 2 2 2 2 2 2 2
left_child=1 2 6 -4 5 -3 -1 -2 9 -9 -10
right_child=7 4 3 -5 -6 -7 -8 8 10 -11 -12
leaf_value=-0.037039573869311553 -0.049456662362925445 -0.039869813697673818 -0.031960029699635566 0.019252631588072677 0.076212681457100126 0.0011499416173832851 0.053569420871379947 -0.019642200170956369 -0.045460625248067189 0.042099527449125769 0.028939506874259002
leaf_weight=5.4220676887780419 49.642544967122376 31.227035786956549 35.72058186121285 77.555605543777347 8.6438838988542539 192.19073277898133 54.802021788433194 8.5187379689887184 8.898465340957042 5.3302111830562344 0.25493440032005388
leaf_count=119 5601 1108 644 903 38 3530 655 495 824 114 4
internal_value=-0.000159166 0.00663162 0.0167491 0.00296485 -0.00134839 -0.00473549 0.04494 -0.0339382 -0.0139213 0.00535593 -0.0407423
internal_weight=478.207 405.562 173.5 113.276 232.062 223.418 60.2241 72.6449 23.0023 13.8489 9.1534
internal_count=14035 6997 2321 1547 4676 4638 774 7038 1437 609 828
cat_boundaries=0 1 2
cat_threshold=7 1
is_linear=0
shrinkage=0.05


Tree=32
num_leaves=13
num_cat=1
split_feature=0 39 34 44 25 4 4 2 4 44 25 7
split_gain=45.9318 15.0165 14.661 16.0239 9.51216 23.8601 7.09778 6.75096 5.11373 4.1093 5.96904 1.51341
threshold=0 19.550000000000004 21.050000000000004 46.250000000000007 6.4631945000000011 0.10837544681456417 -0.22701068973476937 9.5000000000000018 -0.28519255817492867 32.600000000000001 6.3333335000000011 29.450000000000006
decision_type=1 2 2 2 2 2 2 2 2 2 2 2
left_child=1 4 6 -4 5 -1 -3 -2 -6 10 -9 -11
right_child=7 2 3 -5 8 -7 -8 9 -10 11 -12 -13
leaf_value=-0.018113539353027237 -0.049390662409883886 0.045828677638540594 0.02046522075128324 -0.0085699203848703144 -0.0011642621142273835 0.065533690912688347 -0.048647757998306625 -0.031050634221945983 -0.033261641533595745 -0.045113172997373108 0.030501369387593374 0.020771830031681718
leaf_weight=25.265958087518811 47.470847926102579 1.522497326135636 243.36281515285373 58.390532527118921 18.301899602636695 11.64860645867884 12.440312348306175 6.3644332764670271 38.033310362137854 8.3055085828527773 7.4720803201198578 0.39205312728881914
leaf_count=868 5622 22 3142 705 570 274 327 314 1120 803 291 6
internal_value=0.000481136 0.0071103 0.0124835 0.0148371 -0.0102668 0.00931411 -0.0359717 -0.0340122 -0.0230362 -0.0153457 0.0020045 -0.0403076
internal_weight=478.971 408.966 315.716 301.753 93.2498 36.9146 13.9628 70.0049 56.3352 22.5341 13.8365 8.69756
internal_count=14064 7028 4196 3847 2832 1142 349 7036 1690 1414 605 809
cat_boundaries=0 1
cat_threshold=7
is_linear=0
shrinkage=0.05


Tree=33
num_leaves=12
num_cat=2
split_feature=0 39 5 5 0 23 2 25 44 39 7
split_gain=42.0504 13.3203 13.0013 13.5578 8.03452 12.8047 6.6633 4.58109 3.84693 3.68613 1.48596
threshold=0 19.550000000000004 0.91511078773075505 0.8511460603353429 1 96.500000000000014 9.5000000000000018 6.8902780000000012 32.600000000000001 19.550000000000004 29.450000000000006
decision_type=1 2 2 2 1 2 2 2 2 2 2
left_child=1 4 3 -3 5 -1 -2 -6 9 -8 -10
right_child=6 2 -4 -5 7 -7 8 -9 10 -11 -12
leaf_value=0.041530396803510207 -0.049318002702231245 0.011282008045991462 -0.046312006913659436 0.075949395444559004 -0.0112921236003427 -0.011777861342739183 -0.011508770844124525 -0.044485477218955162 -0.044895780111845612 0.046363581307566307 0.020373512023121983
leaf_weight=15.704485788941382 45.148040340747684 303.32923684082925 8.5420430246740562 7.3697295077145091 21.444417557679117 33.696038966998458 11.480961265973749 20.992336048744619 7.9806594848632795 2.5304390788078299 0.39910358190536488
leaf_count=246 5613 3825 295 88 964 681 569 920 806 41 6
internal_value=0.000104143 0.00635077 0.0113265 0.0130546 -0.0101973 0.00472014 -0.0334938 -0.0230513 -0.0151615 0.0013352 -0.0399465
internal_weight=478.617 411.078 319.241 310.699 91.8373 49.4005 67.5392 42.4368 22.3912 14.0114 8.37976
internal_count=14054 7019 4208 3913 2811 927 7035 1884 1422 610 812
cat_boundaries=0 1 2
cat_threshold=7 1
is_linear=0
shrinkage=0.05


Tree=34
num_leaves=13
num_cat=3
split_feature=0 2 2 0 43 7 4 1 2 44 39 7
split_gain=39.4574 13.0815 13.4664 26.1101 18.4895 10.0538 10.8644 9.00707 6.69878 3.69577 5.76107 1.45595
threshold=0 9.5000000000000018 8.5000000000000018 1 31.350000000000005 25.454166500000003 -0.98523971305672664 2 9.5000000000000018 32.600000000000001 17.650000000000002 29.450000000000006
decision_type=1 2 2 1 2 2 2 1 2 2 2 2
left_child=1 2 4 -4 -1 7 -7 -3 -2 10 -10 -11
right_child=8 5 3 -5 -6 6 -8 -9 9 11 -12 -13
leaf_value=0.0016596850918069572 -0.049238244095161317 0.091080420640670665 0.048312763797571656 -0.026885532206616436 0.038665974416097149 0.012652980802579476 -0.042295161349975421 -0.02413260835085938 -0.024124230425137352 -0.044621427234409219 0.036780556070553139 0.019980187960174031
leaf_weight=286.01992981880903 42.737095406744629 2.7943329261615864 34.379928354173899 10.660985704511402 37.285550478845835 12.178930168971418 29.707380456849933 2.4621158614754677 8.2618007427081483 7.5946898018009943 5.6871484965085974 0.40611939132213581
leaf_count=4645 5580 55 322 162 512 163 1146 59 496 804 114 6
internal_value=0.000437189 0.00632324 0.00965699 0.0349703 0.00603354 -0.0180709 -0.0263959 0.0418831 -0.0328515 -0.0145051 0.00150668 -0.0394868
internal_weight=480.176 415.489 368.346 45.0409 323.305 47.1428 41.8863 5.25645 64.6869 21.9498 13.9489 8.00081
internal_count=14064 7064 5641 484 5157 1423 1309 114 7000 1420 610 810
cat_boundaries=0 1 2 3
cat_threshold=7 5 1
is_linear=0
shrinkage=0.05


Tree=35
num_leaves=12
num_cat=4
split_feature=0 2 2 0 8 19 1 4 2 20 1
split_gain=40.3654 11.9924 12.2957 23.7317 13.4135 9.28745 9.27582 9.25216 5.07444 3.60379 3.50267
threshold=0 9.5000000000000018 8.5000000000000018 1 33.050000000000004 25.600694500000003 2 -0.98523971305672664 9.5000000000000018 34.250000000000007 3
decision_type=1 2 2 1 2 2 1 2 2 2 1
left_child=1 2 4 -4 -1 6 -3 -7 -2 10 -10
right_child=8 5 3 -5 -6 7 -8 -9 9 -11 -12
leaf_value=-0.0039370633369456721 -0.049167737245979337 0.082016581283032436 0.045753544522246836 -0.026260511441047477 0.016380509721334268 0.010251604249035784 -0.026999595427765838 -0.04147031658422376 -0.045697517060007381 0.048013887823003969 -0.0045379178298798712
leaf_weight=161.23709539137781 40.83779325010255 3.4108428796753278 35.810097627341747 10.244046464562414 162.07988813519478 11.87992290407419 2.8160649463534355 27.747820391319692 8.6215937556698936 1.0033266767859448 11.706570113077762
leaf_count=3052 5596 70 326 163 2060 158 68 1129 697 16 699
internal_value=0.000745837 0.00660455 0.00976437 0.0336601 0.00626731 -0.0171042 0.0358009 -0.026094 -0.0335964 -0.0179637 -0.0233187
internal_weight=477.395 415.226 369.371 46.0541 323.317 45.8547 6.22691 39.6277 62.1693 21.3315 20.3282
internal_count=14034 7026 5601 489 5112 1425 138 1287 7008 1412 1396
cat_boundaries=0 1 2 3 4
cat_threshold=7 5 1 1
is_linear=0
shrinkage=0.05


end of trees

feature_importances:
age_group=64
day_of_year_sin=53
day_of_year_cos=42
month=39
wind_speed_max_7d=35
temperature_max_7d=27
wind_gust_max_7d=27
gender=24
temperature_max_3d=19
temperature_mean_current=14
rain_max_daily_7d=12
temperature_mean_3d=8
humidity_min_7d=8
precipitation_sum_7d=7
temperature_max_current=6
wind_speed_mean_7d=6
temperature_min_7d=5
temperature_min_3d=4
wind_speed_mean_3d=4
temperature_mean_7d=4
humidity_max_3d=2
wind_speed_max_3d=2
humidity_max_7d=2
humidity_mean_current=1
wind_speed_max_current=1
rain_max_daily_3d=1
wind_gust_max_3d=1
humidity_mean_7d=1

parameters:
[boosting: gbdt]
[objective: binary]
[metric: binary_logloss]
[tree_learner: serial]
[device_type: cpu]
[data_sample_strategy: bagging]
[data: ]
[valid: ]
[num_iterations: 36]
[learning_rate: 0.05]
[num_leaves: 15]
[num_threads: 8]
[seed: 42]
[deterministic: 0]
[force_col_wise: 0]
[force_row_wise: 0]
[histogram_pool_size: -1]
[max_depth: 4]
[min_data_in_leaf: 20]
[min_sum_hessian_in_leaf: 0.001]
[bagging_fraction: 0.9]
[pos_bagging_fraction: 1]
[neg_bagging_fraction: 1]
[bagging_freq: 1]
[bagging_seed: 400]
[bagging_by_query: 0]
[feature_fraction: 0.9]
[feature_fraction_bynode: 1]
[feature_fraction_seed: 30056]
[extra_trees: 0]
[extra_seed: 12879]
[early_stopping_round: 0]
[early_stopping_min_delta: 0]
[first_metric_only: 0]
[max_delta_step: 0]
[lambda_l1: 0]
[lambda_l2: 1]
[linear_lambda: 0]
[min_gain_to_split: 0]
[drop_rate: 0.1]
[max_drop: 50]
[skip_drop: 0.5]
[xgboost_dart_mode: 0]
[uniform_drop: 0]
[drop_seed: 17869]
[top_rate: 0.2]
[other_rate: 0.1]
[min_data_per_group: 100]
[max_cat_threshold: 32]
[cat_l2: 10]
[cat_smooth: 10]
[max_cat_to_onehot: 4]
[top_k: 20]
[monotone_constraints: ]
[monotone_constraints_method: basic]
[monotone_penalty: 0]
[feature_contri: ]
[forcedsplits_filename: ]
[refit_decay_rate: 0.9]
[cegb_tradeoff: 1]
[cegb_penalty_split: 0]
[cegb_penalty_feature_lazy: ]
[cegb_penalty_feature_coupled: ]
[path_smooth: 0]
[interaction_constraints: ]
[verbosity: -1]
[saved_feature_importance_type: 0]
[use_quantized_grad: 0]
[num_grad_quant_bins: 4]
[quant_train_renew_leaf: 0]
[stochastic_rounding: 1]
[linear_tree: 0]
[max_bin: 255]
[max_bin_by_feature: ]
[min_data_in_bin: 3]
[bin_construct_sample_cnt: 200000]
[data_random_seed: 175]
[is_enable_sparse: 1]
[enable_bundle: 1]
[use_missing: 1]
[zero_as_missing: 0]
[feature_pre_filter: 1]
[pre_partition: 0]
[two_round: 0]
[header: 0]
[label_column: ]
[weight_column: ]
[group_column: ]
[ignore_column: ]
[categorical_feature: 0,1,3]
[forcedbins_filename: ]
[precise_float_parser: 0]
[parser_config_file: ]
[objective_seed: 16083]
[num_class: 1]
[is_unbalance: 0]
[scale_pos_weight: 1]
[sigmoid: 1]
[boost_from_average: 1]
[reg_sqrt: 0]
[alpha: 0.9]
[fair_c: 1]
[poisson_max_delta_step: 0.7]
[tweedie_variance_power: 1.5]
[lambdarank_truncation_level: 30]
[lambdarank_norm: 1]
[label_gain: ]
[lambdarank_position_bias_regularization: 0]
[eval_at: ]
[multi_error_top_k: 1]
[auc_mu_weights: ]
[num_machines: 1]
[local_listen_port: 12400]
[time_out: 120]
[machine_list_filename: ]
[machines: ]
[gpu_platform_id: -1]
[gpu_device_id: -1]
[gpu_device_id_list: ]
[gpu_use_dp: 0]
[num_gpu: 1]

end of parameters

pandas_categorical:[]
