tree
version=v4
num_class=1
num_tree_per_iteration=1
label_index=0
max_feature_idx=44
objective=binary sigmoid:1
feature_names=age_group gender month season day_of_year_sin day_of_year_cos weather_code_current temperature_mean_current temperature_max_current temperature_min_current humidity_mean_current humidity_max_current humidity_min_current wind_speed_mean_current wind_speed_max_current precipitation_sum_current rain_sum_current wind_gust_max_current rain_day_current temperature_mean_3d temperature_max_3d temperature_min_3d humidity_mean_3d humidity_max_3d humidity_min_3d wind_speed_mean_3d wind_speed_max_3d precipitation_sum_3d rain_sum_3d rain_days_3d rain_max_daily_3d wind_gust_max_3d temperature_mean_7d temperature_max_7d temperature_min_7d humidity_mean_7d humidity_max_7d humidity_min_7d wind_speed_mean_7d wind_speed_max_7d precipitation_sum_7d rain_sum_7d rain_days_7d rain_max_daily_7d wind_gust_max_7d
feature_infos=-1:0:1:2:3:4:5 -1:0:1 [1:12] -1:1:0 [-0.99999942202469239:0.99998555065071859] [-0.99997919295908244:0.9999907524084426] [0:61] [23.658332999999999:32.533332999999999] [25.899999999999999:39.200000000000003] [17.899999999999999:29.300000000000001] [48.958333000000003:91.625] [63:100] [23:86] [2.8541669999999999:19.695833] [6.4000000000000004:30.100000000000001] [0:63.100000000000001] [0:63.100000000000001] [14:56.899999999999999] [0:1] [23.766667000000002:32.427778000000004] [27.699999999999999:39.200000000000003] [17.899999999999999:28.100000000000001] [52.569443999999997:90.694444000000004] [73:100] [23:79] [4.125:17.329167000000002] [9.6999999999999993:30.100000000000001] [0:93.900000000000006] [0:93.900000000000006] [0:3] [0:63.100000000000001] [17.300000000000001:56.899999999999999] [24.365476000000001:32.235118999999997] [28.699999999999999:39.200000000000003] [17.899999999999999:27.5] [55.767856999999999:89.523809999999997] [77:100] [23:72] [4.5327380000000002:15.469643] [11.6:30.100000000000001] [0:163.90000000000001] [0:163.90000000000001] [0:7] [0:63.100000000000001] [23:56.899999999999999]
tree_sizes=1357 1417 1511 1485 1403 1516 1544 1500 1207 1508 1512 1217 1006 1091 987 1081 1097 985 1108 1714 1067 985 1128 1123 1120 1109 986 1121 998 989 913 1013 1111 1104 791 1017 1103 1120 911 1750 794 1120 913 910 901 1076 1002 1001 790 1016 1113 807 1096 809 1021 1538 899 1541 811 1751 1020 1095 1117 1073 1119 1108 1723 1110 991 1119 1741 1087 913 1121 914 1110

Tree=0
num_leaves=12
num_cat=3
split_feature=0 42 0 44 26 5 32 0 9 5 44
split_gain=502.323 100.9 86.305 83.5253 83.4252 34.4119 44.4689 26.1064 28.1319 11.3498 7.43074
threshold=0 3.5000000000000004 1 46.250000000000007 16.250000000000004 0.67007489853957602 26.340773500000001 2 25.950000000000003 -0.97507822412530132 29.700000000000003
decision_type=1 2 1 2 2 2 2 1 2 2 2
left_child=1 7 5 4 -3 6 -2 8 -1 -5 -7
right_child=2 3 -4 9 -6 10 -8 -9 -10 -11 -12
leaf_value=-2.8315241823895718 -2.7515507555678038 -2.8120652949090426 -2.8977234736967938 -2.7650383520223114 -2.738127655630489 -2.8566040150029566 -2.8505824122591421 -2.8819777591012929 -2.674078043457794 -2.8857783946484181 -2.8977589043835432
leaf_weight=20.93662649393082 11.142016574740408 57.575722858309746 240.71938134729862 1.2437599897384668 120.07466234266758 15.184236541390417 169.92870859801769 23.994203135371208 2.3320499807596198 16.738936528563499 44.205302968621254
leaf_count=404 215 1111 4645 24 2317 293 3279 463 45 323 853
internal_value=-2.84735 -2.79022 -2.87681 -2.77212 -2.76176 -2.85457 -2.844 -2.85336 -2.82031 -2.87354 -2.88757
internal_weight=724.076 242.896 481.18 195.633 177.65 240.46 181.071 47.2629 23.2687 17.9827 59.3895
internal_count=13972 4687 9285 3775 3428 4640 3494 912 449 347 1146
cat_boundaries=0 1 2 3
cat_threshold=9 6 1
is_linear=0
shrinkage=1


Tree=1
num_leaves=12
num_cat=2
split_feature=0 0 42 44 39 5 39 39 22 4 44
split_gain=445.421 87.2655 80.5837 66.8518 77.799 33.1613 32.1035 14.3129 12.2349 12.0533 2.76375
threshold=0 1 3.5000000000000004 47.70000000000001 17.950000000000003 0.69521084835931835 20.250000000000004 15.550000000000002 65.645833500000023 0.98802474685579855 42.300000000000004
decision_type=1 1 2 2 2 2 2 2 2 2 2
left_child=2 5 8 4 -4 6 -2 -7 9 -1 -10
right_child=1 -3 3 -5 -6 7 -8 -9 10 -11 -12
leaf_value=0.0053514000205569373 -0.021728533559248593 -0.050348803795524921 0.021399348716513819 -0.048450984847190626 0.092733971358956085 0.01817491915694117 0.020602922796869913 -0.051643331028115413 -0.043753707656249329 0.12596633266719312 0.012047306635323322
leaf_weight=27.371006630361084 74.461586523801088 229.93895713239908 52.757338639348745 11.16489366814494 144.99280359968543 8.1905445568263513 109.22708316892385 45.626276079565287 15.749560788273813 1.2511600404977787 2.1238706037402144
leaf_count=528 1434 4642 970 223 2578 160 2104 916 306 23 41
internal_value=0.000136879 -0.0287192 0.0519485 0.0671675 0.0739062 -0.00647699 0.00341835 -0.0408798 -0.00547053 0.0146983 -0.036836
internal_weight=722.855 467.444 255.411 208.915 197.75 237.505 183.689 53.8168 46.4956 28.6222 17.8734
internal_count=13925 9256 4669 3771 3548 4614 3538 1076 898 551 347
cat_boundaries=0 1 2
cat_threshold=9 6
is_linear=0
shrinkage=0.05


Tree=2
num_leaves=13
num_cat=3
split_feature=0 0 42 34 33 5 32 5 20 0 39 24
split_gain=420.306 87.3785 70.7086 75.8689 70.0833 35.0325 36.4242 32.4065 26.1919 21.7401 11.5593 4.19466
threshold=0 1 4.5000000000000009 24.450000000000003 31.650000000000002 0.69521084835931835 26.409821500000003 -0.44505783185115427 33.650000000000013 2 15.550000000000002 28.500000000000004
decision_type=1 1 2 2 2 2 2 2 2 1 2 2
left_child=2 5 8 4 -4 6 -2 -5 11 -10 -7 -1
right_child=1 -3 3 7 -6 10 -8 -9 9 -11 -12 -13
leaf_value=0.031808134079728025 0.067038183894917752 -0.050137733676163344 0.020436286679711268 -0.0056178322771831303 0.10166447940104884 0.011057544404795823 -0.0036926160694731934 0.093182887718592233 0.051000877041115236 -0.013466775777316154 -0.051490836250866201 -0.041824658148571836
leaf_weight=1.3953918591141725 19.421677809208632 222.00023923069239 34.990386892110109 43.094643607735634 117.36460161954165 8.4249214567244035 166.71406172960997 9.2506635412573797 21.500138979405165 20.207256078720093 44.951024278998375 21.70119109749794
leaf_count=27 356 4689 609 745 1979 162 3218 152 390 386 945 413
internal_value=0.000882819 -0.0279236 0.0493413 0.065515 0.0832642 -0.00603609 0.00400634 0.0132621 0.00553155 0.028971 -0.0415963 -0.0362407
internal_weight=731.016 461.512 269.504 204.7 152.355 239.512 186.136 52.3453 64.804 41.7074 53.3759 23.0966
internal_count=14071 9370 4701 3485 2588 4681 3574 897 1216 776 1107 440
cat_boundaries=0 1 2 3
cat_threshold=9 6 1
is_linear=0
shrinkage=0.05


Tree=3
num_leaves=13
num_cat=4
split_feature=0 4 1 43 4 0 39 0 44 37 24 2
split_gain=365.978 84.3722 119.872 61.398 61.2258 61.5868 51.0141 23.1685 32.9438 30.5696 19.7589 15.4987
threshold=0 -0.9354548908432756 1 28.950000000000006 0.95998215779580554 2 26.250000000000004 3 38.70000000000001 56.500000000000007 70.500000000000014 11.500000000000002
decision_type=1 2 1 2 2 1 2 1 2 2 2 2
left_child=1 2 3 -1 5 -3 -6 8 11 -10 -4 -2
right_child=7 4 10 -5 6 -7 -8 -9 9 -11 -12 -13
leaf_value=0.24418068277601865 -0.048037714042543894 0.043944755771523999 -0.010854715034553101 0.045556200926231437 0.10344967069708377 -0.00084027925681158749 -0.039968133488675388 -0.049894891087894529 -0.027217820155361949 0.049295495255996843 0.10825528828709896 0.030948331067783191
leaf_weight=13.124929133802654 62.366725731641054 114.1128965318203 16.705316759645942 6.1120963916182509 35.658498618751764 206.66113579645753 6.9055082537233821 211.1813260614872 24.442425277084112 25.91901495680213 3.3524709343910208 6.2062176689505568
leaf_count=222 1241 1901 283 106 593 3782 130 4667 477 491 58 129
internal_value=-0.000584204 0.0310505 0.10056 0.186442 0.0241301 0.0165183 0.0797985 -0.0389082 -0.0168275 0.0123536 0.0132489 -0.040547
internal_weight=732.749 402.633 39.2948 19.237 363.338 320.774 42.564 330.116 118.934 50.3614 20.0578 68.5729
internal_count=14080 7075 669 328 6406 5683 723 7005 2338 968 341 1370
cat_boundaries=0 1 2 3 4
cat_threshold=13 1 1 2
is_linear=0
shrinkage=0.05


Tree=4
num_leaves=12
num_cat=3
split_feature=0 4 37 26 44 1 0 44 5 43 2
split_gain=330.349 81.5648 74.513 57.1484 56.7341 50.5753 25.9568 29.151 29.7845 15.2317 14.3075
threshold=0 -0.79384350655589164 56.500000000000007 16.350000000000005 45.900000000000013 1 2 38.70000000000001 -0.3342621144462935 9.3500000000000032 11.500000000000002
decision_type=1 2 2 2 2 1 1 2 2 2 2
left_child=1 2 -1 9 -5 -4 7 10 -9 -3 -2
right_child=6 3 5 4 -6 -7 -8 8 -10 -11 -12
leaf_value=0.22622083275749399 -0.046007926574055454 -0.042571078434381626 0.097797757993672046 0.039971992337021464 -0.030393704574149878 0.0140766279256929 -0.049664017226005934 0.049060078203141094 -0.025388131309312181 0.00030988111497632655 0.029452963833597162
leaf_weight=6.5126619711518279 59.325095094740391 32.905935861170292 37.606816742569208 215.71925873681903 32.261504322290421 34.592703063040972 201.70553410053253 25.466162204742432 26.379730027168989 53.169881500303745 6.330908738076686
leaf_count=101 1233 628 582 3630 605 581 4664 468 516 930 128
internal_value=-0.000434768 0.0287924 0.0749723 0.0185794 0.0307323 0.058425 -0.0379156 -0.0152232 0.0114164 -0.0163837 -0.0383989
internal_weight=731.976 412.769 78.7122 334.057 247.981 72.1995 319.207 117.502 51.8459 86.0758 65.656
internal_count=14066 7057 1264 5793 4235 1163 7009 2345 984 1558 1361
cat_boundaries=0 1 2 3
cat_threshold=13 1 2
is_linear=0
shrinkage=0.05


Tree=5
num_leaves=13
num_cat=3
split_feature=0 5 39 5 0 39 5 0 27 4 4 10
split_gain=310.066 73.3329 62.3466 49.8028 24.2476 31.2226 42.7131 18.875 38.3463 14.4208 2.28506 0.446395
threshold=0 0.8511460603353429 26.950000000000003 -0.3744658827978154 1 25.250000000000004 -0.92272482904738273 2 2.1500000000000008 -0.091260668982868137 0.49812943072827087 57.854166500000012
decision_type=1 2 2 2 1 2 2 1 2 2 2 2
left_child=1 2 3 -1 5 9 -7 8 -3 -2 -9 -4
right_child=4 7 11 -5 -6 6 -8 10 -10 -11 -12 -13
leaf_value=0.021496496747069965 -0.0046017869788818671 -0.020752861688622937 -0.011357266580791336 0.059771510144089685 -0.049429734597515235 0.18018460826464563 -0.0056458071157384909 -0.051448328792995303 0.11869240571571245 -0.042415341390919382 0.0062758645086785653 -0.050246138983955461
leaf_weight=165.60406231880188 44.634966045618057 16.010328017175201 1.4743905887007738 177.42587237805128 192.28200498223305 3.5116934441030017 9.6448858641087991 35.821271672844887 5.9840876311063758 57.762541618198156 1.5833683013916005 18.361124485731125
leaf_count=2724 880 282 28 2825 4652 61 188 710 96 1212 31 352
internal_value=-0.000211659 0.0273344 0.0364015 0.0414097 -0.0376299 -0.0154052 0.0531794 -0.0232162 0.014425 -0.0261364 -0.0388017 -0.0480393
internal_weight=730.101 422.265 362.865 343.03 307.836 115.554 13.1566 59.3991 21.9944 102.398 37.4046 19.8355
internal_count=14041 7048 5929 5549 6993 2341 249 1119 378 2092 741 380
cat_boundaries=0 1 2 3
cat_threshold=13 2 1
is_linear=0
shrinkage=0.05


Tree=6
num_leaves=13
num_cat=1
split_feature=5 34 39 43 5 39 34 1 39 33 43 19
split_gain=44.3838 38.8515 27.1689 25.4212 23.7279 20.4297 11.3114 10.6688 27.7569 16.0362 7.46018 3.69161
threshold=0.56191161272202661 24.450000000000003 26.650000000000002 31.450000000000003 -0.20180761162458913 17.650000000000002 24.750000000000004 0 15.550000000000002 35.750000000000007 11.000000000000002 26.233333000000005
decision_type=2 2 2 2 2 2 2 1 2 2 2 2
left_child=1 2 5 7 10 -1 -6 9 -9 -2 -3 -4
right_child=3 4 11 -5 6 -7 -8 8 -10 -11 -12 -13
leaf_value=-0.0059253479160847047 -0.040680666350559724 -0.035405122656593097 0.024036163737822767 0.093696004728684612 -0.013314758617153425 0.025108550340290747 0.054371648956742763 0.050092912242800651 -0.022720746042353749 0.033897422704989084 -0.011558771149499547 -0.043035610985651403
leaf_weight=64.625199232250452 89.796542081981897 55.830811224877834 1.6388421729207063 3.7910885438323012 9.1097780950367468 286.23752392828465 16.198812961578369 14.570613853633402 82.05406591296196 7.0866112634539595 81.20892670750618 20.073353171348572
leaf_count=1220 1865 1084 34 75 174 5166 295 297 1694 140 1610 429
internal_value=-0.000354251 0.0071241 0.0160069 -0.0205635 -0.0132344 0.0193918 0.030428 -0.0232722 -0.0113401 -0.034935 -0.02146 -0.0371376
internal_weight=732.222 534.923 372.575 197.299 162.348 350.863 25.3086 193.508 96.6247 96.8832 137.04 21.7122
internal_count=14083 10012 6849 4071 3163 6386 469 3996 1991 2005 2694 463
cat_boundaries=0 1
cat_threshold=1
is_linear=0
shrinkage=0.05


Tree=7
num_leaves=13
num_cat=4
split_feature=0 4 37 4 0 39 44 1 0 39 5 4
split_gain=275.228 59.0102 54.9558 50.9892 46.3367 41.1902 38.237 33.0464 28.5021 29.9186 38.0122 17.5136
threshold=0 -0.79384350655589164 60.500000000000007 0.95998215779580554 1 19.550000000000004 40.500000000000007 2 3 25.250000000000004 -0.92272482904738273 -0.091260668982868137
decision_type=1 2 2 2 1 2 2 1 1 2 2 2
left_child=1 2 6 4 -3 -5 -1 -4 9 11 -11 -2
right_child=8 3 7 5 -6 -7 -8 -9 -10 10 -12 -13
leaf_value=0.17497260447116261 -0.00011952822704442575 0.032752916423413242 0.073762297417892003 -0.046951877062181957 -0.0068378214026541166 0.081633169712298975 -0.03661102364824028 0.0045534009383473599 -0.049222744563335093 0.17041822022387323 -0.0038149807176631489 -0.041976310688853997
leaf_weight=13.3774630241096 44.528206005692482 108.4908380433917 37.239337839186192 6.6193823292851439 189.10428042337298 41.743066038936377 2.1441688314080229 31.674807488918304 185.12329633161426 3.6980271562933913 9.2549111507832986 55.974821515381336
leaf_count=170 873 1691 504 97 3404 615 34 501 4692 55 183 1227
internal_value=-0.000332063 0.0250272 0.0628537 0.016362 0.00852457 0.0634391 0.145297 0.0424721 -0.0364664 -0.0131414 0.0545768 -0.0236154
internal_weight=728.973 430.393 84.4358 345.958 297.595 48.3624 15.5216 68.9141 298.579 113.456 12.9529 100.503
internal_count=14046 7016 1209 5807 5095 712 204 1005 7030 2338 238 2100
cat_boundaries=0 1 2 3 4
cat_threshold=13 1 1 2
is_linear=0
shrinkage=0.05


Tree=8
num_leaves=10
num_cat=2
split_feature=0 0 44 5 43 5 5 32 32
split_gain=244.886 68.6085 45.2706 51.3059 59.1045 56.362 26.0492 28.2017 10.3951
threshold=0 1 47.70000000000001 0.39629089145655316 27.050000000000004 1.0000000180025095e-35 0.6174544326165855 26.340773500000001 28.962202500000004
decision_type=1 1 2 2 2 2 2 2 2
left_child=2 6 3 5 -5 -1 7 -2 -8
right_child=1 -3 -4 4 -6 -7 8 -9 -10
leaf_value=0.037795638662269336 0.068881782225739263 -0.048993320900211856 -0.049544788615034835 -0.0015324549223795759 0.17390922748741089 0.1039233370053398 -0.041533054100189482 -0.0042883641242272485 0.06323939195544874
leaf_weight=159.32244832068682 13.252680592238901 176.66310242190957 15.03747897595167 94.134327322244644 4.0576599203050128 40.281070914119482 54.08051386475563 172.22124990448356 1.6110697798430909
leaf_count=2264 195 4686 301 1557 56 520 1225 3233 34
internal_value=-0.0010785 -0.0258328 0.0317718 0.0370934 0.00739762 0.0515921 -0.0074698 0.00128122 -0.0374401
internal_weight=730.662 417.829 312.833 297.796 98.192 199.604 241.166 185.474 55.6916
internal_count=14071 9373 4698 4397 1613 2784 4687 3428 1259
cat_boundaries=0 1 2
cat_threshold=9 6
is_linear=0
shrinkage=0.05


Tree=9
num_leaves=13
num_cat=3
split_feature=0 5 39 39 0 44 5 0 27 43 2 4
split_gain=225.488 48.4199 49.3777 32.972 31.3925 30.2478 28.1922 19.2233 28.0284 19.0935 16.0576 2.53472
threshold=0 0.8511460603353429 24.550000000000004 17.250000000000004 1 38.70000000000001 -0.31800055644052067 2 1.5500000000000003 5.3500000000000005 11.500000000000002 0.49812943072827087
decision_type=1 2 2 2 1 2 2 1 2 2 2 2
left_child=1 2 3 -1 5 10 -7 8 -3 -4 -2 -9
right_child=4 7 9 -5 -6 6 -8 11 -10 -11 -12 -13
leaf_value=0.0002923090582051752 -0.045046014942812358 -0.022114434822663037 0.020350218284454349 0.042813520951383216 -0.048760742807293866 0.049305096876116755 -0.023089482179390941 -0.051106065340865453 0.088720764775067934 -0.035882672352735644 0.034125955937662503 0.010891829066128678
leaf_weight=54.560377642512321 53.431885551661253 13.578665740787985 24.663401033729315 276.73399625346065 168.38151722401381 27.76477076113224 24.417101714760065 33.243434380739927 8.4771485887467843 35.972178470343351 6.5210190899670115 1.3975528217852105
leaf_count=871 1223 244 402 4035 4673 482 513 719 123 612 138 28
internal_value=-0.000292515 0.0215329 0.0282559 0.0358327 -0.034683 -0.0110764 0.0156328 -0.0208939 0.0156832 -0.013051 -0.036016 -0.0377716
internal_weight=729.143 448.627 391.93 331.294 280.516 112.135 52.1819 56.6968 22.0558 60.6356 59.9529 34.641
internal_count=14063 7034 5920 4906 7029 2356 995 1114 367 1014 1361 747
cat_boundaries=0 1 2 3
cat_threshold=13 2 1
is_linear=0
shrinkage=0.05


Tree=10
num_leaves=13
num_cat=3
split_feature=0 5 39 39 0 39 5 0 42 44 4 13
split_gain=219.772 41.59 49.452 28.7212 26.2874 30.3513 25.833 22.4201 32.91 17.7526 17.4192 2.31812
threshold=0 0.84199059757024453 24.550000000000004 19.250000000000004 1 25.250000000000004 -0.92272482904738273 2 5.5000000000000009 42.650000000000006 -0.091260668982868137 12.787500000000001
decision_type=1 2 2 2 1 2 2 1 2 2 2 2
left_child=1 2 3 -1 5 10 -7 8 -3 -4 -2 -9
right_child=4 7 9 -5 -6 6 -8 11 -10 -11 -12 -13
leaf_value=0.015241091900379264 -0.00063531491346916445 -0.013422744251235401 0.024719188202414116 0.045669919176703419 -0.048530989789290678 0.13472638836111836 0.00056195435485588646 -0.050967492947775375 0.1096154617829863 -0.032197770492124647 -0.043055979249654763 0.007617796836737592
leaf_weight=123.69648414477706 44.019841659814119 16.648929707705978 19.283998552709818 213.35847412422299 160.65624739974737 4.8281204253435126 9.3561657853424531 32.629989299923182 6.9414750337600699 41.78637508675456 52.829914726316929 1.5230778455734242
leaf_count=1842 874 296 273 2995 4664 60 188 734 91 755 1242 30
internal_value=-0.000182702 0.0208898 0.0270943 0.0345809 -0.0349709 -0.0127446 0.0520947 -0.0180651 0.0183175 -0.0141166 -0.0239786 -0.0375349
internal_weight=727.559 455.869 398.125 337.055 271.69 111.034 14.1843 57.7435 23.5904 61.0704 96.8498 34.1531
internal_count=14044 7016 5865 4837 7028 2364 248 1151 387 1028 2116 764
cat_boundaries=0 1 2 3
cat_threshold=13 2 1
is_linear=0
shrinkage=0.05


Tree=11
num_leaves=10
num_cat=2
split_feature=0 0 44 5 5 43 5 32 39
split_gain=200.115 61.5993 37.943 47.9449 44.775 40.6503 19.9026 22.9608 14.9537
threshold=0 1 47.70000000000001 0.39629089145655316 -0.048362832084465547 27.050000000000004 0.69521084835931835 26.340773500000001 15.550000000000002
decision_type=1 1 2 2 2 2 2 2 2
left_child=2 6 3 4 -1 -5 7 -2 -8
right_child=1 -3 -4 5 -6 -7 8 -9 -10
leaf_value=0.032043232873278649 0.054720329805595595 -0.048330263765060617 -0.049216596033475071 -0.0045315750195090041 0.085336350480754372 0.13011359242017392 0.023964971121043475 -0.0061095109697183007 -0.050788836344010484
leaf_weight=165.66590728610754 15.970467437058685 154.72828757762909 14.219302341341971 95.561076689511538 51.847678564488888 4.9517562836408606 7.5161355733871451 179.6466289870441 36.489425398409367
leaf_count=2171 224 4699 304 1551 585 56 159 3351 934
internal_value=-0.000613732 -0.0243855 0.0274967 0.0319321 0.0450789 0.00331811 -0.00748132 -0.000890223 -0.0377721
internal_weight=726.597 394.351 332.246 318.026 217.514 100.513 239.623 195.617 44.0056
internal_count=14034 9367 4667 4363 2756 1607 4668 3575 1093
cat_boundaries=0 1 2
cat_threshold=9 6
is_linear=0
shrinkage=0.05


Tree=12
num_leaves=8
num_cat=2
split_feature=0 0 44 5 5 39 39
split_gain=180.749 56.8166 33.7207 34.9501 18.8297 20.7376 17.0378
threshold=0 1 47.70000000000001 0.38043945030393422 0.69521084835931835 20.250000000000004 15.550000000000002
decision_type=1 1 2 2 2 2 2
left_child=-1 2 3 -2 5 -3 -6
right_child=1 4 -4 -5 6 -7 -8
leaf_value=-0.048064343322899328 0.040255097678500974 -0.020583622770390234 -0.048927635426354185 0.0048931123355647511 0.028681094019477656 0.012733817606486864 -0.05064014957955263
leaf_weight=146.12138301506639 223.34141902253032 74.497676253318787 13.532691463828085 101.92410104349256 7.6328687705099574 121.45917784050107 35.276573993265629
leaf_count=4643 2737 1456 303 1616 159 2130 945
internal_value=-0.000431266 0.0122979 0.0252244 0.0292231 -0.00633977 2.71996e-05 -0.0361984
internal_weight=723.786 577.665 338.798 325.266 238.866 195.957 42.9094
internal_count=13989 9346 4656 4353 4690 3586 1104
cat_boundaries=0 1 2
cat_threshold=48 9
is_linear=0
shrinkage=0.05


Tree=13
num_leaves=9
num_cat=3
split_feature=0 0 42 34 5 32 39 0
split_gain=174.253 44.7392 31.3279 28.3495 18.5047 23.4522 17.9002 17.2882
threshold=0 1 3.5000000000000004 24.450000000000003 0.69521084835931835 26.340773500000001 15.550000000000002 2
decision_type=1 1 2 2 2 2 2 1
left_child=-1 2 7 -4 5 -3 -6 -2
right_child=1 4 3 -5 6 -7 -8 -9
leaf_value=-0.047858898861993023 0.015131388908498623 0.05596925454274479 0.038694800087791893 0.001811083332734782 0.02901619847688543 -0.0037521808072679703 -0.050476262342272697 -0.033890203145963776
leaf_weight=140.58601301349699 28.735442716628313 17.089710842818022 229.00836012884974 67.484055526554585 8.1983667276799661 179.19085888192058 33.602555923163891 24.554023936390877
leaf_count=4673 457 227 2835 948 165 3367 941 473
internal_value=3.0695e-05 0.0121516 0.0233395 0.0303341 -0.00459025 0.00170498 -0.0345718 -0.0111197
internal_weight=728.449 587.863 349.782 296.492 238.081 196.281 41.8009 53.2895
internal_count=14086 9413 4713 3783 4700 3594 1106 930
cat_boundaries=0 1 2 3
cat_threshold=48 9 1
is_linear=0
shrinkage=0.05


Tree=14
num_leaves=8
num_cat=3
split_feature=0 0 44 5 1 4 5
split_gain=162.397 41.6439 29.193 32.7453 22.1581 35.2033 32.2238
threshold=0 1 47.70000000000001 0.39629089145655316 2 -0.8781231054254196 -0.6905596507703472
decision_type=1 1 2 2 1 2 2
left_child=-1 2 3 -2 5 -3 -6
right_child=1 4 -4 -5 6 -7 -8
leaf_value=-0.047622024898572264 0.035515877438112492 0.036495367879056433 -0.048693458457528357 0.0018737685141662413 0.048754641993036904 -0.032808215988208204 -0.0073139281451940113
leaf_weight=134.0819923710078 239.01486425101757 21.587295781821012 12.94004926458001 103.69661807641387 36.302342910319567 98.472395792603493 81.206227445974946
leaf_count=4661 2772 321 300 1613 674 2030 1681
internal_value=-0.000122394 0.0112872 0.0219329 0.0253716 -0.00491522 -0.0201486 0.0102728
internal_weight=727.302 593.22 355.652 342.711 237.568 120.06 117.509
internal_count=14052 9391 4685 4385 4706 2351 2355
cat_boundaries=0 1 2 3
cat_threshold=48 9 1
is_linear=0
shrinkage=0.05


Tree=15
num_leaves=9
num_cat=4
split_feature=0 0 33 4 1 4 5 1
split_gain=156.285 33.8691 28.7764 38.3102 21.4092 33.3155 28.3105 16.6558
threshold=0 1 31.650000000000002 -0.37447345805034538 2 -0.8781231054254196 -0.70289845916694649 3
decision_type=1 1 2 2 1 2 2 1
left_child=-1 2 7 -4 5 -3 -6 -2
right_child=1 4 3 -5 6 -7 -8 -9
leaf_value=-0.047437236251043791 0.014842010127143788 0.035785043726396529 0.055886594829967308 0.016136247344798259 0.046680938302892827 -0.031628710957848999 -0.0055349226415737493 -0.037487566998388316
leaf_weight=129.78855369985104 30.423010591417551 21.731784734874964 83.604457475244999 218.71415109932423 37.015224665403366 95.704112431034446 81.293671246618032 28.619200140237808
leaf_count=4719 403 315 945 2929 658 2027 1685 413
internal_value=3.42834e-05 0.0110237 0.0204899 0.027277 -0.00375315 -0.0189568 0.0110562 -0.0107253
internal_weight=726.894 597.106 361.361 302.319 235.745 117.436 118.309 59.0422
internal_count=14094 9375 4690 3874 4685 2342 2343 816
cat_boundaries=0 1 2 3 4
cat_threshold=48 9 1 1
is_linear=0
shrinkage=0.05


Tree=16
num_leaves=9
num_cat=2
split_feature=0 0 5 33 36 8 5 37
split_gain=138.872 31.5387 48.4747 33.9987 29.7767 23.7785 21.5301 15.4089
threshold=0 1 0.63089349388778826 35.750000000000007 93.500000000000014 29.050000000000004 0.08054732823231521 28.500000000000004
decision_type=1 1 2 2 2 2 2 2
left_child=-1 5 4 -4 -3 6 -2 -7
right_child=1 2 3 -5 -6 7 -8 -9
leaf_value=-0.047186107105351427 -0.0059455163680135923 -0.028929501361660056 -0.043811675480446129 0.069679922104055811 0.015070958649739959 0.072295547656199999 0.1493657410545601 0.017800103805276218
leaf_weight=123.46460657380521 3.1519836001098138 43.35923458263278 72.983618969097733 6.3520055077970019 290.1801451779902 13.225524950772522 6.0700569376349449 170.35196647420526
leaf_count=4695 38 738 1726 128 4496 188 63 2059
internal_value=-0.00117647 0.0088959 0.000887088 -0.0339707 0.00928164 0.025073 0.100894 0.0220965
internal_weight=729.139 605.675 412.875 79.3356 333.539 192.8 9.22204 183.577
internal_count=14131 9436 7088 1854 5234 2348 101 2247
cat_boundaries=0 1 2
cat_threshold=48 1
is_linear=0
shrinkage=0.05


Tree=17
num_leaves=8
num_cat=3
split_feature=0 0 44 34 1 4 37
split_gain=131.222 27.8066 25.3944 20.9069 18.9239 29.0094 18.3015
threshold=0 1 47.70000000000001 20.350000000000005 2 -0.8781231054254196 65.500000000000014
decision_type=1 1 2 2 1 2 2
left_child=-1 2 3 -2 5 -3 -6
right_child=1 4 -4 -5 6 -7 -8
leaf_value=-0.046951675492446783 -0.048133456629144811 0.030726627807689061 -0.048677119613537656 0.022082004286505346 -0.0002500067995472737 -0.031577722697557868 0.050547038529590575
leaf_weight=118.06739378906786 10.022319030016659 22.431688439100981 13.070892244577406 345.04229098558426 98.515634926036 93.565353143960238 20.621107000857592
leaf_count=4695 203 311 310 4142 1996 2056 339
internal_value=-0.0011522 0.00851037 0.0169486 0.0199704 -0.004868 -0.0193696 0.0088899
internal_weight=721.337 603.269 368.136 355.065 235.134 115.997 119.137
internal_count=14052 9357 4655 4345 4702 2367 2335
cat_boundaries=0 1 2 3
cat_threshold=48 9 1
is_linear=0
shrinkage=0.05


Tree=18
num_leaves=9
num_cat=2
split_feature=0 26 0 44 5 4 37 19
split_gain=122.315 31.7354 23.4959 26.7792 21.3998 17.0801 39.6884 5.97404
threshold=0 16.250000000000004 1 47.70000000000001 0.69521084835931835 -0.39036798905311365 57.500000000000007 29.561111000000004
decision_type=1 2 1 2 2 2 2 2
left_child=-1 5 3 -3 -4 6 -2 -7
right_child=1 2 4 -5 -6 7 -8 -9
leaf_value=-0.046721155821531947 0.071847977785759617 0.02721355239964128 0.0057037214036885497 -0.048107606001708936 -0.049178440554028612 -0.030505926503152411 -0.013188008307002863 0.040831092668031727
leaf_weight=113.10262387990952 16.367275759577751 266.37290138751268 152.00886484608054 11.455750426277516 19.094594599679112 75.438314732164145 64.43082557991147 2.2165576480329028
leaf_count=4703 236 3047 2730 282 604 1426 968 38
internal_value=-0.00145859 0.00767461 0.0145832 0.0231173 -0.00063426 -0.0113863 0.0047055 -0.0279765
internal_weight=720.488 607.385 448.932 277.829 171.103 158.453 80.7981 77.6549
internal_count=14034 9331 6663 3329 3334 2668 1204 1464
cat_boundaries=0 1 2
cat_threshold=48 9
is_linear=0
shrinkage=0.05


Tree=19
num_leaves=15
num_cat=3
split_feature=5 39 26 34 32 41 22 37 34 1 33 20 1 1
split_gain=24.3297 16.5056 18.2015 21.7958 19.4295 9.55128 5.71062 5.08233 4.45538 4.71755 3.61776 3.20238 1.57576 0.653601
threshold=0.86869874770991873 26.950000000000003 16.250000000000004 22.750000000000004 30.676786000000003 25.150000000000002 58.826389000000006 69.500000000000014 23.250000000000004 0 31.650000000000002 33.650000000000013 1 2
decision_type=2 2 2 2 2 2 2 2 2 1 2 2 1 1
left_child=1 2 3 -1 -4 8 13 -8 11 -10 12 -2 -7 -3
right_child=5 6 4 -5 -6 10 7 -9 9 -11 -12 -13 -14 -15
leaf_value=0.034468247076600504 -0.04389594711822567 0.055707841734086064 0.01099367773952596 -0.019573626489812743 -0.034031884943625287 -0.036194331448181127 -0.046778980189802172 0.013939101619434742 -0.032715180459530271 0.063184751220165689 0.047456288918937627 -0.017442622783666064 0.016019226114891438 0.0016865659340275308
leaf_weight=20.97465374134481 46.362938553094864 0.87157019041478878 443.47588961943984 124.63384532742202 24.36552756279707 2.058809906244278 25.019888706505302 3.5146351214498273 1.6393523905426255 1.610831119120121 4.4137198701500893 17.621756400913 1.9247818365693077 0.89082307554781437
leaf_count=402 1304 22 7861 2445 473 48 635 85 42 39 86 496 48 22
internal_value=-0.00119031 0.00197706 0.00377819 -0.011607 0.00858113 -0.0278235 -0.0334475 -0.0390815 -0.0340769 0.0184975 0.0205438 -0.0369911 -0.0128138 0.0388975
internal_weight=719.379 643.747 613.45 145.608 467.841 75.6322 30.2969 28.5345 67.2349 3.25018 8.39731 63.9847 3.98359 1.76239
internal_count=14008 11945 11181 2847 8334 2063 764 720 1881 81 182 1800 96 44
cat_boundaries=0 1 2 3
cat_threshold=1 2 1
is_linear=0
shrinkage=0.05


Tree=20
num_leaves=9
num_cat=5
split_feature=0 0 1 42 1 4 36 0
split_gain=117.176 26.3403 23.72 23.2317 27.1626 19.7575 17.5504 15.1978
threshold=0 1 2 4.5000000000000009 3 -0.8781231054254196 94.500000000000014 4
decision_type=1 1 1 2 1 2 2 1
left_child=-1 3 5 7 -5 -3 -4 -2
right_child=1 2 6 4 -6 -7 -8 -9
leaf_value=-0.046418889264554175 0.01142034958768672 0.018753132589472282 -0.029103547151871603 0.036993004604635935 0.0071237182438126908 -0.032016836054435803 0.019196515503182059 -0.029278987245259677
leaf_weight=106.69482274912298 42.009957242757082 23.488542851060629 22.264739707112312 156.22433144971728 148.67750674858689 91.012922003865242 98.364014239981771 31.796481242403388
leaf_count=4653 601 320 474 1732 1735 2065 1882 588
internal_value=-0.000671926 0.00796757 -0.00510449 0.0159987 0.0224989 -0.0215298 0.0101157 -0.00865762
internal_weight=720.533 613.838 235.13 378.708 304.902 114.501 120.629 73.8064
internal_count=14050 9397 4741 4656 3467 2385 2356 1189
cat_boundaries=0 1 2 3 4 5
cat_threshold=48 9 1 1 1
is_linear=0
shrinkage=0.05


Tree=21
num_leaves=8
num_cat=3
split_feature=0 34 0 44 1 7 5
split_gain=108.229 22.2961 20.2492 22.5026 21.3817 5.49235 4.31209
threshold=0 20.700000000000006 1 47.70000000000001 2 27.981250000000003 0.99855310097228323
decision_type=1 2 1 2 1 2 2
left_child=-1 5 3 -3 -4 6 -2
right_child=1 2 4 -5 -6 -7 -8
leaf_value=-0.046184851692496941 -0.050285253755737981 0.018484619703250962 -0.019346589699746269 -0.048250083201993886 0.011433128126250306 0.044784819550239496 0.021916969369531827
leaf_weight=102.32368541322649 21.74296252056957 362.43194099888206 106.95583841390908 12.149870067834852 117.24731452018023 1.0744703449308861 1.7203761059790839
leaf_count=4665 519 4121 2223 313 2232 22 44
internal_value=-0.00120852 0.00686665 0.00891449 0.0157772 -0.00313193 -0.0388095 -0.0443117
internal_weight=725.646 623.323 598.785 374.582 224.203 24.5378 23.4633
internal_count=14139 9474 8889 4434 4455 585 563
cat_boundaries=0 1 2 3
cat_threshold=48 9 1
is_linear=0
shrinkage=0.05


Tree=22
num_leaves=9
num_cat=1
split_feature=0 26 4 37 36 39 5 20
split_gain=107.046 22.7324 20.2736 39.3608 19.5132 24.5074 18.8901 10.1906
threshold=0 16.250000000000004 -0.35846811432664222 56.500000000000007 94.500000000000014 23.550000000000004 -0.26867065956352881 34.150000000000013
decision_type=1 2 2 2 2 2 2 2
left_child=-1 2 3 -2 6 -6 -3 -4
right_child=1 4 7 -5 5 -7 -8 -9
leaf_value=-0.045954589323348317 0.075719214900128035 -0.045167301435612185 -0.033378277014107158 -0.008955212934259757 0.026057935951318591 -0.0064759860904648817 0.005472721246575574 0.033986086104306056
leaf_weight=98.286550484597683 16.132566375657916 21.910348426550627 66.587201396003366 68.21611013635993 274.55378827825189 72.83778141438961 93.070597337558866 5.3257954344153395
leaf_count=4684 207 357 1310 1042 3728 1107 1518 93
internal_value=-0.000283514 0.00765314 -0.00867049 0.00793708 0.0133418 0.0192375 -0.00448329 -0.0279917
internal_weight=716.921 618.634 156.262 84.3487 462.373 347.392 114.981 71.913
internal_count=14046 9362 2652 1249 6710 4835 1875 1403
cat_boundaries=0 1
cat_threshold=48
is_linear=0
shrinkage=0.05


Tree=23
num_leaves=9
num_cat=1
split_feature=0 39 39 33 25 33 21 38
split_gain=100.782 24.3222 31.3766 27.3431 20.1504 20.7779 13.5571 11.3932
threshold=0 18.950000000000003 22.350000000000005 37.750000000000007 6.7736115000000003 32.150000000000013 23.150000000000002 6.5821430000000012
decision_type=1 2 2 2 2 2 2 2
left_child=-1 4 3 -3 5 -2 -6 -4
right_child=1 2 7 -5 6 -7 -8 -9
leaf_value=-0.045704280871121862 -0.013154039814110358 0.032183660885038844 0.098130233599894437 -0.04911943455391251 0.0053266823379888098 0.030668915653525204 -0.034704961525618361 -0.00074425363424786924
leaf_weight=94.063912689685822 54.394143883138895 196.4585573412478 1.9545210972428311 10.044436035677789 29.802785379812121 51.995542958378792 69.869030747562647 209.15229505673051
leaf_count=4682 849 2703 21 167 526 873 1070 3158
internal_value=-0.000354342 0.00716464 0.0142041 0.0280114 -0.00675534 0.00834958 -0.0228011 0.0006295
internal_weight=717.735 623.671 417.61 206.503 206.062 106.39 99.6718 211.107
internal_count=14049 9367 6049 2870 3318 1722 1596 3179
cat_boundaries=0 1
cat_threshold=48
is_linear=0
shrinkage=0.05


Tree=24
num_leaves=9
num_cat=1
split_feature=0 26 4 37 21 39 13 31
split_gain=91.8034 21.2914 17.9928 29.273 15.7054 15.3513 6.54858 4.09285
threshold=0 16.250000000000004 -0.29343379936893915 56.500000000000007 26.450000000000003 18.950000000000003 5.2229165000000011 38.70000000000001
decision_type=1 2 2 2 2 2 2 2
left_child=-1 2 3 -2 5 -3 -4 -6
right_child=1 4 6 -5 7 -7 -8 -9
leaf_value=-0.04545582041749309 0.054593630691750841 -0.0056143905351794011 0.0084370333804231167 -0.011313234294677494 -0.049718292704595574 0.01749413625155679 -0.035479345008983268 0.0023070781580630702
leaf_weight=90.156617052853107 21.233826650306582 88.820210257545114 9.5140430331230146 68.635855756700039 11.880362141877415 366.6216725371778 58.111505309119821 5.2294476404786101
leaf_count=4690 288 1278 173 1062 202 5170 1168 77
internal_value=-0.00121983 0.00580052 -0.0099846 0.00468824 0.011194 0.0129851 -0.029268 -0.0345679
internal_weight=720.204 630.047 157.495 89.8697 472.552 455.442 67.6255 17.1098
internal_count=14108 9418 2691 1350 6727 6448 1341 279
cat_boundaries=0 1
cat_threshold=48
is_linear=0
shrinkage=0.05


Tree=25
num_leaves=9
num_cat=2
split_feature=0 0 5 7 34 19 43 40
split_gain=87.1914 23.6235 44.0245 28.2843 23.2987 21.4448 27.1883 26.5327
threshold=0 1 0.60383265664488517 28.502083500000001 25.750000000000004 28.145833500000006 0.65000000000000002 89.250000000000014
decision_type=1 1 2 2 2 2 2 2
left_child=-1 5 4 -4 -3 7 -7 -2
right_child=1 2 3 -5 -6 6 -8 -9
leaf_value=-0.04519448890844753 0.040991100268224619 0.0097962307232389023 -0.044460437185102598 0.052679694873270899 -0.044154207615146955 0.05297559027383239 -0.025235237405888813 -0.0078251813850625952
leaf_weight=86.265638140961528 116.8320476450026 320.18262129835784 71.715993914753199 7.5115609690546981 20.357523499056697 13.745347131043671 44.193220853805542 36.068581154569983
leaf_count=4688 1335 4739 1750 149 366 164 473 384
internal_value=-0.00110944 0.00561003 -0.00134932 -0.0347088 0.00645123 0.0188455 -0.00609649 0.0294995
internal_weight=716.873 630.607 419.768 79.2276 340.54 210.839 57.9386 152.901
internal_count=14048 9360 7004 1899 5105 2356 637 1719
cat_boundaries=0 1 2
cat_threshold=48 1
is_linear=0
shrinkage=0.05


Tree=26
num_leaves=8
num_cat=3
split_feature=0 0 44 23 5 1 33
split_gain=85.4487 22.4527 19.7026 19.2392 19.0427 14.744 13.1051
threshold=0 1 47.70000000000001 80.500000000000014 0.36447543099728857 2 36.45000000000001
decision_type=1 1 2 2 2 1 2
left_child=-1 2 4 6 -2 -5 -3
right_child=1 3 -4 5 -6 -7 -8
leaf_value=-0.044920685138220291 0.022983875475762458 -0.0045819238674574912 -0.048045283893272533 -0.021493442148228872 -0.0010898233696434855 0.0037200160967819397 0.15235296022423167
leaf_weight=82.427114855498075 269.10117714479566 2.189546486362814 11.576060239225624 109.42352539673448 117.92033372074366 121.56278079375625 2.1799552999436855
leaf_count=4677 2713 58 302 2319 1659 2296 42
internal_value=-0.000237316 0.00624319 0.0133647 -0.00587599 0.015665 -0.00826534 0.0875056
internal_weight=716.38 633.953 398.598 235.356 387.022 230.986 4.3695
internal_count=14066 9389 4674 4715 4372 4615 100
cat_boundaries=0 1 2 3
cat_threshold=48 9 1
is_linear=0
shrinkage=0.05


Tree=27
num_leaves=9
num_cat=1
split_feature=0 39 39 36 44 4 31 44
split_gain=79.623 20.251 23.742 22.7434 15.7294 19.9419 13.3133 9.46311
threshold=0 18.950000000000003 22.350000000000005 92.500000000000014 36.550000000000004 -0.40614700388750385 34.000000000000007 42.300000000000004
decision_type=1 2 2 2 2 2 2 2
left_child=-1 4 3 -3 5 -2 -4 -6
right_child=1 2 6 -5 7 -7 -8 -9
leaf_value=-0.044651997954909234 0.016882641842562978 -0.024488196392502295 -0.031705574202864913 0.02917235538787168 -0.04650308682840662 -0.017271669527493386 0.004951235487138857 0.031818257454348187
leaf_weight=78.930793588981032 80.963500594720244 21.258805114775896 27.461886765435338 190.44303582794964 30.898865345865488 88.306729661300778 189.92684381268919 3.6781171336770049
leaf_count=4679 1071 401 440 2428 484 1699 2762 52
internal_value=-0.000597813 0.00557418 0.0118177 0.023694 -0.00728964 -0.000932141 0.000196545 -0.0375115
internal_weight=711.869 632.938 429.091 211.702 203.847 169.27 217.389 34.577
internal_count=14016 9337 6031 2829 3306 2770 3202 536
cat_boundaries=0 1
cat_threshold=48
is_linear=0
shrinkage=0.05


Tree=28
num_leaves=8
num_cat=2
split_feature=0 34 0 44 23 5 21
split_gain=74.2955 20.8957 13.3353 18.4914 16.9585 3.10738 3.22893
threshold=0 20.700000000000006 1 47.70000000000001 80.500000000000014 0.99932962452255403 22.950000000000003
decision_type=1 2 1 2 2 2 2
left_child=-1 5 3 -3 -4 6 -2
right_child=1 2 4 -5 -6 -7 -8
leaf_value=-0.04438626582920905 -0.050075867954394643 0.014398246592117742 0.083396158844500134 -0.047882570623223486 -0.0053447172735942225 0.027472898164608624 0.024610277629447119
leaf_weight=75.689755959436297 20.28753060661257 377.47767594456673 4.5196424685418597 11.348003739491103 219.74672056734562 0.91230599582195182 0.97292205877602
leaf_count=4683 513 4064 92 309 4307 28 22
internal_value=-0.000946811 0.00491091 0.00673946 0.0121507 -0.00305829 -0.0416394 -0.0457061
internal_weight=710.955 635.265 613.092 388.826 224.266 22.1728 21.2605
internal_count=14018 9335 8772 4373 4399 563 535
cat_boundaries=0 1 2
cat_threshold=48 9
is_linear=0
shrinkage=0.05


Tree=29
num_leaves=8
num_cat=3
split_feature=0 0 44 43 1 4 38
split_gain=70.1356 18.0351 16.4165 15.8827 13.6678 17.9621 14.8485
threshold=0 1 47.70000000000001 27.750000000000004 2 -0.92274349529687905 5.5770835000000014
decision_type=1 1 2 2 1 2 2
left_child=-1 2 3 -2 5 -3 -6
right_child=1 4 -4 -5 6 -7 -8
leaf_value=-0.044153507104159551 0.0078597144029806318 0.023096163635817235 -0.047552597818587394 0.03380858442012219 0.10027416809213917 -0.028988532765297143 0.0014801531587151713
leaf_weight=73.069227424450219 322.31829313188791 19.447898603975773 10.695677515119312 71.478899795562029 2.9298716410994521 89.913597656413913 119.24365087412298
leaf_count=4720 3663 248 305 681 54 2114 2256
internal_value=-0.00122188 0.00439594 0.0106751 0.0126434 -0.00656046 -0.0196009 0.00464421
internal_weight=709.097 636.028 404.493 393.797 231.535 109.361 122.174
internal_count=14041 9321 4649 4344 4672 2362 2310
cat_boundaries=0 1 2 3
cat_threshold=48 9 1
is_linear=0
shrinkage=0.05


Tree=30
num_leaves=7
num_cat=1
split_feature=0 34 26 4 44 29
split_gain=65.486 17.2168 15.3284 20.1714 15.4652 1.06545
threshold=0 20.350000000000005 16.250000000000004 -0.26037633224328088 45.900000000000013 2.5000000000000004
decision_type=1 2 2 2 2 2
left_child=-1 5 3 -3 -4 -2
right_child=1 2 4 -5 -6 -7
leaf_value=-0.043828082876133184 -0.049073722424477925 0.0068881388224365965 0.012962701762687743 -0.030309760160238803 -0.014988950475803418 0.0049904957688500264
leaf_weight=69.489823951385915 14.824198603630062 86.726868983358145 422.97887305542827 61.503079393878579 55.179449494928122 0.78113168291747648
leaf_count=4685 396 1239 5525 1188 961 21
internal_value=-0.0013077 0.00397553 0.00536137 -0.00864557 0.00971253 -0.04623
internal_weight=711.483 641.994 626.388 148.23 478.158 15.6053
internal_count=14015 9330 8913 2427 6486 417
cat_boundaries=0 1
cat_threshold=48
is_linear=0
shrinkage=0.05


Tree=31
num_leaves=8
num_cat=1
split_feature=0 34 37 35 36 7 29
split_gain=63.7704 17.2539 16.4659 33.5311 28.4119 3.19344 0.495225
threshold=0 20.450000000000003 33.500000000000007 74.389881000000017 95.500000000000014 27.981250000000003 2.5000000000000004
decision_type=1 2 2 2 2 2 2
left_child=-1 5 4 -4 -3 6 -2
right_child=1 2 3 -5 -6 -7 -8
leaf_value=-0.043551544324064724 -0.04921701187431328 0.010502455854561015 -0.027188408486101923 0.0077078069014153679 0.07616038316481058 0.028478382623669418 -0.0094423080626758454
leaf_weight=66.708372382447124 16.229265751317151 77.846391424536705 80.357204876840115 446.56147669441998 20.051563903689384 0.87729877419769664 1.3844078294932831
leaf_count=4693 456 1254 1331 5921 323 19 38
internal_value=-0.00074854 0.00435895 0.00586293 0.00234457 0.0245847 -0.0419181 -0.046766
internal_weight=710.016 643.308 624.817 526.919 97.898 18.491 17.6137
internal_count=14035 9342 8829 7252 1577 513 494
cat_boundaries=0 1
cat_threshold=48
is_linear=0
shrinkage=0.05


Tree=32
num_leaves=9
num_cat=2
split_feature=0 39 39 0 44 4 2 44
split_gain=61.2541 18.8353 19.7375 19.5193 15.3958 13.7957 12.5573 5.00241
threshold=0 18.850000000000005 22.350000000000005 1 35.800000000000004 -0.72696319516528884 8.5000000000000018 42.300000000000004
decision_type=1 2 2 1 2 2 2 2
left_child=-1 4 3 -3 6 -4 -2 -6
right_child=1 2 5 -5 7 -7 -8 -9
leaf_value=-0.04329402548193232 -0.014891031785225798 -0.013821827045422489 0.027519730253488972 0.025627942499456064 -0.040352230894778483 -0.0061520023567873542 0.013269684372419977 0.021120353859072485
leaf_weight=64.287918370217085 80.652786755934358 33.334893682971597 35.383423065766692 194.49087148718536 37.769074328243732 184.59031139872968 75.847414484247565 3.0094571001827708
leaf_count=4718 1441 748 415 2204 587 2798 1111 42
internal_value=-0.000594593 0.00432439 0.0100558 0.0203365 -0.0084522 -0.000635777 -0.00124542 -0.0354186
internal_weight=709.366 645.078 447.799 227.826 197.279 219.974 156.5 40.7785
internal_count=14064 9346 6165 2952 3181 3213 2552 629
cat_boundaries=0 1 2
cat_threshold=48 2
is_linear=0
shrinkage=0.05


Tree=33
num_leaves=9
num_cat=2
split_feature=0 0 33 40 39 39 37 44
split_gain=56.5291 15.9229 15.6121 19.7374 12.816 25.519 12.2443 8.477
threshold=0 1 31.650000000000002 47.750000000000007 20.250000000000004 20.350000000000005 29.500000000000004 32.95000000000001
decision_type=1 1 2 2 2 2 2 2
left_child=-1 2 7 -4 6 -6 -3 -2
right_child=1 4 3 -5 5 -7 -8 -9
leaf_value=-0.042948273870790844 0.017106986535000208 0.077994179097770053 0.0029643235442693228 0.026743663570145154 0.14681196800553592 -0.00038088306586677459 -0.024051477440891113 -0.02340114083060035
leaf_weight=61.165354042313993 16.748797303065658 2.0799055658280841 191.470324087888 159.77366093918681 2.0095868688076726 136.19464707933366 92.328805582597852 47.773288993164897
leaf_count=4682 223 51 2364 1505 35 2503 2100 591
internal_value=-0.000959506 0.00366649 0.00944897 0.0138263 -0.00662893 0.00279868 -0.0210094 -0.0127853
internal_weight=709.544 648.379 415.766 351.244 232.613 138.204 94.4087 64.5221
internal_count=14054 9372 4683 3869 4689 2538 2151 814
cat_boundaries=0 1 2
cat_threshold=48 9
is_linear=0
shrinkage=0.05


Tree=34
num_leaves=6
num_cat=2
split_feature=0 34 0 39 5
split_gain=55.4385 17.7852 13.7421 26.4754 24.2495
threshold=0 20.350000000000005 1 14.050000000000002 0.63089349388778826
decision_type=1 2 1 2 2
left_child=-1 -2 3 -3 -4
right_child=1 2 4 -5 -6
leaf_value=-0.042617116915088314 -0.048818525550226088 0.11687355063941428 0.0053244091004582272 0.013087205663573472 -0.027764171969556963
leaf_weight=58.403705993667245 14.335042670369146 5.3504268936812869 354.51346563734114 214.6505502872169 64.586740415543318
leaf_count=4662 412 51 5173 2205 1561
internal_value=-9.82302e-05 0.00434619 0.00568097 0.0154305 0.000167258
internal_weight=711.84 653.436 639.101 220.001 419.1
internal_count=14064 9402 8990 2256 6734
cat_boundaries=0 1 2
cat_threshold=48 1
is_linear=0
shrinkage=0.05


Tree=35
num_leaves=8
num_cat=1
split_feature=0 39 25 33 34 31 39
split_gain=48.2883 17.6623 16.3195 16.0486 14.4825 13.5715 13.5552
threshold=0 18.850000000000005 6.9229165000000012 32.150000000000013 20.700000000000006 24.650000000000002 24.550000000000004
decision_type=1 2 2 2 2 2 2
left_child=-1 2 3 -2 -3 -4 -6
right_child=1 4 5 -5 6 -7 -8
leaf_value=-0.042326847751435637 -0.015759872117504983 -0.047885222752687875 0.043776957669854122 0.021718429214469006 0.013339280837584865 -0.032114989892063774 -0.0086678214924962027
leaf_weight=56.16343941912055 58.533998467028141 10.47491375543177 5.5020705442875615 53.921338954940438 357.36913680657744 79.006123444065452 86.208768455311656
leaf_count=4674 912 281 81 883 4489 1329 1385
internal_value=-0.0019741 0.00218242 -0.0102554 0.00224368 0.00763647 -0.0267197 0.00905235
internal_weight=707.18 651.016 196.964 112.455 454.053 84.5082 443.578
internal_count=14034 9360 3205 1795 6155 1410 5874
cat_boundaries=0 1
cat_threshold=48
is_linear=0
shrinkage=0.05


Tree=36
num_leaves=9
num_cat=2
split_feature=0 5 39 0 27 44 37 21
split_gain=49.5667 14.0105 13.7156 16.3812 13.492 14.9324 7.94381 3.00246
threshold=0 0.86004965528756494 26.650000000000002 1 1.7500000000000002 29.700000000000003 69.500000000000014 23.650000000000002
decision_type=1 2 2 1 2 2 2 2
left_child=-1 2 3 -2 7 -6 -4 -3
right_child=1 4 6 -5 5 -7 -8 -9
leaf_value=-0.042011368712085467 -0.011606301945195387 -0.041175512166556801 -0.04128806049113265 0.011134403705155232 0.074854242560282225 -0.013217188066460781 0.038645706665202617 0.01604594173321942
leaf_weight=53.859289862215519 86.441072044894099 34.321905289776623 20.700168266892437 487.40611296892166 5.5919736512005356 17.031490014865994 2.8200740832835427 1.9428945798426855
leaf_count=4669 1844 957 460 5599 95 328 55 43
internal_value=-0.000290665 0.00377386 0.00613368 0.00768643 -0.0192369 0.0107991 -0.0305188 -0.0377615
internal_weight=710.115 656.256 597.367 573.847 58.8883 22.6235 23.5202 36.2648
internal_count=14050 9381 7958 7443 1423 423 515 1000
cat_boundaries=0 1 2
cat_threshold=48 2
is_linear=0
shrinkage=0.05


Tree=37
num_leaves=9
num_cat=1
split_feature=0 26 21 11 44 35 44 31
split_gain=46.7804 13.9847 13.509 13.3754 12.5712 12.1218 6.62934 3.76857
threshold=0 16.350000000000005 26.450000000000003 98.500000000000014 45.900000000000013 85.264881000000017 30.400000000000002 38.70000000000001
decision_type=1 2 2 2 2 2 2 2
left_child=-1 3 4 6 -3 -5 -2 -4
right_child=1 2 7 5 -6 -7 -8 -9
leaf_value=-0.041717820659624087 -0.0023842395570694772 0.012122383059486474 -0.049664218300157943 0.040435393834526878 -0.0133201713143353 -0.0085475537450598917 -0.028386641181624081 9.8687214206375577e-05
leaf_weight=51.856212974525988 37.82156138587743 422.01490277610719 11.718372970819475 20.405156766064465 54.012639390304685 30.14187091961503 69.700705883093178 5.4227606970816842
leaf_count=4684 767 5400 207 317 950 428 1187 76
internal_value=-0.000508801 0.00341868 0.00761715 -0.00943096 0.00921366 0.011627 -0.0193464 -0.0347836
internal_weight=703.094 651.238 493.169 158.069 476.028 50.547 107.522 17.1411
internal_count=14016 9332 6633 2699 6350 745 1954 283
cat_boundaries=0 1
cat_threshold=48
is_linear=0
shrinkage=0.05


Tree=38
num_leaves=7
num_cat=1
split_feature=0 34 39 34 39 19
split_gain=44.257 17.7666 12.6703 23.0213 19.0776 1.20731
threshold=0 20.450000000000003 18.950000000000003 22.450000000000003 22.350000000000005 28.313194500000005
decision_type=1 2 2 2 2 2
left_child=-1 5 3 -3 -4 -2
right_child=1 2 4 -5 -6 -7
leaf_value=-0.041431989844309673 -0.048955318623412715 0.035855617317187637 0.019316781339041675 -0.01290879212144113 -0.0014178671454789318 0.0086828754646472908
leaf_weight=50.016369892284274 16.053858206607405 27.204653387889266 225.29906847327948 170.3357690423727 217.36218667402864 0.6677265428006639
leaf_count=4706 510 427 2742 2638 3071 14
internal_value=-0.000688064 0.00305562 0.00446243 -0.00604634 0.0091551 -0.0462936
internal_weight=706.94 656.923 640.202 197.54 442.661 16.7216
internal_count=14108 9402 8878 3065 5813 524
cat_boundaries=0 1
cat_threshold=48
is_linear=0
shrinkage=0.05


Tree=39
num_leaves=15
num_cat=1
split_feature=4 1 37 5 24 14 5 4 21 35 34 37 20 35
split_gain=15.0121 47.8427 39.4722 17.4256 13.7058 11.5949 12.5285 12.3541 11.307 9.47025 11.6194 7.43379 6.90834 4.58002
threshold=-0.92923668111203817 0 60.500000000000007 0.19969739736768835 70.500000000000014 15.450000000000001 -0.99761278905001471 0.9193901325473397 23.850000000000005 79.714286000000001 22.450000000000003 33.500000000000007 31.950000000000003 85.681547500000008
decision_type=2 1 2 2 2 2 2 2 2 2 2 2 2 2
left_child=1 2 -1 -4 12 9 13 -8 -6 11 -11 -2 -3 -7
right_child=5 4 3 -5 8 6 7 -9 -10 10 -12 -13 -14 -15
leaf_value=0.13505582135539726 0.0040002863169034545 -0.042282486553281359 0.040082212883898405 -0.043074242122945167 0.079589388240267511 0.0028640715191700097 -0.0053561043292970519 0.015638270714792978 -0.039270072334137721 0.03076490278475745 -0.01109790252497847 -0.040015080937514554 0.01708810775032386 0.073187921918589804
leaf_weight=9.6627362994477135 12.058388350531457 31.441119878552854 37.73607605881989 6.6702014235779634 4.5649861292913547 3.3456982392817718 269.16706146858633 93.611049061641097 2.3659402057528496 17.535785877145827 158.08425916172564 42.870030676014721 5.2096002819016567 7.184616737999022
leaf_count=94 373 521 516 103 74 53 5549 1653 40 357 3252 1207 79 120
internal_value=-0.000778707 0.0173081 0.0483449 0.0269179 -0.021418 -0.00372733 0.00172043 8.93683e-05 0.0391799 -0.0125178 -0.00676735 -0.0304537 -0.0336137 0.0530308
internal_weight=701.508 97.6507 54.069 44.4063 43.5816 603.857 373.308 362.778 6.93093 230.548 175.62 54.9284 36.6507 10.5303
internal_count=13991 1427 713 619 714 12564 7375 7202 114 5189 3609 1580 600 173
cat_boundaries=0 1
cat_threshold=1
is_linear=0
shrinkage=0.05


Tree=40
num_leaves=6
num_cat=2
split_feature=0 34 0 9 5
split_gain=42.8236 14.968 13.4439 22.413 20.0487
threshold=0 20.350000000000005 1 24.350000000000005 0.63089349388778826
decision_type=1 2 1 2 2
left_child=-1 -2 3 -3 -4
right_child=1 2 4 -5 -6
leaf_value=-0.041013224805143973 -0.048098854284164994 0.031630313134323053 0.0038774011606988522 6.7257288676680325e-06 -0.02670289403059032
leaf_weight=47.453148168511689 12.681405147537587 105.17999384365976 359.36533554270864 118.62815303914249 61.96225234400481
leaf_count=4668 425 1045 5173 1198 1546
internal_value=2.81842e-05 0.00361423 0.00475955 0.0143066 -0.000656894
internal_weight=705.27 657.817 645.136 223.808 421.328
internal_count=14055 9387 8962 2243 6719
cat_boundaries=0 1 2
cat_threshold=48 1
is_linear=0
shrinkage=0.05


Tree=41
num_leaves=9
num_cat=1
split_feature=0 26 4 37 44 34 19 40
split_gain=39.2018 13.7123 14.2727 17.9478 13.4278 11.8014 7.20578 6.92984
threshold=0 16.250000000000004 -0.29343379936893915 57.500000000000007 48.400000000000013 26.400000000000002 28.971527500000004 90.65000000000002
decision_type=1 2 2 2 2 2 2 2
left_child=-1 2 3 -2 5 -3 -4 -6
right_child=1 4 6 -5 7 -7 -8 -9
leaf_value=-0.040689671477177398 0.036366166935903853 0.0093976221003635452 -0.033607157346276118 -0.01175479849843386 -0.049107409936076075 -0.047896810202962492 0.026933901002114402 0.017090799415282864
leaf_weight=45.625714102759957 26.241836816072464 476.17741631902754 57.18284020666033 66.139466231688857 14.756624804809691 8.1821558624505979 4.6337165031582108 4.7094864044338456
leaf_count=4671 343 6069 1247 997 377 151 83 103
internal_value=-0.000763335 0.00263996 -0.0103233 0.0021575 0.0066723 0.00833307 -0.0287125 -0.0330394
internal_weight=703.649 658.024 154.198 92.3813 503.826 484.36 61.8166 19.4661
internal_count=14041 9370 2670 1340 6700 6220 1330 480
cat_boundaries=0 1
cat_threshold=48
is_linear=0
shrinkage=0.05


Tree=42
num_leaves=7
num_cat=1
split_feature=0 21 34 4 40 10
split_gain=37.7189 11.4443 11.8919 20.5277 10.1014 1.91202
threshold=0 20.850000000000005 24.450000000000003 0.97875492728876534 120.80000000000001 87.895833500000023
decision_type=1 2 2 2 2 2
left_child=-1 5 4 -4 -3 -2
right_child=1 2 3 -5 -6 -7
leaf_value=-0.040417559450301115 -0.048197319008519424 0.0088195491205142126 -0.017268792700273532 0.034943859402089023 -0.022857581825217646 0.0093235831520420611
leaf_weight=44.184420694597065 11.659665695391594 479.8778273332864 119.92680669948459 21.338605208322406 25.613818826153874 1.2999261207878579
leaf_count=4707 374 6550 1916 238 283 15
internal_value=-0.000700812 0.0025889 0.00358952 -0.00919171 0.00717247 -0.042173
internal_weight=703.901 659.717 646.757 141.265 505.492 12.9596
internal_count=14083 9376 8987 2154 6833 389
cat_boundaries=0 1
cat_threshold=48
is_linear=0
shrinkage=0.05


Tree=43
num_leaves=7
num_cat=1
split_feature=0 34 39 34 39 5
split_gain=34.3783 11.0002 10.4395 20.7596 18.2511 1.37508
threshold=0 20.350000000000005 19.450000000000003 22.450000000000003 22.350000000000005 0.99958851518450398
decision_type=1 2 2 2 2 2
left_child=-1 5 3 -3 -4 -2
right_child=1 2 4 -5 -6 -7
leaf_value=-0.040030259363583592 -0.04761251418211656 0.030228566963105736 0.01787644495857884 -0.012531674293583917 -0.002854320740956557 0.01400619975714513
leaf_weight=42.215011538006365 11.37538139056414 32.43197981454432 206.35720017366111 187.89720999728888 217.08014254551381 0.54910458158701736
leaf_count=4677 405 539 2430 2880 3053 21
internal_value=-0.00138788 0.00174026 0.00267964 -0.00612932 0.00726689 -0.0439109
internal_weight=697.906 655.691 643.767 220.329 423.437 11.9245
internal_count=14005 9328 8902 3419 5483 426
cat_boundaries=0 1
cat_threshold=48
is_linear=0
shrinkage=0.05


Tree=44
num_leaves=7
num_cat=2
split_feature=0 34 37 35 1 5
split_gain=34.2387 10.5633 9.71032 24.6363 12.6062 1.32899
threshold=0 20.350000000000005 33.500000000000007 74.389881000000017 1 0.99958851518450398
decision_type=1 2 2 2 1 2
left_child=-1 5 4 -4 -3 -2
right_child=1 2 3 -5 -6 -7
leaf_value=-0.039711773204568486 -0.047299773509049299 -0.00085070534725554734 -0.024158008277868511 0.0052697306581163108 0.034286602288537311 0.013235095928975435
leaf_weight=40.708606587722898 10.700661053881046 48.644469691440463 82.953712717629969 464.34582373593003 52.601701838895679 0.56758835725486356
leaf_count=4696 397 769 1389 5988 785 22
internal_value=-0.000522366 0.00251484 0.00341728 0.000773469 0.0175614 -0.0434203
internal_weight=700.523 659.814 648.546 547.3 101.246 11.2682
internal_count=14046 9350 8931 7377 1554 419
cat_boundaries=0 1 2
cat_threshold=48 1
is_linear=0
shrinkage=0.05


Tree=45
num_leaves=9
num_cat=4
split_feature=0 0 1 37 30 1 4 36
split_gain=32.3052 11.3954 15.4379 39.1493 30.9623 12.9681 18.2843 17.067
threshold=0 1 2 42.500000000000007 36.250000000000007 3 -0.8781231054254196 94.500000000000014
decision_type=1 1 1 2 2 1 2 2
left_child=-1 2 3 -2 -4 6 -3 -7
right_child=1 5 4 -5 -6 7 -8 -9
leaf_value=-0.039379105031715066 -0.015995468647699226 0.017332101496908177 -0.0057339124321711607 0.029689863560361837 0.11860962269491744 -0.034044541205754252 -0.030917127393485833 0.012922609861639948
leaf_weight=39.213965411297977 65.85939366556704 25.024362102150917 203.5384559771046 157.44142527505755 4.13252880424261 22.84098462946713 81.749895459972322 101.71863928623497
leaf_count=4701 808 316 2301 1549 38 488 2001 1850
internal_value=-0.000709385 0.00219666 0.00694754 0.0162044 -0.002703 -0.00656778 -0.0195532 0.00410751
internal_weight=701.52 662.306 430.972 223.301 207.671 231.334 106.774 124.56
internal_count=14052 9351 4696 2357 2339 4655 2317 2338
cat_boundaries=0 1 2 3 4
cat_threshold=48 9 1 1
is_linear=0
shrinkage=0.05


Tree=46
num_leaves=8
num_cat=2
split_feature=0 0 5 33 20 36 39
split_gain=29.7291 10.6342 22.1402 27.9539 18.3131 16.8105 15.9733
threshold=0 1 0.6174544326165855 35.750000000000007 29.100000000000005 93.500000000000014 14.050000000000002
decision_type=1 1 2 2 2 2 2
left_child=-1 4 5 -4 -2 -3 -6
right_child=1 2 3 -5 6 -7 -8
leaf_value=-0.039057162837470925 0.11702910501433553 -0.028945694477590447 -0.040041670726043803 0.056414432990651936 0.081754698642736351 0.0054098924944509779 0.0058786142590613322
leaf_weight=37.846560912206769 2.9445956386625758 39.0095823276788 62.436622709035873 7.6342784557491532 6.1695996094495049 322.71107626706362 223.85716160200536
leaf_count=4716 19 713 1769 132 64 4435 2279
internal_value=-0.00141847 0.00134627 -0.00329698 -0.0288868 0.00971274 0.00163524 0.00825877
internal_weight=702.609 664.763 431.792 70.0709 232.971 361.721 230.027
internal_count=14127 9411 7049 1901 2362 5148 2343
cat_boundaries=0 1 2
cat_threshold=48 1
is_linear=0
shrinkage=0.05


Tree=47
num_leaves=8
num_cat=0
split_feature=34 44 39 44 21 7 37
split_gain=11.8748 12.0307 11.4894 19.5973 11.9422 3.324 3.34457
threshold=20.350000000000005 48.400000000000013 18.950000000000003 36.550000000000004 26.350000000000005 29.931250000000002 70.500000000000014
decision_type=2 2 2 2 2 2 2
left_child=-1 2 3 -2 -4 6 -3
right_child=1 5 4 -5 -6 -7 -8
leaf_value=-0.047564943888505712 -0.0012328725133863572 -0.044850547463145957 0.007707093722623095 -0.041686999569870348 -0.03165518381510634 0.037684720320036287 0.033267327513060468
leaf_weight=12.205574823077766 176.55207296088338 19.360271579585977 434.93236513854936 35.066323732491583 19.185536669101566 0.69277227111160655 0.76719337143003841
leaf_count=631 3915 690 7499 807 455 23 22
internal_value=-0.000600649 0.000302246 0.00149744 -0.00810088 0.00597822 -0.0362319 -0.0404393
internal_weight=698.762 686.557 665.736 211.618 454.118 20.8202 20.1275
internal_count=14042 13411 12676 4722 7954 735 712
is_linear=0
shrinkage=0.05


Tree=48
num_leaves=6
num_cat=2
split_feature=0 34 24 1 2
split_gain=30.5361 11.126 10.228 14.9026 14.4711
threshold=0 20.350000000000005 34.500000000000007 1 2.5000000000000004
decision_type=1 2 2 1 2
left_child=-1 -2 3 -3 -4
right_child=1 2 4 -5 -6
leaf_value=-0.03865209121112128 -0.046873001231340292 -0.0021308933933001442 -0.026411274423452587 0.041690711102005201 0.0037632336827980793
leaf_weight=36.215496783610433 10.008214516565202 36.836480950005352 41.924876785837114 39.772844780236483 533.93922461662441
leaf_count=4708 414 611 874 604 6869
internal_value=0.000225324 0.00294386 0.0038236 0.0208638 0.00152445
internal_weight=698.697 662.482 652.473 76.6093 575.864
internal_count=14080 9372 8958 1215 7743
cat_boundaries=0 1 2
cat_threshold=48 1
is_linear=0
shrinkage=0.05


Tree=49
num_leaves=8
num_cat=1
split_feature=0 34 34 4 40 5 7
split_gain=25.9343 9.08117 9.82842 11.9994 8.84161 3.00894 2.86237
threshold=0 20.700000000000006 24.450000000000003 0.96687895796550427 120.80000000000001 0.99932962452255403 27.981250000000003
decision_type=1 2 2 2 2 2 2
left_child=-1 5 4 -4 -3 6 -2
right_child=1 2 3 -5 -6 -7 -8
leaf_value=-0.038231317983452529 -0.048135594171685434 0.0064310244609968514 -0.016759495561114172 0.021106498636209864 -0.023125467657259268 0.031368098251677176 0.022224797698514591
leaf_weight=34.623702239245176 13.306140240281815 483.53899278584868 115.57703819870949 24.601232077926397 25.727198749780655 0.82354279607534486 1.0319408066570765
leaf_count=4674 528 6383 1867 274 283 30 23
internal_value=-0.00177934 0.000737573 0.00166745 -0.0100116 0.00489549 -0.0362757 -0.0419528
internal_weight=699.23 664.606 649.444 140.178 509.266 15.1616 14.3381
internal_count=14062 9388 8807 2141 6666 581 551
cat_boundaries=0 1
cat_threshold=48
is_linear=0
shrinkage=0.05


Tree=50
num_leaves=9
num_cat=2
split_feature=0 39 39 0 25 33 32 34
split_gain=26.3662 10.7584 16.6297 16.7742 13.9082 17.0867 12.908 10.3294
threshold=0 19.550000000000004 22.950000000000003 1 6.9229165000000012 31.950000000000003 26.964285500000003 22.450000000000003
decision_type=1 2 2 1 2 2 2 2
left_child=-1 4 3 -3 5 -2 -4 -6
right_child=1 2 6 -5 7 -7 -8 -9
leaf_value=-0.037874044965426866 -0.018316942921078789 0.025355926851548673 -0.028519110893499844 -0.00057389881797704719 0.01228741492527329 0.019253888726881913 0.0026781196174557979 -0.026784025277109515
leaf_weight=33.35803415812552 48.42772723082453 140.94389109965414 43.494516092352569 114.25562552828342 20.181978504173458 77.148436163552105 129.55424501188099 89.484967164695263
leaf_count=4677 785 1537 661 1537 400 1166 1863 1428
internal_value=-0.000548129 0.00192368 0.00666628 0.0147572 -0.00662023 0.00473467 -0.00528188 -0.0195477
internal_weight=696.849 663.491 428.248 255.2 235.243 125.576 173.049 109.667
internal_count=14054 9377 5598 3074 3779 1951 2524 1828
cat_boundaries=0 1 2
cat_threshold=48 5
is_linear=0
shrinkage=0.05


Tree=51
num_leaves=6
num_cat=1
split_feature=0 34 34 5 40
split_gain=26.0195 10.0592 10.6757 17.8129 9.29378
threshold=0 20.350000000000005 24.450000000000003 -0.20180761162458913 120.80000000000001
decision_type=1 2 2 2 2
left_child=-1 -2 4 -4 -3
right_child=1 2 3 -5 -6
leaf_value=-0.037515968276757607 -0.046427163756337153 0.008146869519773621 -0.017815196227087663 0.025762039647410442 -0.022941529355886964
leaf_weight=32.154941132292151 9.3216808401048166 493.27854603342712 112.2369960155338 28.640501694753766 24.3194640558213
leaf_count=4677 423 6532 1824 341 276
internal_value=0.000134118 0.0025236 0.00332418 -0.00883677 0.00664475
internal_weight=699.952 667.797 658.476 140.877 517.598
internal_count=14073 9396 8973 2165 6808
cat_boundaries=0 1
cat_threshold=48
is_linear=0
shrinkage=0.05


Tree=52
num_leaves=9
num_cat=3
split_feature=0 0 33 4 1 36 33 23
split_gain=23.899 8.80718 13.0179 17.3058 16.4665 11.4796 19.1607 6.81064
threshold=0 1 31.650000000000002 -0.84315017450793706 2 93.500000000000014 36.600000000000009 80.500000000000014
decision_type=1 1 2 2 1 2 2 2
left_child=-1 2 4 -4 -2 7 -7 -3
right_child=1 5 3 -5 -6 6 -8 -9
leaf_value=-0.037222224604877514 0.0078077860758646233 0.03390244838321322 0.036044986883181633 0.0050588551882588834 -0.042280930731023542 -0.0054268050924912957 0.069399120512919271 -0.043157252645278248
leaf_weight=31.220245168544352 36.121791987679899 2.4675352508202222 51.629975490272045 316.88609714712948 28.678307703696191 194.36801393609494 7.948263492435216 26.030528882518411
leaf_count=4714 408 47 384 3468 402 3822 138 678
internal_value=-0.000746119 0.00155817 0.0057171 0.00948588 -0.0146654 -0.00615442 -0.00216029 -0.0355618
internal_weight=695.351 664.131 433.316 368.516 64.8001 230.814 202.316 28.4981
internal_count=14061 9347 4662 3852 810 4685 3960 725
cat_boundaries=0 1 2 3
cat_threshold=48 9 1
is_linear=0
shrinkage=0.05


Tree=53
num_leaves=6
num_cat=1
split_feature=0 34 37 35 33
split_gain=24.2181 9.33032 11.7007 24.1491 10.9049
threshold=0 20.350000000000005 33.500000000000007 74.389881000000017 36.95000000000001
decision_type=1 2 2 2 2
left_child=-1 -2 4 -4 -3
right_child=1 2 3 -5 -6
leaf_value=-0.036855074603382255 -0.046024646848001824 0.027476828127611666 -0.024414101390823353 0.0048719014423600805 -0.010049820203824167
leaf_weight=30.098026510793716 8.6814957931637746 80.467208009213209 81.732659194618464 470.91364306211472 24.814543632790446
leaf_count=4715 419 1135 1398 5958 430
internal_value=0.000427176 0.00267516 0.00342724 0.000504425 0.0186206
internal_weight=696.708 666.61 657.928 552.646 105.282
internal_count=14055 9340 8921 7356 1565
cat_boundaries=0 1
cat_threshold=48
is_linear=0
shrinkage=0.05


Tree=54
num_leaves=8
num_cat=1
split_feature=0 34 39 25 39 7 5
split_gain=21.1558 9.09273 8.06892 14.2463 9.73396 2.97235 0.52062
threshold=0 20.700000000000006 18.950000000000003 6.9229165000000012 21.950000000000003 27.981250000000003 0.99855310097228323
decision_type=1 2 2 2 2 2 2
left_child=-1 5 3 -3 -4 6 -2
right_child=1 2 4 -5 -6 -7 -8
leaf_value=-0.036393705044112989 -0.047412999476558103 0.0049564645721285917 0.013367440262370106 -0.022371001610217385 -0.0012301820700850305 0.028801553210062697 -0.0068122721986421542
leaf_weight=28.760837313719094 11.462804467417294 113.41002457216382 215.14227449987084 80.947674000635743 241.8054408216849 0.86908442154526788 1.2367041930556304
leaf_count=4670 512 1681 2468 1335 3299 20 42
internal_value=-0.00097167 0.00114236 0.00203032 -0.00648135 0.00565692 -0.0379106 -0.0442451
internal_weight=693.635 664.874 651.305 194.358 456.948 13.5686 12.6995
internal_count=14027 9357 8783 3016 5767 574 554
cat_boundaries=0 1
cat_threshold=48
is_linear=0
shrinkage=0.05


Tree=55
num_leaves=13
num_cat=1
split_feature=0 44 2 21 44 34 9 4 39 39 38 37
split_gain=20.9978 20.4971 17.8187 17.8037 15 13.9898 16.3968 12.7568 22.3895 19.5169 7.15327 1.22218
threshold=0 38.70000000000001 11.500000000000002 22.950000000000003 48.400000000000013 23.950000000000003 25.650000000000002 0.95998215779580554 19.550000000000004 23.950000000000003 8.0687500000000032 66.500000000000014
decision_type=1 2 2 2 2 2 2 2 2 2 2 2
left_child=4 2 11 -4 7 10 -7 9 -9 -1 -3 -2
right_child=1 5 3 -5 -6 6 -8 8 -10 -11 -12 -13
leaf_value=0.0060100169644026315 -0.048373977610049107 0.0062406969815117777 -0.037803926783916884 0.12098412531814898 -0.048160433875466313 0.035589049324836142 -0.045530551300233361 -0.049319915925293917 0.035776508888042839 -0.023825782410668166 -0.046650966191162879 -0.016848760908554854
leaf_weight=423.74333430640399 56.086503056343645 9.9669954078272003 2.8661231356672934 2.4720925600267947 12.588998502120374 31.11273637553677 6.8220020490698507 7.9703478440642348 59.740358516573906 61.9401262011379 15.822201817762105 4.7112447526305905
leaf_count=5197 3450 451 258 132 379 1290 359 102 524 817 823 249
internal_value=-0.000551197 -0.0178434 -0.0384863 0.0432162 0.00369045 0.00108756 0.0202062 0.0050213 0.0251876 0.00216386 -0.0267395 -0.0462432
internal_weight=695.843 129.86 66.136 5.33822 565.983 63.7239 37.9347 553.394 67.7107 485.683 25.7892 60.7977
internal_count=14031 7012 4089 390 7019 2923 1649 6640 626 6014 1274 3699
cat_boundaries=0 1
cat_threshold=13
is_linear=0
shrinkage=0.05


Tree=56
num_leaves=7
num_cat=2
split_feature=0 40 4 1 43 24
split_gain=19.848 9.67634 10.559 26.9698 13.9155 1.86767
threshold=0 132.00000000000003 -0.84315017450793706 1 27.750000000000004 67.500000000000014
decision_type=1 2 2 1 2 2
left_child=-1 2 3 -2 -4 -3
right_child=1 5 4 -5 -6 -7
leaf_value=-0.035796107358010802 0.034865338010420521 -0.0027742755359172794 -0.004450208371350706 -0.011079433654062117 0.017861249245891535 -0.050119875234991978
leaf_weight=27.157623708248138 72.497827904298902 2.7365976795554152 448.71300681354478 55.819992266595364 81.745519787073135 9.7185652554035169
leaf_count=4684 649 27 6967 642 962 138
internal_value=-0.000720427 0.00126355 0.0021365 0.0149476 -0.000984796 -0.0406966
internal_weight=698.389 671.232 658.776 128.318 530.459 12.4552
internal_count=14069 9385 9220 1291 7929 165
cat_boundaries=0 1 2
cat_threshold=48 1
is_linear=0
shrinkage=0.05


Tree=57
num_leaves=13
num_cat=1
split_feature=44 38 10 37 34 44 7 27 1 36 8 27
split_gain=8.23502 10.5863 11.8027 16.0612 10.3399 9.00028 3.72948 4.94637 6.25672 3.29582 1.35233 0.695953
threshold=48.400000000000013 11.120238000000002 86.604166500000005 36.500000000000007 25.750000000000004 47.350000000000009 26.787500000000005 47.650000000000006 0 97.500000000000014 37.400000000000006 1.0500000000000003
decision_type=2 2 2 2 2 2 2 2 1 2 2 2
left_child=1 4 3 -3 5 -1 7 8 -2 -4 -8 -6
right_child=6 2 9 -5 11 -7 10 -9 -10 -11 -12 -13
leaf_value=-0.0032616286785233416 -0.029095322250016695 0.0050800565290172427 0.00025912955147976672 0.053263824453168823 -0.0034107320070977513 0.040319428946626164 -0.048544943108911581 -0.038518443002299244 0.09264846409200897 -0.048315768238505981 0.012519477810571734 -0.049443718906186082
leaf_weight=564.40402942337096 1.2218949138186899 46.744249663781375 6.221196733415125 26.678214609157294 1.0429162606596936 11.103357138577847 13.828360101673749 2.6887982967309654 1.4112786799669266 6.9294031076133251 0.5785014461725958 11.72637925762683
leaf_count=11117 37 928 113 439 24 220 550 97 37 123 20 310
internal_value=-0.00192676 -0.00097181 0.0152507 0.0230682 -0.003381 -0.00235233 -0.0329692 0.00263648 0.0436958 -0.0269419 -0.0454395 -0.0462048
internal_weight=694.579 674.85 86.5731 73.4225 588.277 575.507 19.7288 5.32197 2.63317 13.1506 14.4069 12.7693
internal_count=14015 13274 1603 1367 11671 11337 741 171 74 236 570 334
cat_boundaries=0 1
cat_threshold=1
is_linear=0
shrinkage=0.05


Tree=58
num_leaves=6
num_cat=1
split_feature=0 10 35 4 39
split_gain=18.992 9.11225 8.75313 20.4441 10.4386
threshold=0 91.500000000000014 87.645833500000023 -0.83377653105606597 20.650000000000002
decision_type=1 2 2 2 2
left_child=-1 2 3 -2 -4
right_child=1 -3 4 -5 -6
leaf_value=-0.035387797790290366 0.024462708248929599 0.093043664656641822 -0.038501130771951324 -0.00099378896364796677 -0.00027780389877792364
leaf_weight=26.131471309810877 92.637566464021802 1.6991501301527012 28.146239729598165 499.64881348051131 46.172348396852612
leaf_count=4682 927 19 398 7509 502
internal_value=-0.000582428 0.00133808 0.000985345 0.0030223 -0.0150729
internal_weight=694.436 668.304 666.605 592.286 74.3186
internal_count=14037 9355 9336 8436 900
cat_boundaries=0 1
cat_threshold=48
is_linear=0
shrinkage=0.05


Tree=59
num_leaves=15
num_cat=1
split_feature=0 39 2 39 5 23 39 37 42 44 28 32 5 5
split_gain=17.8732 18.2061 18.4508 22.4743 17.2712 15.0628 14.3702 13.6975 16.0882 11.8198 10.5827 9.38217 6.95222 10.1417
threshold=0 25.250000000000004 11.500000000000002 15.550000000000002 -0.92272482904738273 84.500000000000014 25.100000000000005 28.500000000000004 3.5000000000000004 38.70000000000001 47.650000000000006 26.964285500000003 -0.26867065956352881 0.23328369003117272
decision_type=1 2 2 2 2 2 2 2 2 2 2 2 2 2
left_child=6 2 9 -4 10 -6 7 11 -9 -2 -3 -1 -8 -14
right_child=1 4 3 -5 5 -7 12 8 -10 -11 -12 -13 13 -15
leaf_value=-0.025217754915949991 -0.04595125791881103 0.12504768393096002 0.14009646460773839 -0.037696440840505066 0.091717313302251358 -0.041110802594590268 -0.040930408843546685 -0.029530296154455446 0.0056118850078512444 -0.011896302270078277 -0.014133332340561924 0.049865127284886492 0.024962732494228784 -0.033609540263738719
leaf_weight=4.335993590764704 57.958046501968056 4.2874536830931893 2.6413561240769914 2.8240818260237575 1.7893769531510759 8.20741422427818 24.645350081846118 34.102173964492977 451.58574038930237 46.489155114162713 1.5882907821796832 24.389295782893896 13.742051254957916 13.843371431808917
leaf_count=103 3688 119 144 255 91 457 413 752 5016 2199 51 272 195 258
internal_value=-0.00137294 -0.0175914 -0.0262202 0.0566067 0.0297473 -0.0111569 0.00251748 0.00511194 0.0030888 -0.0310501 0.0908415 0.0380645 -0.022178 -0.00457845
internal_weight=692.429 125.785 109.913 5.46544 15.8725 9.99679 566.644 514.413 485.688 104.447 5.87574 28.7253 52.2308 27.5854
internal_count=14013 7004 6286 399 718 548 7009 6143 5768 5887 170 375 866 453
cat_boundaries=0 1
cat_threshold=13
is_linear=0
shrinkage=0.05


Tree=60
num_leaves=8
num_cat=1
split_feature=0 44 5 38 33 4 4
split_gain=17.5915 8.68498 22.3862 16.4314 12.2527 9.45542 6.63922
threshold=0 45.900000000000013 -0.98521978256641018 11.120238000000002 37.350000000000009 -0.8781231054254196 -0.97876850416056749
decision_type=1 2 2 2 2 2 2
left_child=-1 3 -3 5 -5 -2 -4
right_child=1 2 6 4 -6 -7 -8
leaf_value=-0.034776252984407917 0.012960770079200573 0.067470981561037952 0.012937993125988071 0.035104875063332062 -0.013631158589501599 -0.0034412885570106891 -0.036330969516170118
leaf_weight=24.691247959621251 109.44972657039762 5.9121710732579222 7.5992828346788874 59.084806935861707 15.836371282115577 428.73971774661914 42.154608555138111
leaf_count=4688 1052 65 80 669 240 6421 867
internal_value=-0.000574544 0.00123894 -0.0174747 0.00298387 0.0247595 -8.78075e-05 -0.0286991
internal_weight=693.468 668.777 55.6661 613.111 74.9212 538.189 49.7539
internal_count=14082 9394 1012 8382 909 7473 947
cat_boundaries=0 1
cat_threshold=48
is_linear=0
shrinkage=0.05


Tree=61
num_leaves=9
num_cat=3
split_feature=0 0 5 20 34 34 1 7
split_gain=16.9552 10.0304 22.0104 24.184 18.0562 17.8354 30.6125 14.7867
threshold=0 1 0.6174544326165855 35.45000000000001 25.750000000000004 23.450000000000003 2 28.058333500000003
decision_type=1 1 2 2 2 2 1 2
left_child=-1 5 4 -4 -3 7 -7 -2
right_child=1 2 3 -5 -6 6 -8 -9
leaf_value=-0.034342331722667194 0.037861891766213032 0.0042894673497736093 -0.040118534104106721 0.053820934474546368 -0.045742842385234128 0.020964210910932313 -0.023356215133693188 -0.014984313140164067
leaf_weight=23.732796780299395 69.484538773074746 343.39306198619306 58.665912154130638 6.8652591463178387 18.030536565929651 80.029296688735485 74.044917551800609 15.721632730215786
leaf_count=4666 746 4752 1771 105 361 718 719 169
internal_value=-0.000278422 0.00147722 -0.00311366 -0.0296161 0.00167415 0.00944567 -0.000348543 0.0280504
internal_weight=689.968 666.235 426.955 65.5312 361.424 239.28 154.074 85.2062
internal_count=14007 9341 6989 1876 5113 2352 1437 915
cat_boundaries=0 1 2 3
cat_threshold=48 1 1
is_linear=0
shrinkage=0.05


Tree=62
num_leaves=9
num_cat=1
split_feature=0 40 43 4 43 4 5 20
split_gain=16.0575 8.5216 9.38541 12.2813 9.74706 6.65227 1.81688 1.3098
threshold=0 120.80000000000001 31.350000000000005 -0.84315017450793706 43.800000000000004 -0.98523971305672664 -0.98212955754013376 31.650000000000002
decision_type=1 2 2 2 2 2 2 2
left_child=-1 2 3 -2 -4 7 -7 -3
right_child=1 5 4 -5 -6 6 -8 -9
leaf_value=-0.03402687702784727 0.014765804378611871 -0.0072841852816465302 0.028451081141647919 -0.0032714213367211367 -0.033276461891081972 0.0018811801604926631 -0.051480812396608844 0.027529886256742381
leaf_weight=23.070400361437351 117.38139627315104 6.894253399223091 52.104304483160377 464.33151970151812 6.421614781022071 1.7083532251417626 13.953405924141405 3.1538702286779881
leaf_count=4694 1151 63 541 7224 115 21 207 30
internal_value=-0.00054718 0.00115481 0.00232302 0.000387328 0.0212329 -0.026502 -0.0458966 0.00514588
internal_weight=689.019 665.949 640.239 581.713 58.5259 25.7099 15.6618 10.0481
internal_count=14046 9352 9031 8375 656 321 228 93
cat_boundaries=0 1
cat_threshold=48
is_linear=0
shrinkage=0.05


Tree=63
num_leaves=9
num_cat=3
split_feature=0 40 0 32 34 30 1 4
split_gain=14.8608 7.90932 7.82886 17.3897 16.3105 4.08035 5.60281 0.245427
threshold=0 125.2 1 27.019940500000001 22.950000000000003 33.750000000000007 2 -0.98523971305672664
decision_type=1 2 1 2 2 2 1 2
left_child=-1 2 3 -2 -4 7 -7 -3
right_child=1 5 4 -5 -6 6 -8 -9
leaf_value=-0.033565853397014102 0.02659619482021347 -0.02475274628412949 -0.02312535906197451 -0.001417514742234444 0.0022421213878240048 0.047542988881374773 -0.040025264930181333 -0.049378437905314168
leaf_weight=22.140090271364897 87.911665612831712 5.1460757590830335 76.967670402023941 146.71832091733813 337.62024833261967 2.850692647509276 2.4940864536911249 9.2514353115111589
leaf_count=4658 831 49 1867 1458 4963 33 33 143
internal_value=-0.00089 0.000730052 0.00170945 0.00877466 -0.00245261 -0.0296549 0.00681217 -0.0427557
internal_weight=691.1 668.96 649.218 234.63 414.588 19.7423 5.34478 14.3975
internal_count=14035 9377 9119 2289 6830 258 66 192
cat_boundaries=0 1 2 3
cat_threshold=48 1 1
is_linear=0
shrinkage=0.05


Tree=64
num_leaves=9
num_cat=1
split_feature=0 26 4 37 5 44 19 44
split_gain=15.1143 9.99484 12.528 21.4191 9.41896 10.8517 6.68581 4.98621
threshold=0 16.350000000000005 -0.29343379936893915 57.500000000000007 -0.99465740988130902 46.250000000000007 29.561111000000004 43.750000000000007
decision_type=1 2 2 2 2 2 2 2
left_child=-1 2 3 -2 7 -6 -4 -3
right_child=1 4 6 -5 5 -7 -8 -9
leaf_value=-0.033171988502169285 0.03826285567491243 0.020138323429652674 -0.030464589697656405 -0.012963862962319529 0.0060787193361987882 -0.02005359766069309 0.047861409369709507 0.074595213770288701
leaf_weight=21.385461672674865 27.730153921060264 15.212114859372379 57.360248694662005 69.440939899533987 447.33437482174486 42.613993766717613 1.9876554962247599 5.5296363458037368
leaf_count=4652 350 165 1313 1028 5562 831 34 59
internal_value=0.00020467 0.00179212 -0.00919773 0.00189578 0.00520676 0.0037696 -0.0270917 0.0374195
internal_weight=688.595 667.209 156.519 97.1711 510.69 489.948 59.3479 20.7418
internal_count=13994 9342 2725 1378 6617 6393 1347 224
cat_boundaries=0 1
cat_threshold=48
is_linear=0
shrinkage=0.05


Tree=65
num_leaves=9
num_cat=2
split_feature=0 34 5 38 33 5 1 42
split_gain=13.367 7.78521 13.0028 9.71573 8.74042 7.5606 15.7569 12.0075
threshold=0 24.450000000000003 -0.26867065956352881 7.8770835000000012 36.750000000000007 0.28313308994381586 1 3.5000000000000004
decision_type=1 2 2 2 2 2 1 2
left_child=-1 5 3 -3 -4 7 -7 -2
right_child=1 2 4 -5 -6 6 -8 -9
leaf_value=-0.032749730701869845 -0.044376506875288775 0.0066948287292276521 -0.018212518643781775 -0.02759707357817745 0.035014819362952226 -0.018557179968768888 0.009438177159817894 0.009527737757721897
leaf_weight=20.612365471431985 9.6915811076760274 27.606584552675486 10.921776579692958 77.223549284040928 21.675440520048141 98.569202985614538 100.59862765949219 325.0990038048476
leaf_count=4633 202 454 135 1314 255 1768 1759 3509
internal_value=-0.000984068 0.0005178 -0.0100441 -0.0185885 0.0171696 0.00325953 -0.00444036 0.0078398
internal_weight=691.998 671.386 137.427 104.83 32.5972 533.958 199.168 334.791
internal_count=14029 9396 2158 1768 390 7238 3527 3711
cat_boundaries=0 1 2
cat_threshold=48 1
is_linear=0
shrinkage=0.05


Tree=66
num_leaves=15
num_cat=3
split_feature=0 44 5 19 39 23 2 7 37 1 40 4 1 5
split_gain=13.248 19.7672 15.2235 16.1298 15.0312 14.2881 14.2466 15.4673 13.732 26.2286 22.977 12.7131 16.3592 8.18117
threshold=0 38.70000000000001 -0.87810534180523914 27.589583500000007 25.100000000000005 80.500000000000014 11.500000000000002 27.056250000000002 33.500000000000007 1 24.050000000000004 0.98049069993378934 2 -0.99628250747696534
decision_type=1 2 2 2 2 2 2 2 2 1 2 2 1 2
left_child=4 6 3 -3 8 -4 -2 -8 9 -1 -10 13 -13 -6
right_child=1 2 5 -5 11 -7 7 -9 10 -11 -12 12 -14 -15
leaf_value=-0.0060855870376403196 -0.04452390777433908 0.064175638206155503 0.099397043531179605 -0.035265177223250094 0.029053264411638736 -0.02098794262317432 -0.037852199753477027 0.11122159085751618 -0.021429676486193809 0.051108909280187104 0.0072897093448987373 0.086422787087640104 -0.032375086405397172 -0.042405098371323079
leaf_weight=37.552421941421926 53.304811788257211 14.639229923253881 1.644156249705701 4.7899749907664946 3.7755418643355361 38.286087152315304 2.836392377736046 2.3659472649451345 85.459753133356571 41.531055548228323 357.16786956228316 4.5873795319348556 5.2139802798628807 37.071154455654323
leaf_count=521 3713 546 79 227 44 2067 271 128 1418 531 3708 61 67 693
internal_value=-0.000647665 -0.0151393 0.00393907 0.0391338 0.00257692 -0.0137237 -0.0367807 0.0369458 0.00516009 0.0242135 0.00170894 -0.0231174 0.0260799 -0.0352636
internal_weight=690.226 117.867 59.3594 19.4292 572.359 39.9302 58.5072 5.20234 521.711 79.0835 442.628 50.6481 9.80136 40.8467
internal_count=14074 7031 2919 773 7043 2146 4112 399 6178 1052 5126 865 128 737
cat_boundaries=0 1 2 3
cat_threshold=13 1 1
is_linear=0
shrinkage=0.05


Tree=67
num_leaves=9
num_cat=0
split_feature=34 19 2 35 4 35 25 14
split_gain=6.52389 7.66658 7.11331 11.6866 6.41668 7.37437 5.45861 1.94416
threshold=26.400000000000002 28.827083500000004 2.5000000000000004 60.729167000000011 0.99907018497641642 65.122024000000025 8.2694445000000005 19.750000000000004
decision_type=2 2 2 2 2 2 2 2
left_child=1 2 6 -4 5 -3 -1 -6
right_child=-2 4 3 -5 7 -7 -8 -9
leaf_value=-0.033235851506135609 -0.046463690094971567 -0.0030867514156329898 0.057044965647564033 -0.0023664586113175783 -0.041870619475969255 0.024746439603812578 -0.0054215653405476367 0.0091466875442215295
leaf_weight=31.84128302661702 7.0453754514455786 37.477272381540388 7.4187434841878703 493.65248485375196 6.1243620198219997 63.249699352541938 39.132230516057462 2.1073541208170354
leaf_count=1269 230 840 130 9275 103 1134 1031 33
internal_value=-0.0017008 -0.00117025 -0.00348911 -0.00137496 0.010925 0.0144621 -0.0181885 -0.0292339
internal_weight=688.049 681.003 572.045 501.071 108.959 100.727 70.9735 8.23172
internal_count=14045 13815 11705 9405 2110 1974 2300 136
is_linear=0
shrinkage=0.05


Tree=68
num_leaves=8
num_cat=3
split_feature=0 40 4 1 38 1 24
split_gain=12.7731 8.65539 9.23349 22.6634 12.0159 5.75231 8.01137
threshold=0 120.80000000000001 -0.84315017450793706 1 11.120238000000002 2 67.500000000000014
decision_type=1 2 2 1 2 1 2
left_child=-1 2 3 -2 -4 6 -3
right_child=1 5 4 -5 -6 -7 -8
leaf_value=-0.03224074692763592 0.033042729594840059 0.040628194012126154 -0.0046187386393409195 -0.0097982491027657648 0.015176770577543346 -0.051153420413548423 -0.033594080459280036
leaf_weight=19.729865788947791 68.679308112710714 5.1056615747511396 424.97670367499813 54.775028282776475 92.486123403534293 11.955229924060404 8.002219418063758
leaf_count=4693 589 49 6471 610 1369 168 112
internal_value=-0.000728951 0.000724062 0.00188068 0.0141088 -0.00105824 -0.0275126 -0.00385311
internal_weight=685.71 665.98 640.917 123.454 517.463 25.0631 13.1079
internal_count=14061 9368 9039 1199 7840 329 161
cat_boundaries=0 1 2 3
cat_threshold=48 1 1
is_linear=0
shrinkage=0.05


Tree=69
num_leaves=9
num_cat=1
split_feature=0 31 2 44 34 44 19 4
split_gain=12.0909 7.90009 14.3474 12.5972 7.74445 7.93121 2.76192 0.570988
threshold=0 28.250000000000004 8.5000000000000018 30.050000000000001 26.250000000000004 45.550000000000004 29.302777500000005 0.96687895796550427
decision_type=1 2 2 2 2 2 2 2
left_child=-1 2 6 -4 5 -3 -2 -6
right_child=1 4 3 -5 7 -7 -8 -9
leaf_value=-0.031883449695582482 -0.043721805298186048 0.0051390745469362467 0.029114733003991217 -0.021783560193889419 -0.04680544100738343 -0.014474398339808989 0.010511898601421059 -0.0033027619493476799
leaf_weight=19.137997304555029 29.411503890063617 523.64550317265093 22.992706927936524 23.6596285616979 7.4060487076640111 56.19158199429512 2.1687857415527096 1.0032906904816625
leaf_count=4698 677 6621 408 395 171 1031 38 13
internal_value=-0.000913987 0.000492036 -0.0143245 0.00338633 0.00249185 0.0032167 -0.039789 -0.0425179
internal_weight=685.617 666.479 78.2326 46.6523 588.246 579.837 31.5803 8.40934
internal_count=14052 9354 1518 803 7836 7652 715 184
cat_boundaries=0 1
cat_threshold=48
is_linear=0
shrinkage=0.05


Tree=70
num_leaves=15
num_cat=2
split_feature=37 35 38 1 43 39 33 1 10 39 44 34 17 24
split_gain=7.39537 14.1597 17.4906 9.65565 21.093 13.0941 9.43 10.7523 8.66743 7.9982 7.5575 7.22046 6.99633 4.56637
threshold=33.500000000000007 74.389881000000017 11.149702000000001 0 1.2500000000000002 24.950000000000003 34.550000000000004 1 61.770833500000002 24.550000000000004 38.70000000000001 22.550000000000004 30.800000000000004 36.500000000000007
decision_type=2 2 2 1 2 2 2 1 2 2 2 2 2 2
left_child=3 2 -2 8 5 -5 9 -8 11 -3 -6 -1 -10 -4
right_child=1 6 13 4 10 -7 7 -9 12 -11 -12 -13 -14 -15
leaf_value=-0.0099640005126589958 -0.036353576680588397 0.00077323455902183645 -0.025403708684011761 0.021089805600157933 0.095280406171368473 -0.038495505976722522 0.05499401859534795 -0.0028912931325902232 0.021229470011975754 -0.021379952286487008 0.030894518830245417 0.048964987518023154 -0.031009270676538955 0.028322816365138101
leaf_weight=9.263877529883759 57.534873428521678 417.62041995883919 4.2733550448901978 30.802618034183979 9.7330284412018973 11.992910330416633 15.373363003134727 15.543096803594381 7.539776246296241 44.141496613854542 10.414893951034172 10.073037536116315 26.974918352207169 16.374727505259216
leaf_count=293 1725 7626 104 704 169 332 253 254 231 1080 186 230 635 258
internal_value=-0.000376177 -0.00272555 -0.0223509 0.0110326 0.0241752 0.00389406 0.000427758 0.0267137 -0.00448966 -0.00138609 0.0650326 0.0216317 -0.0193212 0.0165437
internal_weight=687.656 570.861 78.183 116.795 62.9435 42.7955 492.678 30.9165 53.8516 461.762 20.1479 19.3369 34.5147 20.6481
internal_count=14080 11300 2087 2780 1391 1036 9213 507 1389 8706 355 523 866 362
cat_boundaries=0 1 2
cat_threshold=1 1
is_linear=0
shrinkage=0.05


Tree=71
num_leaves=9
num_cat=2
split_feature=0 41 34 37 5 4 1 27
split_gain=11.4834 9.78023 7.89348 7.86761 3.24422 2.18731 3.37905 0.500045
threshold=0 125.2 20.700000000000006 33.500000000000007 0.99932962452255403 -0.99275805973510278 1 81.90000000000002
decision_type=1 2 2 2 2 2 1 2
left_child=-1 2 4 -4 -2 6 -3 -7
right_child=1 5 3 -5 -6 7 -8 -9
leaf_value=-0.031427708145356746 -0.043576798883217215 0.017373280330939808 0.014815818342265381 -0.00011948641852984725 0.034251336303795711 -0.049901299722007422 -0.043178566680191072 -0.0084837231617584108
leaf_weight=18.414005354279652 11.546671804506328 4.2656591869890716 104.70852117426693 531.57387046329677 0.76087418198585588 10.502362835220991 3.1829386055469513 1.2690563434734929
leaf_count=4686 548 36 1513 7021 30 170 36 22
internal_value=-0.000859527 0.000491635 0.0015642 0.0023577 -0.0365531 -0.033747 -0.0105499 -0.04645
internal_weight=686.224 667.81 648.59 636.282 12.3075 19.22 7.4486 11.7714
internal_count=14062 9376 9112 8534 578 264 72 192
cat_boundaries=0 1 2
cat_threshold=48 1
is_linear=0
shrinkage=0.05


Tree=72
num_leaves=7
num_cat=1
split_feature=0 21 44 38 22 8
split_gain=11.3275 6.44555 6.47734 10.2489 8.90895 1.4024
threshold=0 20.850000000000005 45.900000000000013 10.845535500000002 87.326388500000022 27.600000000000005
decision_type=1 2 2 2 2 2
left_child=-1 5 3 -3 -4 -2
right_child=1 2 4 -5 -6 -7
leaf_value=-0.031028472881064598 0.0047483294671928373 0.00027822640156749547 -0.031778953806404636 0.018155765872106013 0.0091565904426598472 -0.046168302137308312
leaf_weight=17.807172148721293 1.3936850465834121 510.80789842223749 31.149551648646593 94.099410302937031 22.042574697174132 7.6956166313029826
leaf_count=4674 16 6865 688 1113 314 374
internal_value=-0.000328901 0.000985297 0.0016057 0.00308463 -0.0149595 -0.0386643
internal_weight=684.996 667.189 658.099 604.907 53.1921 9.0893
internal_count=14044 9370 8980 7978 1002 390
cat_boundaries=0 1
cat_threshold=48
is_linear=0
shrinkage=0.05


Tree=73
num_leaves=9
num_cat=1
split_feature=0 26 4 37 40 31 38 31
split_gain=10.0218 8.75594 11.5475 17.707 6.32205 7.7453 5.75206 4.74585
threshold=0 16.350000000000005 -0.29343379936893915 56.500000000000007 104.55000000000001 46.250000000000007 5.5770835000000014 45.20000000000001
decision_type=1 2 2 2 2 2 2 2
left_child=-1 2 3 -2 5 -3 -4 -6
right_child=1 4 6 -5 7 -7 -8 -9
leaf_value=-0.030680290670676225 0.034884400353207196 0.0060449955741278521 0.030000503885631274 -0.012932136472022047 -0.01944976789433683 -0.02608148518081764 -0.032364379610680886 0.023434676419074381
leaf_weight=17.298393758013844 25.416433898732066 444.50787539826706 3.2009594012051812 71.491448186337948 44.969733259640634 18.608883862383664 53.646583842579275 6.6383553044870487
leaf_count=4679 287 5639 54 1086 501 398 1310 94
internal_value=-0.00154367 -0.000282501 -0.010717 -0.000162886 0.0028437 0.00470068 -0.0283948 -0.0135929
internal_weight=685.779 668.48 153.755 96.9079 514.725 463.117 56.8475 51.6081
internal_count=14048 9369 2737 1373 6632 6037 1364 595
cat_boundaries=0 1
cat_threshold=48
is_linear=0
shrinkage=0.05


Tree=74
num_leaves=7
num_cat=1
split_feature=0 5 37 35 36 27
split_gain=10.3176 5.69651 6.14092 19.3052 10.9335 3.84927
threshold=0 -0.99938741687870725 33.500000000000007 74.389881000000017 95.500000000000014 20.850000000000005
decision_type=1 2 2 2 2 2
left_child=-1 5 4 -4 -3 -2
right_child=1 2 3 -5 -6 -7
leaf_value=-0.030279940846887805 -0.012071623899245711 0.0017625078485590862 -0.025254433022355829 0.0018227240070232402 0.037194079339956644 0.05422552088714281
leaf_weight=16.734109563753009 2.5683898814022523 86.067106848116964 75.450372862629592 473.02495944267139 28.196004383265972 7.0869166105985641
leaf_count=4665 42 1407 1420 6076 423 70
internal_value=-0.000393645 0.000831324 0.000260164 -0.0019413 0.0107526 0.0371121
internal_weight=689.128 672.394 662.738 548.475 114.263 9.65531
internal_count=14103 9438 9326 7496 1830 112
cat_boundaries=0 1
cat_threshold=48
is_linear=0
shrinkage=0.05


Tree=75
num_leaves=9
num_cat=2
split_feature=0 0 5 33 44 39 44 34
split_gain=9.51641 6.84096 22.6575 17.2397 16.0014 22.0155 20.3523 15.4225
threshold=0 1 0.63089349388778826 35.750000000000007 36.20000000000001 20.450000000000003 38.350000000000009 25.850000000000005
decision_type=1 1 2 2 2 2 2 2
left_child=-1 4 7 -4 5 -2 -6 -3
right_child=1 2 3 -5 6 -7 -8 -9
leaf_value=-0.029977417927918644 0.011698896027019665 0.0030309495787929821 -0.042317621820367191 0.032808015343716586 -0.03780589658229068 0.075082238821179093 0.0066310880372207311 -0.050231133072083392
leaf_weight=16.323338387068361 82.920700944028795 352.48976798169315 52.321854896843433 8.1543474681675416 32.61974474042654 15.54903702624142 109.44586584996432 13.135017616674302
leaf_count=4689 845 4906 1719 122 295 118 1087 278
internal_value=-0.00106459 0.000134207 -0.00364842 -0.0318191 0.00670152 0.0223618 -0.00376504 0.000985726
internal_weight=682.96 666.636 426.101 60.4762 240.535 98.4697 142.066 365.625
internal_count=14059 9370 7025 1841 2345 963 1382 5184
cat_boundaries=0 1 2
cat_threshold=48 1
is_linear=0
shrinkage=0.05


end of trees

feature_importances:
age_group=114
day_of_year_cos=62
wind_speed_max_7d=56
wind_gust_max_7d=47
day_of_year_sin=45
temperature_min_7d=43
gender=34
humidity_min_7d=28
temperature_max_7d=19
rain_max_daily_7d=13
precipitation_sum_7d=12
wind_speed_max_3d=11
humidity_mean_7d=11
month=10
temperature_min_3d=10
temperature_mean_7d=10
humidity_max_7d=10
wind_speed_mean_7d=10
temperature_mean_current=9
temperature_mean_3d=9
rain_days_7d=8
temperature_max_3d=7
humidity_min_3d=7
precipitation_sum_3d=7
wind_gust_max_3d=7
humidity_mean_current=5
humidity_max_3d=5
wind_speed_mean_3d=5
temperature_max_current=3
temperature_min_current=3
humidity_mean_3d=3
wind_speed_mean_current=2
wind_speed_max_current=2
rain_days_3d=2
rain_max_daily_3d=2
rain_sum_7d=2
humidity_max_current=1
wind_gust_max_current=1
rain_sum_3d=1

parameters:
[boosting: gbdt]
[objective: binary]
[metric: binary_logloss]
[tree_learner: serial]
[device_type: cpu]
[data_sample_strategy: bagging]
[data: ]
[valid: ]
[num_iterations: 76]
[learning_rate: 0.05]
[num_leaves: 15]
[num_threads: 8]
[seed: 42]
[deterministic: 0]
[force_col_wise: 0]
[force_row_wise: 0]
[histogram_pool_size: -1]
[max_depth: 4]
[min_data_in_leaf: 20]
[min_sum_hessian_in_leaf: 0.001]
[bagging_fraction: 0.9]
[pos_bagging_fraction: 1]
[neg_bagging_fraction: 1]
[bagging_freq: 1]
[bagging_seed: 400]
[bagging_by_query: 0]
[feature_fraction: 0.9]
[feature_fraction_bynode: 1]
[feature_fraction_seed: 30056]
[extra_trees: 0]
[extra_seed: 12879]
[early_stopping_round: 0]
[early_stopping_min_delta: 0]
[first_metric_only: 0]
[max_delta_step: 0]
[lambda_l1: 0]
[lambda_l2: 1]
[linear_lambda: 0]
[min_gain_to_split: 0]
[drop_rate: 0.1]
[max_drop: 50]
[skip_drop: 0.5]
[xgboost_dart_mode: 0]
[uniform_drop: 0]
[drop_seed: 17869]
[top_rate: 0.2]
[other_rate: 0.1]
[min_data_per_group: 100]
[max_cat_threshold: 32]
[cat_l2: 10]
[cat_smooth: 10]
[max_cat_to_onehot: 4]
[top_k: 20]
[monotone_constraints: ]
[monotone_constraints_method: basic]
[monotone_penalty: 0]
[feature_contri: ]
[forcedsplits_filename: ]
[refit_decay_rate: 0.9]
[cegb_tradeoff: 1]
[cegb_penalty_split: 0]
[cegb_penalty_feature_lazy: ]
[cegb_penalty_feature_coupled: ]
[path_smooth: 0]
[interaction_constraints: ]
[verbosity: -1]
[saved_feature_importance_type: 0]
[use_quantized_grad: 0]
[num_grad_quant_bins: 4]
[quant_train_renew_leaf: 0]
[stochastic_rounding: 1]
[linear_tree: 0]
[max_bin: 255]
[max_bin_by_feature: ]
[min_data_in_bin: 3]
[bin_construct_sample_cnt: 200000]
[data_random_seed: 175]
[is_enable_sparse: 1]
[enable_bundle: 1]
[use_missing: 1]
[zero_as_missing: 0]
[feature_pre_filter: 1]
[pre_partition: 0]
[two_round: 0]
[header: 0]
[label_column: ]
[weight_column: ]
[group_column: ]
[ignore_column: ]
[categorical_feature: 0,1,3]
[forcedbins_filename: ]
[precise_float_parser: 0]
[parser_config_file: ]
[objective_seed: 16083]
[num_class: 1]
[is_unbalance: 0]
[scale_pos_weight: 1]
[sigmoid: 1]
[boost_from_average: 1]
[reg_sqrt: 0]
[alpha: 0.9]
[fair_c: 1]
[poisson_max_delta_step: 0.7]
[tweedie_variance_power: 1.5]
[lambdarank_truncation_level: 30]
[lambdarank_norm: 1]
[label_gain: ]
[lambdarank_position_bias_regularization: 0]
[eval_at: ]
[multi_error_top_k: 1]
[auc_mu_weights: ]
[num_machines: 1]
[local_listen_port: 12400]
[time_out: 120]
[machine_list_filename: ]
[machines: ]
[gpu_platform_id: -1]
[gpu_device_id: -1]
[gpu_device_id_list: ]
[gpu_use_dp: 0]
[num_gpu: 1]

end of parameters

pandas_categorical:[]
