tree
version=v4
num_class=1
num_tree_per_iteration=1
label_index=0
max_feature_idx=44
objective=binary sigmoid:1
feature_names=age_group gender month season day_of_year_sin day_of_year_cos weather_code_current temperature_mean_current temperature_max_current temperature_min_current humidity_mean_current humidity_max_current humidity_min_current wind_speed_mean_current wind_speed_max_current precipitation_sum_current rain_sum_current wind_gust_max_current rain_day_current temperature_mean_3d temperature_max_3d temperature_min_3d humidity_mean_3d humidity_max_3d humidity_min_3d wind_speed_mean_3d wind_speed_max_3d precipitation_sum_3d rain_sum_3d rain_days_3d rain_max_daily_3d wind_gust_max_3d temperature_mean_7d temperature_max_7d temperature_min_7d humidity_mean_7d humidity_max_7d humidity_min_7d wind_speed_mean_7d wind_speed_max_7d precipitation_sum_7d rain_sum_7d rain_days_7d rain_max_daily_7d wind_gust_max_7d
feature_infos=-1:0:1:2:3:4:5 -1:0:1 [1:12] -1:1:0 [-0.99999942202469239:0.99998555065071859] [-0.99997919295908244:0.9999907524084426] [0:61] [23.658332999999999:32.533332999999999] [25.899999999999999:39.200000000000003] [17.899999999999999:29.300000000000001] [48.958333000000003:91.625] [63:100] [23:86] [2.8541669999999999:19.695833] [6.4000000000000004:30.100000000000001] [0:63.100000000000001] [0:63.100000000000001] [14:56.899999999999999] [0:1] [23.766667000000002:32.427778000000004] [27.699999999999999:39.200000000000003] [17.899999999999999:28.100000000000001] [52.569443999999997:90.694444000000004] [73:100] [23:79] [4.125:17.329167000000002] [9.6999999999999993:30.100000000000001] [0:93.900000000000006] [0:93.900000000000006] [0:3] [0:63.100000000000001] [17.300000000000001:56.899999999999999] [24.365476000000001:32.235118999999997] [28.699999999999999:39.200000000000003] [17.899999999999999:27.5] [55.767856999999999:89.523809999999997] [77:100] [23:72] [4.5327380000000002:15.469643] [11.6:30.100000000000001] [0:163.90000000000001] [0:163.90000000000001] [0:7] [0:63.100000000000001] [23:56.899999999999999]
tree_sizes=1646 1694 1700 1687 1483 1678 1762 1698 1687 1685 1693 1688 1691 1701 1701 1701 1694 1731 1695 1766 1701 1690 1721 1704 1710 1696 1302 1703 1717 1612 1414 1311 1307 1318 1513 1419 1589 1430 1529 1771 1417 1377 1295 1521 1596 1621 1399 1532 1412 1538 1523 1323 1300

Tree=0
num_leaves=15
num_cat=5
split_feature=0 0 1 43 4 4 43 0 1 4 32 34 43 43
split_gain=2656.23 356.836 495.718 186.865 123.874 107.38 101.536 66.2907 86.1304 54.789 21.9786 9.46031 0.657275 8.21858
threshold=0 1 2 5.1500000000000012 0.056951373111866661 -0.78326540922535159 1.8500000000000003 3 4 0.19337368024598431 26.308333500000003 25.350000000000005 36.70000000000001 37.550000000000004
decision_type=1 1 1 2 2 2 2 1 1 2 2 2 2 2
left_child=1 2 4 -4 -1 10 -7 8 9 -2 -3 -10 -9 -14
right_child=7 5 3 -5 -6 6 -8 12 11 -11 -12 -13 13 -15
leaf_value=-1.0903616935090525 -1.2700791187463027 -1.1703322023872349 -1.1760674684511814 -1.2792485454898561 -1.1730080548401658 -1.2308642094947819 -1.2740336849153584 -1.3483367517390257 -1.3455241167491425 -1.3225133407425924 -1.2233461324649244 -1.3015683995824212 -1.2747541624862504 -1.3460912630665778
leaf_weight=88.602579832077026 101.3328355550766 25.12103796005249 63.311805129051208 138.50518226623535 105.40651738643646 193.16041350364685 458.7984162569046 761.94823920726776 181.95778846740723 96.24073326587677 116.60914242267609 14.088149666786192 4.5828920602798489 21.896039843559265
leaf_count=522 597 148 373 816 621 1138 2703 4489 1072 567 687 83 27 129
internal_value=-1.28506 -1.23255 -1.19365 -1.2465 -1.13446 -1.25294 -1.26118 -1.3379 -1.31823 -1.29568 -1.21321 -1.34247 -1.34713 -1.33382
internal_weight=2371.56 1189.52 395.826 201.817 194.009 793.689 651.959 1182.05 393.62 197.574 141.73 196.046 788.427 26.4789
internal_count=13972 7008 2332 1189 1143 4676 3841 6964 2319 1164 835 1155 4645 156
cat_boundaries=0 1 2 3 4 5
cat_threshold=13 1 1 2 1
is_linear=0
shrinkage=1


Tree=1
num_leaves=15
num_cat=5
split_feature=0 0 1 10 4 43 4 0 1 4 44 34 43 43
split_gain=2404.9 289.204 382.425 141.648 85.8948 91.3975 78.5259 62.4023 75.6969 49.0105 31.1424 8.86678 0.171881 5.72908
threshold=0 1 2 81.520833500000023 -0.73866753694953124 1.8500000000000003 0.074116354202380164 3 4 0.19337368024598431 44.45000000000001 25.350000000000005 36.70000000000001 37.550000000000004
decision_type=1 1 1 2 2 2 2 1 1 2 2 2 2 2
left_child=1 2 6 -4 10 -6 -1 8 9 -2 -3 -10 -9 -14
right_child=7 4 3 -5 5 -7 -8 12 11 -11 -12 -13 13 -15
leaf_value=0.16359577096146674 0.012444075340014585 0.070057339374025501 0.079192812519740974 -0.0044220592982594812 0.050657908292481492 0.0094325345873526451 0.10049021823313747 -0.062489817796332392 -0.059011446949109952 -0.037447152678569733 -9.9079944628908357e-05 -0.016422810415165415 0.00090913630146086653 -0.060166468386848498
leaf_weight=100.85952965915203 101.16496400535107 145.61120714247227 94.495022714138031 107.64581021666527 191.73484969139099 446.63093462586403 112.0709290355444 734.12369963526726 176.8677990436554 94.196896433830261 17.728084027767181 14.124386608600615 4.6096157133579281 21.138417765498161
leaf_count=536 591 828 534 632 1096 2615 621 4486 1079 567 100 84 27 129
internal_value=-0.000397291 0.0483505 0.0824003 0.0348629 0.029845 0.0218745 0.131007 -0.0521098 -0.0328124 -0.01168 0.0624886 -0.0559638 -0.0613132 -0.049607
internal_weight=2363 1216.78 415.071 202.141 801.705 638.366 212.93 1146.23 386.354 195.362 163.339 190.992 759.872 25.748
internal_count=13925 6962 2323 1166 4639 3711 1157 6963 2321 1158 928 1163 4642 156
cat_boundaries=0 1 2 3 4 5
cat_threshold=13 1 1 2 1
is_linear=0
shrinkage=0.05


Tree=2
num_leaves=15
num_cat=5
split_feature=0 0 1 35 5 2 0 1 34 32 43 34 43 43
split_gain=2289.3 265.227 307.721 142.146 75.3476 67.2036 63.884 80.3943 49.3702 45.8567 22.0861 8.92556 0.806234 7.9892
threshold=0 1 2 82.568452500000021 -0.29342786347392819 7.5000000000000009 3 4 21.050000000000004 27.838690500000002 18.650000000000002 25.350000000000005 36.70000000000001 37.550000000000004
decision_type=1 1 1 2 2 2 1 1 2 2 2 2 2 2
left_child=1 2 5 -4 10 -1 7 9 -6 -2 -3 -9 -8 -14
right_child=6 4 3 -5 8 -7 12 11 -10 -11 -12 -13 13 -15
leaf_value=0.097744061779200142 0.0064052194995348425 -0.00058090674909696877 0.075737053665480253 -0.0069617475560955462 0.0043948024771378203 0.15564270755237306 -0.061691281613418449 -0.059027215006994233 0.049198302124653988 -0.045273084592991494 0.024552461996603422 -0.016321114677078283 0.012096742275614898 -0.059299304640161747
leaf_weight=146.99642464518547 134.44680134952068 178.75007782876492 105.62876754999161 101.04693247377872 72.810015797615051 84.922114461660385 715.08698916435242 172.17600440979004 401.7464709430933 61.923644885420799 169.97218687832355 14.158215075731276 4.4411614835262325 20.076784089207649
leaf_count=765 793 1032 576 593 412 418 4536 1088 2262 379 979 85 26 127
internal_value=0.000681465 0.0466947 0.0783023 0.0354655 0.0290457 0.119522 -0.0510108 -0.0316244 0.0423479 -0.0100379 0.0117046 -0.0558867 -0.0604317 -0.0463994
internal_weight=2384.18 1261.87 438.594 206.676 823.279 231.919 1122.31 382.705 474.556 196.37 348.722 186.334 739.605 24.5179
internal_count=14071 7037 2352 1169 4685 1183 7034 2345 2674 1172 2011 1173 4689 153
cat_boundaries=0 1 2 3 4 5
cat_threshold=13 1 1 2 1
is_linear=0
shrinkage=0.05


Tree=3
num_leaves=15
num_cat=5
split_feature=0 0 1 33 2 42 0 1 34 33 41 34 43 43
split_gain=2003.94 209.61 241.921 125.659 68.415 72.316 59.2531 69.9153 59.2355 55.9641 43.4303 6.54088 0.913376 8.0083
threshold=0 1 2 36.95000000000001 8.5000000000000018 3.5000000000000004 3 4 23.950000000000003 31.250000000000004 92.750000000000014 25.350000000000005 36.70000000000001 37.550000000000004
decision_type=1 1 1 2 2 2 1 1 2 2 2 2 2 2
left_child=1 2 8 -4 5 -3 7 10 -1 -6 -2 -9 -8 -14
right_child=6 4 3 -5 9 -7 12 11 -10 -11 -12 -13 13 -15
leaf_value=0.12489016804062901 -0.021087712861572572 0.048840818916749448 0.020288924597399463 0.16679884318417273 0.0088346285231484783 0.0078296546952753392 -0.060940930195110682 -0.057306678518594223 0.072889989293082505 0.063898450412022564 0.044709055084139054 -0.020436360804393636 0.013993749826965657 -0.05845460638358007
leaf_weight=145.71384534239769 164.97112882137299 138.67906391620636 197.46141292154789 14.853248029947279 63.574052825570107 468.79132364690304 685.63133481144905 165.88483902812004 97.090770289301872 170.81927509605885 28.584105461835861 14.519719958305357 4.2994119226932552 18.899834156036377
leaf_count=700 995 760 1104 77 350 2675 4518 1087 477 932 168 88 25 124
internal_value=-0.000334953 0.041433 0.0689605 0.0312725 0.0258539 0.017257 -0.0502757 -0.0313229 0.104481 0.0490646 -0.011191 -0.0544682 -0.0596432 -0.0450046
internal_weight=2379.77 1296.98 455.119 212.315 841.864 607.47 1082.79 373.96 242.805 234.393 193.555 180.405 708.831 23.1992
internal_count=14080 7075 2358 1181 4717 3435 7005 2338 1177 1282 1163 1175 4667 149
cat_boundaries=0 1 2 3 4 5
cat_threshold=13 1 1 2 1
is_linear=0
shrinkage=0.05


Tree=4
num_leaves=13
num_cat=5
split_feature=0 0 1 4 0 1 4 4 43 32 39 34
split_gain=1806.21 189.57 201.742 117.595 68.7217 75.5249 61.3996 61.3778 54.9808 45.4125 41.4808 9.47676
threshold=0 1 2 -0.57078386445773377 3 4 0.056951373111866661 -0.95244167294248061 1.8500000000000003 27.838690500000002 25.250000000000004 25.350000000000005
decision_type=1 1 1 2 1 1 2 2 2 2 2 2
left_child=1 2 6 -4 5 9 -1 10 -9 -2 -3 -7
right_child=4 7 3 -5 -6 11 -8 8 -10 -11 -12 -13
leaf_value=0.1217444159466447 0.0074609727105392964 0.079366245415615252 -0.032654414432893068 0.05140557349266605 -0.059056058300507842 -0.057386566310070677 0.071102349471969223 0.04132378657895705 0.011459752170723776 -0.044558826413221946 -0.033472861158988558 -0.014223875854084318
leaf_weight=121.81860145926476 136.67111052572727 68.212770238518715 55.000967964529991 162.80298663675785 681.70305536687374 157.47512847185135 130.17466039955616 212.36211962997913 559.73265439271927 59.398234605789185 8.6720594763755781 14.672799110412596
leaf_count=545 807 355 320 873 4664 1070 627 1137 3153 378 47 90
internal_value=-0.000255936 0.0385653 0.064208 0.0301261 -0.0489101 -0.028958 0.0959682 0.0237357 0.0197166 -0.00844431 0.0663724 -0.053811
internal_weight=2368.7 1318.78 469.797 217.804 1049.92 368.217 251.993 848.98 772.095 196.069 76.8848 172.148
internal_count=14066 7057 2365 1193 7009 2345 1172 4692 4290 1185 402 1160
cat_boundaries=0 1 2 3 4 5
cat_threshold=13 1 1 2 1
is_linear=0
shrinkage=0.05


Tree=5
num_leaves=15
num_cat=6
split_feature=0 0 1 35 4 0 1 40 40 34 0 5 43 43
split_gain=1686.9 160.493 181.041 101.155 65.0106 60.9407 64.29 57.59 42.8476 42.4171 31.5366 7.94142 0.430385 5.47032
threshold=0 1 2 82.568452500000021 -0.75015329512557205 3 4 3.1500000000000008 92.750000000000014 23.950000000000003 5 -0.6391983530350368 36.70000000000001 37.550000000000004
decision_type=1 1 1 2 2 1 1 2 2 2 1 2 2 2
left_child=1 2 9 -4 10 6 8 -6 -2 -1 -3 -8 -7 -14
right_child=5 4 3 -5 7 12 11 -9 -10 -11 -12 -13 13 -15
leaf_value=0.10628286260060296 -0.02030823561389258 0.070521883863625165 0.059509066825963991 -0.0081804118807372161 0.037580830728959486 -0.059523045528165321 -0.0351363701587269 0.0064492194356068804 0.043851444300339111 0.06373878889347924 0.019649677171333622 -0.059962408664855339 0.0043056268658708558 -0.057014086662943247
leaf_weight=155.74498778581619 162.22378897666931 87.286336526274681 116.68951168656349 103.5330686122179 217.26027612388134 632.34689238667488 52.467831000685692 466.86196267604828 29.992556065320969 104.33364920318127 86.712516829371452 115.53788603842258 4.3587198257446316 17.525966286659241
leaf_count=691 997 452 588 600 1142 4502 365 2645 171 481 449 808 26 124
internal_value=1.6372e-05 0.0367511 0.0600886 0.0277931 0.0230936 -0.0483242 -0.0291531 0.0163763 -0.0101219 0.0895253 0.0505795 -0.0524631 -0.0582232 -0.0451467
internal_weight=2352.88 1338.42 480.301 220.223 858.121 1014.45 360.222 684.122 192.216 260.079 173.999 168.006 654.232 21.8847
internal_count=14041 7048 2360 1188 4688 6993 2341 3787 1168 1172 901 1173 4652 150
cat_boundaries=0 1 2 3 4 5 6
cat_threshold=13 1 1 2 1 8
is_linear=0
shrinkage=0.05


Tree=6
num_leaves=15
num_cat=1
split_feature=1 4 42 34 37 32 44 21 43 19 4 34 4 27
split_gain=132.716 103.424 110.099 78.5298 60.3723 50.9996 37.1443 27.212 25.6001 28.3954 22.0427 20.6062 18.7401 16.0931
threshold=0 0.074116354202380164 4.5000000000000009 20.350000000000005 60.500000000000007 26.469345500000006 48.800000000000004 24.650000000000002 19.050000000000004 29.197916500000002 0.97508442350096225 25.150000000000002 0.61237135649459018 43.000000000000007
decision_type=1 2 2 2 2 2 2 2 2 2 2 2 2 2
left_child=1 5 3 -3 8 13 -7 12 9 -2 -10 -4 -6 -1
right_child=4 2 11 -5 7 6 -8 -9 10 -11 -12 -13 -14 -15
leaf_value=-0.0031941325386600594 -0.013720770470300944 -0.06334734903305414 -0.025042781559796362 0.031924532775148722 -0.023809446054785716 0.041738916268060047 -0.012933049064882247 -0.053822717945513965 0.0094370148031240452 0.012713082671960189 0.077731777261859286 0.0045752832027618961 0.033192990457234998 0.030948716061794668
leaf_weight=140.96324235200882 471.622843131423 22.940981864929199 309.38928396999836 229.43459290266037 315.50775107741356 355.93375599384308 33.578158140182495 79.663106366991997 115.54718679189682 128.56199370324612 12.219694033265112 72.083764746785164 14.259053960442541 44.637560173869133
leaf_count=800 2893 134 1846 1336 1984 2029 195 509 727 773 77 437 91 252
internal_value=-0.000115011 0.0114145 -0.00251826 0.0230485 -0.0123694 0.0267479 0.0370048 -0.0277048 -0.0037179 -0.00804681 0.0165217 -0.0194488 -0.0212518 0.00513918
internal_weight=2346.34 1208.96 633.849 252.376 1137.38 575.113 389.512 409.43 727.952 600.185 127.767 381.473 329.767 185.601
internal_count=14083 7029 3753 1470 7054 3276 2224 2584 4470 3666 804 2283 2075 1052
cat_boundaries=0 1
cat_threshold=1
is_linear=0
shrinkage=0.05


Tree=7
num_leaves=15
num_cat=5
split_feature=0 0 1 4 0 1 4 40 32 4 34 5 30 30
split_gain=1547.79 139.549 139.707 95.9182 64.8759 61.7732 42.1058 60.3102 38.5783 33.9306 25.6881 8.54607 0.0277081 1.07502
threshold=0 1 2 -0.57078386445773377 3 4 -0.69057362043749781 3.5500000000000003 27.838690500000002 0.074116354202380164 22.850000000000005 -0.6391983530350368 36.70000000000001 38.900000000000006
decision_type=1 1 1 2 1 1 2 2 2 2 2 2 2 2
left_child=1 2 9 -4 5 8 10 -8 -2 -1 -3 -7 -6 -14
right_child=4 6 3 -5 12 11 7 -9 -10 -11 -12 -13 13 -15
leaf_value=0.1007818303701076 0.0051784180893340442 0.10127128349269519 -0.032599337514438727 0.045849844781011076 -0.058710331317323929 -0.032873586547889626 0.03712568936820853 0.0055425182155060372 -0.043333598703942197 0.063634545502790366 0.036785481685938745 -0.059243684580935867 -0.011846052309009395 -0.051377742104852402
leaf_weight=128.7561923712492 136.36042913794518 16.415749937295914 49.834958449006081 168.18176971375942 624.64344418048859 49.020994931459427 228.57031564414501 443.80803009867668 57.481837034225464 134.73097732663155 179.01072198152542 110.15470166504383 3.2300204038619977 6.2271597534418106
leaf_count=540 799 82 300 870 4625 353 1178 2516 379 613 917 807 21 46
internal_value=-7.62957e-06 0.0346891 0.0564747 0.0278507 -0.0472946 -0.0276154 0.0220456 0.0163182 -0.00935587 0.0820994 0.0426903 -0.0513785 -0.0575928 -0.0403
internal_weight=2336.43 1349.31 481.504 218.017 987.119 353.018 867.805 672.378 193.842 263.487 195.426 159.176 634.101 9.45718
internal_count=14046 7016 2323 1170 7030 2338 4693 3694 1178 1153 999 1160 4692 67
cat_boundaries=0 1 2 3 4 5
cat_threshold=13 1 1 2 1
is_linear=0
shrinkage=0.05


Tree=8
num_leaves=15
num_cat=6
split_feature=0 0 1 4 0 1 4 29 32 34 0 34 43 43
split_gain=1411.09 122.749 127.319 83.3917 60.148 59.0993 51.2478 47.8005 39.8091 33.3525 22.1157 8.70629 1.12958 8.21595
threshold=0 1 2 -0.57078386445773377 3 4 -0.69057362043749781 1.5000000000000002 27.838690500000002 23.950000000000003 5 25.350000000000005 36.70000000000001 37.550000000000004
decision_type=1 1 1 2 1 1 2 2 2 2 1 2 2 2
left_child=1 2 9 -4 5 8 10 -8 -2 -1 -3 -7 -6 -14
right_child=4 6 3 -5 12 11 7 -9 -10 -11 -12 -13 13 -15
leaf_value=0.090604139749917142 0.0052691713812876243 0.058711469549562356 -0.029752451336746113 0.041988903996320118 -0.058343207919068066 -0.054869164541057759 0.035956624961006711 0.0059202423925532772 -0.044345490923801904 0.053591316730884825 0.018637223751178416 -0.011343124117273064 0.019065840207920539 -0.055923253243698116
leaf_weight=164.27056513726711 134.57363869249821 100.53240402042866 52.150316387414932 171.46562524139881 587.1567123606801 140.29575835168362 179.65691037476063 498.49336670339108 56.685343891382217 106.40508949756622 101.23610107600689 13.154310151934622 4.0451678037643459 17.054716005921364
leaf_count=692 786 499 320 869 4531 1071 922 2774 384 469 513 86 25 130
internal_value=-0.000215659 0.0321131 0.0522282 0.0251999 -0.0466671 -0.0274299 0.0203082 0.0139188 -0.00958979 0.0763049 0.0426102 -0.0512356 -0.0568883 -0.0413345
internal_weight=2327.18 1374.21 494.292 223.616 952.966 344.709 879.919 678.15 191.259 270.676 201.769 153.45 608.257 21.0999
internal_count=14071 7058 2350 1189 7013 2327 4708 3696 1170 1161 1012 1157 4686 155
cat_boundaries=0 1 2 3 4 5 6
cat_threshold=13 1 1 2 1 8
is_linear=0
shrinkage=0.05


Tree=9
num_leaves=15
num_cat=5
split_feature=0 0 1 33 0 1 2 19 33 4 2 34 43 43
split_gain=1267.01 103.28 115.603 78.6894 65.8046 61.5891 43.622 49.2086 40.3417 37.7591 34.4353 8.02839 0.754354 7.03499
threshold=0 1 2 36.95000000000001 3 4 8.5000000000000018 29.197916500000002 31.250000000000004 0.21022171450811272 7.5000000000000009 25.350000000000005 36.70000000000001 37.550000000000004
decision_type=1 1 1 2 1 1 2 2 2 2 2 2 2 2
left_child=1 2 10 -4 5 9 7 -3 -8 -2 -1 -7 -6 -14
right_child=4 6 3 -5 12 11 8 -9 -10 -11 -12 -13 13 -15
leaf_value=0.056715114739858109 0.012024463769751607 0.0057093168358485795 0.01337849650024389 0.12431533631297503 -0.057980907162305854 -0.053944784525712101 0.0025569061213098349 0.042991755516619615 0.048134816055057733 -0.03252621645866792 0.09451546319457664 -0.012491357138666238 0.018873293071746976 -0.055198070908175446
leaf_weight=174.17775723338127 106.80200584232807 528.23683145642281 205.87873023748398 16.369485184550285 563.17731574177742 137.89597535133362 65.362965866923332 105.4277707785368 189.05447828769684 84.206439346075058 99.191228181123734 13.520029246807097 3.434629455208781 15.768413953483103
leaf_count=752 612 2880 1097 73 4527 1094 341 553 936 561 402 89 21 125
internal_value=-0.000630345 0.029574 0.0480281 0.0220697 -0.045632 -0.0258875 0.0188137 0.0119703 0.0364811 -0.0076829 0.0707254 -0.0503496 -0.0565462 -0.0416713
internal_weight=2308.5 1383.7 495.617 222.248 924.805 342.424 888.082 633.665 254.417 191.008 273.369 151.416 582.38 19.203
internal_count=14063 7034 2324 1170 7029 2356 4710 3433 1277 1173 1154 1183 4673 146
cat_boundaries=0 1 2 3 4 5
cat_threshold=13 1 1 2 1
is_linear=0
shrinkage=0.05


Tree=10
num_leaves=15
num_cat=5
split_feature=0 0 1 33 0 1 4 4 19 32 39 5 43 43
split_gain=1187.94 84.6703 87.5776 76.4414 59.3486 54.4384 37.5082 36.0716 43.4066 32.3825 28.9147 8.2425 1.17548 7.99723
threshold=0 1 2 36.95000000000001 3 4 0.056951373111866661 -0.95754239937548935 29.197916500000002 27.838690500000002 25.250000000000004 -0.6391983530350368 36.70000000000001 37.550000000000004
decision_type=1 1 1 2 1 1 2 2 2 2 2 2 2 2
left_child=1 2 6 -4 5 9 -1 10 -9 -2 -3 -7 -6 -14
right_child=4 7 3 -5 12 11 -8 8 -10 -11 -12 -13 13 -15
leaf_value=0.083626293197401405 0.0038131117465185307 0.06139453825626983 0.01393599480129166 0.1202240280732623 -0.057290742977438303 -0.030977637847381445 0.046336312471779689 0.01109745419613742 0.045307841768461921 -0.041712675820175411 -0.037267093232741681 -0.057789953150952339 0.019796543723754015 -0.054849573731232365
leaf_weight=134.59526954591274 137.32246167957783 69.441135436296463 209.65635195374489 17.446273028850555 537.80812741070986 45.929947651922703 145.48392525315285 705.29944650828838 106.00903305411339 53.50801844894886 7.6358293294906607 100.25372939556837 3.9754837602376965 16.245036251842976
leaf_count=543 801 326 1106 75 4506 362 625 3758 544 380 39 821 24 134
internal_value=-0.000348217 0.0284164 0.0449268 0.0225924 -0.0449952 -0.0260089 0.0644902 0.0185564 0.0156178 -0.00910302 0.0512682 -0.0496334 -0.0557373 -0.0399324
internal_weight=2290.61 1395.57 507.182 227.103 895.043 337.014 280.079 888.385 811.308 190.83 77.077 146.184 558.029 20.2205
internal_count=14044 7016 2349 1181 7028 2364 1168 4667 4302 1181 365 1183 4664 158
cat_boundaries=0 1 2 3 4 5
cat_threshold=13 1 1 2 1
is_linear=0
shrinkage=0.05


Tree=11
num_leaves=15
num_cat=6
split_feature=0 0 1 43 0 1 4 42 4 4 0 34 43 43
split_gain=1087.68 79.8149 92.9208 72.9719 63.4073 53.3645 41.8384 44.2128 31.694 30.4921 27.714 10.4231 1.27738 6.3952
threshold=0 1 2 5.1500000000000012 3 4 -0.67803021058859214 3.5000000000000004 0.19337368024598431 0.056951373111866661 5 25.350000000000005 36.70000000000001 37.550000000000004
decision_type=1 1 1 2 1 1 2 2 2 2 1 2 2 2
left_child=1 2 9 -4 5 8 10 -8 -2 -1 -3 -7 -6 -14
right_child=4 6 3 -5 12 11 7 -9 -10 -11 -12 -13 13 -15
leaf_value=0.080082943857826022 0.010562179262677007 0.053034856292549476 0.057904002823979055 -0.0016908453369500677 -0.056817007393009836 -0.053016975888580578 0.032146209888797482 0.0036223861421884706 -0.030389755486043304 0.046515072450730312 0.013005894655252037 -0.0049076963992210334 0.011405830747555044 -0.054031938803478098
leaf_weight=134.52839531004429 104.61041943728924 110.34540395438671 78.611120656132698 144.62800598144531 520.52830991148949 125.18129936605692 186.26295137405396 496.00291891396046 84.611634373664856 148.68168066442013 105.12062773108482 12.59810535609722 4.5198284089565304 14.432578027248381
leaf_count=540 595 523 358 796 4548 1070 917 2720 583 631 516 86 27 124
internal_value=-0.000308076 0.0268131 0.0428632 0.0194594 -0.0440411 -0.0243867 0.0173494 0.0114452 -0.00781319 0.0626859 0.0367069 -0.0486851 -0.0552291 -0.0386366
internal_weight=2270.66 1404.18 506.449 223.239 866.482 327.001 897.732 682.266 189.222 283.21 215.466 137.779 539.481 18.9524
internal_count=14034 7001 2325 1154 7033 2334 4676 3637 1178 1171 1039 1156 4699 151
cat_boundaries=0 1 2 3 4 5 6
cat_threshold=13 1 1 2 1 8
is_linear=0
shrinkage=0.05


Tree=12
num_leaves=15
num_cat=5
split_feature=0 0 1 33 0 1 38 4 40 2 33 5 43 43
split_gain=979.692 84.0743 88.7543 63.2451 61.6001 51.2327 35.2143 33.74 33.5361 30.1707 21.3472 9.21201 1.3667 7.33874
threshold=0 1 2 36.95000000000001 3 4 6.3586310000000017 -0.95754239937548935 92.750000000000014 7.5000000000000009 31.250000000000004 -0.6391983530350368 36.70000000000001 37.550000000000004
decision_type=1 1 1 2 1 1 2 2 2 2 2 2 2 2
left_child=1 2 9 -4 5 8 10 -8 -2 -1 -3 -7 -6 -14
right_child=4 6 3 -5 12 11 7 -9 -10 -11 -12 -13 13 -15
leaf_value=0.047618350966406993 -0.017076814007394515 -0.0082615301533343882 0.010379999109453449 0.10549409239500258 -0.05635461807750361 -0.027990760290909435 0.045593408692965187 0.0080791627176745439 0.038722703694585602 0.082133206711032969 0.048185309839200108 -0.056902790041578548 0.018422598666061961 -0.053633664334905795
leaf_weight=181.16705293953419 153.55567462742329 19.475445285439491 208.81110315024853 18.109942391514778 492.78298949450254 43.953664422035217 64.5629051476717 709.86615832149982 31.633920311927795 103.40593352913857 107.98205210268497 91.62270587682724 4.0404815673828152 14.329802878201006
leaf_count=755 986 102 1092 75 4491 367 298 3726 174 414 545 812 24 128
internal_value=-0.00053536 0.0247533 0.0410407 0.0184003 -0.0432553 -0.0238253 0.0151329 0.0112614 -0.00738841 0.0604038 0.0395631 -0.0478031 -0.0546895 -0.0376522
internal_weight=2245.3 1413.38 511.494 226.921 831.919 320.766 901.887 774.429 185.19 284.573 127.457 135.576 511.153 18.3703
internal_count=13989 7007 2336 1167 6982 2339 4671 4024 1160 1169 647 1179 4643 152
cat_boundaries=0 1 2 3 4 5
cat_threshold=13 1 1 2 1
is_linear=0
shrinkage=0.05


Tree=13
num_leaves=15
num_cat=5
split_feature=0 0 0 1 7 1 37 5 39 34 34 5 43 43
split_gain=908 72.759 69.8043 68.8472 61.9429 51.9468 35.3579 29.7426 43.6625 26.0219 18.4674 10.9893 0.773049 4.6331
threshold=0 1 2 3 29.343750000000004 4 55.500000000000007 -0.29342786347392819 22.550000000000004 23.950000000000003 25.150000000000002 -0.6391983530350368 36.70000000000001 37.550000000000004
decision_type=1 1 1 1 2 1 2 2 2 2 2 2 2 2
left_child=1 3 5 9 -5 6 -2 10 -9 -1 -3 -7 -4 -14
right_child=2 7 12 4 -6 11 -8 8 -10 -11 -12 -13 13 -15
leaf_value=0.068195420278555158 -0.029426958667062825 -0.00095610792041332313 -0.056038190713924907 0.0090555288577495053 0.08708708746859524 -0.024754122963918331 0.014222524560241159 0.03107344872437949 -0.00067064006248062193 0.036874762687855174 0.028537618650984212 -0.056471970240452835 0.0053290696410786221 -0.052975513798097978
leaf_weight=172.68374355137348 83.123130574822426 309.33308309316635 475.85830871760845 200.55761970579624 28.182496279478073 42.833996541798115 102.52147756516933 397.01046624779701 148.7722362279892 114.82202905416489 63.052405208349228 88.586795747280121 4.2558110654354122 13.217680335044859
leaf_count=700 573 1685 4525 1044 122 364 593 1969 732 476 336 819 25 123
internal_value=-0.000140057 0.0237166 -0.042117 0.0388471 0.0190068 -0.0217864 -0.00537466 0.0148502 0.0224351 0.055858 0.00410083 -0.0463992 -0.0544234 -0.0392552
internal_weight=2244.81 1434.41 810.397 516.246 228.74 317.065 185.645 918.168 545.783 287.506 372.385 131.421 493.332 17.4735
internal_count=14086 7064 7022 2342 1166 2349 1166 4722 2701 1176 2021 1183 4673 148
cat_boundaries=0 1 2 3 4 5
cat_threshold=13 1 2 1 1
is_linear=0
shrinkage=0.05


Tree=14
num_leaves=15
num_cat=5
split_feature=0 0 0 1 43 1 4 2 34 44 43 34 43 43
split_gain=848.738 65.7161 56.4329 62.3285 63.7276 49.2146 30.9018 29.2399 42.7011 28.696 18.3702 10.8407 0.776547 4.51308
threshold=0 1 2 3 5.1500000000000012 4 0.056951373111866661 8.5000000000000018 20.350000000000005 41.600000000000001 35.100000000000001 25.350000000000005 36.70000000000001 37.550000000000004
decision_type=1 1 1 1 2 1 2 2 2 2 2 2 2 2
left_child=2 5 3 6 -5 9 -1 8 -4 -2 -9 -7 -3 -14
right_child=1 12 7 4 -6 11 -8 10 -10 -11 -12 -13 13 -15
leaf_value=0.069851465605834301 -0.017250407592334868 -0.055525299360118567 -0.060846764473145222 0.052003606029618767 -0.0023653169038705371 -0.051065357777921941 0.03661594043458432 0.031073569315498803 0.011612942122127315 0.02776745653771617 -0.047952755934436063 -0.00076657739497735914 0.0051790302308173369 -0.052536144643497984
leaf_weight=134.28573490679264 139.61630403995514 454.57532205432653 20.028003334999084 83.573585420846939 148.36697441339493 114.00493983924389 154.76007425785065 261.09875947237015 628.87762045860291 46.33952659368515 6.7074007689952841 11.846437394618986 4.2642318755388287 12.815776519477366
leaf_count=541 886 4512 101 369 809 1088 638 1240 3310 290 33 86 25 124
internal_value=8.87075e-06 -0.0415228 0.0227846 0.0360875 0.0173642 -0.0216656 0.0522442 0.0148861 0.00928634 -0.0059436 0.0289233 -0.0463741 -0.0538573 -0.0386374
internal_weight=2221.16 783.463 1437.7 520.986 231.941 311.807 289.046 916.712 648.906 185.956 267.806 125.851 471.655 17.08
internal_count=14052 7011 7041 2357 1178 2350 1179 4684 3411 1176 1273 1174 4661 149
cat_boundaries=0 1 2 3 4 5
cat_threshold=13 2 1 1 1
is_linear=0
shrinkage=0.05


Tree=15
num_leaves=15
num_cat=5
split_feature=0 0 0 1 4 1 4 42 34 2 32 5 43 43
split_gain=760.717 64.1313 61.3371 62.9631 61.0067 43.0712 27.7597 27.3764 78.1732 34.1804 26.9964 11.9045 1.34364 5.61384
threshold=0 1 2 3 -0.52766804058324157 4 0.056951373111866661 2.5000000000000004 21.700000000000006 8.5000000000000018 27.838690500000002 -0.6391983530350368 36.70000000000001 37.550000000000004
decision_type=1 1 1 1 2 1 2 2 2 2 2 2 2 2
left_child=2 5 3 6 -5 10 -1 8 -4 -9 -2 -7 -3 -14
right_child=1 12 7 4 -6 11 -8 9 -10 -11 -12 -13 13 -15
leaf_value=0.067550343192830459 0.0051419313891046016 -0.055149143105123179 -0.0079879762002824355 -0.030135734844189122 0.02983953519626445 -0.021599220120285853 0.035823701035929599 0.0022682437567110056 0.070470910459767971 0.024689729381571966 -0.037909505234212347 -0.055752069058252723 0.0095539883634553225 -0.052234034537800011
leaf_weight=131.54741896688938 134.4867939054966 440.11809858679771 58.935543224215508 55.047153621912003 174.25283847749233 39.639999128878117 154.15702074766159 558.63728472590446 67.357512399554253 243.46190018951893 48.840338654816151 81.477011278271675 4.6245511323213604 12.888427749276159
leaf_count=533 787 4562 290 332 829 356 632 2969 315 1142 375 815 27 130
internal_value=-0.000893691 -0.0409634 0.020418 0.0343198 0.0153732 -0.021141 0.0506163 0.0123948 0.0340824 0.00909613 -0.00647088 -0.0448427 -0.0533447 -0.0362833
internal_weight=2205.47 762.075 1443.4 515.004 229.3 304.444 285.704 928.392 126.293 802.099 183.327 121.117 457.631 17.513
internal_count=14094 7052 7042 2326 1161 2333 1165 4716 605 4111 1162 1171 4719 157
cat_boundaries=0 1 2 3 4 5
cat_threshold=13 2 1 1 1
is_linear=0
shrinkage=0.05


Tree=16
num_leaves=15
num_cat=5
split_feature=0 0 0 1 4 1 38 19 34 21 39 5 43 43
split_gain=719.576 61.971 50.2866 57.8906 52.9413 44.0165 32.5986 27.7248 51.4142 27.47 25.5253 9.18172 1.52935 5.3504
threshold=0 1 2 3 -0.55657520495441892 4 12.614880500000002 29.197916500000002 24.450000000000003 24.650000000000002 25.250000000000004 -0.6523320455745395 36.70000000000001 37.550000000000004
decision_type=1 1 1 1 2 1 2 2 2 2 2 2 2 2
left_child=2 5 3 9 -5 6 -2 8 -4 -1 -9 -7 -3 -14
right_child=1 12 7 4 -6 11 -8 10 -10 -11 -12 -13 13 -15
leaf_value=0.05682164134300384 -0.011378565851546498 -0.055136020807847297 0.014399944472488416 -0.030652123835455559 0.026681143430453261 -0.024838591118237458 0.082896716580519586 0.022054028948964799 -0.020759646326520088 0.021391362888802484 0.077642315874668161 -0.055400521220675181 0.0091199858482880602 -0.051657340792686607
leaf_weight=213.42517060041428 175.6513903439045 419.54032318294048 698.69585666060448 50.770328536629677 181.38788461685181 39.25740659981966 8.6767445951700193 90.314002692699432 121.21859596669674 75.732672616839409 26.352714195847511 78.974856220185757 4.6493313610553768 11.99045108258724
leaf_count=870 1117 4542 3491 314 854 358 56 446 673 310 123 824 27 126
internal_value=-0.000757229 -0.0406073 0.0195935 0.0321329 0.0140653 -0.0211712 -0.00651746 0.0123218 0.00918289 0.0476479 0.0351635 -0.0455463 -0.0532368 -0.0351212
internal_weight=2196.64 738.741 1457.9 521.316 232.158 302.56 184.328 936.581 819.914 289.158 116.667 118.232 436.18 16.6398
internal_count=14131 7050 7081 2348 1168 2355 1173 4733 4164 1180 569 1182 4695 153
cat_boundaries=0 1 2 3 4 5
cat_threshold=13 2 1 1 1
is_linear=0
shrinkage=0.05


Tree=17
num_leaves=15
num_cat=3
split_feature=0 0 40 34 39 34 2 1 34 32 34 33 43 43
split_gain=658.636 65.9702 51.6282 69.8202 95.6798 47.6506 44.0842 43.7224 35.2261 29.4203 11.4092 11.2218 1.4923 5.54069
threshold=0 1 3.1500000000000008 23.250000000000004 19.450000000000003 23.950000000000003 2.5000000000000004 2 26.550000000000004 27.838690500000002 25.350000000000005 35.750000000000007 36.70000000000001 37.550000000000004
decision_type=1 1 2 2 2 2 2 1 2 2 2 2 2 2
left_child=2 7 3 4 -1 6 -4 9 -7 -2 -9 -5 -3 -14
right_child=1 12 5 11 -6 8 -8 10 -10 -11 -12 -13 13 -15
leaf_value=0.057862805944041175 0.0068896402442877591 -0.054427521721808883 -0.011933161191001384 0.10772061343559336 -0.0047200544363507633 2.4332046381042622e-05 0.028779732716844492 -0.049561276261568227 0.085757818783630979 -0.037772048026576681 0.0034646990391107644 0.059183937688990662 0.011084259297945237 -0.051324041448231453
leaf_weight=99.805297300219536 136.97495779395103 401.24983507394791 76.174435019493103 14.688164219260214 154.60312214493752 481.50727795064449 496.96710675954819 102.27407551556826 11.287058264017103 49.346179567277431 11.109539717435835 108.99889142811298 4.4956260472536114 11.798219077289103
leaf_count=452 805 4540 372 66 711 2450 2402 1089 54 390 85 481 26 129
internal_value=-0.000343396 -0.0391582 0.0190885 0.0350796 0.0199618 0.0135677 0.0233574 -0.0193995 0.00215768 -0.00507727 -0.0443808 0.0657655 -0.0524787 -0.0344597
internal_weight=2161.28 717.248 1444.03 378.095 254.408 1065.94 573.142 299.705 492.794 186.321 113.384 123.687 417.544 16.2938
internal_count=14052 7064 6988 1710 1163 5278 2774 2369 2504 1195 1174 547 4695 155
cat_boundaries=0 1 2 3
cat_threshold=13 2 1
is_linear=0
shrinkage=0.05


Tree=18
num_leaves=15
num_cat=5
split_feature=0 0 0 1 4 1 37 4 19 44 39 5 43 43
split_gain=638.764 59.0871 50.6669 50.1634 50.9587 37.953 25.7058 25.2568 23.6432 35.545 23.3114 9.399 1.08741 4.3701
threshold=0 1 2 3 -0.57078386445773377 4 68.500000000000014 0.056951373111866661 29.197916500000002 45.20000000000001 24.250000000000004 -0.6523320455745395 36.70000000000001 37.550000000000004
decision_type=1 1 1 1 2 1 2 2 2 2 2 2 2 2
left_child=2 5 3 7 -5 6 -2 -1 9 -4 -10 -7 -3 -14
right_child=1 12 8 4 -6 11 -8 -9 10 -11 -12 -13 13 -15
leaf_value=0.062156583540200962 -0.011392830452571273 -0.054099965456653298 0.012373109014198205 -0.029786800240697592 0.026768427877529328 -0.022314404571041734 0.067971004905327162 0.031964891477125286 0.016880909514562982 -0.020461567300198526 0.065192484612823287 -0.054774274267083138 0.0083145039389558618 -0.050536028504655633
leaf_weight=131.56156194210052 172.91209755092859 385.74602299928665 729.81193070113659 49.63830491900444 187.12840712070465 35.3519541695714 9.8470180630683881 154.62016884982586 76.871717542409897 91.990237131714821 36.762081369757652 70.904760725796223 4.0061558634042731 10.431242547929285
leaf_count=544 1121 4561 3646 309 868 339 52 627 376 483 165 801 23 119
internal_value=9.52996e-05 -0.0392071 0.0188225 0.0313542 0.0148362 -0.0199782 -0.0067701 0.0460125 0.0115338 0.00867729 0.0329427 -0.0442835 -0.0521884 -0.0347251
internal_weight=2147.58 689.199 1458.38 522.948 236.767 289.016 182.759 286.182 935.436 821.802 113.634 106.257 400.183 14.4374
internal_count=14034 7016 7018 2348 1177 2313 1173 1171 4670 4129 541 1140 4703 142
cat_boundaries=0 1 2 3 4 5
cat_threshold=13 2 1 1 1
is_linear=0
shrinkage=0.05


Tree=19
num_leaves=15
num_cat=1
split_feature=1 4 43 34 44 37 34 43 32 21 4 5 33 5
split_gain=52.839 62.4457 68.7812 60.6542 60.4091 59.979 56.1951 35.135 32.4719 28.1384 26.8619 25.4523 23.9736 23.8493
threshold=0 -0.15951315977791497 1.8500000000000003 23.950000000000003 45.900000000000013 60.500000000000007 20.350000000000005 18.350000000000005 26.442262000000003 24.550000000000004 0.97508442350096225 0.99349222267034765 32.850000000000001 -0.67801649466304881
decision_type=1 2 2 2 2 2 2 2 2 2 2 2 2 2
left_child=1 3 6 8 -5 7 -3 11 -1 12 -9 -2 -7 -4
right_child=5 2 13 4 -6 9 -8 10 -10 -11 -12 -13 -14 -15
leaf_value=-0.0081226925897732068 -0.0078093324693416649 -0.047260392232237013 -0.0027744251664948518 0.081315446895667456 0.0078929128709190593 -0.020461476820756434 0.025059070047009899 0.016323820260032026 0.022962900113080158 -0.051188882644581782 0.092675037828650095 0.040807905729039327 0.054690746048118244 -0.027192238215494793
leaf_weight=137.88623161613941 497.26331386715174 29.327902108430862 189.34255200624466 70.023187287151814 46.649285957217216 256.14789419621229 238.27891370654106 109.06986872851849 212.38283967226744 80.084967121481895 11.994823783636091 27.47102202475071 10.126740507781504 211.53050366789103
leaf_count=823 3393 186 1219 422 289 1859 1453 773 1261 606 81 184 74 1385
internal_value=-0.000165974 0.00719685 -0.00260571 0.0212059 0.0522754 -0.00859072 0.0169869 0.000420216 0.0107375 -0.0253448 0.0245858 -0.00519133 -0.0174094 -0.0156947
internal_weight=2127.58 1135.42 668.48 466.942 116.672 992.159 267.607 645.799 350.269 346.36 121.065 524.734 266.275 400.873
internal_count=14008 7038 4243 2795 711 6970 1639 4431 2084 2539 854 3577 1933 2604
cat_boundaries=0 1
cat_threshold=1
is_linear=0
shrinkage=0.05


Tree=20
num_leaves=15
num_cat=5
split_feature=0 0 0 1 1 35 32 4 44 4 35 5 43 43
split_gain=566.14 64.8307 43.7152 39.168 38.7314 44.5452 28.6933 24.6804 30.2147 23.7078 21.5156 10.0159 1.62486 5.23171
threshold=0 1 2 3 4 83.252976500000017 27.838690500000002 -0.95754239937548935 31.500000000000004 0.056951373111866661 88.062500000000014 -0.6391983530350368 36.70000000000001 37.550000000000004
decision_type=1 1 1 1 1 2 2 2 2 2 2 2 2 2
left_child=2 3 4 6 9 -6 -2 10 -9 -1 -4 -5 -3 -14
right_child=1 12 7 11 5 -7 -8 8 -10 -11 -12 -13 13 -15
leaf_value=0.058243792557249145 0.0064282266270990727 -0.053907321851650605 0.051397854325911187 -0.021461703015472927 0.032941689409470329 -0.011057507089893151 -0.038415010346090669 0.029312051473294898 0.0040365067314861933 0.028850817924671892 -0.0052753634726111923 -0.054418840885319675 0.010720873807418992 -0.050505298596940196
leaf_weight=126.19042387604713 139.41944581270218 363.7405508607626 62.053978115320206 37.532524399459362 136.38925239443779 98.279904663562775 46.842328928411007 140.75029103457928 715.68520402908325 157.90128082036972 22.566282376646996 68.127468280494213 4.5152354836463919 10.83248598128557
leaf_count=529 814 4499 269 370 604 566 382 686 3628 639 101 809 26 128
internal_value=-6.55503e-05 -0.0377189 0.0173951 -0.0182358 0.0291085 0.014546 -0.00499416 0.0106763 0.00821974 0.0420654 0.0363993 -0.0430228 -0.0517848 -0.0329388
internal_weight=2130.83 671.01 1459.82 291.922 518.761 234.669 186.262 941.056 856.435 284.092 84.6203 105.66 379.088 15.3477
internal_count=14050 7028 7022 2375 2338 1170 1196 4684 4314 1168 370 1179 4653 154
cat_boundaries=0 1 2 3 4 5
cat_threshold=13 2 1 1 1
is_linear=0
shrinkage=0.05


Tree=21
num_leaves=15
num_cat=5
split_feature=0 0 1 0 1 33 4 44 37 34 4 34 43 43
split_gain=526.978 68.214 39.6265 36.6955 37.4011 44.1304 28.1778 22.377 40.7755 30.0353 19.2749 11.0098 1.64334 4.3867
threshold=0 1 2 3 4 36.95000000000001 0.57782244426053786 29.350000000000005 52.500000000000007 20.350000000000005 0.074116354202380164 25.350000000000005 36.70000000000001 37.550000000000004
decision_type=1 1 1 1 1 2 2 2 2 2 2 2 2 2
left_child=3 2 6 4 10 -6 -2 8 -5 -9 -1 -4 -3 -14
right_child=1 12 11 7 5 -7 -8 9 -10 -11 -12 -13 13 -15
leaf_value=0.054655600047906733 0.0085339007215792084 -0.053753205577645652 -0.048009822734790271 0.064255112996153468 0.0068576733352442012 0.0832819862828518 -0.034832854299738689 -0.045579291035963733 -0.0039655485854327493 0.009919718810538233 0.028133958687140317 0.00443371018085613 0.0058485950656156161 -0.04994096146100091
leaf_weight=128.60396887362003 133.22044745087624 348.93076744675636 90.931301213800907 49.459459349513054 220.6134871840477 19.68612314760685 50.969720669090748 24.125822260975838 38.508560508489609 844.51616233587265 155.08213545382023 11.049629613757132 4.8880960345268241 10.058618709444998
leaf_count=546 783 4513 1090 225 1117 79 404 124 187 4203 626 90 28 124
internal_value=0.000324746 -0.0368396 -0.0169095 0.0167907 0.0275098 0.0134378 -0.00358998 0.0106734 0.0346822 0.00832764 0.0403068 -0.0423397 -0.0515575 -0.0324732
internal_weight=2130.64 650.049 286.171 1480.6 523.986 240.3 184.19 956.61 87.968 868.642 283.686 101.981 363.877 14.9467
internal_count=14139 7032 2367 7107 2368 1196 1187 4739 412 4327 1172 1180 4665 152
cat_boundaries=0 1 2 3 4 5
cat_threshold=13 2 1 1 1
is_linear=0
shrinkage=0.05


Tree=22
num_leaves=15
num_cat=3
split_feature=0 0 7 34 37 25 1 34 40 40 5 33 43 43
split_gain=477.276 60.9072 36.2264 58.4205 52.3393 36.3127 30.2268 25.9061 23.8505 33.5339 12.9803 8.99684 1.0894 4.11271
threshold=0 1 29.343750000000004 24.550000000000004 25.500000000000004 6.6923610000000009 2 23.750000000000004 2.7500000000000004 10.850000000000003 -0.6391983530350368 36.350000000000001 36.70000000000001 37.550000000000004
decision_type=1 1 2 2 2 2 1 2 2 2 2 2 2 2
left_child=2 6 3 4 -1 -5 7 -2 11 -10 -8 -4 -3 -14
right_child=1 12 8 5 -6 -7 10 -9 9 -11 -12 -13 13 -15
leaf_value=-0.070750736784883902 -0.024000284297332225 -0.053181437509131436 0.0019345455767687905 0.060521529630067884 0.017820016401554364 -0.021208166442521378 -0.015218828733917878 0.013625053459884615 -0.021178130692628951 0.046446047434849702 -0.053893027353402047 0.060095181483568232 0.0077438260306670129 -0.049649186516234928
leaf_weight=15.968155562877653 94.518178179860115 335.30104007571936 7.3258555829524985 13.867810487747191 1116.6181817054749 161.5185756534338 34.445880927145481 86.895839489996433 32.557585760951042 39.678853914141655 62.756790049374104 79.001913279294968 4.0348586291074744 9.8883501589298231
leaf_count=76 604 4534 32 69 5336 832 357 568 153 190 808 337 23 127
internal_value=-0.000613666 -0.036718 0.0150054 0.0123521 0.01651 -0.0144393 -0.0175072 -0.00600216 0.0376182 0.0160942 -0.0404825 0.0552383 -0.051042 -0.0336127
internal_weight=2094.38 627.841 1466.54 1307.97 1132.59 175.386 278.617 181.414 158.564 72.2364 97.2027 86.3278 349.224 13.9232
internal_count=14046 7021 7025 6313 5412 901 2337 1172 712 343 1165 369 4684 150
cat_boundaries=0 1 2 3
cat_threshold=13 2 1
is_linear=0
shrinkage=0.05


Tree=23
num_leaves=15
num_cat=5
split_feature=0 0 0 1 4 9 1 32 4 44 31 5 43 43
split_gain=484.367 51.335 37.7549 35.8006 38.5962 27.5074 26.3796 21.7302 21.2314 24.0201 19.8795 10.8983 0.359794 2.31295
threshold=0 1 2 3 -0.94139628442229051 24.850000000000005 4 27.838690500000002 -0.95754239937548935 31.500000000000004 43.750000000000007 -0.6391983530350368 36.70000000000001 37.550000000000004
decision_type=1 1 1 1 2 2 1 2 2 2 2 2 2 2
left_child=2 6 3 5 -5 -1 7 -2 10 -10 -4 -8 -3 -14
right_child=1 12 8 4 -6 -7 11 -9 9 -11 -12 -13 13 -15
leaf_value=0.050315710055182254 0.0016164905533097341 -0.05289908275560698 0.041703671572559407 -0.058682089072603187 0.018163702200664114 0.017274706652134313 -0.017690318026662197 -0.038667033996641793 0.025418776782065097 0.0033932065500451173 -0.035383989020101314 -0.053598966383507911 -0.0044701874274155123 -0.04933691851235892
leaf_weight=184.08701661229134 135.05730247497559 320.20272880792618 74.949639290571213 16.679219707846642 219.34155654907227 97.71077972650528 34.260386936366558 43.477708965539932 148.38325975835323 724.89888408780098 8.6333068907260877 60.540735937654972 4.2210117876529685 9.6874893829226476
leaf_count=774 788 4528 319 106 1055 399 361 371 703 3634 40 817 24 130
internal_value=5.05961e-05 -0.0371319 0.0155279 0.0264415 0.0125085 0.0389606 -0.0190696 -0.00835428 0.00938848 0.00716046 0.0334171 -0.040942 -0.0508299 -0.0369337
internal_weight=2082.13 607.447 1474.68 517.819 236.021 281.798 273.336 178.535 956.865 873.282 83.5829 94.8011 334.111 13.9085
internal_count=14049 7019 7030 2334 1161 1173 2337 1159 4696 4337 359 1178 4682 154
cat_boundaries=0 1 2 3 4 5
cat_threshold=13 2 1 1 1
is_linear=0
shrinkage=0.05


Tree=24
num_leaves=15
num_cat=5
split_feature=0 0 0 41 34 34 1 38 1 34 34 34 5 5
split_gain=407.368 64.8129 36.2297 49.2853 70.9078 59.5373 32.4539 24.6786 18.6821 166.29 128.734 13.0849 0.879142 2.44453
threshold=0 1 2 3.0500000000000003 21.700000000000006 23.950000000000003 3 12.614880500000002 4 23.950000000000003 23.950000000000003 25.350000000000005 -0.8142754349318998 -0.92921788351138401
decision_type=1 1 1 2 2 2 1 2 1 2 2 2 2 2
left_child=2 6 3 4 -1 -5 7 -2 9 -4 -10 -8 13 -3
right_child=1 12 8 5 -6 -7 11 -9 10 -11 -12 -13 -14 -15
leaf_value=-0.00083553694307319116 -0.0079566827989465891 -0.052692354004818864 -0.020483449479462734 0.02608883148691922 0.055727125447946363 -0.002282288493426926 -0.046139076130386619 0.071439109543869755 0.021565811383916902 0.064582906259315967 -0.053913897180899797 0.014715766576648345 -0.053738700991686109 -0.031748342715342659
leaf_weight=79.993413969874382 172.52126518636942 42.979220539331436 148.49013361334801 399.72127930819988 179.0691713988781 343.08960680663586 82.618141435086727 9.3745720088481885 146.04683865606785 92.364208027720451 90.754915475845337 9.409344404935835 246.84089030325413 30.610132146626711
leaf_count=357 1135 639 699 1901 766 1671 1101 59 696 477 476 80 3641 410
internal_value=-7.51325e-05 -0.034664 0.0139736 0.0193865 0.0383256 0.0129993 -0.0152476 -0.00349654 0.0024393 0.0122704 -0.00746706 -0.0398257 -0.0502054 -0.0445229
internal_weight=2073.88 594.354 1479.53 1001.87 259.063 742.811 273.923 181.896 477.656 240.854 236.802 92.0275 320.43 73.5894
internal_count=14108 7065 7043 4695 1123 3572 2375 1194 2348 1176 1172 1181 4690 1049
cat_boundaries=0 1 2 3 4 5
cat_threshold=13 2 9 1 1
is_linear=0
shrinkage=0.05


Tree=25
num_leaves=15
num_cat=5
split_feature=0 0 0 1 4 1 9 44 4 42 34 34 43 43
split_gain=378.786 60.4835 36.6143 30.615 43.828 30.3942 25.5004 22.6346 22.1502 26.6011 21.7439 10.348 1.10407 3.21334
threshold=0 1 2 3 -0.51297808981038739 4 24.850000000000005 41.600000000000001 -0.70291267844185523 2.5000000000000004 22.950000000000003 25.950000000000003 36.70000000000001 37.550000000000004
decision_type=1 1 1 1 2 1 2 2 2 2 2 2 2 2
left_child=2 5 3 6 -5 7 -1 -2 10 -10 -4 -7 -3 -14
right_child=1 12 8 4 -6 11 -8 -9 9 -11 -12 -13 13 -15
leaf_value=0.046480571171317188 -0.014774071384150848 -0.052371177996974931 0.063864862271954662 -0.028291828471970749 0.022423030300167214 -0.044328772767077175 0.014942654134870482 0.02533350482767531 0.022986233740720188 -0.0016237014024046992 0.015084252273151785 0.024867180177935058 0.0021523989946706104 -0.048494924900175485
leaf_weight=180.33464746177197 130.76344691216946 293.17144415527582 25.007924109697342 54.259335890412331 185.85367153584957 82.122430577874184 101.14305545389652 47.00791198015213 133.26206983625889 602.18290846049786 199.7578759342432 5.1582395881414405 4.4855302572250357 8.7824566066265088
leaf_count=767 877 4534 106 337 839 1110 413 292 606 3078 889 46 26 128
internal_value=-0.000366754 -0.0345597 0.0129805 0.0236228 0.010893 -0.0154393 0.0352411 -0.00408608 0.00699752 0.00286076 0.0207705 -0.040004 -0.0499897 -0.0324217
internal_weight=2053.29 571.491 1481.8 521.591 240.113 265.052 281.478 177.771 960.211 735.445 224.766 87.2807 306.439 13.268
internal_count=14048 7013 7035 2356 1176 2325 1180 1169 4679 3684 995 1156 4688 154
cat_boundaries=0 1 2 3 4 5
cat_threshold=13 2 1 1 1
is_linear=0
shrinkage=0.05


Tree=26
num_leaves=11
num_cat=3
split_feature=0 0 40 34 34 1 34 34 43 43
split_gain=351.732 65.9131 44.9962 67.12 55.518 38.1902 145.524 88.4707 1.32497 3.56464
threshold=0 1 2.7500000000000004 21.700000000000006 23.950000000000003 2 23.750000000000004 23.950000000000003 36.70000000000001 37.550000000000004
decision_type=1 1 2 2 2 1 2 2 2 2
left_child=8 2 3 -2 -4 6 -3 -7 -1 -10
right_child=1 5 4 -5 -6 7 -8 -9 9 -11
leaf_value=-0.05211668847199441 -0.0048671537358403929 -0.020964534958745035 0.023494780941015911 0.052407906016884345 -0.0037323555528819166 0.0059126465101401937 0.037421590011122351 -0.047446472627217948 0.0065106678182440918 -0.047956396237507831
leaf_weight=279.92653913795948 71.994461476802826 220.22570776939392 410.50526715815067 174.34430113434792 343.0855700224638 192.51126879826188 205.25057697296143 129.0184708610177 4.1457891166210166 8.1663025319576246
leaf_count=4529 319 1210 1946 738 1671 1386 1159 960 24 124
internal_value=0.0001111 0.00868843 0.017032 0.0357168 0.0111106 -0.00256518 0.00722275 -0.0155792 -0.0496211 -0.0305046
internal_weight=2039.17 1746.94 999.93 246.339 753.591 747.006 425.476 321.53 292.239 12.3121
internal_count=14066 9389 4674 1057 3617 4715 2369 2346 4677 148
cat_boundaries=0 1 2 3
cat_threshold=48 9 1
is_linear=0
shrinkage=0.05


Tree=27
num_leaves=15
num_cat=5
split_feature=0 0 1 0 1 33 40 21 4 44 39 5 43 43
split_gain=331.693 53.7279 27.3251 26.9328 32.5708 36.474 26.2059 20.0714 16.4141 21.3393 20.6325 10.3843 2.13541 3.98217
threshold=0 1 2 3 4 36.95000000000001 92.750000000000014 24.650000000000002 -0.95244167294248061 31.150000000000002 25.250000000000004 -0.6391983530350368 36.70000000000001 37.550000000000004
decision_type=1 1 1 1 1 2 2 2 2 2 2 2 2 2
left_child=3 2 6 4 7 -6 -2 -1 10 -10 -5 -4 -3 -14
right_child=1 12 11 8 5 -7 -8 -9 9 -11 -12 -13 13 -15
leaf_value=0.041576292883139881 -0.014369669889435678 -0.051871921109857166 -0.01580192134520542 0.035616517691395837 0.0022163831861124555 0.074641240874968415 0.034117434056827801 0.011331676262657058 0.022895783010272178 0.001246133315336055 -0.037615716234743371 -0.052921004397015428 0.0086153503529475053 -0.047299815279852067
leaf_weight=197.17393292486668 146.73988758772612 267.79427557066083 30.629083506762981 79.179262533783913 222.05463302135468 17.86720322072506 33.362636402249336 77.158529564738274 133.66423553228378 736.22024808824062 10.103039801120756 53.194378297775984 4.6780834048986417 7.4523062445223331
leaf_count=846 1003 4534 357 331 1096 73 175 314 619 3663 49 811 27 118
internal_value=-0.000567096 -0.0335445 -0.0157076 0.0117673 0.0209949 0.00789736 -0.00524901 0.0331418 0.00663801 0.00459523 0.0270048 -0.0397039 -0.0491321 -0.0267223
internal_weight=2017.27 543.851 263.926 1473.42 514.254 239.922 180.103 274.332 959.167 869.884 89.2823 83.8235 279.925 12.1304
internal_count=14016 7025 2346 6991 2329 1169 1178 1160 4662 4282 380 1168 4679 145
cat_boundaries=0 1 2 3 4 5
cat_threshold=13 2 1 1 1
is_linear=0
shrinkage=0.05


Tree=28
num_leaves=15
num_cat=4
split_feature=0 0 19 44 5 34 31 34 1 32 5 1 43 43
split_gain=309.144 54.4451 27.9453 46.1177 67.1523 52.6739 27.9869 25.4739 24.9983 21.5292 11.697 4.3578 1.28353 2.81875
threshold=0 1 29.197916500000002 41.600000000000001 0.18281312110578127 23.950000000000003 39.050000000000004 25.250000000000004 2 27.838690500000002 -0.6391983530350368 3 36.70000000000001 37.550000000000004
decision_type=1 1 2 2 2 2 2 2 1 2 2 1 2 2
left_child=2 8 3 5 -5 -1 7 -4 9 -2 -10 -8 -3 -14
right_child=1 12 6 4 -6 -7 11 -9 10 -11 -12 -13 13 -15
leaf_value=0.020610636707681224 0.0050808751218895803 -0.051631385789155708 -0.0083401759939991868 0.005860204527518926 -0.047362649329532859 -0.0063140904300960773 0.072475202036939954 0.035760250564228199 -0.013468266235778861 -0.035022406501814395 -0.052712801600030425 0.041725338309472733 0.0015331074323030561 -0.047105424248861875
leaf_weight=741.76389408111572 133.91156783699989 255.87571097165346 58.116732224822044 222.55918480455875 79.68968853354454 239.92954531311989 28.830157026648521 73.091172158718109 31.283272430300713 43.53294276446104 51.016183819621801 29.23520615696907 4.5225645899772626 7.3924935683608055
leaf_count=3441 787 4535 264 1130 372 1206 120 327 368 384 810 126 26 122
internal_value=-0.000421935 -0.0328681 0.0113568 0.0087755 -0.00828222 0.0140304 0.0293262 0.0163112 -0.0149621 -0.0048989 -0.0381361 0.0579616 -0.0489604 -0.0299546
internal_weight=2000.75 527.535 1473.22 1283.94 302.249 981.693 189.273 131.208 259.744 177.445 82.2995 58.0654 267.791 11.9151
internal_count=14018 7032 6986 6149 1502 4647 837 591 2349 1171 1178 246 4683 148
cat_boundaries=0 1 2 3 4
cat_threshold=13 2 1 1
is_linear=0
shrinkage=0.05


Tree=29
num_leaves=14
num_cat=3
split_feature=0 0 34 37 34 1 37 43 36 4 43 43 5
split_gain=289.863 52.8764 27.7262 39.7608 39.067 24.9372 20.7323 11.4801 9.48155 6.2969 2.15085 4.51661 0.0151824
threshold=0 1 25.950000000000003 25.500000000000004 24.550000000000004 2 66.500000000000014 49.000000000000007 89.500000000000014 0.84313847884979054 36.70000000000001 37.550000000000004 -0.87810534180523914
decision_type=1 1 2 2 2 1 2 2 2 2 2 2 2
left_child=2 5 3 -1 -5 6 -2 -7 9 -4 12 -12 -3
right_child=1 10 8 4 -6 7 -8 -9 -10 -11 11 -13 -14
leaf_value=-0.065430704798458514 -0.011614865653208 -0.044377030246277552 -0.031971724864857658 0.01423167599236113 -0.0082877897534403017 -0.04130613050149029 0.036865882965590478 0.07382505739840918 0.056814241814930735 0.029550256211067195 0.012796038494270323 -0.047185753011286635 -0.052779390412367434
leaf_weight=16.461234733462334 152.72975692898035 45.563056942075491 4.7020028680563 1167.7115396112204 229.90100580453873 77.049638733267784 24.757811069488525 1.3435516208410252 42.00706572830677 15.077966660261152 4.3605449646711332 7.6881116069853306 200.47471514716744
leaf_count=78 1046 847 22 5482 1150 1152 128 13 185 65 25 132 3716
internal_value=-0.000309169 -0.0322464 0.0109713 0.00959424 0.010524 -0.0145641 -0.00468361 -0.0384279 0.0435794 0.0140907 -0.0484655 -0.0261607 -0.0514093
internal_weight=1989.83 513.967 1475.86 1414.07 1397.61 255.881 177.488 78.3932 61.787 19.78 258.086 12.0487 246.038
internal_count=14041 7059 6982 6710 6632 2339 1174 1165 272 87 4720 157 4563
cat_boundaries=0 1 2 3
cat_threshold=13 2 1
is_linear=0
shrinkage=0.05


Tree=30
num_leaves=12
num_cat=3
split_feature=0 0 40 34 34 1 34 34 43 23 43
split_gain=277.575 54.6133 37.3919 57.502 47.8849 22.5549 122.725 82.3332 0.780687 2.60208 0.189071
threshold=0 1 2.7500000000000004 21.700000000000006 23.950000000000003 2 23.750000000000004 23.950000000000003 36.70000000000001 99.500000000000014 37.550000000000004
decision_type=1 1 2 2 2 1 2 2 2 2 2
left_child=8 2 3 -2 -4 6 -3 -7 -1 10 -10
right_child=1 5 4 -5 -6 7 -8 -9 9 -11 -12
leaf_value=-0.051386329435628299 -0.0063505233139423654 -0.021955291734268027 0.020746015998602083 0.04675542810761573 -0.0044535610008489485 0.0071201816584035398 0.032144440188394845 -0.045226209350285193 -0.017363292103374017 0.01917844414356927 -0.046273781467594435
leaf_weight=233.95935281738639 71.098534926772118 215.26534137129784 411.50391867756844 177.13107322156429 346.63889865577221 190.80320658162236 202.4666555300355 122.65289738401771 2.4711282700300181 1.5645694136619575 6.7084840200841427
leaf_count=4542 316 1190 1930 745 1688 1384 1125 952 14 9 120
internal_value=2.16954e-06 0.00711773 0.0146262 0.0315802 0.00923355 -0.0032802 0.00427995 -0.0134412 -0.0486559 -0.0313165 -0.0409614
internal_weight=1982.26 1737.56 1006.37 248.23 758.143 731.188 417.732 313.456 244.704 10.7442 9.17961
internal_count=14015 9330 4679 1061 3618 4651 2315 2336 4685 143 134
cat_boundaries=0 1 2 3
cat_threshold=48 9 1
is_linear=0
shrinkage=0.05


Tree=31
num_leaves=11
num_cat=3
split_feature=0 0 40 34 34 1 34 34 43 43
split_gain=253.669 48.5227 36.8867 46.8591 41.7485 23.715 118.7 68.4682 0.813694 1.95171
threshold=0 1 2.8500000000000001 22.650000000000002 23.950000000000003 2 23.750000000000004 23.950000000000003 36.70000000000001 37.550000000000004
decision_type=1 1 2 2 2 1 2 2 2 2
left_child=8 2 3 -2 -4 6 -3 -7 -1 -10
right_child=1 5 4 -5 -6 7 -8 -9 9 -11
leaf_value=-0.051175389269809558 0.0086869833926978644 -0.021914547888607343 0.018403935797801457 0.051865436138688804 -0.0052109092296020385 0.0040261540276051539 0.030821086193010657 -0.044505296112214786 -0.0021738596887086546 -0.045915983524653571
leaf_weight=223.88105097413063 129.72139216959476 218.1775629222393 408.37499839067459 121.75463712215424 344.14317220449448 190.67192373052239 206.95477110147476 116.28787014260888 4.0344070345163328 6.4509430900216103
leaf_count=4550 565 1221 1914 508 1679 1388 1133 934 23 120
internal_value=-0.000743388 0.00595041 0.0130423 0.0297149 0.00761176 -0.00382458 0.00376929 -0.0144442 -0.0483417 -0.0307402
internal_weight=1970.45 1736.09 1003.99 251.476 752.518 732.092 425.132 306.96 234.366 10.4854
internal_count=14035 9342 4666 1073 3593 4676 2354 2322 4693 143
cat_boundaries=0 1 2 3
cat_threshold=48 9 1
is_linear=0
shrinkage=0.05


Tree=32
num_leaves=11
num_cat=3
split_feature=0 0 34 34 20 1 4 34 43 43
split_gain=243.392 49.3216 26.8125 65.2562 29.7155 18.5103 19.6127 14.5949 1.29543 2.35048
threshold=0 1 25.150000000000002 24.550000000000004 33.250000000000007 2 0.19337368024598431 25.350000000000005 36.70000000000001 37.550000000000004
decision_type=1 1 2 2 2 1 2 2 2 2
left_child=8 5 3 -3 -4 6 -2 -7 -1 -10
right_child=1 2 4 -5 -6 7 -8 -9 9 -11
leaf_value=-0.05097062460120079 0.0081935484182194228 0.011402794414390724 -0.041891981095631477 -0.023739659854925942 0.037871435420373467 -0.043071915426205282 -0.025364675355427798 0.024922722943729901 -0.00092226649599130232 -0.045977737164001803
leaf_weight=214.41325495764613 104.95123000442982 1197.5265674591064 12.040904045104979 147.51948314905167 125.60839310288429 65.994724784046412 72.992933481931686 8.2883851602673513 4.7244899123907071 6.6482009813189507
leaf_count=4562 593 5602 63 764 570 1088 582 84 27 129
internal_value=-0.000311046 0.00614374 0.00963334 0.00753373 0.0306423 -0.0139149 -0.0056369 -0.0352549 -0.0478773 -0.0288479
internal_weight=1960.71 1734.92 1482.7 1345.05 137.649 252.227 177.944 74.2831 225.786 11.3727
internal_count=14064 9346 6999 6366 633 2347 1175 1172 4718 156
cat_boundaries=0 1 2 3
cat_threshold=48 2 1
is_linear=0
shrinkage=0.05


Tree=33
num_leaves=11
num_cat=2
split_feature=0 0 34 36 42 4 32 34 43 43
split_gain=219.767 43.8918 32.1752 83.0206 64.4518 20.3011 32.28 19.2607 2.46396 3.62927
threshold=0 1 21.050000000000004 97.500000000000014 3.5000000000000004 0.49812943072827087 26.606547500000005 25.250000000000004 36.70000000000001 37.550000000000004
decision_type=1 1 2 2 2 2 2 2 2 2
left_child=8 2 3 -2 -4 6 -3 -7 -1 -10
right_child=1 5 4 -5 -6 7 -8 -9 9 -11
leaf_value=-0.050751854861291315 -0.059140356627846793 -0.016392609023429566 0.044982176363503795 0.036189744313088669 0.0090221099178955551 -0.022235281040907221 0.01121300855164583 0.011977301225875973 0.010051708672948776 -0.045318761689415829
leaf_weight=203.33523249998689 49.676735520362854 158.13881067931652 147.77117285132408 40.67080894112587 772.56587709486485 205.83401388674974 315.56024885550141 50.668363526463509 4.5519128590822202 6.1016357354819775
leaf_count=4532 224 973 620 181 3658 1427 1972 317 26 124
internal_value=-0.000763562 0.00521894 0.0119237 -0.0163002 0.0148385 -0.00410047 0.00198208 -0.0154568 -0.0472753 -0.0228283
internal_weight=1954.87 1740.89 1010.68 90.3475 920.337 730.201 473.699 256.502 213.989 10.6535
internal_count=14054 9372 4683 405 4278 4689 2945 1744 4682 150
cat_boundaries=0 1 2
cat_threshold=48 9
is_linear=0
shrinkage=0.05


Tree=34
num_leaves=13
num_cat=4
split_feature=0 0 1 4 37 1 32 5 43 43 5 36
split_gain=211.529 39.7199 24.04 61.2832 51.5694 20.2564 20.0975 14.4387 2.38699 3.17526 0.368694 4.3008
threshold=0 1 2 -0.039770090859911449 63.500000000000007 3 26.340773500000001 -0.6391983530350368 36.70000000000001 37.550000000000004 -0.87810534180523914 99.500000000000014
decision_type=1 1 1 2 2 1 2 2 2 2 2 2
left_child=8 5 3 -3 -4 6 -2 -7 10 -10 11 -1
right_child=1 2 4 -5 -6 7 -8 -9 9 -11 -12 -13
leaf_value=-0.050492567782416425 -0.048327610923983758 0.031404140536115489 0.0091625251968281401 0.0027960632085269358 -0.023881031300382553 -0.0061861254695990972 0.0027653362320864913 -0.0520504593410566 0.0073594362646235206 -0.044768026916097825 -0.052024175328089707 -0.0079099546508996955
leaf_weight=27.046310111880302 20.961617201566696 329.97061955928802 587.86498728394508 431.44429713487625 146.69789806008339 27.889872193336487 155.01952256262302 44.883851196616888 4.7506615072488767 5.6897289901971817 158.38962788134813 8.0483288764953596
leaf_count=630 134 1517 2787 1970 767 369 1041 817 27 120 3699 186
internal_value=0.000121777 0.00585192 0.00893928 0.0152187 0.00253998 -0.0123074 -0.00355917 -0.0347955 -0.0467 -0.0224786 -0.0502859 -0.0412167
internal_weight=1948.66 1744.73 1495.98 761.415 734.563 248.755 175.981 72.7737 203.925 10.4404 193.484 35.0946
internal_count=14064 9402 7041 3487 3554 2361 1175 1186 4662 147 4515 816
cat_boundaries=0 1 2 3 4
cat_threshold=48 2 1 1
is_linear=0
shrinkage=0.05


Tree=35
num_leaves=12
num_cat=2
split_feature=0 0 6 34 43 40 34 39 5 4 36
split_gain=194.988 38.398 26.2849 27.03 26.6646 18.6985 34.281 10.9735 1.71227 8.97274 12.5671
threshold=0 1 2.5000000000000004 20.950000000000003 0.8500000000000002 67.450000000000003 23.550000000000004 29.150000000000002 -0.82413948779581736 0.37446826358596375 99.500000000000014
decision_type=1 1 2 2 2 2 2 2 2 2 2
left_child=8 5 3 -3 -4 7 -7 -2 9 -1 -11
right_child=1 2 4 -5 -6 6 -8 -9 -10 10 -12
leaf_value=-0.050770256637636339 -0.025915838463506542 -0.046680420279428751 0.029654099789211064 0.0003538658813839982 0.0082825323717966963 -0.04962598525654463 0.021449535548128167 0.067589104618842086 -0.051925335897234859 -0.0328575921064196 0.071412089397763931
leaf_weight=33.732050500810146 153.45807177945971 32.89285846054554 170.92661322653294 309.20347939431667 977.72871571779251 21.362925082445145 69.347529400140047 2.2717560008168212 150.48187133669853 8.044364318251608 3.2465821281075469
leaf_count=813 1584 156 737 1425 4691 193 547 27 3668 155 38
internal_value=-0.000658499 0.00477618 0.00781242 -0.0042914 0.0114858 -0.0131395 0.00435217 -0.0241293 -0.0465995 -0.0381825 0.000494776
internal_weight=1932.7 1737.19 1490.75 342.096 1148.66 246.44 90.7105 155.73 195.505 45.023 11.2909
internal_count=14034 9360 7009 1581 5428 2351 740 1611 4674 1006 193
cat_boundaries=0 1 2
cat_threshold=48 2
is_linear=0
shrinkage=0.05


Tree=36
num_leaves=14
num_cat=5
split_feature=0 0 1 4 4 39 6 1 43 1 43 5 36
split_gain=190.276 39.5183 33.0359 33.6238 23.0215 22.1291 25.6577 10.5071 2.39867 3.46458 6.12456 0.4345 4.47899
threshold=0 1 2 -0.94139628442229051 0.074116354202380164 29.150000000000002 2.5000000000000004 3 36.70000000000001 4 37.550000000000004 -0.87810534180523914 99.500000000000014
decision_type=1 1 1 2 2 2 2 1 2 1 2 2 2
left_child=8 2 4 -4 -2 6 -3 -7 11 10 -10 12 -1
right_child=1 5 3 -5 -6 7 -8 -9 9 -11 -12 -13 -14
leaf_value=-0.050171391963765959 0.046256899097579657 -0.013833389461433938 -0.059442469670398845 0.0095103123459943789 0.016734739883745665 0.096754591808967338 0.0038542856295333814 0.010006038641440482 0.053340519071913131 -0.04802794131697713 -0.0385405231339081 -0.051761265645783844 -0.0059640087408592817
leaf_weight=25.52644083276391 116.29604469239712 260.13908762857318 18.17554098367691 226.29543069005013 155.41415601968765 7.7215481102466565 953.21709127351642 6.2451112158596516 2.5017482042312604 4.9491913840174675 2.7811923213303089 143.36401418969035 7.6832344494760028
leaf_count=651 549 1539 113 1062 634 38 5410 36 14 77 64 3679 184
internal_value=0.000490367 0.00572631 0.0171954 0.00416265 0.029494 0.000792791 5.38446e-05 0.0612257 -0.0460037 -0.0217832 0.00653451 -0.0498673 -0.0404171
internal_weight=1930.31 1743.5 516.181 244.471 271.71 1227.32 1213.36 13.9667 186.806 10.2321 5.28294 176.574 33.2097
internal_count=14050 9381 2358 1175 1183 7023 6949 74 4669 155 78 4514 835
cat_boundaries=0 1 2 3 4 5
cat_threshold=48 1 1 1 1
is_linear=0
shrinkage=0.05


Tree=37
num_leaves=12
num_cat=2
split_feature=0 0 43 43 43 40 39 39 5 4 36
split_gain=172.747 36.8722 22.8778 36.7518 24.5461 20.0416 29.7364 26.8308 1.70184 8.60265 9.79489
threshold=0 1 28.350000000000005 31.200000000000006 18.950000000000003 66.850000000000009 21.450000000000003 17.350000000000005 -0.8142754349318998 0.37446826358596375 99.500000000000014
decision_type=1 1 2 2 2 2 2 2 2 2 2
left_child=8 2 4 -4 -2 7 -7 -3 9 -1 -11
right_child=1 5 3 -5 -6 6 -8 -9 -10 10 -12
leaf_value=-0.050505663472402089 0.014020811134452497 0.012047457565816553 -0.071562845244976289 0.010747859749460183 0.04362434748483366 -0.0031294260849229166 0.024329586990377638 -0.0096985954359335574 -0.051639824044071074 -0.028438863268977106 0.064474692608792128
leaf_weight=32.16500199586153 349.79773139953613 181.08319862186909 17.405238524079323 50.784876197576523 87.197694718837738 228.16441923379898 172.35865310579538 641.90064840763807 135.5330378934741 8.3035285323858243 3.080602351576089
leaf_count=844 1559 1001 87 241 429 1272 965 3778 3640 163 37
internal_value=-0.000661456 0.00429069 0.0155089 -0.0109922 0.020014 -0.000438234 0.00871828 -0.00490494 -0.045912 -0.0376328 -0.000120008
internal_weight=1907.77 1728.69 505.186 68.1901 436.995 1223.51 400.523 822.984 179.082 43.5491 11.3841
internal_count=14016 9332 2316 328 1988 7016 2237 4779 4684 1044 200
cat_boundaries=0 1 2
cat_threshold=48 1
is_linear=0
shrinkage=0.05


Tree=38
num_leaves=13
num_cat=2
split_feature=0 34 34 5 39 34 1 36 43 43 5 5
split_gain=165.155 32.0369 33.1493 30.5905 44.516 34.8053 10.981 4.14646 2.42967 2.97019 0.230738 3.92983
threshold=0 20.250000000000004 19.200000000000003 0.8511460603353429 18.650000000000002 21.050000000000004 1 99.500000000000014 36.70000000000001 37.550000000000004 -0.88620506325989179 -0.92921788351138401
decision_type=1 2 2 2 2 2 1 2 2 2 2 2
left_child=8 2 6 5 -5 -3 -2 -4 10 -10 11 -1
right_child=1 3 7 4 -6 -7 -8 -9 9 -11 -12 -13
leaf_value=-0.049802099042578138 -0.017141917681544803 -0.042217696184695674 -0.070581385107796088 0.041063840560937939 -0.0034662455376728292 0.0041843885348011025 0.051456797910487274 -0.026181854364691937 0.0074810973536503554 -0.04383290459266212 -0.051528371885154883 -0.0050947595196856139
leaf_weight=23.04380235075951 11.312788307666779 40.60391366481781 27.300428569316864 133.31654082983732 96.158460434526205 1414.2735872790217 10.284954749047756 8.4771802723407728 4.6836483031511289 5.2460611574351788 132.79586470127106 6.4863533787429324
leaf_count=636 57 222 157 684 512 7671 55 44 26 131 3745 168
internal_value=-0.000466165 0.00426103 -0.0321367 0.00554448 0.02247 0.00286125 0.0163566 -0.0610593 -0.0456254 -0.0211591 -0.0497769 -0.0404706
internal_weight=1913.98 1741.73 57.3754 1684.35 229.475 1454.88 21.5977 35.7776 172.256 9.92971 162.326 29.5302
internal_count=14108 9402 313 9089 1196 7893 112 201 4706 157 4549 804
cat_boundaries=0 1 2
cat_threshold=48 1
is_linear=0
shrinkage=0.05


Tree=39
num_leaves=15
num_cat=1
split_feature=1 4 42 34 34 44 37 43 4 32 5 34 34 2
split_gain=21.5387 50.8824 86.4879 61.7192 49.9434 48.0074 40.1653 35.2852 35.3773 28.3861 25.125 19.7168 18.5794 24.0583
threshold=0 0.074116354202380164 4.5000000000000009 20.350000000000005 24.150000000000002 48.800000000000004 63.500000000000007 19.050000000000004 -0.013976118469459398 26.455654500000005 0.99349222267034765 24.950000000000003 23.750000000000004 7.5000000000000009
decision_type=1 2 2 2 2 2 2 2 2 2 2 2 2 2
left_child=1 4 3 -3 9 -6 7 10 -9 -1 -2 -4 13 -8
right_child=6 2 11 -5 5 -7 12 8 -10 -11 -12 -13 -14 -15
leaf_value=-0.010265189825860046 -0.0097850473275689059 -0.067937223700731006 -0.030650094548427945 0.02648055766104776 0.062780603131541921 -0.028048270417391274 0.097647949434817111 -0.0041711816167506726 0.04226675351129202 0.017814325046843597 0.040353439622042117 -0.0027594705554236515 -0.042024626015587228 -0.016227492006541826
leaf_weight=140.34195363521576 507.48053887672722 18.040466830134392 230.38173788040876 193.79440023750067 82.796913918107748 16.996974177658558 3.9540280550718299 81.236321218311787 81.494971007108688 247.36523764207959 25.301286559551954 87.556036196649075 98.918679568916559 73.372516214847565
leaf_count=956 3981 138 1645 1321 548 115 30 660 637 1635 187 642 886 610
internal_value=-0.000758981 0.00418165 -0.00654053 0.0181582 0.0158231 0.0471858 -0.00652249 -0.00110606 0.0192008 0.00764986 -0.00733288 -0.0230021 -0.0277704 -0.00923223
internal_weight=1889.03 1017.27 529.773 211.835 487.501 99.7939 871.758 695.513 162.731 387.707 532.782 317.938 176.245 77.3265
internal_count=13991 7000 3746 1459 3254 663 6991 5465 1297 2591 4168 2287 1526 640
cat_boundaries=0 1
cat_threshold=1
is_linear=0
shrinkage=0.05


Tree=40
num_leaves=12
num_cat=3
split_feature=0 0 6 34 44 1 32 5 5 4 36
split_gain=156.279 33.9785 21.9227 26.5744 22.5233 17.8592 18.0658 13.2123 1.64389 8.30228 12.126
threshold=0 1 2.5000000000000004 20.950000000000003 48.800000000000004 2 27.838690500000002 -0.6391983530350368 -0.82413948779581736 0.37446826358596375 99.500000000000014
decision_type=1 1 2 2 2 1 2 2 2 2 2
left_child=8 5 3 -3 -4 6 -2 -7 9 -1 -11
right_child=1 2 4 -5 -6 7 -8 -9 -10 10 -12
leaf_value=-0.050150926240828203 0.0043036922288382986 -0.047415869838250045 0.011905190802787707 0.00047889774896172168 -0.02256315615839273 -0.0070261611570010167 -0.033310422065063815 -0.051738244106373614 -0.051444438741178336 -0.035186288337416959 0.069646138849397396
leaf_weight=28.69605896063149 134.11759524047375 30.945358529686928 1102.0740857869387 309.91500496864319 48.62258680164814 27.379875365644693 40.822873421013355 42.073551889508963 124.24420469813049 6.7712569870054704 3.2773518636822701
leaf_count=821 797 153 5194 1438 242 366 376 821 3664 147 36
internal_value=-0.000263526 0.00424011 0.00708582 -0.00399526 0.0104304 -0.0126847 -0.00461311 -0.0344618 -0.0454509 -0.0368559 0.00221379
internal_weight=1898.94 1735.95 1491.56 340.86 1150.7 244.394 174.94 69.4534 162.989 38.7447 10.0486
internal_count=14055 9387 7027 1591 5436 2360 1173 1187 4668 1004 183
cat_boundaries=0 1 2 3
cat_threshold=48 2 1
is_linear=0
shrinkage=0.05


Tree=41
num_leaves=12
num_cat=5
split_feature=0 0 1 10 39 4 44 1 5 4 1
split_gain=145.726 27.9237 29.8984 30.288 25.1507 22.1404 21.946 10.168 1.9941 8.41142 12.9294
threshold=0 1 2 81.520833500000023 29.150000000000002 0.056951373111866661 45.20000000000001 3 -0.8142754349318998 0.37446826358596375 4
decision_type=1 1 1 2 2 2 2 1 2 2 1
left_child=8 2 5 -4 6 -2 -3 -6 9 -1 -11
right_child=1 4 3 -5 7 -7 -8 -9 -10 10 -12
leaf_value=-0.049997600552436613 0.042658265984591881 0.0015210613049788586 0.017950756994958513 -0.016908398963277498 0.10029030773664854 0.013292526903258165 -0.019816010332092866 0.013026333143531965 -0.051297988964161635 0.051092942599953645 -0.048335714747070636
leaf_weight=27.654970768839121 110.39072468876839 1072.2710711471736 130.9775198251009 117.05585174262524 7.5690018534660322 154.76087139546871 134.7557569630444 6.0239731594920158 117.31269071623683 5.5038298070430738 5.5755033027380705
leaf_count=829 542 6140 555 626 35 635 801 36 3639 102 101
internal_value=-0.000211019 0.00406258 0.0137264 0.00149763 -8.66679e-05 0.0256327 -0.000875499 0.0651604 -0.0448222 -0.0356924 0.00119776
internal_weight=1889.85 1733.8 513.185 248.033 1220.62 265.152 1207.03 13.593 156.047 38.7343 11.0793
internal_count=14041 9370 2358 1181 7012 1177 6941 71 4671 1032 203
cat_boundaries=0 1 2 3 4 5
cat_threshold=48 1 1 1 1
is_linear=0
shrinkage=0.05


Tree=42
num_leaves=11
num_cat=4
split_feature=0 0 22 44 1 4 5 5 4 1
split_gain=138.261 30.1385 19.3866 18.9909 16.8946 19.0972 12.4056 2.03365 7.93894 12.2253
threshold=0 1 55.000000000000007 46.600000000000001 2 0.54940630780725741 -0.6391983530350368 -0.8142754349318998 0.37446826358596375 3
decision_type=1 1 2 2 1 2 2 2 2 1
left_child=7 4 -3 -4 5 -2 -6 8 -1 -10
right_child=1 2 3 -5 6 -7 -8 -9 9 -11
leaf_value=-0.049828056940516285 0.005286898754544328 -0.070031738267477647 0.008689119280925757 -0.011543415190209653 -0.0071638878431901452 -0.031597349116807512 -0.051525862031036089 -0.0511950461495769 0.047522394316687477 -0.048340823567520501
leaf_weight=26.369031133130193 130.89617177098989 7.2282985299825659 1355.8764365166426 125.96236675977707 26.445613369345665 46.844284363090992 39.385542340576649 112.89583018049598 5.706602141261099 5.5975078959017992
leaf_count=828 772 34 6367 623 357 421 802 3674 101 104
internal_value=-0.000285834 0.00381747 0.00649854 0.00696265 -0.0121457 -0.0045565 -0.0340787 -0.0445312 -0.0352689 -1.7488e-05
internal_weight=1883.21 1732.64 1489.07 1481.84 243.572 177.74 65.8312 150.569 37.6731 11.3041
internal_count=14083 9376 7024 6990 2352 1193 1159 4707 1033 205
cat_boundaries=0 1 2 3 4
cat_threshold=48 2 1 1
is_linear=0
shrinkage=0.05


Tree=43
num_leaves=13
num_cat=3
split_feature=0 0 40 34 34 1 34 34 43 43 30 30
split_gain=133.571 25.1162 25.7108 41.2624 34.4601 20.869 98.4797 72.7084 1.74687 1.84903 0.354783 5.6072
threshold=0 1 2.7500000000000004 23.250000000000004 23.950000000000003 2 23.750000000000004 23.950000000000003 36.70000000000001 37.550000000000004 20.350000000000005 21.850000000000005
decision_type=1 1 2 2 2 1 2 2 2 2 2 2
left_child=8 2 3 -2 -4 6 -3 -7 10 -10 -1 -12
right_child=1 5 4 -5 -6 7 -8 -9 9 -11 11 -13
leaf_value=-0.051130378689158588 0.008347284611531022 -0.020469444958908692 0.014118971139702736 0.051707196159825976 -0.0073323609000287898 0.0059868532227751797 0.027671091288412941 -0.044550412084446329 0.0011592650659065817 -0.042192805855467419 0.017463965302925901 -0.048762004755921344
leaf_weight=113.79974573664367 162.52579480409622 209.40635375678539 413.45225521922112 82.213570311665535 340.60868865251541 185.37215736508369 213.59767559915781 114.32233005017042 4.4486555904149991 4.3607863709330559 3.3470537308603552 17.069846086204052
leaf_count=3861 705 1189 1937 343 1654 1391 1150 959 25 127 97 567
internal_value=-0.000145201 0.00382335 0.00892709 0.023064 0.00443254 -0.00325832 0.00384725 -0.0133753 -0.044764 -0.0224141 -0.0493649 -0.0375967
internal_weight=1864.52 1721.5 998.8 244.739 754.061 722.699 423.004 299.694 143.026 8.80944 134.217 20.4169
internal_count=14005 9328 4639 1048 3591 4689 2339 2350 4677 152 4525 664
cat_boundaries=0 1 2 3
cat_threshold=48 9 1
is_linear=0
shrinkage=0.05


Tree=44
num_leaves=14
num_cat=5
split_feature=0 0 1 4 39 44 9 1 43 1 43 5 5
split_gain=122.363 28.5185 24.5623 30.7994 18.7063 20.4941 18.5415 8.1585 1.79389 2.71496 3.96309 0.409507 3.95138
threshold=0 1 2 -0.55657520495441892 29.150000000000002 45.20000000000001 24.850000000000005 3 36.70000000000001 4 37.550000000000004 -0.87810534180523914 -0.92272482904738273
decision_type=1 1 1 2 2 2 2 1 2 1 2 2 2
left_child=8 2 6 -4 5 -3 -2 -6 11 10 -10 12 -1
right_child=1 4 3 -5 7 -7 -8 -9 9 -11 -12 -13 -14
leaf_value=-0.04900434369819863 0.034307227464207925 0.00064538034790156745 -0.031595634844607583 0.011308060948956556 0.0081661036723251947 -0.020116767877784554 0.0065031854707786763 0.080495106397285396 0.043295672535806906 -0.046225229378730449 -0.035291030139518752 -0.050995843535033419 -0.0027720567685313243
leaf_weight=19.182958738878373 162.94113983213902 1073.6721007972956 52.446157187223434 191.51646441221237 6.8249395340681076 132.64476599171758 95.412358626723289 8.9375291317701322 2.3063259273767454 4.1394548080861568 2.1348361074924469 103.42242527380586 6.1561349686235181
leaf_count=661 763 6147 316 848 38 796 400 42 12 76 64 3704 179
internal_value=-0.000499525 0.00323187 0.0131297 0.00199346 -0.000917302 -0.00165237 0.0241036 0.0515331 -0.0440809 -0.0214031 0.0059763 -0.0488126 -0.0383039
internal_weight=1861.74 1724.4 502.316 243.963 1222.08 1206.32 258.353 15.7625 137.342 8.58062 4.44116 128.762 25.3391
internal_count=14046 9350 2327 1164 7023 6943 1163 80 4696 152 76 4544 840
cat_boundaries=0 1 2 3 4 5
cat_threshold=48 1 1 2 1
is_linear=0
shrinkage=0.05


Tree=45
num_leaves=14
num_cat=3
split_feature=0 0 43 43 36 6 42 38 43 1 43 36 30
split_gain=113.325 24.3131 24.3906 28.9724 26.5247 16.8821 19.481 13.3531 2.32269 3.23255 4.14287 0.68908 2.94455
threshold=0 1 28.350000000000005 31.200000000000006 95.500000000000014 2.5000000000000004 2.5000000000000004 14.349107500000001 36.70000000000001 2 37.550000000000004 99.500000000000014 16.750000000000004
decision_type=1 1 2 2 2 2 2 2 2 1 2 2 2
left_child=8 2 4 -4 -2 6 -3 -7 11 10 -10 -1 -13
right_child=1 5 3 -5 -6 7 -8 -9 9 -11 -12 12 -14
leaf_value=-0.050898983610488252 -0.0023474203081922549 0.01136419690740571 -0.070124945423287316 0.0039751933938849959 0.024770684241900546 0.0030118321231428213 -0.019735285142689147 -0.056302904629584163 0.042936705366310196 -0.046462190417631652 -0.035226657959482731 -0.048744341731891017 -0.01262601044561739
leaf_weight=95.667602155357599 126.9884978979826 66.802496124058962 16.813325256109238 50.468200176954269 308.65559387207031 948.69106679037213 196.89007000252604 8.5859456658363325 2.7471310794353467 4.2531510833650827 2.1306324079632759 18.001717420294884 9.2889539301395398
leaf_count=3565 538 387 85 241 1471 5371 1198 60 14 79 66 661 316
internal_value=-0.000354774 0.0031766 0.012308 -0.0152979 0.0168786 -0.000660976 -0.0118435 0.00242163 -0.0431191 -0.0190965 0.00861003 -0.0482131 -0.0373316
internal_weight=1855.98 1723.9 502.926 67.2815 435.644 1220.97 263.693 957.277 132.089 9.13091 4.87776 122.958 27.2907
internal_count=14052 9351 2335 326 2009 7016 1585 5431 4701 159 80 4542 977
cat_boundaries=0 1 2 3
cat_threshold=48 1 1
is_linear=0
shrinkage=0.05


Tree=46
num_leaves=12
num_cat=4
split_feature=0 0 44 21 44 1 32 5 5 4 1
split_gain=112.121 22.2739 19.8566 45.7142 27.9772 17.1661 18.3622 13.7208 2.3805 7.92202 9.6375
threshold=0 1 31.500000000000004 24.450000000000003 32.20000000000001 2 26.340773500000001 -0.6391983530350368 -0.8142754349318998 0.37446826358596375 3
decision_type=1 1 2 2 2 1 2 2 2 2 1
left_child=8 5 3 -3 -4 6 -2 -7 9 -1 -11
right_child=1 2 4 -5 -6 7 -8 -9 -10 10 -12
leaf_value=-0.049211674276460282 -0.046308664636047069 0.028305144955838149 -0.034521546283250271 -0.031701308658359427 0.0050731655310313527 -0.0041258122974338471 0.0036931223740929685 -0.051300293708182704 -0.050808893757769563 0.041508421046073662 -0.046021810157061263
leaf_weight=22.262389054521918 19.85407380014658 206.95365522801876 45.330519989132881 36.597900852560997 1209.1275846064091 25.866890661418438 152.72570028156042 37.839570812880993 93.519721342250705 6.0248062014579755 4.696077473461628
leaf_count=836 137 922 219 178 5753 361 1027 814 3670 107 103
internal_value=0.00043771 0.00385763 0.00611927 0.0191954 0.00361603 -0.0101151 -0.00229287 -0.0325057 -0.0430375 -0.0328202 0.00251217
internal_weight=1860.8 1734.3 1498.01 243.552 1254.46 236.286 172.58 63.7065 126.503 32.9833 10.7209
internal_count=14127 9411 7072 1100 5972 2339 1164 1175 4716 1046 210
cat_boundaries=0 1 2 3 4
cat_threshold=48 2 1 1
is_linear=0
shrinkage=0.05


Tree=47
num_leaves=13
num_cat=1
split_feature=34 4 29 30 34 44 34 37 4 1 38 34
split_gain=20.0103 49.2477 37.5569 26.6561 28.4632 22.5465 32.25 20.5395 17.636 11.1232 6.67933 3.6312
threshold=20.350000000000005 0.21022171450811272 1.5000000000000002 16.050000000000004 25.250000000000004 41.20000000000001 23.450000000000003 42.500000000000007 0.99700008544936913 0 6.7976195000000006 20.250000000000004
decision_type=2 2 2 2 2 2 2 2 2 1 2 2
left_child=1 9 5 4 -4 8 -7 -5 -2 11 -11 -1
right_child=2 -3 3 7 -6 6 -8 -9 -10 10 -12 -13
leaf_value=-0.026505056651123283 0.028791807060341002 -0.06845945278478581 -0.010260071685031947 -0.053923284734045701 0.017346386673386272 -0.02721930986273105 0.03216240988007351 0.0085855949297056981 -0.04893650271776076 0.0007737508694264832 0.054858405534790239 0.016152354938939528
leaf_weight=16.589744377881292 202.56620857864618 34.619099045172334 850.32264231331646 12.512646282091735 103.9571328163147 55.987649112939835 37.194548074156046 494.36594732478261 6.6896321773529044 9.4404411204159278 13.553569121286271 6.1888202354311934
leaf_count=123 1464 295 6614 98 772 421 263 3722 57 71 96 46
internal_value=-0.000113681 -0.0243526 0.0010044 -0.00231824 -0.00723767 0.0170117 -0.00342672 0.00693938 0.026086 0.00975707 0.0336111 -0.0147234
internal_weight=1843.99 80.3917 1763.6 1461.16 954.28 302.438 93.1822 506.879 209.256 45.7726 22.994 22.7786
internal_count=14042 631 13411 11206 7386 2205 684 3820 1521 336 167 169
cat_boundaries=0 1
cat_threshold=1
is_linear=0
shrinkage=0.05


Tree=48
num_leaves=12
num_cat=3
split_feature=0 0 40 34 44 1 32 34 5 4 36
split_gain=100.475 20.2768 18.5908 38.4357 23.618 16.4468 15.6816 13.729 2.43438 7.70947 9.74054
threshold=0 1 2.7500000000000004 23.350000000000005 48.800000000000004 2 27.838690500000002 25.350000000000005 -0.8142754349318998 0.37446826358596375 99.500000000000014
decision_type=1 1 2 2 2 1 2 2 2 2 2
left_child=8 5 3 -3 -4 6 -2 -7 9 -1 -11
right_child=1 2 4 -5 -6 7 -8 -9 -10 10 -12
leaf_value=-0.04903670105108502 0.0050457204214982825 0.0031377240449120426 0.0030760085795351706 0.037778235656766364 -0.034575789409045397 -0.042000759607024173 -0.030287288681571531 0.027515688028464082 -0.050716964166696681 -0.030396296750998655 0.061291476894799524
leaf_weight=21.162119286134843 132.84066758304834 240.86102053523064 1086.2813699021935 119.11192248761654 42.310694739222527 53.883562777191401 40.043981969356537 7.45646784082055 89.143942788243294 7.1143720261752588 3.5065264813601971
leaf_count=833 789 1069 5233 505 229 1084 378 85 3673 167 35
internal_value=-0.000610272 0.00259734 0.00476371 0.0146729 0.00163509 -0.0107667 -0.00326532 -0.0332445 -0.0426677 -0.0322482 0.00254411
internal_weight=1843.72 1722.79 1488.57 359.973 1128.59 234.225 172.885 61.34 120.927 31.783 10.6209
internal_count=14080 9372 7036 1574 5462 2336 1167 1169 4708 1035 202
cat_boundaries=0 1 2 3
cat_threshold=48 2 1
is_linear=0
shrinkage=0.05


Tree=49
num_leaves=13
num_cat=2
split_feature=0 0 5 33 34 5 43 44 43 43 5 5
split_gain=100.088 22.1704 23.9542 41.9233 29.6768 16.2617 38.4649 28.877 1.60051 1.18717 0.177405 2.82787
threshold=0 1 -0.86974577485258975 33.95000000000001 21.050000000000004 -0.90161545992537195 18.650000000000002 45.20000000000001 36.70000000000001 37.550000000000004 -0.87810534180523914 -0.90892157495189674
decision_type=1 1 2 2 2 2 2 2 2 2 2 2
left_child=8 2 3 -2 -4 6 -3 -7 10 -10 11 -1
right_child=1 5 4 -5 -6 7 -8 -9 9 -11 -12 -13
leaf_value=-0.046040045673921726 -0.017110717895017714 -0.019200193731001767 -0.015352084297013275 0.060323667337432232 0.014726769217773331 -0.0034076295578368606 0.038926792191109512 -0.040763379625192234 -0.0034353376708346527 -0.040061282902468187 -0.050627884876522339 0.0011391085756467991
leaf_weight=18.075941426679496 159.5306189507246 49.756932269781828 91.302782252430916 18.631170019507408 745.70141363143921 544.56445599719882 64.072239588946104 56.196181911975145 4.7665718495845777 3.4943823963403702 85.003145389258862 3.7535399403423062
leaf_count=729 785 341 416 87 3438 3552 391 378 27 124 3674 120
internal_value=-2.27819e-05 0.00309337 0.00781247 -0.00872156 0.0114313 -0.0036275 0.0135724 -0.00696388 -0.0430384 -0.021581 -0.0484733 -0.0382331
internal_weight=1844.85 1729.76 1015.17 178.162 837.004 714.59 113.829 600.761 115.094 8.26095 106.833 21.8295
internal_count=14062 9388 4726 872 3854 4662 732 3930 4674 151 4523 849
cat_boundaries=0 1 2
cat_threshold=48 9
is_linear=0
shrinkage=0.05


Tree=50
num_leaves=13
num_cat=3
split_feature=0 0 1 33 2 30 26 5 5 36 39 43
split_gain=89.9515 20.8564 23.6271 29.0347 19.8746 16.3948 19.7731 18.148 2.1336 4.44377 7.44055 1.79531
threshold=0 1 2 36.95000000000001 7.5000000000000009 16.050000000000004 16.150000000000002 -0.82413948779581736 -0.8142754349318998 99.500000000000014 23.050000000000004 36.70000000000001
decision_type=1 1 1 2 2 2 2 2 2 2 2 2
left_child=8 2 4 -4 -2 7 -7 -3 9 11 -11 -1
right_child=1 5 3 -5 -6 6 -8 -9 -10 10 -12 -13
leaf_value=-0.048717538382214799 0.012519089442765663 -0.021910968249906786 -0.0046640959435783969 0.06043506447631989 0.042692253529621027 -0.010502846058197467 0.015977248051339783 -0.0016698000449530315 -0.050529764087023338 -0.027052093713763943 0.069286229052044263 -0.0038322148213070085
leaf_weight=18.945765677839525 183.8818750679493 129.13951088488102 232.54713812470436 17.483566239476204 77.463711872696877 98.790756445378065 240.28734330646694 744.21900505572557 80.008412314578891 6.1431762371212235 1.7858901172876356 2.7098352238535872
leaf_count=793 776 804 1109 79 416 550 1342 4301 3633 192 25 34
internal_value=-0.000368615 0.00253819 0.0108966 0.000110621 0.0215912 -0.00105345 0.00825405 -0.00468441 -0.0421208 -0.0322429 -2.39725e-05 -0.043518
internal_weight=1833.41 1723.81 511.376 250.031 261.346 1212.44 339.078 873.359 109.593 29.5847 7.92907 21.6556
internal_count=14054 9377 2380 1188 1192 6997 1892 5105 4677 1044 217 827
cat_boundaries=0 1 2 3
cat_threshold=48 1 1
is_linear=0
shrinkage=0.05


Tree=51
num_leaves=11
num_cat=2
split_feature=0 0 22 40 4 32 38 5 4 36
split_gain=84.4003 20.1386 16.8868 17.7727 14.3812 18.72 14.0951 2.71883 7.82197 9.76596
threshold=0 1 55.000000000000007 3.1500000000000008 0.78325454425165997 26.340773500000001 12.614880500000002 -0.8142754349318998 0.37446826358596375 99.500000000000014
decision_type=1 1 2 2 2 2 2 2 2 2
left_child=7 4 -3 -4 5 -2 -6 8 -1 -10
right_child=1 2 3 -5 6 -7 -8 -9 9 -11
leaf_value=-0.048582812361778804 -0.045086649158994241 -0.068598290080489732 0.014530955736842863 0.0020005527734767046 -0.047786737554031199 0.00087161596850354793 0.036924556056932283 -0.050446444585862095 -0.029164685535588677 0.064296476567594796
leaf_weight=18.671741617843512 24.561970002949238 6.7926301509141913 379.8887507468462 1102.5639400929213 37.120969835668802 166.09874251671135 4.8876617252826682 76.481574097648263 6.7355615124106389 3.3829586915671825
leaf_count=836 260 33 1665 5345 508 1532 53 3639 168 34
internal_value=-0.000115664 0.00265259 0.00480445 0.00521919 -0.0107159 -0.00525333 -0.0373013 -0.0413529 -0.0301946 0.00505495
internal_weight=1827.19 1721.91 1489.25 1482.45 232.669 190.661 42.0086 105.272 28.7903 10.1185
internal_count=14073 9396 7043 7010 2353 1792 561 4677 1038 202
cat_boundaries=0 1 2
cat_threshold=48 2
is_linear=0
shrinkage=0.05


Tree=52
num_leaves=11
num_cat=3
split_feature=0 34 4 42 6 1 38 5 4 1
split_gain=80.0432 22.6992 41.9055 26.1469 30.222 22.1085 6.32323 2.17835 6.33609 8.14938
threshold=0 20.350000000000005 0.21022171450811272 2.5000000000000004 2.5000000000000004 1 6.0776785000000002 -0.8142754349318998 0.37446826358596375 2
decision_type=1 2 2 2 2 1 2 2 2 1
left_child=7 2 6 5 -5 -3 -2 8 -1 -10
right_child=1 3 -4 4 -6 -7 -8 -9 9 -11
leaf_value=-0.048424030930727779 -0.029317848420011023 0.038537645279855703 -0.068312541641821975 -0.013654913292285787 0.0046170203415010448 0.0027198278065914353 0.017137239004131943 -0.050366027191964237 0.037287532917549208 -0.045648796150867962
leaf_weight=17.915843864902858 8.313942186534403 90.620660252869129 30.840260613709688 278.59204181656241 1186.4985850136727 81.630003064870834 33.871852695941925 73.56664440408349 5.703292962163685 4.307021951302886
leaf_count=841 45 445 193 1571 6477 437 179 3677 99 97
internal_value=-0.000603455 0.0020739 -0.0249986 0.00330852 0.00113561 0.0216772 0.00751503 -0.0414597 -0.0314003 0.000698444
internal_weight=1811.86 1710.37 73.0261 1637.34 1465.09 172.251 42.1858 101.493 27.9262 10.0103
internal_count=14061 9347 417 8930 8048 882 224 4714 1037 196
cat_boundaries=0 1 2 3
cat_threshold=48 1 1
is_linear=0
shrinkage=0.05


end of trees

feature_importances:
age_group=122
rain_max_daily_7d=93
gender=82
temperature_min_7d=81
day_of_year_sin=66
day_of_year_cos=48
wind_gust_max_7d=21
temperature_mean_7d=20
precipitation_sum_7d=16
wind_speed_max_7d=15
temperature_max_7d=14
humidity_max_7d=13
humidity_min_7d=11
month=10
rain_days_7d=9
rain_max_daily_3d=7
wind_speed_mean_7d=7
temperature_mean_3d=6
weather_code_current=5
temperature_min_3d=5
humidity_mean_7d=4
temperature_min_current=3
temperature_mean_current=2
humidity_mean_current=2
humidity_mean_3d=2
rain_days_3d=2
wind_gust_max_3d=2
rain_sum_7d=2
temperature_max_3d=1
humidity_max_3d=1
wind_speed_mean_3d=1
wind_speed_max_3d=1
precipitation_sum_3d=1

parameters:
[boosting: gbdt]
[objective: binary]
[metric: binary_logloss]
[tree_learner: serial]
[device_type: cpu]
[data_sample_strategy: bagging]
[data: ]
[valid: ]
[num_iterations: 53]
[learning_rate: 0.05]
[num_leaves: 15]
[num_threads: 8]
[seed: 42]
[deterministic: 0]
[force_col_wise: 0]
[force_row_wise: 0]
[histogram_pool_size: -1]
[max_depth: 4]
[min_data_in_leaf: 20]
[min_sum_hessian_in_leaf: 0.001]
[bagging_fraction: 0.9]
[pos_bagging_fraction: 1]
[neg_bagging_fraction: 1]
[bagging_freq: 1]
[bagging_seed: 400]
[bagging_by_query: 0]
[feature_fraction: 0.9]
[feature_fraction_bynode: 1]
[feature_fraction_seed: 30056]
[extra_trees: 0]
[extra_seed: 12879]
[early_stopping_round: 0]
[early_stopping_min_delta: 0]
[first_metric_only: 0]
[max_delta_step: 0]
[lambda_l1: 0]
[lambda_l2: 1]
[linear_lambda: 0]
[min_gain_to_split: 0]
[drop_rate: 0.1]
[max_drop: 50]
[skip_drop: 0.5]
[xgboost_dart_mode: 0]
[uniform_drop: 0]
[drop_seed: 17869]
[top_rate: 0.2]
[other_rate: 0.1]
[min_data_per_group: 100]
[max_cat_threshold: 32]
[cat_l2: 10]
[cat_smooth: 10]
[max_cat_to_onehot: 4]
[top_k: 20]
[monotone_constraints: ]
[monotone_constraints_method: basic]
[monotone_penalty: 0]
[feature_contri: ]
[forcedsplits_filename: ]
[refit_decay_rate: 0.9]
[cegb_tradeoff: 1]
[cegb_penalty_split: 0]
[cegb_penalty_feature_lazy: ]
[cegb_penalty_feature_coupled: ]
[path_smooth: 0]
[interaction_constraints: ]
[verbosity: -1]
[saved_feature_importance_type: 0]
[use_quantized_grad: 0]
[num_grad_quant_bins: 4]
[quant_train_renew_leaf: 0]
[stochastic_rounding: 1]
[linear_tree: 0]
[max_bin: 255]
[max_bin_by_feature: ]
[min_data_in_bin: 3]
[bin_construct_sample_cnt: 200000]
[data_random_seed: 175]
[is_enable_sparse: 1]
[enable_bundle: 1]
[use_missing: 1]
[zero_as_missing: 0]
[feature_pre_filter: 1]
[pre_partition: 0]
[two_round: 0]
[header: 0]
[label_column: ]
[weight_column: ]
[group_column: ]
[ignore_column: ]
[categorical_feature: 0,1,3]
[forcedbins_filename: ]
[precise_float_parser: 0]
[parser_config_file: ]
[objective_seed: 16083]
[num_class: 1]
[is_unbalance: 0]
[scale_pos_weight: 1]
[sigmoid: 1]
[boost_from_average: 1]
[reg_sqrt: 0]
[alpha: 0.9]
[fair_c: 1]
[poisson_max_delta_step: 0.7]
[tweedie_variance_power: 1.5]
[lambdarank_truncation_level: 30]
[lambdarank_norm: 1]
[label_gain: ]
[lambdarank_position_bias_regularization: 0]
[eval_at: ]
[multi_error_top_k: 1]
[auc_mu_weights: ]
[num_machines: 1]
[local_listen_port: 12400]
[time_out: 120]
[machine_list_filename: ]
[machines: ]
[gpu_platform_id: -1]
[gpu_device_id: -1]
[gpu_device_id_list: ]
[gpu_use_dp: 0]
[num_gpu: 1]

end of parameters

pandas_categorical:[]
