tree
version=v4
num_class=1
num_tree_per_iteration=1
label_index=0
max_feature_idx=44
objective=binary sigmoid:1
feature_names=age_group gender month season day_of_year_sin day_of_year_cos weather_code_current temperature_mean_current temperature_max_current temperature_min_current humidity_mean_current humidity_max_current humidity_min_current wind_speed_mean_current wind_speed_max_current precipitation_sum_current rain_sum_current wind_gust_max_current rain_day_current temperature_mean_3d temperature_max_3d temperature_min_3d humidity_mean_3d humidity_max_3d humidity_min_3d wind_speed_mean_3d wind_speed_max_3d precipitation_sum_3d rain_sum_3d rain_days_3d rain_max_daily_3d wind_gust_max_3d temperature_mean_7d temperature_max_7d temperature_min_7d humidity_mean_7d humidity_max_7d humidity_min_7d wind_speed_mean_7d wind_speed_max_7d precipitation_sum_7d rain_sum_7d rain_days_7d rain_max_daily_7d wind_gust_max_7d
feature_infos=-1:0:1:2:3:4:5 -1:0:1 [1:12] -1:1:0 [-0.99999942202469239:0.99998555065071859] [-0.99997919295908244:0.9999907524084426] [0:61] [23.658332999999999:32.533332999999999] [25.899999999999999:39.200000000000003] [17.899999999999999:29.300000000000001] [48.958333000000003:91.625] [63:100] [23:86] [2.8541669999999999:19.695833] [6.4000000000000004:30.100000000000001] [0:63.100000000000001] [0:63.100000000000001] [14:56.899999999999999] [0:1] [23.766667000000002:32.427778000000004] [27.699999999999999:39.200000000000003] [17.899999999999999:28.100000000000001] [52.569443999999997:90.694444000000004] [73:100] [23:79] [4.125:17.329167000000002] [9.6999999999999993:30.100000000000001] [0:93.900000000000006] [0:93.900000000000006] [0:3] [0:63.100000000000001] [17.300000000000001:56.899999999999999] [24.365476000000001:32.235118999999997] [28.699999999999999:39.200000000000003] [17.899999999999999:27.5] [55.767856999999999:89.523809999999997] [77:100] [23:72] [4.5327380000000002:15.469643] [11.6:30.100000000000001] [0:163.90000000000001] [0:163.90000000000001] [0:7] [0:63.100000000000001] [23:56.899999999999999]
tree_sizes=1435 1482 1368 1495 1599 1488 1735 1595 1600 1591 1493 1487 1491 1600 1492 1491 1491 1487 1488 1741 1486 1483 1387 1383 1497 1498 1515 1508 1489 1186 1409 1511 1495 1519 1299 1503 1491 1755 1719 1759 1194 1096 1198 1083 1724 1105 1092 1769 1112 1106 1760 1533 889 1113 1101 911 1739

Tree=0
num_leaves=13
num_cat=5
split_feature=0 1 0 34 44 33 4 1 0 33 5 15
split_gain=2836.53 1163.74 292.857 109.433 74.6626 36.6537 29.8327 28.5351 51.8255 56.3333 22.9064 0.0561772
threshold=0 1 2 20.350000000000005 52.000000000000007 31.250000000000004 -0.92274349529687905 3 4 34.95000000000001 0.97263757644091864 37.550000000000004
decision_type=1 1 1 2 2 2 2 1 1 2 2 2
left_child=1 3 5 10 -5 -3 -4 8 9 -2 -1 -9
right_child=7 2 6 4 -6 -7 -8 11 -10 -11 -12 -13
leaf_value=-1.9358537567001726 -1.9483320107083091 -1.9186256086012796 -1.8806216540991294 -1.7328028659975352 -1.9585795537614157 -1.8283300549000161 -1.954969889889 -1.9704799048041046 -1.9693997586788146 -1.8933465304901835 -1.7878886671401677 -1.9385966152643099
leaf_weight=8.958479166030882 202.2376671731472 12.317908853292463 14.445547655224798 243.44667133688927 3.3594296872615805 117.24409608542919 118.69984894990921 520.71160152554512 258.67608591914177 59.685867443680763 2.5755627602338782 2.2396197915077201
leaf_count=80 1806 110 129 2174 30 1047 1060 4650 2310 533 23 20
internal_value=-1.91412 -1.82 -1.89246 -1.74305 -1.73604 -1.84239 -1.94447 -1.96161 -1.95361 -1.93499 -1.89536 -1.97039
internal_weight=1564.6 521.048 262.707 258.34 246.806 129.562 133.145 1043.55 520.6 261.924 11.534 522.951
internal_count=13972 4653 2346 2307 2204 1157 1189 9319 4649 2339 103 4670
cat_boundaries=0 1 2 3 4 5
cat_threshold=5 1 4 1 10
is_linear=0
shrinkage=1


Tree=1
num_leaves=13
num_cat=5
split_feature=0 1 0 34 44 31 1 0 33 4 4 15
split_gain=2390.21 859.269 241.819 81.2991 63.3344 34.1468 30.7763 56.7916 58.001 25.1727 18.0063 0.0771948
threshold=0 1 2 20.350000000000005 52.000000000000007 41.95000000000001 3 4 34.45000000000001 -0.92274349529687905 0.21022171450811272 36.70000000000001
decision_type=1 1 1 2 2 2 1 1 2 2 2 2
left_child=1 3 5 10 -5 -3 7 8 -2 -4 -1 -8
right_child=6 2 9 4 -6 -7 11 -9 -10 -11 -12 -13
leaf_value=0.06576380529521253 -0.034735349464784168 0.075917901998983767 0.026923555790345385 0.15034746464847829 -0.045146703759028857 0.0031308156103823405 -0.055742265901589906 -0.054591923127246623 0.016944215209953265 -0.041662590119208809 -0.048503467783279137 -0.023551845421999923
leaf_weight=6.3505775332450849 182.4338346272707 116.31817650049925 14.466005221009253 277.02337771654129 3.7918557599186888 18.780828751623631 493.58412144333124 251.77537505328655 76.402838945388794 112.97869622707367 5.5352636575698853 2.189098745584487
leaf_count=55 1671 981 126 2170 35 159 4597 2343 678 1040 50 20
internal_value=-0.00042457 0.0819194 0.0175919 0.142152 0.147557 0.0613863 -0.0462459 -0.0379301 -0.0187525 -0.0312923 0.0129149 -0.0556478
internal_weight=1561.63 555.245 262.544 292.701 280.815 135.099 1006.39 510.612 258.837 127.445 11.8858 495.773
internal_count=13925 4616 2306 2310 2205 1140 9309 4692 2349 1166 105 4617
cat_boundaries=0 1 2 3 4 5
cat_threshold=5 1 4 1 10
is_linear=0
shrinkage=0.05


Tree=2
num_leaves=12
num_cat=5
split_feature=0 1 0 34 34 33 1 0 33 32 33
split_gain=2194.84 672.596 202.924 56.4993 47.9211 37.7781 31.4073 55.1069 53.7879 27.4687 20.5977
threshold=0 1 2 20.350000000000005 24.050000000000004 32.550000000000004 3 4 34.45000000000001 30.780952000000003 32.750000000000007
decision_type=1 1 1 2 2 2 1 1 2 2 2
left_child=1 3 5 10 -5 -3 7 8 -2 -4 -1
right_child=6 2 9 4 -6 -7 -8 -9 -10 -11 -12
leaf_value=0.071885137675230776 -0.034073577090549513 0.086024812014929605 -0.03585891065460927 0.14332599758266293 0.10062413906752087 0.034092593752984748 -0.055348479978211976 -0.054122382820622733 0.015851416377610027 0.084568406861604717 -0.048367640439558289
leaf_weight=6.7504565194249135 176.86522453278303 67.937232621014118 120.46060393750668 199.70762848854065 117.82342854142189 75.694356665015221 486.15279854089022 239.67583850026131 76.73441755771637 3.9999971985816947 5.6558636054396629
leaf_count=56 1663 551 1131 1415 839 605 4723 2325 672 38 53
internal_value=0.000134381 0.0748252 0.0171407 0.123765 0.127847 0.0552605 -0.045797 -0.0372171 -0.0182476 -0.0290313 0.017545
internal_weight=1577.46 598.03 268.092 329.937 317.531 143.632 979.428 493.275 253.6 124.461 12.4063
internal_count=14071 4688 2325 2363 2254 1156 9383 4660 2335 1169 109
cat_boundaries=0 1 2 3 4 5
cat_threshold=5 1 4 1 10
is_linear=0
shrinkage=0.05


Tree=3
num_leaves=13
num_cat=5
split_feature=0 1 0 44 34 33 1 0 20 4 4 4
split_gain=1920.39 484.813 183.948 39.7997 38.3153 34.7081 29.6793 51.3683 50.4477 27.8465 0.0208276 2.63775
threshold=0 1 2 52.000000000000007 20.350000000000005 31.250000000000004 3 4 33.550000000000004 -0.92274349529687905 -0.67803021058859214 -0.83377653105606597
decision_type=1 1 1 2 2 2 1 1 2 2 2 2
left_child=1 3 5 4 -1 -3 7 8 -2 -4 11 -8
right_child=6 2 9 -5 -6 -7 10 -9 -10 -11 -12 -13
leaf_value=0.018889656312318624 -0.035250970163237298 -0.016485399535785712 0.036335239744312985 -0.04550453869534668 0.11101331433216917 0.063401644909728966 -0.055478421748898971 -0.053686965866475755 0.011917925114287548 -0.037922483275125478 -0.056083513406909147 -0.035137004286922721
leaf_weight=12.143326461315153 164.86088372021914 14.666981294751166 13.458680808544157 3.7696232423186293 339.270119830966 137.85943911969662 73.162659585475922 229.66906017810106 85.496681220829487 109.21956877410412 361.36254795640707 30.093593895435333
leaf_count=106 1584 118 118 33 2211 1060 742 2323 753 1063 3664 305
internal_value=-0.000361203 0.0665696 0.0177086 0.106141 0.107893 0.0522585 -0.0452743 -0.0368726 -0.0184265 -0.0273376 -0.0548292 -0.0499439
internal_weight=1575.03 630.388 275.205 355.183 351.413 152.526 944.645 480.027 250.358 122.678 464.619 103.256
internal_count=14080 4709 2359 2350 2317 1178 9371 4660 2337 1181 4711 1047
cat_boundaries=0 1 2 3 4 5
cat_threshold=5 1 4 1 10
is_linear=0
shrinkage=0.05


Tree=4
num_leaves=14
num_cat=5
split_feature=0 1 0 34 44 33 1 0 32 4 5 4 4
split_gain=1693.45 402.448 164.738 38.7417 37.4325 36.9426 30.7643 54.182 48.8824 24.3151 14.6214 0.290702 3.46927
threshold=0 1 2 20.350000000000005 52.000000000000007 36.95000000000001 3 4 27.223809500000005 -0.92274349529687905 0.97263757644091864 -0.67803021058859214 -0.83377653105606597
decision_type=1 1 1 2 2 2 1 1 2 2 2 2 2
left_child=1 3 5 10 -5 -3 7 8 -2 -4 -1 12 -8
right_child=6 2 9 4 -6 -7 11 -9 -10 -11 -12 -13 -14
leaf_value=-0.026754602637792686 -0.042174953934500374 0.043471234497690581 0.027079730658002135 0.099244060602407438 -0.045718925482698833 0.13930538814802329 -0.055112308595953646 -0.053288709654654202 0.0023014160828337656 -0.038477688548906736 0.08403825210718803 -0.055735944157350559 -0.032102875719553989
leaf_weight=9.0242877230048162 111.39167077094316 145.1397480070591 15.579109020531176 362.62189987301826 3.9719325006008139 10.118845880031584 69.955846220254898 221.8291300535202 136.96663669496775 105.75392298400402 3.2431619316339484 343.17891010642052 28.511080905795097
leaf_count=81 1099 1078 133 2210 36 76 741 2340 1255 1060 24 3636 297
internal_value=-0.000433166 0.0603066 0.0152854 0.0946356 0.0975533 0.0475271 -0.0442884 -0.0357178 -0.0170521 -0.0276476 0.00666233 -0.0543122 -0.0488397
internal_weight=1567.29 655.453 276.592 378.861 366.594 155.259 911.833 470.187 248.358 121.333 12.2674 441.646 98.4669
internal_count=14066 4698 2347 2351 2246 1154 9368 4694 2354 1193 105 4674 1038
cat_boundaries=0 1 2 3 4 5
cat_threshold=5 1 4 1 10
is_linear=0
shrinkage=0.05


Tree=5
num_leaves=13
num_cat=5
split_feature=0 1 0 34 39 36 1 0 32 44 4 15
split_gain=1537.61 323.087 145.599 32.1976 69.3904 38.6193 31.7365 53.411 43.1589 26.8188 26.612 0.131649
threshold=0 1 2 24.450000000000003 20.150000000000002 95.500000000000014 3 4 27.223809500000005 28.250000000000004 -0.9354548908432756 36.70000000000001
decision_type=1 1 1 2 2 2 1 1 2 2 2 2
left_child=1 3 9 5 -5 -1 7 8 -2 -3 -4 -8
right_child=6 2 10 4 -6 -7 11 -9 -10 -11 -12 -13
leaf_value=0.055731598605721883 -0.040571057102869554 0.12785377667683229 0.035612745378410159 -0.0014412642579523984 0.089412765689695681 0.10203221022875408 -0.054271591205192253 -0.052875337386309632 0.0015625660044898801 0.041569113948689861 -0.037074641620937286 -0.021712377409290731
leaf_weight=60.124956101179123 108.17516386508942 8.8988192081451398 13.499119095504282 31.983025163412094 60.11460217833519 247.97983275353909 419.06721594929695 211.65196961164474 136.94841632246971 153.08676189929247 104.33158790320158 2.0937021374702445
leaf_count=363 1103 64 113 187 358 1444 4631 2329 1252 1100 1075 22
internal_value=-0.000219357 0.0557286 0.0152487 0.0853122 0.058185 0.0932064 -0.0437056 -0.0349223 -0.0164522 0.0443439 -0.0263041 -0.0541615
internal_weight=1557.96 680.019 279.816 400.202 92.0976 308.105 877.936 456.776 245.124 161.986 117.831 421.161
internal_count=14041 4704 2352 2352 545 1807 9337 4684 2355 1164 1188 4653
cat_boundaries=0 1 2 3 4 5
cat_threshold=5 1 4 1 10
is_linear=0
shrinkage=0.05


Tree=6
num_leaves=15
num_cat=1
split_feature=1 33 36 4 32 4 39 34 43 40 4 19 4 13
split_gain=310.353 30.4105 34.356 33.0875 30.1311 27.8312 24.768 17.2673 14.371 19.7198 26.0594 16.2105 17.2778 8.17256
threshold=0 34.850000000000001 95.500000000000014 0.89787622492179153 27.736012000000006 0.52033990680116082 18.050000000000004 22.450000000000003 27.750000000000004 99.000000000000014 0.63920241694561786 31.047222000000001 -0.65234524191686594 12.99375
decision_type=1 2 2 2 2 2 2 2 2 2 2 2 2 2
left_child=1 2 6 5 -4 -3 -1 -5 11 10 -10 12 -2 -13
right_child=8 3 4 7 -6 -7 -8 -9 9 -11 -12 13 -14 -15
leaf_value=0.060822382640640472 -0.013273146954788359 -0.043502567118503338 0.022577641091035314 0.10564157509777453 -0.0085845523611996887 0.067041914348273834 -0.031731868365069409 0.01448371792070635 0.038395190637204785 -0.026902413394448085 -0.042138028763946289 0.047451289336472358 -0.034680810481388887 -0.03360305954711764
leaf_weight=7.3178741112351409 121.70894336700439 5.4556910172104827 500.7013264298439 4.4852244257926932 91.212625861167908 80.350582994520664 57.115418717265129 114.6866112947464 33.742775037884712 64.442263476550579 13.201089568436144 9.5829229950904828 444.89167435467243 3.5785753652453414
leaf_count=59 1218 43 4129 36 749 624 495 894 343 653 135 95 4574 36
internal_value=-0.000736269 0.0192799 0.0139917 0.0360626 0.0177692 0.0595932 -0.0204513 0.0187651 -0.0256727 -0.00912039 0.0153419 -0.0288316 -0.0301138 0.0245962
internal_weight=1552.47 861.325 656.347 204.978 591.914 85.8063 64.4333 119.172 691.148 111.386 46.9439 579.762 566.601 13.1615
internal_count=14083 7029 5432 1597 4878 667 554 930 7054 1131 478 5923 5792 131
cat_boundaries=0 1
cat_threshold=1
is_linear=0
shrinkage=0.05


Tree=7
num_leaves=14
num_cat=5
split_feature=0 1 0 1 0 19 34 33 44 32 5 4 4
split_gain=1356.7 235.303 125.912 31.0752 54.5681 41.0806 30.2088 28.572 27.8371 23.2741 11.3569 0.253992 3.35815
threshold=0 1 2 3 4 27.040972500000006 20.350000000000005 31.250000000000004 52.000000000000007 30.780952000000003 0.97648852793709995 -0.69057362043749781 -0.814291907305839
decision_type=1 1 1 1 1 2 2 2 2 2 2 2 2
left_child=1 6 7 4 5 -2 10 -3 -8 -4 -1 12 -5
right_child=3 2 9 11 -6 -7 8 -9 -10 -11 -12 -13 -14
leaf_value=-0.028652028449464979 -0.042946095440685027 -0.020677121139231883 -0.03151338897591982 -0.05364612382877243 -0.052630133414541903 -0.00068852905057546743 0.07884588227380239 0.050771593314727276 -0.045933452509318858 0.082684190057328896 0.072091364935959287 -0.054960604738183733 -0.028402604078504048
leaf_weight=9.4767985865473729 90.540684133768082 14.878994792699812 107.39292896538973 65.324513226747513 206.14586114883423 154.81219103187323 400.14238220453262 150.64488106966019 3.9142479151487342 3.7134874612092963 2.8171766996383658 312.71595765650272 21.360866725444794
leaf_count=81 933 115 1134 762 2331 1421 2180 1058 34 36 18 3703 240
internal_value=-0.000763597 0.0507436 0.0156497 -0.0428149 -0.0341813 -0.0157541 0.0751831 0.0417559 0.0775267 -0.0247825 -0.00188025 -0.0535342 -0.0478205
internal_weight=1543.88 692.981 276.63 850.9 451.499 245.353 416.351 165.524 404.057 111.106 12.294 399.401 86.6854
internal_count=14046 4656 2343 9390 4685 2354 2313 1173 2214 1170 99 4705 1002
cat_boundaries=0 1 2 3 4 5
cat_threshold=5 1 4 1 10
is_linear=0
shrinkage=0.05


Tree=8
num_leaves=14
num_cat=5
split_feature=0 1 0 1 0 19 4 5 2 39 42 4 34
split_gain=1243.71 222.577 107.639 31.0389 55.6589 40.4465 25.1983 23.7824 21.3512 43.1721 32.2666 0.520439 22.7939
threshold=0 1 2 3 4 27.040972500000006 -0.92274349529687905 -0.90161545992537195 10.500000000000002 17.750000000000004 2.5000000000000004 -0.67803021058859214 24.350000000000005
decision_type=1 1 1 1 1 2 2 2 2 2 2 2 2
left_child=1 8 7 4 5 -2 -4 -3 9 -1 -10 12 -5
right_child=3 2 6 11 -6 -7 -8 -9 10 -11 -12 -13 -14
leaf_value=0.028827521246312732 -0.042650581368133308 -0.0047351071217463792 0.031831402378497131 -0.054331098169072826 -0.052277962350748053 -0.00017209204251070906 -0.035848626011569379 0.046972459867579142 0.011982941974941732 0.073518687038821473 0.11586742678158057 -0.054673706396625492 0.038509186436909065
leaf_weight=67.396841555833817 86.446294650435448 26.035447388887405 15.241549141705034 77.902163460850716 199.63685544580221 156.04262251406908 95.550392016768456 144.79406592994928 9.1152511686086637 313.98960919678211 47.882071793079376 293.55335219949484 6.5161407962441436
leaf_count=355 921 181 129 939 2356 1433 1060 996 57 1681 251 3637 75
internal_value=-0.00011653 0.0474558 0.0133609 -0.0419566 -0.0333276 -0.0148198 -0.0241741 0.0369593 0.0703585 0.0657171 0.0997469 -0.0530428 -0.0467979
internal_weight=1540.1 720.005 281.621 820.097 442.126 242.489 110.792 170.83 438.384 381.386 56.9973 377.972 84.4183
internal_count=14071 4710 2366 9361 4710 2354 1189 1177 2344 2036 308 4651 1014
cat_boundaries=0 1 2 3 4 5
cat_threshold=5 1 4 1 10
is_linear=0
shrinkage=0.05


Tree=9
num_leaves=14
num_cat=5
split_feature=0 1 0 1 0 33 34 33 40 37 2 4 34
split_gain=1149.7 182.366 95.9733 26.9138 46.3277 35.2575 24.5783 23.776 23.4157 23.1739 11.1458 0.765915 24.6018
threshold=0 1 2 3 4 34.45000000000001 20.350000000000005 32.550000000000004 0.35000000000000003 60.500000000000007 11.500000000000002 -0.67803021058859214 24.350000000000005
decision_type=1 1 1 1 1 2 2 2 2 2 2 2 2
left_child=1 6 7 4 5 -2 10 -3 -8 -4 -1 12 -5
right_child=3 2 9 11 -6 -7 8 -9 -10 -11 -12 -13 -14
leaf_value=-0.049055955211323173 -0.030842122187381013 0.055856257464588756 -0.043998213966509561 -0.054061680075831668 -0.051876486522428301 0.0099210453239517368 0.11557611033064485 0.019056148438193147 0.063437021080471209 0.0035462675790869829 0.03683567675436953 -0.054409847999399213 0.040065172319312739
leaf_weight=5.9438042417168599 156.30430904775858 83.633807562291622 64.770931996405125 77.261744566261768 189.00965095311403 79.436858549714088 23.525217175483704 94.51244044303894 414.00130721181631 41.763739608228207 7.2856840640306473 282.7749284952879 6.9023290723562232
leaf_count=54 1644 562 733 974 2328 675 119 635 2110 437 50 3665 77
internal_value=-0.000558238 0.0441174 0.01332 -0.0420883 -0.0338916 -0.0164285 0.0644719 0.0346157 0.0664976 -0.0233306 -0.00248963 -0.0526025 -0.0459625
internal_weight=1527.13 735.437 284.681 791.69 424.751 235.741 450.756 178.146 437.527 106.535 13.2295 366.939 84.1641
internal_count=14063 4700 2367 9363 4647 2319 2333 1197 2229 1170 104 4716 1051
cat_boundaries=0 1 2 3 4 5
cat_threshold=5 1 4 1 10
is_linear=0
shrinkage=0.05


Tree=10
num_leaves=13
num_cat=5
split_feature=0 1 0 1 0 32 36 38 26 7 4 34
split_gain=1009.16 159.251 88.7933 29.4579 49.7619 42.9967 24.5233 22.1887 22.9674 21.0081 0.597192 20.5197
threshold=0 1 2 3 4 27.223809500000005 95.500000000000014 14.349107500000001 20.050000000000004 30.722916500000004 -0.67803021058859214 24.350000000000005
decision_type=1 1 1 1 1 2 2 2 2 2 2 2
left_child=1 7 6 4 5 -2 -3 8 -1 -4 11 -5
right_child=3 2 9 10 -6 -7 -8 -9 -10 -11 -12 -13
leaf_value=0.050641869443811584 -0.040415578484840758 0.00048215926185847372 -0.031156526764721526 -0.05377217874157128 -0.051525485106598316 0.0027668804835045899 0.043638451466090723 -0.051415705571157211 0.07441176297301226 0.081033895859184621 -0.05415619942725361 0.032054174463805367
leaf_weight=292.61325506865978 98.665960520505905 43.512986779212952 101.55681578814983 72.80682023614645 181.48375590145588 136.44185072928667 134.47570841014385 3.8361556231975547 169.53323282301426 3.4110328406095496 267.98208396881819 7.0357841029763213
leaf_count=1471 1104 286 1147 960 2333 1242 883 24 849 34 3635 76
internal_value=-0.000949659 0.0400107 0.0109015 -0.0410667 -0.0324853 -0.0148218 0.0313956 0.0584821 0.0595034 -0.0244712 -0.0523994 -0.0459062
internal_weight=1513.36 748.939 282.957 764.416 416.592 235.108 177.989 465.983 462.146 104.968 347.825 79.8426
internal_count=14044 4694 2350 9350 4679 2346 1169 2344 2320 1181 4671 1036
cat_boundaries=0 1 2 3 4 5
cat_threshold=5 1 4 1 10
is_linear=0
shrinkage=0.05


Tree=11
num_leaves=13
num_cat=5
split_feature=0 1 0 1 0 33 34 33 44 6 4 34
split_gain=970.626 125.07 70.932 29.2867 48.9763 32.1143 26.0878 23.4033 21.8802 20.5438 0.653185 19.9658
threshold=0 1 2 3 4 34.45000000000001 23.450000000000003 31.250000000000004 52.000000000000007 2.5000000000000004 -0.67803021058859214 24.350000000000005
decision_type=1 1 1 1 1 2 2 2 2 2 2 2
left_child=1 8 7 4 5 -2 -4 -3 9 -1 11 -5
right_child=3 2 6 10 -6 -7 -8 -9 -10 -11 -12 -13
leaf_value=0.036371709294574402 -0.028678705288113754 -0.025397198093780989 -0.05379503734675263 -0.053509348004764173 -0.051201715179087406 0.010026942002832296 -0.0016322411490507897 0.038306171706023663 -0.047765405036678026 0.062009887170633604 -0.05391686859993499 0.030902006130716295
leaf_weight=105.88336626440287 151.00238458067179 15.117210999131201 37.777377814054489 69.891032353043556 175.27075283974409 82.134107157588005 62.93862596899271 163.8055372685194 4.3841558992862693 369.69728744029999 255.828089594841 7.1267368346452704
leaf_count=525 1659 108 448 964 2352 692 706 1043 35 1794 3633 75
internal_value=-8.1236e-05 0.0393595 0.0132318 -0.0404819 -0.0319072 -0.0144413 -0.0196068 0.0310849 0.0553414 0.0563901 -0.0520886 -0.0454025
internal_weight=1500.86 759.604 279.639 741.253 408.407 233.136 100.716 178.923 479.965 475.581 332.846 77.0178
internal_count=14034 4659 2305 9375 4703 2351 1154 1151 2354 2319 4672 1039
cat_boundaries=0 1 2 3 4 5
cat_threshold=5 1 4 1 10
is_linear=0
shrinkage=0.05


Tree=12
num_leaves=13
num_cat=5
split_feature=0 1 0 0 1 19 33 34 6 6 4 4
split_gain=854.015 114.662 65.2431 30.2319 46.7679 32.283 24.7 22.8167 21.6437 22.9858 20.8996 3.2353
threshold=0 1 2 3 4 27.040972500000006 36.95000000000001 23.650000000000002 2.5000000000000004 1.0000000180025095e-35 -0.72696319516528884 -0.67803021058859214
decision_type=1 1 1 1 1 2 2 2 2 2 2 2
left_child=1 8 6 4 5 -2 -3 -4 9 -1 -10 -6
right_child=3 2 7 -5 11 -7 -8 -9 10 -11 -12 -13
leaf_value=0.049130000846425978 -0.040209112542926723 0.023673168845385936 -0.047802899475513923 -0.052320494370266951 -0.034483284429891771 -0.00048557450375461149 0.092703790610996956 -0.00024217694266463931 0.035426696840263047 0.0025307533112860431 0.063242556895586985 -0.053474759753282336
leaf_weight=66.283262327313423 76.36941933631897 171.67481404542923 46.8632772564888 323.99842273443937 37.124984964728355 150.98107392340899 13.216367840766905 53.318885460495949 94.474897757172585 43.806091204285622 285.91199944913387 122.30208637565374
leaf_count=319 907 1085 562 4643 520 1414 81 605 444 221 1370 1818
internal_value=-0.000382781 0.0356633 0.0108522 -0.0396526 -0.0278874 -0.0139468 0.0275953 -0.0206972 0.0507582 0.0307772 0.0564451 -0.0492948
internal_weight=1486.33 775.55 285.073 710.776 386.778 227.35 184.891 100.182 490.476 110.089 380.387 159.427
internal_count=13989 4687 2333 9302 4659 2321 1166 1167 2354 540 1814 2338
cat_boundaries=0 1 2 3 4 5
cat_threshold=5 1 4 10 1
is_linear=0
shrinkage=0.05


Tree=13
num_leaves=14
num_cat=5
split_feature=0 1 0 1 0 32 40 37 34 39 36 34 34
split_gain=775.177 103.489 64.4387 31.6227 50.1626 36.7909 23.1479 21.818 19.3166 52.0508 26.3054 0.487379 8.52657
threshold=0 1 2 3 4 27.223809500000005 2.8500000000000001 69.500000000000014 24.350000000000005 19.050000000000004 95.500000000000014 24.350000000000005 24.450000000000003
decision_type=1 1 1 1 1 2 2 2 2 2 2 2 2
left_child=1 8 6 4 5 -2 -3 -4 10 -10 -1 -5 -13
right_child=3 2 7 11 -6 -7 -8 -9 9 -11 -12 12 -14
leaf_value=0.025195663100019333 -0.037542468107546217 0.058534487421657393 -0.028792205707428315 -0.053514399950528341 -0.050488849427816201 0.0033417173456067682 0.017292858698781232 0.096418714939830757 -0.030216395099974737 0.046347121910437827 0.059656330439382357 -0.0075111721883686453 -0.052333566679394067
leaf_weight=70.654772192239761 90.879945486783981 44.011286005377769 95.492080166935921 223.89857902377844 159.06439313292503 136.81955217570066 145.8829265832901 2.6499766036868087 27.353613018989563 104.65951633453369 296.51832884550095 12.889860138297079 70.568225458264351
leaf_count=347 1102 272 1137 3450 2330 1253 906 29 135 494 1373 174 1084
internal_value=-0.000753744 0.033002 0.009509 -0.0389441 -0.0298512 -0.0125214 0.0257585 -0.0222306 0.0471715 0.030375 0.0531115 -0.0515152 -0.0455818
internal_weight=1481.34 787.222 288.036 694.121 386.764 227.699 189.894 98.1421 499.186 132.013 367.173 307.357 83.4581
internal_count=14086 4693 2344 9393 4685 2355 1178 1166 2349 629 1720 4708 1258
cat_boundaries=0 1 2 3 4 5
cat_threshold=5 1 4 1 10
is_linear=0
shrinkage=0.05


Tree=14
num_leaves=13
num_cat=5
split_feature=0 1 0 0 1 20 37 34 39 5 44 4
split_gain=736.684 84.1402 54.3251 26.6302 38.6809 28.6821 24.1573 18.1064 48.6562 20.8183 17.7226 3.54771
threshold=0 1 2 3 4 31.650000000000002 60.500000000000007 24.350000000000005 19.050000000000004 -0.99628250747696534 28.250000000000004 -0.67803021058859214
decision_type=1 1 1 1 1 2 2 2 2 2 2 2
left_child=1 7 10 4 5 -2 -4 9 -9 -1 -3 -6
right_child=3 2 6 -5 11 -7 -8 8 -10 -11 -12 -13
leaf_value=-0.02111064197701959 -0.045432525551757447 0.082944016963387324 -0.041215960786852156 -0.051785123805370571 -0.032644712972118711 -0.004778444013620757 0.0092098049453449536 -0.032879568897700433 0.042690459456924956 0.051633605468583504 0.022056055507677801 -0.053044353702421776
leaf_weight=9.5980464369058591 57.734322398900986 12.001590415835379 58.376858323812485 297.80744210630655 34.411605410277843 167.12097046524286 39.069861307740211 25.767270371317863 106.59291246533394 367.00990922749043 181.25900636613369 111.31575885415077
leaf_count=43 718 70 746 4661 518 1630 432 129 495 1687 1111 1812
internal_value=-0.000725654 0.031469 0.0103531 -0.0391191 -0.0277411 -0.0153718 -0.0191637 0.0441028 0.0278426 0.0497287 0.0249599 -0.0484826
internal_weight=1468.07 799.675 290.707 668.39 370.583 224.855 97.4467 508.968 132.36 376.608 193.261 145.727
internal_count=14052 4713 2359 9339 4678 2348 1178 2354 624 1730 1181 2330
cat_boundaries=0 1 2 3 4 5
cat_threshold=5 1 4 10 1
is_linear=0
shrinkage=0.05


Tree=15
num_leaves=13
num_cat=5
split_feature=0 1 0 0 1 19 37 26 34 32 5 4
split_gain=672.966 71.3966 51.3911 28.6164 41.156 26.4626 25.6052 21.3803 16.0397 23.0145 7.43067 3.05802
threshold=0 1 2 3 4 26.723611000000002 60.500000000000007 21.950000000000003 20.250000000000004 27.019940500000001 0.99138911339924218 -0.67803021058859214
decision_type=1 1 1 1 1 2 2 2 2 2 2 2
left_child=1 8 7 4 5 -2 -4 -3 10 -10 -1 -6
right_child=3 2 6 -5 11 -7 -8 -9 9 -11 -12 -13
leaf_value=-0.038868460421649112 -0.045635482189933574 0.033871033388081249 -0.042941811232587501 -0.051542154472932512 -0.033281048088662953 -0.0045641819468546863 0.0096278843597312012 -0.0059126939444674592 0.056676450676671576 0.034114767379035564 0.040668359205140142 -0.052848768569331885
leaf_weight=8.5760273858904821 49.876976251602173 151.92609058320522 55.410139039158821 288.19384821504354 33.282943647354841 172.36430355906487 38.776382222771645 42.997294574975967 181.80077259242535 320.60153137147427 3.3070141375064841 107.75805889070034
leaf_count=60 653 908 736 4719 515 1692 425 264 814 1454 17 1837
internal_value=-0.00096699 0.0294882 0.00992807 -0.0383755 -0.0267225 -0.0139448 -0.0193883 0.0238905 0.0410157 0.0423754 -0.015295 -0.048498
internal_weight=1454.87 803.395 289.11 651.476 363.282 222.241 94.1865 194.923 514.285 502.402 11.883 141.041
internal_count=14094 4678 2333 9416 4697 2345 1161 1172 2345 2268 77 2352
cat_boundaries=0 1 2 3 4 5
cat_threshold=5 1 4 10 1
is_linear=0
shrinkage=0.05


Tree=16
num_leaves=13
num_cat=5
split_feature=0 1 0 0 1 19 32 33 2 42 39 4
split_gain=619.326 64.5922 50.5999 30.9292 41.5517 25.5339 23.5205 18.0901 14.7008 25.5709 23.9405 3.71489
threshold=0 1 2 3 4 26.723611000000002 30.780952000000003 37.750000000000007 10.500000000000002 2.5000000000000004 17.850000000000005 -0.67803021058859214
decision_type=1 1 1 1 1 2 2 2 2 2 2 2
left_child=1 8 7 4 5 -2 -4 -3 10 -10 -1 -6
right_child=3 2 6 -5 11 -7 -8 -9 9 -11 -12 -13
leaf_value=0.010764162911470226 -0.044205499497949524 0.020882650006730636 -0.027267069657370274 -0.051277107373167721 -0.031382793037597605 -0.0034450757825459631 0.090808849401820879 0.094528880556131456 -0.0092409757264054117 0.073526538568979921 0.040835234137467702 -0.052658278495448754
leaf_weight=81.455190524458885 48.650478161871433 192.86270965635777 89.455542989075184 274.17389700561762 32.789481092244387 170.78482758998871 3.4614792168140402 7.8306171894073477 10.830893307924269 58.195552200078964 373.51577822118998 103.43486139178276
leaf_count=370 662 1147 1133 4695 522 1688 35 43 56 253 1680 1847
internal_value=-0.000499421 0.0280542 0.00957807 -0.0374033 -0.0254907 -0.0126415 -0.0198362 0.0230669 0.0389033 0.060593 0.0354869 -0.0478032
internal_weight=1447.44 817.608 293.61 629.834 355.66 219.435 92.917 200.693 523.997 69.0264 454.971 136.224
internal_count=14131 4717 2358 9414 4719 2350 1168 1190 2359 309 2050 2369
cat_boundaries=0 1 2 3 4 5
cat_threshold=5 1 4 10 1
is_linear=0
shrinkage=0.05


Tree=17
num_leaves=13
num_cat=5
split_feature=0 1 0 0 1 19 32 33 6 6 40 4
split_gain=555.416 56.8581 38.8584 31.6308 39.6039 27.136 24.3731 22.286 16.7033 21.6247 17.0934 3.85149
threshold=0 1 2 3 4 26.723611000000002 30.497916500000006 32.550000000000004 2.5000000000000004 27.000000000000004 0.25000000000000006 -0.67803021058859214
decision_type=1 1 1 1 1 2 2 2 2 2 2 2
left_child=1 8 7 4 5 -2 -4 -3 10 -10 -1 -6
right_child=3 2 6 -5 11 -7 -8 -9 9 -11 -12 -13
leaf_value=0.072534314641569828 -0.046499253630461673 0.038665287896723279 -0.02569270770813788 -0.051024788678474736 -0.030471332157341394 -0.0033608103507883473 0.084446613326710551 0.0051282795177570338 0.046332880098785639 0.016310686081662487 0.012217855744344879 -0.052465361995767679
leaf_weight=12.343490883707998 45.160177156329155 94.71378955245018 86.720538377761841 262.03954047709703 31.653649765998125 174.26816605776548 4.3632435351610175 103.4108647108078 331.31451153755188 74.958193436264992 104.56155551224947 97.142521355301142
leaf_count=60 638 552 1125 4695 520 1722 43 609 1464 331 476 1817
internal_value=-0.00104122 0.025904 0.00839183 -0.0367176 -0.0247186 -0.0124097 -0.0176411 0.0202571 0.0360443 0.0408474 0.0191476 -0.0473364
internal_weight=1422.65 812.386 289.208 610.264 348.225 219.428 91.0838 198.125 523.178 406.273 116.905 128.796
internal_count=14052 4660 2329 9392 4697 2360 1168 1161 2331 1795 536 2337
cat_boundaries=0 1 2 3 4 5
cat_threshold=5 1 4 10 1
is_linear=0
shrinkage=0.05


Tree=18
num_leaves=13
num_cat=5
split_feature=0 1 0 0 1 4 19 33 44 38 33 4
split_gain=505.113 56.5001 35.5639 31.4181 40.3229 24.5599 21.7076 20.8345 24.743 22.6653 19.99 2.75293
threshold=0 1 2 3 4 -0.94139628442229051 26.723611000000002 35.45000000000001 48.800000000000004 10.468154500000002 31.250000000000004 -0.67803021058859214
decision_type=1 1 1 1 1 2 2 2 2 2 2 2
left_child=1 7 10 4 6 -4 -2 8 -1 -9 -3 -6
right_child=3 2 5 -5 11 -7 -8 9 -10 -11 -12 -13
leaf_value=0.031437185614527512 -0.042696625797597094 -0.031265467813398583 0.044102840565060926 -0.050784707261709708 -0.032483781959868625 -0.030526429723107054 -0.0034986820727674534 0.087776496068228349 -0.03425658155348911 0.035970626695571724 0.023469230033096318 -0.052281847856945708
leaf_weight=421.99946862459183 43.64017727971077 17.452752560377121 11.897779606282709 250.98497400060296 30.151147585362196 78.512647859752178 170.21937745064497 33.908164083957672 14.047929048538206 60.299755811691284 186.16180221736431 91.654076043516397
leaf_count=1858 641 114 108 4703 507 1069 1694 146 73 261 1064 1796
internal_value=-0.00117368 0.0239545 0.00663402 -0.0362518 -0.0241186 -0.0183256 -0.0116589 0.033979 0.0292472 0.0553432 0.0177789 -0.0476855
internal_weight=1410.93 824.28 294.025 586.65 335.665 90.4104 213.86 530.255 436.047 94.2079 203.615 121.805
internal_count=14034 4693 2355 9341 4638 1177 2335 2338 1931 407 1178 2303
cat_boundaries=0 1 2 3 4 5
cat_threshold=5 1 4 10 1
is_linear=0
shrinkage=0.05


Tree=19
num_leaves=15
num_cat=1
split_feature=1 34 5 5 4 20 37 33 43 43 29 33 31 39
split_gain=104.343 21.4211 20.4396 33.5243 15.4771 37.0709 23.1083 20.5741 22.5093 13.9974 6.15824 6.0084 5.67601 3.89476
threshold=0 20.350000000000005 0.97648852793709995 0.063390085881955258 -0.61237985104942771 31.250000000000004 65.500000000000014 36.95000000000001 27.950000000000006 0.55000000000000016 1.5000000000000002 31.350000000000005 27.900000000000002 14.65
decision_type=1 2 2 2 2 2 2 2 2 2 2 2 2 2
left_child=1 12 3 -3 5 11 -7 8 -6 -9 -4 -2 13 -1
right_child=4 2 10 -5 7 6 -8 9 -10 -11 -12 -13 -14 -15
leaf_value=-0.046282037711012192 -0.050022295418912559 0.0047071371113459257 -0.048533526953966073 0.02550340035147531 -0.032439145922564964 0.0026068976840094862 0.064238194734916695 -0.025478416549493989 0.0035676566358392942 0.036285055161850342 -0.0081258092620712999 -0.017067880451364734 -0.050858644436452494 0.0074985561436779037
leaf_weight=3.6697879284620312 29.510540101677179 474.32123132422566 13.843648578971623 327.33282048255205 296.37586706504226 63.988140899688005 18.989162798970938 14.297085367143152 50.6037353053689 22.14591333642602 27.273484349250793 28.156291212886572 15.507381737232206 11.315812304615973
leaf_count=39 377 3801 112 2577 4087 795 222 184 682 277 221 346 179 109
internal_value=-0.00063307 0.0099484 0.0114496 0.0132199 -0.0182506 -0.0040267 0.0173081 -0.023444 -0.0271927 0.0120211 -0.0225599 -0.0344972 -0.0305884 -0.007743
internal_weight=1397.33 873.264 842.771 801.654 524.067 140.644 82.9773 383.423 346.98 36.443 41.1171 57.6668 30.493 14.9856
internal_count=14008 7038 6711 6378 6970 1740 1017 5230 4769 461 333 723 327 148
cat_boundaries=0 1
cat_threshold=1
is_linear=0
shrinkage=0.05


Tree=20
num_leaves=13
num_cat=5
split_feature=0 1 0 0 1 37 19 36 39 34 35 4
split_gain=458.624 46.653 36.1801 30.7628 36.9923 22.8064 22.1885 20.8446 16.7017 51.718 34.4846 3.22336
threshold=0 1 2 3 4 60.500000000000007 27.006944500000003 95.500000000000014 20.150000000000002 24.050000000000004 86.931547500000008 -0.67803021058859214
decision_type=1 1 1 1 1 2 2 2 2 2 2 2
left_child=1 8 7 4 6 -4 -2 -3 9 -1 -10 -6
right_child=3 2 5 -5 11 -7 -8 -9 10 -11 -12 -13
leaf_value=0.033520233887675138 -0.03717485462100692 -0.01078412595572853 -0.04324856344141946 -0.050504868953300357 -0.031028014405633925 0.008215701074914851 -0.0017819585804863395 0.027005883618041522 0.029869919038076981 -0.021628990788429964 0.071179049988641926 -0.052046871603980152
leaf_weight=191.23352879285812 61.234024301171303 46.909771203994751 50.133749350905418 236.39618237316608 30.500391598790884 36.704404033720493 153.90187282115221 156.27539582550526 229.97308811545372 53.828154608607292 65.143184959888458 86.67225719243288
leaf_count=826 883 274 745 4653 529 425 1464 903 1009 248 274 1817
internal_value=-0.0013792 0.022223 0.00628473 -0.035578 -0.0236814 -0.0194371 -0.0119812 0.0174181 0.0311635 0.021368 0.039198 -0.0468845
internal_weight=1398.91 830.201 290.023 568.705 332.309 86.8382 215.136 203.185 540.178 245.062 295.116 117.173
internal_count=14050 4704 2347 9346 4693 1170 2347 1177 2357 1074 1283 2346
cat_boundaries=0 1 2 3 4 5
cat_threshold=5 1 4 10 1
is_linear=0
shrinkage=0.05


Tree=21
num_leaves=13
num_cat=5
split_feature=0 0 1 1 0 34 33 40 39 34 44 4
split_gain=421.765 34.8977 38.6785 34.4673 28.193 23.9179 23.5361 18.1286 15.5733 48.3765 25.6585 4.06983
threshold=0 1 2 3 4 23.450000000000003 34.45000000000001 2.8500000000000001 20.000000000000004 23.250000000000004 38.70000000000001 -0.67803021058859214
decision_type=1 1 1 1 1 2 2 2 2 2 2 2
left_child=3 2 6 8 7 -6 -2 -5 9 -1 -10 -4
right_child=1 -3 11 4 5 -7 -8 -9 10 -11 -12 -13
leaf_value=0.0438768579444066 -0.023000645140979568 -0.05027544784872854 -0.028461788788957595 0.044629982102162798 -0.052112621308534848 0.0023466058741267292 0.0109946489742478 0.0099946228041714637 0.05830382960242541 -0.00095172442099118553 0.026692938432819002 -0.051893573911367452
leaf_weight=109.90336693823338 132.07562226429582 226.65078842639923 29.375963196158409 48.88390164077282 30.012411348521709 57.390433549880981 81.691323734819889 159.53275719285011 94.534802973270416 131.49721340835094 207.75486007332802 83.898998226970434
leaf_count=477 1670 4665 523 279 470 726 692 915 400 577 901 1844
internal_value=-0.000814767 -0.0343017 -0.0219556 0.0214389 0.00792287 -0.0150313 -0.0100186 0.0174589 0.0291584 0.0195544 0.0367382 -0.0461192
internal_weight=1393.2 553.693 327.042 839.51 295.82 87.4028 213.767 208.417 543.69 241.401 302.29 113.275
internal_count=14139 9394 4729 4745 2390 1196 2362 1194 2355 1054 1301 2367
cat_boundaries=0 1 2 3 4 5
cat_threshold=5 10 1 1 4
is_linear=0
shrinkage=0.05


Tree=22
num_leaves=12
num_cat=5
split_feature=0 0 1 1 0 33 4 17 44 39 34
split_gain=406.372 33.6175 38.2908 27.912 31.6286 25.0772 22.0878 18.9041 13.8856 12.5639 2.96679
threshold=0 1 2 3 4 34.95000000000001 -0.12546116083924147 38.000000000000007 52.000000000000007 25.650000000000002 24.350000000000005
decision_type=1 1 1 1 1 2 2 2 2 2 2
left_child=3 2 5 8 7 -2 -6 -5 9 -1 -4
right_child=1 -3 10 4 6 -7 -8 -9 -10 -11 -12
leaf_value=0.026802236573903689 -0.021440764190766667 -0.050053526173923668 -0.051899564959175949 0.026380053306216778 0.010140356434041707 0.015622224639433574 -0.041023110967888687 -0.015097008344408911 -0.050309160354376006 0.056513288428647813 -0.030956123650836349
leaf_weight=500.46672573685646 146.08440781384706 217.57903609797359 78.431612934917212 174.17499159276485 38.013436663895845 65.323171474039555 45.504711952060461 31.903976708650589 4.7022566199302664 38.405127182602882 29.064625676721334
leaf_count=2145 1821 4684 1711 981 469 533 691 188 32 161 630
internal_value=-0.000451712 -0.0339953 -0.0217355 0.021314 0.00898913 -0.00996898 -0.0159986 0.0189994 0.0282431 0.0290205 -0.0465744
internal_weight=1369.65 536.483 318.904 833.171 289.597 211.408 83.5181 206.079 543.574 538.872 107.496
internal_count=14046 9379 4695 4667 2329 2354 1160 1169 2338 2306 2341
cat_boundaries=0 1 2 3 4 5
cat_threshold=5 10 1 1 4
is_linear=0
shrinkage=0.05


Tree=23
num_leaves=12
num_cat=5
split_feature=0 0 1 20 1 0 32 33 38 6 34
split_gain=373.088 32.8563 36.7718 28.9312 26.5846 28.12 20.7961 16.2794 14.4329 13.6357 3.13636
threshold=0 1 2 33.550000000000004 3 4 30.497916500000006 31.250000000000004 14.070238000000002 2.5000000000000004 24.350000000000005
decision_type=1 1 1 2 1 1 2 2 2 2 2
left_child=4 2 3 -2 8 7 -7 -6 9 -1 -4
right_child=1 -3 10 -5 5 6 -8 -9 -10 -11 -12
leaf_value=0.012405133055380322 -0.02537856793615912 -0.049819436822240423 -0.051747173121852265 0.012367571182829726 -0.026550821341796461 -0.023970568257042229 0.07969961482182869 0.022276611690950736 -0.051912668423658118 0.031629508426710577 -0.029931783297152917
leaf_weight=120.13914287090302 121.62631752341986 207.79882296919823 75.612062886357307 85.820409938693047 17.893608376383781 77.878292113542557 4.1864860057830802 191.61841854453087 4.9094600975513449 423.98354065418243 27.78462989628315
leaf_count=526 1600 4682 1729 736 118 1119 42 1059 26 1795 617
internal_value=-0.000599117 -0.0335411 -0.0213282 -0.00977863 0.0199033 0.00790168 -0.0158749 0.0171838 0.026613 0.0274154 -0.0462278
internal_weight=1359.25 518.642 310.843 207.447 840.609 291.577 82.0648 209.512 549.032 544.123 103.397
internal_count=14049 9364 4682 2336 4685 2338 1161 1177 2347 2321 2346
cat_boundaries=0 1 2 3 4 5
cat_threshold=5 10 1 1 4
is_linear=0
shrinkage=0.05


Tree=24
num_leaves=13
num_cat=4
split_feature=0 0 1 19 1 7 33 34 41 25 5 4
split_gain=329.389 36.3704 36.135 24.1618 23.9204 25.9385 30.392 16.558 17.2417 10.8534 10.3417 4.62885
threshold=0 1 2 26.723611000000002 3 31.045833500000004 32.850000000000001 20.250000000000004 0.75000000000000011 12.234722000000003 0.99138911339924218 -0.67803021058859214
decision_type=1 1 1 2 1 2 2 2 2 2 2 2
left_child=4 2 3 -2 7 6 -6 10 -9 -7 -1 -4
right_child=1 -3 11 -5 5 9 -8 8 -10 -11 -12 -13
leaf_value=-0.055945039719326628 -0.043373628661788934 -0.049591381952534014 -0.025476585252860395 -0.00011493507966814928 0.018630757296918071 0.13823525748222074 -0.014121374028475742 0.054751279113519305 0.023104621670978077 0.013863568812280009 0.0383830148258891 -0.051480578264577304
leaf_weight=9.2743860185146314 38.921544604003429 198.80322064831853 26.464545011520386 168.64663688838482 161.85554745420814 4.2224457636475554 124.40383995324373 46.966984450817108 491.646225258708 3.0100524798035622 3.242995172739028 73.511212345212698
leaf_count=61 644 4690 527 1701 1255 26 1060 199 2071 20 15 1839
internal_value=-0.000779286 -0.0322628 -0.0197355 -0.00839553 0.0182761 0.00692979 0.00439759 0.0246259 0.0259606 0.0944452 -0.030475 -0.0449175
internal_weight=1350.97 506.347 307.544 207.568 844.622 293.492 286.259 551.131 538.613 7.2325 12.5174 99.9758
internal_count=14108 9401 4711 2345 4707 2361 2315 2346 2270 46 76 2366
cat_boundaries=0 1 2 3 4
cat_threshold=5 10 1 1
is_linear=0
shrinkage=0.05


Tree=25
num_leaves=13
num_cat=4
split_feature=0 0 1 33 36 44 34 20 33 40 34 1
split_gain=309.208 35.7927 36.4276 26.8054 46.3392 43.5686 41.1955 21.2519 18.8145 5.96965 3.35575 0.698873
threshold=0 1 2 36.95000000000001 95.500000000000014 30.800000000000004 24.350000000000005 31.650000000000002 38.400000000000006 3.1500000000000008 24.350000000000005 3
decision_type=1 1 1 2 2 2 2 2 2 2 2 1
left_child=3 2 7 4 5 -1 -6 -2 9 -5 -4 -10
right_child=1 -3 10 8 6 -7 -8 -9 11 -11 -12 -13
leaf_value=0.10539085765574577 -0.038206915782820178 -0.049361468959176147 -0.051461674367355215 0.04806078172966019 0.027809774372107861 -0.01698284063688205 -0.0023385177423026044 0.00059579029557613671 0.003941149274453889 0.088812581919823982 -0.02830426265903643 -0.019031208149876407
leaf_weight=6.6935742646455756 44.231479026377201 189.88035022839904 68.188953168690205 31.385399661958218 503.2586443386972 134.66578151285648 145.95926433801651 160.36144384741783 7.2567518949508649 16.539159841835499 26.058750595897436 4.6972182840108871
leaf_count=36 700 4688 1701 166 2744 794 824 1629 30 84 622 30
internal_value=-0.000484599 -0.0317662 -0.0192308 0.0176733 0.0153952 -0.0104887 0.0210386 -0.0079381 0.0499073 0.0636524 -0.0454232 -0.00585796
internal_weight=1339.18 488.721 298.841 850.456 790.577 141.359 649.218 204.593 59.8785 47.9246 94.2477 11.954
internal_count=14048 9340 4652 4708 4398 830 3568 2329 310 250 2323 60
cat_boundaries=0 1 2 3 4
cat_threshold=5 10 1 1
is_linear=0
shrinkage=0.05


Tree=26
num_leaves=13
num_cat=3
split_feature=0 0 1 33 34 40 37 19 33 14 4 7
split_gain=285.125 33.6695 31.0466 21.2727 31.4074 40.2061 29.6303 21.0404 12.2898 7.32436 5.33836 2.44827
threshold=0 1 2 36.95000000000001 24.350000000000005 65.65000000000002 32.500000000000007 26.723611000000002 38.100000000000009 21.650000000000002 -0.67803021058859214 31.797917000000005
decision_type=1 1 1 2 2 2 2 2 2 2 2 2
left_child=3 2 7 4 6 -6 -1 -2 9 -5 -4 -10
right_child=1 -3 10 8 5 -7 -8 -9 11 -11 -12 -13
leaf_value=-0.005995683575258183 -0.04258530707338809 -0.049137414199741533 -0.022249423134634773 0.072786520476696759 -0.021093401212782324 0.029531938770889117 0.024197608075707606 -0.0012753672217879809 -0.0054434098514124889 0.027056000089032625 -0.051227597887961232 0.030979828895068007
leaf_weight=95.73330369964242 36.877142012119293 181.30457524210215 23.737897053360939 29.343831267207861 117.86634377762675 57.547396652400494 523.61527298763394 165.88499980419874 11.291332334280016 14.717140689492224 67.507800422608852 6.5303838998079291
leaf_count=564 651 4677 507 148 686 315 2832 1676 58 78 1842 32
internal_value=-0.000899256 -0.0315334 -0.019297 0.0162929 0.0142457 -0.00441166 0.0195285 -0.00896069 0.0445313 0.0584511 -0.0440117 0.00883996
internal_weight=1331.96 475.312 294.008 856.645 794.762 175.414 619.349 202.762 61.8827 44.061 91.2457 17.8217
internal_count=14066 9353 4676 4713 4397 1001 3396 2327 316 226 2349 90
cat_boundaries=0 1 2 3
cat_threshold=5 10 1
is_linear=0
shrinkage=0.05


Tree=27
num_leaves=13
num_cat=4
split_feature=0 0 1 19 1 33 4 4 4 40 37 34
split_gain=275.093 31.4635 29.2306 22.7937 20.831 22.3636 39.0773 13.9655 15.5634 15.5334 7.52022 4.48083
threshold=0 1 2 26.723611000000002 3 31.350000000000005 -0.92274349529687905 -0.95754239937548935 -0.19337636264337832 113.15000000000002 70.500000000000014 24.350000000000005
decision_type=1 1 1 2 1 2 2 2 2 2 2 2
left_child=4 2 3 -2 7 10 -7 9 -9 -1 -6 -4
right_child=1 -3 11 -5 5 6 -8 8 -10 -11 -12 -13
leaf_value=-0.021582008566777777 -0.044957914043808528 -0.048910191917097473 -0.051216445724590588 -0.0016540377224443358 -0.040429453208952665 0.067543270999298952 0.0039671384027727607 0.036553265673389311 0.017983929115801139 0.045902247466103677 0.037167207390584781 -0.024231637765908455
leaf_weight=33.39736770093441 36.208008266985416 173.24983081221581 63.187871057540178 166.24767562747002 29.630004908889532 25.916797466576099 238.44962828606367 173.20444555580616 333.5888989418745 10.347004592418669 2.6963827311992636 24.06958394497633
leaf_count=140 663 4679 1717 1688 246 165 1897 725 1416 42 21 617
internal_value=-0.000782198 -0.0313444 -0.0194351 -0.00958159 0.0161151 0.00559976 0.0104308 0.0220537 0.0243898 -0.0049506 -0.033036 -0.0441317
internal_weight=1310.19 462.963 289.713 202.456 847.231 296.693 264.366 550.538 506.793 43.7444 32.3264 87.2575
internal_count=14016 9364 4685 2351 4652 2329 2062 2323 2141 182 267 2334
cat_boundaries=0 1 2 3 4
cat_threshold=5 10 1 1
is_linear=0
shrinkage=0.05


Tree=28
num_leaves=13
num_cat=5
split_feature=0 0 1 1 0 38 34 44 33 32 42 43
split_gain=252.898 33.6807 31.646 22.9946 25.7337 20.6286 18.3835 17.6446 12.9873 24.3435 21.6917 3.64303
threshold=0 1 2 3 4 6.2392855000000003 23.450000000000003 29.700000000000003 35.45000000000001 27.296726500000002 6.5000000000000009 27.750000000000004
decision_type=1 1 1 1 1 2 2 2 2 2 2 2
left_child=3 2 5 8 7 -2 -6 -5 9 -1 -10 -4
right_child=1 -3 11 4 6 -7 -8 -9 10 -11 -12 -13
leaf_value=0.027179615439423422 0.039400159179635991 -0.048689111059515643 -0.049084054316379321 0.056443957804782355 -0.051915904885663069 -0.013221417051243876 -0.0028999593314986676 0.0092329321965254427 0.02790948417788662 0.0032543330696265093 0.092844489171232558 -0.019444882192838249
leaf_weight=277.19843149185181 19.780843894928694 165.77311833202839 69.665222939103842 21.179180040955544 28.082965813577175 180.55766282230616 56.266215655952692 190.8462058454752 90.461861565709114 172.57205444574356 14.417755112051962 14.301285952329634
leaf_count=1164 271 4683 1977 110 458 2071 707 1046 371 737 59 364
internal_value=-0.000381793 -0.0302653 -0.0181092 0.0156115 0.00453047 -0.00785583 -0.0175768 0.0135553 0.0217948 0.0180273 0.0376286 -0.0443241
internal_weight=1301.1 450.078 284.305 851.025 296.375 200.339 84.3492 212.025 554.65 449.77 104.88 83.9665
internal_count=14018 9366 4683 4652 2321 2342 1165 1156 2331 1901 430 2341
cat_boundaries=0 1 2 3 4 5
cat_threshold=5 10 1 1 4
is_linear=0
shrinkage=0.05


Tree=29
num_leaves=10
num_cat=4
split_feature=0 0 1 44 34 32 1 5 4
split_gain=234.55 34.3267 29.0995 20.1254 20.5793 18.5794 17.4053 10.1973 4.86172
threshold=0 1 2 52.000000000000007 20.250000000000004 26.463690500000002 3 0.99138911339924218 -0.67803021058859214
decision_type=1 1 1 2 2 2 1 2 2
left_child=3 2 5 4 7 -2 -6 -1 -4
right_child=1 -3 8 -5 6 -7 -8 -9 -10
leaf_value=-0.050266917331905595 -0.050616337909133419 -0.04848625516366617 -0.021732673108842578 -0.055227085724611796 0.022417677593910737 -0.0022907460956599168 0.007064047306922003 0.022366545723854214 -0.050858679805537314
leaf_weight=16.308461125940088 21.400277864187956 159.61623200774193 21.8925143443048 9.1101708561182004 542.76187737286091 178.44677682220936 281.32726849988103 6.0345196947455397 58.174714326858521
leaf_count=120 408 4720 516 65 2240 1933 2200 34 1805
internal_value=-0.000317344 -0.0295751 -0.0173658 0.014902 0.0158969 -0.00769186 0.0171912 -0.0305319 -0.0432612
internal_weight=1295.07 439.531 279.914 855.542 846.432 199.847 824.089 22.343 80.0672
internal_count=14041 9382 4662 4659 4594 2341 4440 154 2321
cat_boundaries=0 1 2 3 4
cat_threshold=5 10 1 1
is_linear=0
shrinkage=0.05


Tree=30
num_leaves=12
num_cat=3
split_feature=0 0 1 32 34 40 44 21 38 34 5
split_gain=212.227 29.3915 26.5303 18.6759 18.4016 17.6814 17.5355 10.2329 7.42566 4.11874 0.708962
threshold=0 1 2 27.107440500000003 20.250000000000004 132.00000000000003 52.000000000000007 19.200000000000003 7.547619000000001 24.350000000000005 0.97263757644091864
decision_type=1 1 1 2 2 2 2 2 2 2 2
left_child=4 2 3 -2 7 6 -6 -1 -7 -4 -9
right_child=1 -3 9 -5 5 8 -8 10 -10 -11 -12
leaf_value=0.028985813461727059 -0.032869460758768509 -0.048239788045783154 -0.05086496443692895 0.00090017727205291313 0.015897165463576678 -0.068290581657102431 -0.05384245863738784 -0.0542528865693108 -0.0016840219554917699 -0.023557064894710406 -0.018907368941404587
leaf_weight=4.7391609996557262 57.153379652649164 151.51477847807109 55.750320611521602 138.16209761425853 814.32950918003917 7.8419889956712714 8.1624866202473623 13.841076932847502 8.0424166247248632 21.908263470977545 3.1566165722906581
leaf_count=29 970 4685 1719 1340 4379 43 61 107 40 624 18
internal_value=-0.00149385 -0.0299712 -0.0183554 -0.00909862 0.0127786 0.0141165 0.0151405 -0.0315526 -0.0366641 -0.0435586 -0.0491042
internal_weight=1284.6 424.489 272.974 195.315 860.113 838.376 822.492 21.7369 15.8844 77.6586 16.9977
internal_count=14015 9338 4653 2310 4677 4523 4440 154 83 2343 125
cat_boundaries=0 1 2 3
cat_threshold=5 10 1
is_linear=0
shrinkage=0.05


Tree=31
num_leaves=13
num_cat=4
split_feature=0 0 1 0 34 4 33 22 36 26 44 4
split_gain=189.837 34.8879 28.1311 25.2695 23.5674 21.7027 18.6371 18.3318 23.0034 17.6647 8.38945 5.26276
threshold=0 1 2 3 21.050000000000004 0.056951373111866661 31.750000000000004 88.256944500000017 95.500000000000014 18.850000000000005 25.550000000000001 -0.67803021058859214
decision_type=1 1 1 1 2 2 2 2 2 2 2 2
left_child=3 2 6 7 10 -6 -2 8 -1 -9 -5 -4
right_child=1 -3 11 4 5 -7 -8 9 -10 -11 -12 -13
leaf_value=0.0034919683652015056 -0.046950301928966098 -0.048018005835577672 -0.019538648595965536 0.029994152683207348 0.019058192514247306 -0.006222619196225132 -0.00069272649861767109 -0.043615285263499531 0.029313305482575366 0.026092579344093616 -0.051548157371953778 -0.050646029146841
leaf_weight=114.85686352103949 23.910950262099504 145.05129682272673 20.465096052736044 2.9496577270329025 163.94232770428061 174.16581229120493 173.20768376067281 20.306196808815002 348.95294795930386 14.970564156770704 23.864219024777412 53.949734641239047
leaf_count=555 453 4693 515 21 1002 1114 1890 95 1620 70 184 1823
internal_value=-0.000737639 -0.0280317 -0.0159013 0.0126177 0.00236824 0.00605563 -0.00651254 0.0198991 0.0229402 -0.0141292 -0.0418222 -0.0424636
internal_weight=1280.59 416.585 271.533 864.009 364.922 338.108 197.119 499.087 463.81 35.2768 26.8139 74.4148
internal_count=14035 9374 4681 4661 2321 2116 2343 2340 2175 165 205 2338
cat_boundaries=0 1 2 3 4
cat_threshold=5 10 1 4
is_linear=0
shrinkage=0.05


Tree=32
num_leaves=13
num_cat=4
split_feature=0 0 1 33 36 44 34 34 33 36 4 1
split_gain=182.2 31.82 25.0158 19.8984 38.4588 31.3388 26.6553 18.4406 12.2474 5.96561 5.25216 1.27364
threshold=0 1 2 36.95000000000001 95.500000000000014 30.800000000000004 24.350000000000005 26.550000000000004 38.400000000000006 89.500000000000014 -0.67803021058859214 3
decision_type=1 1 1 2 2 2 2 2 2 2 2 1
left_child=3 2 7 4 5 -1 -6 -2 9 -5 -4 -10
right_child=1 -3 10 8 6 -7 -8 -9 11 -11 -12 -13
leaf_value=0.084001713218321172 -0.0098667797935121822 -0.047809880240854759 -0.019151066323492453 0.084966173474853079 0.020365951387183945 -0.018874678584964621 -0.0039174648622256969 0.095099749891313673 0.0083061925860699812 0.039801037030903964 -0.050524631846951662 -0.022059463500081172
leaf_weight=6.8429438360035411 191.18559393286705 139.42419574782252 20.22985652089119 9.8485154658555967 518.08030585199594 136.45558206737041 144.08565499633551 3.2828060388565055 7.1199621707200986 38.988265708088875 51.444113023579121 5.0870369449257851
leaf_count=36 2300 4718 516 49 2736 796 806 26 29 196 1823 33
internal_value=-0.00096061 -0.0281756 -0.0164004 0.0119818 0.0100036 -0.0134139 0.015084 -0.00761739 0.0394318 0.0504313 -0.0420549 -0.00506026
internal_weight=1272.07 405.567 266.142 866.508 805.464 143.299 662.166 194.468 61.0438 48.8368 71.674 12.207
internal_count=14064 9383 4665 4681 4374 832 3542 2326 307 245 2339 62
cat_boundaries=0 1 2 3 4
cat_threshold=5 10 1 1
is_linear=0
shrinkage=0.05


Tree=33
num_leaves=13
num_cat=3
split_feature=0 0 0 4 32 33 32 6 43 39 25 4
split_gain=156.936 36.5509 21.3444 24.062 40.0747 33.7785 21.2868 20.0942 20.4597 20.08 14.8901 12.809
threshold=0 1 2 0.056951373111866661 26.489881000000004 34.850000000000001 27.223809500000005 27.000000000000004 27.950000000000006 19.550000000000004 6.2694445000000005 0.98522604642031408
decision_type=1 1 1 2 2 2 2 2 2 2 2 2
left_child=2 6 7 4 -4 -5 10 8 -1 -9 -2 -8
right_child=1 -3 3 5 -6 -7 11 9 -10 -11 -12 -13
leaf_value=0.018336033275562203 0.0011908373381404362 -0.047551777730639733 -0.018233300161431064 -0.028287456695939885 0.032437135921611092 0.013961521025445426 0.0012910595248716431 -0.034496426381836608 0.052248915555226365 0.018893031613730189 -0.044080368012152212 -0.041449580730281745
leaf_weight=381.82411807775497 23.952757908031344 132.22528388351202 58.004551846534014 109.41384472325444 115.02689975127578 81.955430697649717 148.81331264786422 32.701663553714752 49.876560047268867 35.955104187130928 73.482278255745769 18.862346800044179
leaf_count=1783 517 4682 357 740 705 528 2253 151 228 168 1686 256
internal_value=-0.00060016 -0.0261892 0.0113455 0.00192485 0.0154439 -0.0102155 -0.0140645 0.0180174 0.0223659 -0.00666688 -0.0330522 -0.0037342
internal_weight=1262.09 397.336 864.758 364.401 173.031 191.369 265.111 500.357 431.701 68.6568 97.435 167.676
internal_count=14054 9394 4660 2330 1062 1268 4712 2330 2011 319 2203 2509
cat_boundaries=0 1 2 3
cat_threshold=5 10 4
is_linear=0
shrinkage=0.05


Tree=34
num_leaves=11
num_cat=3
split_feature=0 0 1 33 37 33 36 43 34 2
split_gain=146.27 33.6532 25.2889 19.44 17.1008 24.1254 25.0698 12.224 6.42893 3.32621
threshold=0 1 2 31.750000000000004 25.500000000000004 36.350000000000001 95.500000000000014 2.7500000000000004 24.350000000000005 3.5000000000000004
decision_type=1 1 1 2 2 2 2 2 2 2
left_child=4 2 3 -2 9 6 -6 -7 -4 -1
right_child=1 -3 8 -5 5 7 -8 -9 -10 -11
leaf_value=-0.063197747788853106 -0.048422434841831175 -0.047303983841273357 -0.050501011744146923 0.00031841517110840848 -0.013492119572698255 0.045090682999009424 0.012226001226660614 0.00040876418678381681 -0.01576754678435802 -0.014038601014879632
leaf_weight=7.4088764414191228 22.263299208134413 125.88886135257781 48.639808934181929 169.502995159477 109.86784413456917 71.531488761305809 656.31426490098238 19.42470009252429 19.85046199709177 7.0614448040723801
leaf_count=50 456 4662 1731 1880 649 368 3501 100 632 35
internal_value=-0.000960038 -0.0261445 -0.0144063 -0.00556205 0.010395 0.0114426 0.00852533 0.0356566 -0.040806 -0.0416665
internal_weight=1257.75 386.145 260.257 191.766 871.609 857.138 766.182 90.9562 68.4903 14.4703
internal_count=14064 9361 4699 2336 4703 4618 4150 468 2363 85
cat_boundaries=0 1 2 3
cat_threshold=5 10 1
is_linear=0
shrinkage=0.05


Tree=35
num_leaves=13
num_cat=4
split_feature=0 0 1 1 33 33 43 20 4 33 33 4
split_gain=143.281 29.4428 23.263 18.2282 19.6426 29.7767 17.9927 17.8118 12.5412 40.1871 28.6377 5.08962
threshold=0 1 2 3 36.95000000000001 32.850000000000001 0.55000000000000016 34.850000000000001 -0.76141707087277943 32.050000000000004 31.650000000000002 -0.69057362043749781
decision_type=1 1 1 1 2 2 2 2 2 2 2 2
left_child=3 2 7 8 5 -5 -6 -2 10 -10 -1 -4
right_child=1 -3 11 4 6 -7 -8 -9 9 -11 -12 -13
leaf_value=-0.031975449091170401 -0.016723273795358352 -0.0470834844972077 -0.017732180928288689 0.0092747405232449596 -0.014051237605763515 -0.023650171251429791 0.072070951496540178 0.016865911348472522 0.049299036210434875 0.011620074029308418 0.020152629269679263 -0.050299424527030082
leaf_weight=41.761794865131378 137.90720548853278 120.76602366939187 18.005422510206699 176.24446507170796 8.9686531201005 111.13188652321696 16.060805611312389 54.223189905285835 87.242468684911728 362.90741472691298 67.637197390198708 46.940398015081882
leaf_count=173 1913 4674 501 1257 63 929 96 440 367 1517 273 1831
internal_value=-0.00133332 -0.026602 -0.0154433 0.0098264 0.000259965 -0.00349558 0.0418571 -0.00720546 0.0153328 0.0190156 0.000143954 -0.0416764
internal_weight=1249.8 377.842 257.076 871.955 312.406 287.376 25.0295 192.13 559.549 450.15 109.399 64.9458
internal_count=14034 9359 4685 4675 2345 2186 159 2353 2330 1884 446 2332
cat_boundaries=0 1 2 3 4
cat_threshold=5 10 1 1
is_linear=0
shrinkage=0.05


Tree=36
num_leaves=13
num_cat=5
split_feature=0 0 1 19 0 34 1 5 22 43 44 4
split_gain=129.622 32.1312 25.9842 17.5185 16.7843 21.5445 21.792 19.3876 17.7125 8.89154 8.86669 4.09263
threshold=0 1 2 26.723611000000002 3 20.950000000000003 4 -0.99628250747696534 88.256944500000017 19.200000000000006 25.550000000000001 -0.69057362043749781
decision_type=1 1 1 2 1 2 1 2 2 2 2 2
left_child=4 2 3 -2 7 10 -7 9 -9 -1 -6 -4
right_child=1 -3 11 -5 5 6 -8 8 -10 -11 -12 -13
leaf_value=-0.062119752480888052 -0.039507425399829849 -0.046841654984821013 -0.020282895037283356 0.0015645565661852356 0.026740783440422484 0.011568227263416754 -0.017538821732198999 0.020406254373932051 -0.015941040350255602 0.012254053496707686 -0.058440648475033267 -0.050178531791756568
leaf_weight=10.407843053340914 29.940959576517344 115.34331360645592 17.988452736288309 160.93514120578766 3.0182575061917332 266.34725693613291 83.712502583861351 454.22967913001776 35.45918944478035 5.7621614485979071 18.524219285696745 44.449100660160184
leaf_count=49 668 4669 512 1692 21 1095 1092 2097 165 26 150 1814
internal_value=-0.00071919 -0.0251619 -0.0137517 -0.00505035 0.00974265 0.00149874 0.0045775 0.0156378 0.0177472 -0.0364466 -0.0458493 -0.042021
internal_weight=1246.12 368.657 253.314 190.876 877.461 371.602 350.06 505.859 489.689 16.17 21.5425 62.4376
internal_count=14050 9355 4686 2360 4695 2358 2187 2337 2262 75 171 2326
cat_boundaries=0 1 2 3 4 5
cat_threshold=5 10 1 4 1
is_linear=0
shrinkage=0.05


Tree=37
num_leaves=15
num_cat=2
split_feature=0 37 0 36 4 34 43 33 4 25 4 5 36 12
split_gain=126.761 28.7741 26.7205 33.0984 24.1307 35.5059 35.0723 32.5943 36.5025 24.2195 16.3587 16.0677 8.94339 0.479536
threshold=0 34.500000000000007 1 95.500000000000014 -0.065535378769913832 25.150000000000002 5.2500000000000009 31.650000000000002 -0.65234524191686594 10.068750000000003 0.90892735371523092 -0.92272482904738273 99.500000000000014 80.500000000000014
decision_type=1 2 1 2 2 2 2 2 2 2 2 2 2 2
left_child=4 2 3 -2 7 6 -6 8 -1 -9 -7 12 -3 -13
right_child=1 11 -4 -5 5 10 -8 9 -10 -11 -12 13 -14 -15
leaf_value=-0.027296939806764703 0.0010876745680957287 -0.025501344135846194 -0.035104300088829456 0.11349844150364347 0.0082471325482059259 0.042179530049173103 -0.018778930091540826 0.032254738731303904 0.021262545554701806 -0.01261342213169692 -0.0036373931441029067 -0.051440812877492505 0.035226246276866414 -0.012866433596026182
leaf_weight=74.076558899134398 25.082036700099707 24.905839392915372 23.932073721662164 7.8714434299617997 242.52812968753278 64.739952696487308 235.87922302260995 235.6624386254698 78.882690235972404 33.915144206956029 27.474502634257078 145.32408560812473 6.9750539343804112 1.5947882812470187
leaf_count=542 375 784 1019 129 1738 425 1685 1589 601 240 179 4449 208 53
internal_value=-0.000861498 -0.0329615 -0.00329965 0.0235536 0.00704233 0.000401275 -0.00508947 0.016155 -0.00227886 0.0265842 0.0286362 -0.0441609 -0.0115478 -0.0511119
internal_weight=1228.84 235.685 56.8856 32.9535 993.159 570.622 478.407 422.537 152.959 269.578 92.2145 178.8 31.8809 146.919
internal_count=14016 7017 1523 504 6999 4027 3423 2972 1143 1829 604 5494 992 4502
cat_boundaries=0 1 2
cat_threshold=7 8
is_linear=0
shrinkage=0.05


Tree=38
num_leaves=15
num_cat=4
split_feature=0 37 0 38 37 34 0 36 44 44 5 5 1 33
split_gain=111.475 24.519 23.4327 39.52 31.6419 30.9228 23.3529 34.2196 19.2621 24.5855 18.1538 13.2764 11.5851 1.18883
threshold=0 34.500000000000007 1 6.2392855000000003 53.500000000000007 26.550000000000004 2 95.500000000000014 44.100000000000001 40.850000000000009 -0.90892157495189674 0.19969739736768835 3 36.350000000000001
decision_type=1 2 1 2 2 2 1 2 2 2 2 2 1 2
left_child=2 6 8 4 -4 -5 7 -2 9 -1 12 -10 -3 -12
right_child=1 10 3 5 -6 -7 -8 -9 11 -11 13 -13 -14 -15
leaf_value=0.01222792907740097 -0.0041749185021079738 0.011828664136644795 -0.028282780367160851 -0.0088772319122259694 0.058409969150477838 0.093651749358692235 -0.034877262157214602 0.10655459320968166 0.0011018259764745369 0.044262006044064182 -0.052138228671767574 -0.049795789437548747 -0.047252977597781673 -0.02647023533192008
leaf_weight=366.6769849434495 25.853682909160852 22.040705595165491 13.268345898017285 426.56448110938072 41.922089679166675 6.4877180345356456 23.507246036082506 8.5210490897297841 59.565285086631775 70.977352097630501 129.73045411519706 15.308991789817808 12.031994828954337 7.9856796581298104
leaf_count=1673 398 542 133 4108 389 49 1034 128 284 330 4228 72 537 203
internal_value=-0.00142329 -0.0319868 0.00587641 -0.00198465 0.0374357 -0.00712898 -0.00511394 0.0198877 0.0132493 0.0175122 -0.0428104 -0.00982397 -0.00978709 -0.0508514
internal_weight=1230.44 229.671 1000.77 488.243 55.1904 433.052 57.882 34.3747 512.529 437.654 171.789 74.8743 34.0727 137.716
internal_count=14108 7070 7038 4679 522 4157 1560 526 2359 2003 5510 356 1079 4431
cat_boundaries=0 1 2 3 4
cat_threshold=7 4 8 1
is_linear=0
shrinkage=0.05


Tree=39
num_leaves=15
num_cat=1
split_feature=1 6 33 38 36 43 40 4 5 5 23 8 44 35
split_gain=37.116 19.7251 27.4191 25.4542 19.3585 19.3081 30.7493 26.2295 18.5499 28.2335 12.5273 17.8812 9.49928 6.82128
threshold=0 2.5000000000000004 34.95000000000001 11.772321500000002 95.500000000000014 27.750000000000004 99.000000000000014 0.63920241694561786 -0.84313311835787952 -0.18493013702746816 99.500000000000014 33.550000000000004 34.000000000000007 86.755952500000021
decision_type=1 2 2 2 2 2 2 2 2 2 2 2 2 2
left_child=1 10 4 -4 -3 8 7 -7 13 -10 11 -1 -8 -2
right_child=5 2 3 -5 -6 6 12 -9 9 -11 -12 -13 -14 -15
leaf_value=-0.031752592377827259 -0.051573124483363347 -0.034053525940452987 0.042532398890947926 -0.012998817185693482 0.0070486726540434034 0.073825641315962615 0.027439832857915871 -0.030120611742790099 0.01107765722283841 -0.02286039374292699 0.040861074147808416 0.00094054824340775796 -0.029587824444782081 -0.011729508718026386
leaf_weight=68.81145091354847 47.019783087074757 29.546157145872712 96.776168283075094 25.651381740346551 462.96010165661573 22.882764734327797 8.4800479710102064 7.5122351367026559 88.448199287056923 194.93027226999402 10.928410809487103 104.18497189506888 32.595309961587191 14.744230747222899
leaf_count=657 841 281 736 195 4208 340 124 127 1363 3424 97 826 521 251
internal_value=-0.000792885 0.00551593 0.00981001 0.0308863 0.00451889 -0.0128743 0.0106648 0.0479938 -0.0177654 -0.0122659 -0.00881631 -0.0121713 -0.0174421 -0.0424001
internal_weight=1215.47 798.859 614.934 122.428 492.506 416.613 71.4704 30.395 345.142 283.378 183.925 172.996 41.0754 61.764
internal_count=13991 7000 5420 931 4489 6991 1112 467 5879 4787 1580 1483 645 1092
cat_boundaries=0 1
cat_threshold=1
is_linear=0
shrinkage=0.05


Tree=40
num_leaves=10
num_cat=4
split_feature=0 0 1 44 32 1 37 40 34
split_gain=109.863 28.5578 22.268 15.8897 15.3883 14.5863 16.6066 11.7565 5.36326
threshold=0 1 2 52.000000000000007 27.223809500000005 3 65.500000000000014 0.35000000000000003 24.350000000000005
decision_type=1 1 1 2 2 1 2 2 2
left_child=3 2 4 5 -2 7 -7 -1 -4
right_child=1 -3 8 -5 -6 6 -8 -9 -10
leaf_value=0.04192029030177926 -0.026990083886818596 -0.046146281788035863 -0.050115303178696329 -0.054568343746071668 0.0040908504800679845 -0.0040796021763288975 0.028827713623961006 0.01236261780718987 -0.015795166611571834
leaf_weight=35.205916337668896 56.336061332374811 101.4743293877691 41.646898316219449 8.8048422038555128 129.70943750813603 262.07286712527275 43.879507921636105 525.18577609211206 17.195980010554194
leaf_count=158 1081 4668 1742 66 1247 2001 302 2158 632
internal_value=-0.000752085 -0.0241428 -0.0134334 0.00869865 -0.00541468 0.00950411 0.000718486 0.0142909 -0.0405173
internal_weight=1221.51 346.363 244.888 875.149 186.045 866.344 305.952 560.392 58.8429
internal_count=14055 9370 4702 4685 2328 4619 2303 2316 2374
cat_boundaries=0 1 2 3 4
cat_threshold=5 10 1 1
is_linear=0
shrinkage=0.05


Tree=41
num_leaves=9
num_cat=3
split_feature=0 0 1 34 4 6 43 39
split_gain=97.1945 33.603 39.2877 26.7341 20.3477 18.4764 23.7541 17.4854
threshold=0 1 2 20.950000000000003 -0.12546116083924147 27.000000000000004 27.950000000000006 19.550000000000004
decision_type=1 1 1 2 2 2 2 2
left_child=-1 5 3 -3 -4 6 -2 -7
right_child=1 2 4 -5 -6 7 -8 -9
leaf_value=-0.045898551773032183 0.012811787993130114 -0.046387041135991854 -0.0071121268010244949 0.005673283616012402 -0.044974342329571516 -0.036280241883871807 0.048459652878582699 0.013419783502771619
leaf_weight=97.133715465664864 383.24524196237326 25.113179985433817 67.735630288720131 443.05033646523952 74.56628543138504 33.00546783208847 52.503717839717865 36.093046858906746
leaf_count=4671 1766 254 1437 3249 2110 152 235 167
internal_value=-0.000628768 0.00372916 -0.00415066 0.00278775 -0.0271273 0.0131428 0.0172081 -0.0104987
internal_weight=1212.45 1115.31 610.465 468.164 142.302 504.847 435.749 69.0985
internal_count=14041 9370 7050 3503 3547 2320 2001 319
cat_boundaries=0 1 2 3
cat_threshold=48 4 1
is_linear=0
shrinkage=0.05


Tree=42
num_leaves=10
num_cat=3
split_feature=0 0 1 38 44 39 44 44 34
split_gain=95.156 27.3889 19.4935 18.7615 14.3652 18.6107 24.6565 9.26694 5.72228
threshold=0 1 2 6.0776785000000002 52.000000000000007 27.750000000000004 48.050000000000004 49.150000000000006 24.350000000000005
decision_type=1 1 1 2 2 2 2 2 2
left_child=4 2 3 -2 5 6 -1 -7 -4
right_child=1 -3 8 -5 -6 7 -8 -9 -10
leaf_value=0.008800533563003218 0.046374821086017023 -0.045684498435244074 -0.049924601980966543 -0.010413131473121172 -0.053801239725075126 0.017835918354343835 -0.039823602528493145 0.085478048249490374 -0.013439537816545484
leaf_weight=821.2970616966486 14.882852926850317 93.699020182713866 38.11381390877068 173.00395985692739 8.3842434585094434 10.305814452469351 25.949055630713701 10.402034066617487 16.102915769442916
leaf_count=4372 213 4707 1708 2148 64 54 141 54 622
internal_value=-0.000994317 -0.0231863 -0.012872 -0.00569315 0.00770263 0.00844661 0.0072661 0.0541865 -0.0395278
internal_weight=1212.14 335.803 242.104 187.887 876.338 867.954 847.246 20.7078 54.2167
internal_count=14083 9398 4691 2361 4685 4621 4513 108 2330
cat_boundaries=0 1 2 3
cat_threshold=5 10 1
is_linear=0
shrinkage=0.05


Tree=43
num_leaves=9
num_cat=3
split_feature=0 0 1 5 34 26 5 44
split_gain=85.0576 26.6872 29.228 23.7701 19.1115 16.5552 42.8739 21.4936
threshold=0 1 2 0.063390085881955258 23.450000000000003 14.65 0.53312596302726967 30.050000000000001
decision_type=1 1 1 2 2 2 2 2
left_child=-1 5 3 -3 -4 6 -2 -7
right_child=1 2 4 -5 -6 7 -8 -9
leaf_value=-0.045395019237511484 -0.040451300005380164 -0.0088587137342795857 -0.051381972553632228 0.013771628827608299 -0.011493121489626341 0.059255830904064756 0.034061809125240601 0.012190335669844876
leaf_weight=89.077733049169183 45.971274003386497 252.8295229524374 44.328578632324934 212.76154183410108 91.417505072429776 24.899764224886894 31.825851410627365 408.46837730705738
leaf_count=4677 211 1896 1367 1608 2114 109 146 1877
internal_value=-0.00124291 0.00271324 -0.0044028 0.00149004 -0.0247995 0.011001 -0.00992347 0.0150247
internal_weight=1201.58 1112.5 601.337 465.591 135.746 511.165 77.7971 433.368
internal_count=14005 9328 6985 3504 3481 2343 357 1986
cat_boundaries=0 1 2 3
cat_threshold=48 4 1
is_linear=0
shrinkage=0.05


Tree=44
num_leaves=15
num_cat=4
split_feature=0 37 0 4 0 38 32 37 34 34 5 5 1 33
split_gain=87.0314 27.3281 20.2813 26.7214 18.1341 30.4169 19.7701 18.7431 17.8158 39.3104 20.4357 15.9143 8.45339 1.27009
threshold=0 34.500000000000007 1 0.90892735371523092 2 6.0776785000000002 26.489881000000004 53.500000000000007 24.350000000000005 25.150000000000002 -0.99465740988130902 -0.90892157495189674 3 36.350000000000001
decision_type=1 2 1 2 1 2 2 2 2 2 2 2 1 2
left_child=4 2 3 -2 8 7 -7 -6 10 -10 -1 12 -3 -13
right_child=1 11 -4 -5 5 6 -8 -9 9 -11 -12 13 -14 -15
leaf_value=-0.044204319711640148 0.061497774830577161 0.0084376557391422635 -0.032148322129623347 -0.027946613062010933 -0.026556374346296509 -0.02885175095940111 -0.00092588072557507443 0.052788401367470483 -0.02403051763990589 0.032027934902737254 0.019598310697436203 -0.052001240908082495 -0.04613187067360517 -0.025160849253652248
leaf_weight=12.074060842394827 20.594089604914188 20.846284434199333 18.801396403461695 12.857207091525195 8.6636489033699018 75.868545496836305 361.52258736267686 35.874919537454844 85.395100489258766 48.025720745325089 366.48504520207644 111.24769935570657 9.5785678066313285 7.5233042854815713
leaf_count=56 335 545 1028 182 90 817 3436 332 406 213 1662 4205 533 206
internal_value=-0.000934309 -0.0299954 -0.000325588 0.0211631 0.00522905 -0.00175179 -0.00582458 0.03711 0.0116988 -0.00376375 0.0174522 -0.0423124 -0.00966362 -0.0505254
internal_weight=1195.36 201.449 52.2527 33.4513 993.91 481.93 437.391 44.5386 511.98 133.421 378.559 149.196 30.4249 118.771
internal_count=14046 7034 1545 517 7012 4675 4253 422 2337 619 1718 5489 1078 4411
cat_boundaries=0 1 2 3 4
cat_threshold=7 8 4 1
is_linear=0
shrinkage=0.05


Tree=45
num_leaves=9
num_cat=3
split_feature=0 0 1 39 27 34 32 4
split_gain=82.0585 24.8063 22.0373 17.5275 33.5428 27.8354 16.0917 4.93295
threshold=0 1 2 20.000000000000004 0.65000000000000002 22.650000000000002 26.463690500000002 -0.67803021058859214
decision_type=1 1 1 2 2 2 2 2
left_child=-1 3 6 4 -2 -5 -3 -4
right_child=1 2 7 5 -6 -7 -8 -9
leaf_value=-0.044923008090822461 0.031486838234434045 -0.049093084912054781 -0.014447744877685048 -0.013161035823856802 -0.0068601265896340502 0.019328110455774622 0.0020466701641900418 -0.049643350014716231
leaf_weight=82.405510844662786 68.245508175343275 15.920873060822485 15.159711768850682 77.820662017911673 322.17280219122767 409.15373869612813 168.50112727284431 35.456495994701982
leaf_count=4701 380 412 524 450 1704 2140 1916 1825
internal_value=0.000108974 0.00385104 -0.0102711 0.00771444 -9.37213e-05 0.0141199 -0.0026091 -0.0395863
internal_weight=1194.84 1112.43 235.038 877.393 390.418 486.974 184.422 50.6162
internal_count=14052 9351 4677 4674 2084 2590 2328 2349
cat_boundaries=0 1 2 3
cat_threshold=48 5 1
is_linear=0
shrinkage=0.05


Tree=46
num_leaves=9
num_cat=3
split_feature=0 0 1 21 37 36 39 36
split_gain=76.2876 29.8119 28.7694 21.2362 18.4603 14.2422 24.6056 23.24
threshold=0 1 2 26.550000000000004 64.500000000000014 95.500000000000014 20.000000000000004 93.500000000000014
decision_type=1 1 1 2 2 2 2 2
left_child=-1 5 3 -3 -4 7 -7 -2
right_child=1 2 4 -5 -6 6 -8 -9
leaf_value=-0.044673649433781146 0.011817368662948562 -0.00053731889226272297 -0.035199402911815461 0.062319482258026637 0.0088982373688008508 0.0049239856196507288 0.029834538857915767 -0.03561697319729331
leaf_weight=79.184607615694404 80.484487242996693 454.74695096723735 101.50630581192672 12.845981642603872 30.427084205672145 213.13240224123001 185.11188840121031 36.810939468443394
leaf_count=4716 370 3452 2900 74 638 959 835 183
internal_value=-0.000431901 0.0031194 -0.00443965 0.00131883 -0.025039 0.011819 0.0165486 -0.00324424
internal_weight=1194.25 1115.07 599.526 467.593 131.933 515.54 398.244 117.295
internal_count=14127 9411 7064 3526 3538 2347 1794 553
cat_boundaries=0 1 2 3
cat_threshold=48 4 1
is_linear=0
shrinkage=0.05


Tree=47
num_leaves=15
num_cat=1
split_feature=1 43 40 5 5 33 5 5 36 26 44 32 4 33
split_gain=20.9464 17.7492 27.3962 22.5698 23.0177 21.3239 15.9228 25.2272 30.178 19.0644 8.08639 5.2971 4.16061 3.59536
threshold=0 27.750000000000004 103.60000000000001 -0.90161545992537195 -0.18493013702746816 32.550000000000004 0.98005052076767474 0.063390085881955258 95.500000000000014 14.750000000000002 34.000000000000007 27.501190500000003 -0.14250824554987662 32.050000000000004
decision_type=1 2 2 2 2 2 2 2 2 2 2 2 2 2
left_child=6 3 5 13 -5 -3 7 9 -9 -1 -4 12 -8 -2
right_child=1 2 10 4 -6 -7 11 8 -10 -11 -12 -13 -14 -15
leaf_value=-0.029930482017233379 -0.022649359477159944 0.078240996413311253 0.023836552330604804 0.0099986077577194823 -0.019892900607170118 0.00038962309749099658 -0.056013186931417151 -0.0023432237491734452 0.028699106176888752 0.0016891987771034571 -0.03063758542266309 -0.049008748784200522 -0.0014078297762428558 -0.055686532976676174
leaf_weight=53.654538039118052 13.552194650284944 18.834798700176179 8.1304579824209195 98.134892641566694 183.64566253311932 15.822233677841721 3.2453699093312052 131.28790904209018 192.44353277608752 372.38481943216175 27.547267719171941 15.218434533104299 19.875685256905854 33.077055161818862
leaf_count=484 238 281 118 1604 3406 278 31 1110 1760 3306 444 130 192 660
internal_value=-0.000701399 -0.0100256 0.0126371 -0.0149029 -0.00948413 0.0437066 0.00402292 0.00564295 0.0161416 -0.00235368 -0.0179123 -0.0269966 -0.0110769 -0.0467618
internal_weight=1186.85 398.745 70.3348 328.41 281.781 34.657 788.11 749.771 323.731 426.039 35.6777 38.3395 23.1211 46.6292
internal_count=14042 7029 1121 5908 5010 559 7013 6660 2870 3790 562 353 223 898
cat_boundaries=0 1
cat_threshold=1
is_linear=0
shrinkage=0.05


Tree=48
num_leaves=9
num_cat=2
split_feature=0 0 32 4 34 39 36 5
split_gain=72.7647 19.6986 25.495 30.6314 17.9251 28.1473 19.6168 10.629
threshold=0 1 26.489881000000004 0.056951373111866661 23.850000000000005 18.650000000000002 95.500000000000014 -0.55656394595157355
decision_type=1 1 2 2 2 2 2 2
left_child=-1 4 7 -4 6 -6 -2 -3
right_child=1 2 3 -5 5 -7 -8 -9
leaf_value=-0.044381961112245537 -0.0063181955595566887 0.024929942479861928 0.017726660487231455 -0.0079548287077287685 -0.034654955306242463 0.008774189819798035 0.025688158710671455 -0.031933165812872345
leaf_weight=75.570953788235784 60.450542360544205 8.3393501443788391 182.45178085099906 315.32499974872917 45.569011926651001 186.63049735873938 222.95606960356236 86.270823854021728
leaf_count=4708 294 112 2152 3516 215 851 989 1243
internal_value=-0.000222272 0.00319832 -0.00301354 0.00147496 0.0102491 0.000139188 0.018863 -0.0267127
internal_weight=1183.56 1107.99 592.387 497.777 515.606 232.2 283.407 94.6102
internal_count=14080 9372 7023 5668 2349 1066 1283 1355
cat_boundaries=0 1 2
cat_threshold=48 4
is_linear=0
shrinkage=0.05


Tree=49
num_leaves=9
num_cat=2
split_feature=0 0 34 4 5 22 43 44
split_gain=68.0816 22.3379 26.53 20.6395 16.5705 14.9903 7.20539 3.84657
threshold=0 1 20.950000000000003 0.98522604642031408 -0.99465740988130902 88.145833500000023 19.200000000000006 25.550000000000001
decision_type=1 1 2 2 2 2 2 2
left_child=-1 4 7 -4 6 -6 -2 -3
right_child=1 2 3 -5 5 -7 -8 -9
leaf_value=-0.044053871831654372 -0.058186170646488192 -0.00048187912271675597 0.0014028269998816905 -0.035348484542759226 0.014987014350062859 -0.016257917713359032 0.0055824530061345211 -0.055782126516539667
leaf_weight=71.784694964066148 11.236016929149629 3.583236948587003 525.18684500921518 40.194791290909052 456.39116887003183 41.091187834739685 6.6886845976114264 25.753723736852407
leaf_count=4674 55 58 6096 437 2069 187 30 456
internal_value=-0.00030267 0.00293362 -0.00365287 -0.00126774 0.0104512 0.0123788 -0.035353 -0.0492662
internal_weight=1181.91 1110.13 594.719 565.382 515.407 497.482 17.9247 29.337
internal_count=14062 9388 7047 6533 2341 2256 85 514
cat_boundaries=0 1 2
cat_threshold=48 4
is_linear=0
shrinkage=0.05


Tree=50
num_leaves=15
num_cat=1
split_feature=0 37 6 5 8 34 36 36 6 5 37 34 32 8
split_gain=66.5123 25.5395 21.5031 19.5513 18.2533 19.6762 16.5004 18.7442 15.1976 14.7034 13.5969 13.1824 10.5278 6.38623
threshold=0 34.500000000000007 2.5000000000000004 -0.91595872546125101 33.350000000000001 21.550000000000004 95.500000000000014 98.500000000000014 1.5000000000000002 -0.46800559042974538 28.500000000000004 22.650000000000002 27.223809500000005 35.45000000000001
decision_type=1 2 2 2 2 2 2 2 2 2 2 2 2 2
left_child=2 6 8 12 5 -4 9 -8 11 -2 -6 -1 -3 -10
right_child=1 3 4 -5 10 -7 7 -9 13 -11 -12 -13 -14 -15
leaf_value=-0.023082026599596177 0.088361052971532295 -0.042370865915655899 0.029348514362827455 -0.050644198037351498 -0.0089555232617310881 0.0012013731508833982 0.084320583977521679 -0.042805361098639007 -0.052405395578743741 -0.024687138149909051 0.030207147539332659 0.0046056422436475284 0.02012306330194627 0.012042894352678656
leaf_weight=62.293265267275274 2.1576515417546025 9.6374033726751822 68.970104878768325 104.17843050975353 26.27430504001677 552.12510906998068 9.0030864756554347 3.3642080510035148 24.215458855964247 33.811495066620409 128.26191274821758 133.24264450185001 17.404166674241424 4.1438043154776087
leaf_count=470 59 426 541 4424 183 3862 272 109 199 1089 860 916 617 27
internal_value=-0.00089359 -0.0279748 0.00423172 -0.0408943 0.00821291 0.00436915 0.00154595 0.049124 -0.00934721 -0.0156991 0.0235339 -0.00428758 -0.00286602 -0.0428989
internal_weight=1179.08 179.556 999.527 131.22 775.631 621.095 48.3364 12.3673 223.895 35.9691 154.536 195.536 27.0416 28.3593
internal_count=14054 6996 7058 5467 5446 4403 1529 381 1612 1148 1043 1386 1043 226
cat_boundaries=0 1
cat_threshold=7
is_linear=0
shrinkage=0.05


Tree=51
num_leaves=13
num_cat=2
split_feature=0 37 5 37 34 34 24 0 4 32 5 33
split_gain=60.9709 24.0008 21.0595 15.5185 18.0681 36.932 16.5708 15.2513 15.7472 11.0984 1.84728 0.852728
threshold=0 34.500000000000007 -0.90892157495189674 25.500000000000004 25.150000000000002 24.450000000000003 63.500000000000007 1 0.89787622492179153 27.223809500000005 -0.16799793862756093 36.350000000000001
decision_type=1 2 2 2 2 2 2 1 2 2 2 2
left_child=3 7 9 10 5 -5 -6 8 -2 -3 -1 -4
right_child=1 2 11 4 6 -7 -8 -9 -10 -11 -12 -13
leaf_value=-0.019586288635991399 0.051215755069846519 -0.042363278220992742 -0.051742720879656035 0.007011295933664472 0.031822757819517974 -0.021589990624223485 -0.045907508179075213 -0.029311218029475401 -0.017526984782133031 0.020953606331550727 -0.057084204332914626 -0.024631388796080008
leaf_weight=7.1053899601101902 20.186899638734758 9.7213104814291018 94.130340271629393 753.22658659145236 85.833263993263245 131.7436766512692 6.5736159924417725 15.021111810579894 13.06729973386973 18.528777046129107 9.2051105750724656 5.7777783945202819
leaf_count=43 320 449 4243 5325 550 976 44 1012 192 647 86 186
internal_value=-0.000821393 -0.0269877 -0.0397516 0.00407734 0.00494468 0.00273392 0.0258609 0.00153901 0.0189484 -0.00153817 -0.042824 -0.0504345
internal_weight=1170.12 176.434 128.158 993.688 977.377 884.97 92.4069 48.2753 33.2542 28.2501 16.3105 99.9081
internal_count=14073 7049 5525 7024 6895 6301 594 1524 512 1096 129 4429
cat_boundaries=0 1 2
cat_threshold=7 8
is_linear=0
shrinkage=0.05


Tree=52
num_leaves=7
num_cat=3
split_feature=0 37 0 1 33 5
split_gain=59.1792 18.6335 17.7402 17.359 15.3302 1.85229
threshold=0 25.500000000000004 1 2 36.050000000000004 -0.15101602693478736
decision_type=1 2 1 1 2 2
left_child=-1 5 4 -4 -3 -2
right_child=1 2 3 -5 -6 -7
leaf_value=-0.043365887669878499 -0.024648398865668785 0.0040496865940523935 -0.0024497394239729776 -0.036976308778286594 0.024808037271278817 -0.059590645532300847
leaf_weight=64.845650142990053 9.3167425990104693 763.20504543371499 176.41208130866289 44.925364838913083 99.780204698443413 10.192707657814024
leaf_count=4714 70 4078 2287 2296 507 109
internal_value=-0.000639663 0.00227919 0.00319001 -0.0091796 0.00640165 -0.0449194
internal_weight=1168.68 1103.83 1084.32 221.337 862.985 19.5095
internal_count=14061 9347 9168 4583 4585 179
cat_boundaries=0 1 2 3
cat_threshold=48 5 1
is_linear=0
shrinkage=0.05


Tree=53
num_leaves=9
num_cat=2
split_feature=0 0 32 4 35 34 34 25
split_gain=55.7027 17.1411 25.2317 26.7419 15.0276 14.9739 36.9951 18.046
threshold=0 1 26.570536000000001 0.056951373111866661 88.092262000000019 24.350000000000005 24.950000000000003 5.5513890000000012
decision_type=1 1 2 2 2 2 2 2
left_child=-1 5 4 -4 -3 7 -7 -2
right_child=1 2 3 -5 -6 6 -8 -9
leaf_value=-0.043077039737757616 -0.022204853035694996 -0.036236338895198963 0.016742037517500582 -0.0077349579468632777 0.0087458984221190621 -0.031999889556453616 0.020065309004984148 0.017014018527683496
leaf_weight=62.225713038817048 31.158894404768944 80.808936243876815 171.3052437659353 315.67519334517419 23.57906696293503 66.246279172599316 68.304574653506279 349.17359153926373
leaf_count=4715 138 1207 2009 3491 296 315 309 1575
internal_value=-0.00084315 0.00194075 -0.00384187 0.000891986 -0.0260892 0.00852379 -0.00561602 0.0137512
internal_weight=1168.48 1106.25 591.368 486.98 104.388 514.883 134.551 380.332
internal_count=14055 9340 7003 5500 1503 2337 624 1713
cat_boundaries=0 1 2
cat_threshold=48 4
is_linear=0
shrinkage=0.05


Tree=54
num_leaves=9
num_cat=3
split_feature=0 1 0 40 34 5 5 32
split_gain=53.12 18.3333 20.8059 20.0249 17.6702 14.6454 21.9162 11.4212
threshold=0 1 2 2.8500000000000001 23.650000000000002 0.96849880583763492 0.063390085881955258 26.291964000000004
decision_type=1 1 1 2 2 2 2 2
left_child=-1 5 3 -3 -4 6 -2 -7
right_child=1 2 4 -5 -6 7 -8 -9
leaf_value=-0.042713463901050713 0.00099213854903475326 0.028612314144822567 -0.045702678566612122 -0.0058109756473880914 -0.0076461880980593575 0.022736019391690922 0.019017639850460705 -0.034176638394079167
leaf_weight=59.105465159751475 404.49133800901473 53.846073493361473 53.827180908061564 182.99833859503269 69.862281253561378 10.910994123667477 288.33221986889839 34.860546251758933
leaf_count=4670 2552 266 1727 915 1781 85 1812 219
internal_value=-0.000510703 0.00216409 -0.0070464 0.00201765 -0.0226267 0.00669276 0.00851041 -0.0204138
internal_weight=1158.23 1099.13 360.534 236.844 123.689 738.595 692.824 45.7715
internal_count=14027 9357 4689 1181 3508 4668 4364 304
cat_boundaries=0 1 2 3
cat_threshold=48 1 4
is_linear=0
shrinkage=0.05


Tree=55
num_leaves=7
num_cat=1
split_feature=0 37 33 36 25 21
split_gain=50.0026 19.567 17.3404 30.5342 11.9747 1.64173
threshold=0 25.500000000000004 36.050000000000004 95.500000000000014 11.313888500000003 26.250000000000004
decision_type=1 2 2 2 2 2
left_child=-1 5 3 -3 -4 -2
right_child=1 2 4 -5 -6 -7
leaf_value=-0.042379423640767022 -0.060837914607328417 -0.021378757875225571 0.035335293434250979 0.0041417657803771782 0.0055469793312678877 -0.024931063758131974
leaf_weight=56.470321361906826 10.681799170561137 136.01769216079265 62.79847973678261 809.5745247611776 72.549871047958732 7.4252378791570655
leaf_count=4655 115 1208 468 6991 537 57
internal_value=-0.000596481 0.00195443 0.00285622 0.000452087 0.0195259 -0.0481889
internal_weight=1155.52 1099.05 1080.94 945.592 135.348 18.107
internal_count=14031 9376 9204 8199 1005 172
cat_boundaries=0 1
cat_threshold=48
is_linear=0
shrinkage=0.05


Tree=56
num_leaves=15
num_cat=2
split_feature=0 20 19 5 1 6 4 8 34 34 39 19 39 37
split_gain=48.0934 24.4777 24.2275 16.47 16.0105 14.3978 19.501 17.7971 16.4264 33.8096 21.8501 11.7802 11.2084 11.2083
threshold=0 35.45000000000001 29.327778000000006 -0.92272482904738273 1 2.5000000000000004 -0.31799228562170639 33.150000000000013 21.550000000000004 21.250000000000004 20.000000000000004 27.181944500000004 20.250000000000004 28.500000000000004
decision_type=1 2 2 2 1 2 2 2 2 2 2 2 2 2
left_child=5 3 4 11 -3 6 -1 -8 9 -7 -10 -2 -4 -5
right_child=1 2 12 13 -6 8 7 -9 10 -11 -12 -13 -14 -15
leaf_value=0.025293888686878693 -0.046149369646855488 0.083620154083962658 0.081035896538368568 0.014386319342597856 -0.037569121959194561 0.0099474801893314826 -0.038692094764545014 -0.0045422107254986781 -0.0055775706461807474 0.087356065122314419 0.01219807366576175 0.024570112182450306 -0.04011048447579723 -0.049532961061365961
leaf_weight=36.129859333857894 7.9234868930652764 11.394074215553703 1.2170740840956593 6.9490743344649664 2.8602962540462604 60.7038478795439 52.738935676403344 132.66024231631309 316.2905383259058 17.506538529880345 379.09671490825713 16.315185369923711 15.728965564630924 97.033312742598355
leaf_count=253 399 216 29 264 225 490 437 923 2219 122 2603 611 517 4761
internal_value=-0.000846274 -0.0253951 0.0124229 -0.0365877 0.0584335 0.00332957 -0.00785168 -0.014412 0.00658044 0.0281586 0.00411659 0.000539757 -0.027379 -0.0451649
internal_weight=1154.55 159.421 31.2004 128.221 14.2544 995.127 221.529 185.399 773.598 78.2104 695.387 24.2387 16.946 103.982
internal_count=14069 7022 987 6035 441 7047 1613 1360 5434 612 4822 1010 546 5025
cat_boundaries=0 1 2
cat_threshold=7 1
is_linear=0
shrinkage=0.05


end of trees

feature_importances:
age_group=131
gender=80
temperature_min_7d=61
day_of_year_sin=60
temperature_max_7d=50
day_of_year_cos=35
wind_gust_max_7d=28
temperature_mean_7d=25
humidity_min_7d=23
humidity_max_7d=21
wind_speed_max_7d=18
temperature_mean_3d=15
precipitation_sum_7d=13
rain_max_daily_7d=13
weather_code_current=12
wind_speed_mean_7d=9
temperature_max_3d=7
wind_speed_mean_3d=5
wind_speed_max_3d=5
month=4
temperature_max_current=4
temperature_mean_current=3
precipitation_sum_current=3
temperature_min_3d=3
humidity_mean_3d=3
humidity_mean_7d=3
rain_days_7d=3
wind_gust_max_3d=2
humidity_min_current=1
wind_speed_mean_current=1
wind_speed_max_current=1
wind_gust_max_current=1
humidity_max_3d=1
humidity_min_3d=1
precipitation_sum_3d=1
rain_days_3d=1
rain_sum_7d=1

parameters:
[boosting: gbdt]
[objective: binary]
[metric: binary_logloss]
[tree_learner: serial]
[device_type: cpu]
[data_sample_strategy: bagging]
[data: ]
[valid: ]
[num_iterations: 57]
[learning_rate: 0.05]
[num_leaves: 15]
[num_threads: 8]
[seed: 42]
[deterministic: 0]
[force_col_wise: 0]
[force_row_wise: 0]
[histogram_pool_size: -1]
[max_depth: 4]
[min_data_in_leaf: 20]
[min_sum_hessian_in_leaf: 0.001]
[bagging_fraction: 0.9]
[pos_bagging_fraction: 1]
[neg_bagging_fraction: 1]
[bagging_freq: 1]
[bagging_seed: 400]
[bagging_by_query: 0]
[feature_fraction: 0.9]
[feature_fraction_bynode: 1]
[feature_fraction_seed: 30056]
[extra_trees: 0]
[extra_seed: 12879]
[early_stopping_round: 0]
[early_stopping_min_delta: 0]
[first_metric_only: 0]
[max_delta_step: 0]
[lambda_l1: 0]
[lambda_l2: 1]
[linear_lambda: 0]
[min_gain_to_split: 0]
[drop_rate: 0.1]
[max_drop: 50]
[skip_drop: 0.5]
[xgboost_dart_mode: 0]
[uniform_drop: 0]
[drop_seed: 17869]
[top_rate: 0.2]
[other_rate: 0.1]
[min_data_per_group: 100]
[max_cat_threshold: 32]
[cat_l2: 10]
[cat_smooth: 10]
[max_cat_to_onehot: 4]
[top_k: 20]
[monotone_constraints: ]
[monotone_constraints_method: basic]
[monotone_penalty: 0]
[feature_contri: ]
[forcedsplits_filename: ]
[refit_decay_rate: 0.9]
[cegb_tradeoff: 1]
[cegb_penalty_split: 0]
[cegb_penalty_feature_lazy: ]
[cegb_penalty_feature_coupled: ]
[path_smooth: 0]
[interaction_constraints: ]
[verbosity: -1]
[saved_feature_importance_type: 0]
[use_quantized_grad: 0]
[num_grad_quant_bins: 4]
[quant_train_renew_leaf: 0]
[stochastic_rounding: 1]
[linear_tree: 0]
[max_bin: 255]
[max_bin_by_feature: ]
[min_data_in_bin: 3]
[bin_construct_sample_cnt: 200000]
[data_random_seed: 175]
[is_enable_sparse: 1]
[enable_bundle: 1]
[use_missing: 1]
[zero_as_missing: 0]
[feature_pre_filter: 1]
[pre_partition: 0]
[two_round: 0]
[header: 0]
[label_column: ]
[weight_column: ]
[group_column: ]
[ignore_column: ]
[categorical_feature: 0,1,3]
[forcedbins_filename: ]
[precise_float_parser: 0]
[parser_config_file: ]
[objective_seed: 16083]
[num_class: 1]
[is_unbalance: 0]
[scale_pos_weight: 1]
[sigmoid: 1]
[boost_from_average: 1]
[reg_sqrt: 0]
[alpha: 0.9]
[fair_c: 1]
[poisson_max_delta_step: 0.7]
[tweedie_variance_power: 1.5]
[lambdarank_truncation_level: 30]
[lambdarank_norm: 1]
[label_gain: ]
[lambdarank_position_bias_regularization: 0]
[eval_at: ]
[multi_error_top_k: 1]
[auc_mu_weights: ]
[num_machines: 1]
[local_listen_port: 12400]
[time_out: 120]
[machine_list_filename: ]
[machines: ]
[gpu_platform_id: -1]
[gpu_device_id: -1]
[gpu_device_id_list: ]
[gpu_use_dp: 0]
[num_gpu: 1]

end of parameters

pandas_categorical:[]
