tree
version=v4
num_class=1
num_tree_per_iteration=1
label_index=0
max_feature_idx=44
objective=binary sigmoid:1
feature_names=age_group gender month season day_of_year_sin day_of_year_cos weather_code_current temperature_mean_current temperature_max_current temperature_min_current humidity_mean_current humidity_max_current humidity_min_current wind_speed_mean_current wind_speed_max_current precipitation_sum_current rain_sum_current wind_gust_max_current rain_day_current temperature_mean_3d temperature_max_3d temperature_min_3d humidity_mean_3d humidity_max_3d humidity_min_3d wind_speed_mean_3d wind_speed_max_3d precipitation_sum_3d rain_sum_3d rain_days_3d rain_max_daily_3d wind_gust_max_3d temperature_mean_7d temperature_max_7d temperature_min_7d humidity_mean_7d humidity_max_7d humidity_min_7d wind_speed_mean_7d wind_speed_max_7d precipitation_sum_7d rain_sum_7d rain_days_7d rain_max_daily_7d wind_gust_max_7d
feature_infos=-1:0:1:2:3:4:5 -1:0:1 [1:12] -1:1:0 [-0.99999942202469239:0.99998555065071859] [-0.99997919295908244:0.9999907524084426] [0:61] [23.658332999999999:32.533332999999999] [25.899999999999999:39.200000000000003] [17.899999999999999:29.300000000000001] [48.958333000000003:91.625] [63:100] [23:86] [2.8541669999999999:19.695833] [6.4000000000000004:30.100000000000001] [0:63.100000000000001] [0:63.100000000000001] [14:56.899999999999999] [0:1] [23.766667000000002:32.427778000000004] [27.699999999999999:39.200000000000003] [17.899999999999999:28.100000000000001] [52.569443999999997:90.694444000000004] [73:100] [23:79] [4.125:17.329167000000002] [9.6999999999999993:30.100000000000001] [0:93.900000000000006] [0:93.900000000000006] [0:3] [0:63.100000000000001] [17.300000000000001:56.899999999999999] [24.365476000000001:32.235118999999997] [28.699999999999999:39.200000000000003] [17.899999999999999:27.5] [55.767856999999999:89.523809999999997] [77:100] [23:72] [4.5327380000000002:15.469643] [11.6:30.100000000000001] [0:163.90000000000001] [0:163.90000000000001] [0:7] [0:63.100000000000001] [23:56.899999999999999]
tree_sizes=1583 1703 1716 1607 1715 1613 1754 1723 1723 1716 1507 1716 1708 1723 1713 1696 1706 1723 1694 1763 1717 1621 1694 1714 1482 1699 1612 1691 1472 1742 1697 1714 1503 1324 1333 1711 1514 1322 1732 1753 1500 1523 1603 1619 1420 1512 1531 1754 1526 1652 1514 1440 1717 1732 1744

Tree=0
num_leaves=14
num_cat=2
split_feature=0 40 34 5 4 33 20 5 44 1 25 26 33
split_gain=2303.11 412.436 158.768 136.472 68.4572 66.7451 45.0753 38.7478 5.24181 7.61432 10.0598 4.44515 0.997143
threshold=0 14.050000000000002 20.950000000000003 -0.89404254237865755 0.99466373373798567 31.350000000000005 32.050000000000004 0.97648852793709995 28.250000000000004 1 6.4902780000000009 29.850000000000005 37.100000000000009
decision_type=1 2 2 2 2 2 2 2 2 1 2 2 2
left_child=1 2 7 6 -4 -5 -3 -1 9 -2 -11 12 -10
right_child=8 3 4 5 -6 -7 -8 -9 11 10 -12 -13 -14
leaf_value=-2.3085705589659806 -2.3763910108334048 -2.369033552990468 -2.1173827949050628 -2.3070084421798671 -2.2684736092834248 -2.2258087946575813 -2.2844887758077048 -2.1590430446680555 -2.3763333828145119 -2.3005080337800989 -2.3659425879058733 -2.305275734891572 -2.3651935159081563
leaf_weight=19.003675773739818 21.764893621206284 30.210971742868423 105.16991507261992 31.104306928813457 9.0145641490817052 146.75060736387968 30.860670059919357 4.7103127986192694 669.27047885209322 10.557597652077677 11.044871389865873 1.7866703718900669 43.4485749527812
leaf_count=234 268 372 1295 383 111 1807 380 58 8241 130 136 22 535
internal_value=-2.32368 -2.22434 -2.15306 -2.26187 -2.12873 -2.23984 -2.32636 -2.2734 -2.37379 -2.35615 -2.33434 -2.37551 -2.37571
internal_weight=1134.7 376.825 137.898 238.927 114.184 177.855 61.0716 23.714 757.873 43.3674 21.6025 714.506 712.719
internal_count=13972 4640 1698 2942 1406 2190 752 292 9332 534 266 8798 8776
cat_boundaries=0 1 2
cat_threshold=6 1
is_linear=0
shrinkage=1


Tree=1
num_leaves=15
num_cat=3
split_feature=0 8 5 4 42 34 4 25 39 1 44 1 10 21
split_gain=1935.61 279.366 156.94 62.5899 48.6747 57.7812 46.6612 28.7562 8.98821 8.97835 5.79398 7.39223 1.83411 0.956222
threshold=0 33.150000000000013 -0.86974577485258975 0.35846314187849704 4.5000000000000009 26.550000000000004 0.99700008544936913 7.8250000000000011 29.150000000000002 1 28.250000000000004 2 62.604166500000012 21.550000000000004
decision_type=1 2 2 2 2 2 2 2 2 1 2 1 2 2
left_child=1 2 7 -4 6 -6 -3 -1 10 12 11 -2 -10 -12
right_child=8 4 3 -5 5 -7 -8 -9 9 -11 13 -13 -14 -15
leaf_value=0.028661517629128525 -0.052142421168790358 0.191916525108663 0.095297245816642381 0.034174019251081565 0.095232302273498992 0.28162705032804436 0.03524059307579145 -0.038695076782414892 0.0049924635855624214 -0.043884325634556132 -0.042040872352826691 -0.010258109019150282 0.074355138250449815 -0.052733101312150234
leaf_weight=26.541713744401932 20.841655731201172 61.155210934579372 159.63578480482101 58.746389634907246 55.018881149590015 3.9089689850807181 5.6933537349104872 36.441271722316742 1.5897054970264428 4.0388611927628517 46.973738342523575 21.530613921582699 2.135184682905674 628.25430218875408
leaf_count=320 268 645 1823 663 600 43 67 453 20 51 604 267 27 8074
internal_value=-0.000857654 0.0850724 0.0591097 0.0790854 0.148938 0.11209 0.179289 -0.010306 -0.0496283 0.00284343 -0.0508897 -0.031587 0.0520745 -0.0520525
internal_weight=1132.51 407.142 281.365 218.382 125.776 58.9279 66.8486 62.983 725.364 7.76375 717.6 42.3723 3.72489 675.228
internal_count=13925 4614 3259 2486 1355 643 712 773 9311 98 9213 535 47 8678
cat_boundaries=0 1 2 3
cat_threshold=6 1 1
is_linear=0
shrinkage=0.05


Tree=2
num_leaves=15
num_cat=3
split_feature=0 10 2 33 34 42 20 39 39 1 44 1 21 10
split_gain=1726.98 221.316 102.821 76.1904 71.4333 48.3488 42.8229 31.2534 15.1121 12.6977 6.89707 7.8892 1.16745 0.427973
threshold=0 76.395833500000023 7.5000000000000009 31.350000000000005 20.850000000000005 4.5000000000000009 33.150000000000013 19.250000000000004 29.150000000000002 1 28.250000000000004 2 21.550000000000004 62.187500000000007
decision_type=1 2 2 2 2 2 2 2 2 1 2 1 2 2
left_child=1 4 6 -4 7 -6 -3 -1 10 13 11 -2 -12 -10
right_child=8 2 3 -5 5 -7 -8 -9 9 -11 12 -13 -14 -15
leaf_value=0.10279980681242987 -0.051764868910993425 -0.00069241638687868767 0.015444954948960466 0.099928419335112095 0.15629043761333719 0.094884427361648913 0.065199433332377696 -0.015707332475912723 0.023696336805433763 -0.043609005414354807 -0.041155653285202771 -0.0080377510760931605 -0.052676286342599458 0.080415141563528247
leaf_weight=8.4914934113621729 19.582437165081501 96.41330574452877 36.418268539011478 103.27553799748421 93.279669366776943 59.178827174007893 32.121428310871124 12.907642059028147 1.608217179775236 3.981670618057251 44.455599188804626 21.556907705962658 607.62341433763504 2.7290544882416725
leaf_count=91 263 1146 407 1085 873 588 349 142 20 52 592 270 8160 33
internal_value=-0.000647131 0.0756862 0.0486206 0.0781698 0.121255 0.133228 0.0161505 0.0338081 -0.0491667 0.0154987 -0.0506721 -0.0295865 -0.0519551 0.0677645
internal_weight=1143.62 442.086 268.229 139.694 173.858 152.458 128.535 21.3991 701.537 8.31894 693.218 41.1393 652.079 4.33727
internal_count=14071 4681 2987 1492 1694 1461 1495 233 9390 105 9285 533 8752 53
cat_boundaries=0 1 2 3
cat_threshold=6 1 1
is_linear=0
shrinkage=0.05


Tree=3
num_leaves=14
num_cat=3
split_feature=0 22 2 34 4 39 25 36 39 1 44 1 21
split_gain=1534.16 175.363 98.8832 69.057 50.0707 41.1595 33.062 28.2571 16.1284 11.998 5.08257 6.06881 1.4996
threshold=0 79.048611500000007 7.5000000000000009 20.950000000000003 0.98522604642031408 18.950000000000003 8.3291670000000018 96.500000000000014 29.150000000000002 1 28.250000000000004 2 21.550000000000004
decision_type=1 2 2 2 2 2 2 2 2 1 2 1 2
left_child=1 3 6 7 -5 -4 -3 -1 10 -10 11 -2 -12
right_child=8 2 5 4 -6 -7 -8 -9 9 -11 12 -13 -14
leaf_value=-0.025787051272466263 -0.051481028340062199 0.029365233788460177 0.041386439489883096 0.1249571837052941 0.047869765980823382 0.096032279193608669 -0.024276690537864333 0.072228816046479141 0.070051692977752558 -0.042206380771349639 -0.039768699697570374 -0.012483068760349485 -0.052111453483959895
leaf_weight=12.605314917862417 19.032622061669827 68.566209100186825 70.682200513780117 157.19019750505686 26.254939272999763 71.555582992732525 47.981103092432022 15.400213792920111 4.2280821353197089 3.4705393761396408 44.106598615646362 21.581747233867645 580.41914457082748
leaf_count=140 267 769 710 1360 248 718 586 158 49 47 608 272 8148
internal_value=-0.000467253 0.0679365 0.0415269 0.103108 0.114244 0.0693556 0.00726285 0.0287437 -0.0485905 0.0204114 -0.050148 -0.0315562 -0.0513047
internal_weight=1143.07 470.236 258.785 211.451 183.445 142.238 116.547 28.0055 672.839 7.69862 665.14 40.6144 624.526
internal_count=14080 4689 2783 1906 1608 1428 1355 298 9391 96 9295 539 8756
cat_boundaries=0 1 2 3
cat_threshold=6 1 1
is_linear=0
shrinkage=0.05


Tree=4
num_leaves=15
num_cat=3
split_feature=0 5 33 33 37 38 43 39 25 44 1 1 26 5
split_gain=1387.6 132.76 63.5539 46.5171 29.9913 29.7591 18.8138 8.20997 7.68355 5.86169 6.76576 5.85142 1.56255 1.08672
threshold=0 -0.90161545992537195 31.350000000000005 36.850000000000001 69.500000000000014 8.1238095000000019 22.500000000000004 29.150000000000002 7.7979165000000004 28.250000000000004 1 2 29.150000000000002 0.99803555425430601
decision_type=1 2 2 2 2 2 2 2 2 2 1 1 2 2
left_child=1 5 4 -4 -3 6 -1 9 -7 10 -2 12 -9 -11
right_child=7 2 3 -5 -6 8 -8 11 -10 13 -12 -13 -14 -15
leaf_value=0.055356895378379123 -0.05120667137768025 0.0003155746387718142 0.072915413485303296 0.12948195655364189 0.11696121130139392 0.024430136368975005 -0.026657108597879328 0.054024696786604015 -0.049074456264732468 -0.051189989519071603 -0.009914392050113012 -0.041911549102768279 -0.0013512995126197919 -0.022340303077234447
leaf_weight=20.243019454181198 18.491501927375793 39.970464378595352 346.45304283499718 42.053798630833626 5.3928149342536917 3.4562466740608242 9.6915737688541395 2.6952405497431746 27.074023194611073 591.80840394645929 21.432288520038128 3.4160700738430023 1.8712209090590475 5.4490953683853141
leaf_count=228 271 421 3132 333 56 40 114 29 354 8666 273 48 21 80
internal_value=-0.000357435 0.0619235 0.0728264 0.0793551 0.0164061 -0.00614838 0.0288008 -0.0483107 -0.0402423 -0.0496887 -0.0298237 0.00118786 0.0351668 -0.0509646
internal_weight=1139.5 494.335 433.87 388.507 45.3633 60.4649 29.9346 645.164 30.5303 637.181 39.9238 7.98253 4.56646 597.257
internal_count=14066 4678 3942 3465 477 736 342 9388 394 9290 544 98 50 8746
cat_boundaries=0 1 2 3
cat_threshold=6 1 1
is_linear=0
shrinkage=0.05


Tree=5
num_leaves=14
num_cat=3
split_feature=0 20 2 33 25 34 43 39 44 1 1 35 39
split_gain=1191.27 100.331 79.0374 46.5617 35.0288 32.1738 29.5284 8.63832 7.55072 8.27137 5.77689 2.17951 1.03181
threshold=0 33.45000000000001 7.5000000000000009 31.350000000000005 7.1131945000000005 26.550000000000004 18.350000000000005 29.150000000000002 28.250000000000004 1 2 62.919643000000008 18.950000000000003
decision_type=1 2 2 2 2 2 2 2 2 1 1 2 2
left_child=1 2 4 -4 -1 6 -3 8 9 -2 11 -9 -10
right_child=7 5 3 -5 -6 -7 -8 10 12 -11 -12 -13 -14
leaf_value=0.041845550017835444 -0.050911364828006789 0.072941490305092768 0.011523841538926445 0.073249812792869087 -0.010033672798060736 0.18663352224751509 0.15939509205673363 0.061899015794068958 -0.046061437382530532 -0.0051080183140487156 -0.040831354055844427 -0.0028937830670491852 -0.052491862857622466
leaf_weight=50.437907479703426 17.763669848442078 184.83497370034456 39.752321168780327 137.28955756872892 87.773019753396511 6.7300879210233679 10.346000373363493 2.4457978159189215 180.84449314326048 21.290732078254223 3.0964229553937912 1.9448431208729742 389.17800248414278
leaf_count=513 272 1436 411 1191 992 47 95 26 2767 273 45 21 5952
internal_value=-0.00107649 0.0542773 0.0375049 0.0595327 0.00906343 0.0828258 0.0783133 -0.0476267 -0.0490534 -0.0266923 0.00441934 0.0379862 -0.050536
internal_weight=1133.73 517.164 315.253 177.042 138.211 201.911 195.181 616.564 609.077 39.0544 7.48706 4.39064 570.022
internal_count=14041 4685 3107 1602 1505 1578 1531 9356 9264 545 92 47 8719
cat_boundaries=0 1 2 3
cat_threshold=6 1 1
is_linear=0
shrinkage=0.05


Tree=6
num_leaves=15
num_cat=1
split_feature=40 5 34 7 36 1 33 5 39 38 19 26 25 38
split_gain=103.289 40.8126 39.2221 25.4313 24.9943 61.0145 34.2175 21.8485 21.1955 12.1723 7.19156 6.66747 3.40423 3.16183
threshold=14.050000000000002 -0.90161545992537195 20.350000000000005 29.362500000000001 95.500000000000014 0 36.850000000000001 0.98899263613956456 21.550000000000004 8.4187500000000011 27.209028000000004 15.450000000000001 7.7979165000000004 6.044642500000001
decision_type=2 2 2 2 2 1 2 2 2 2 2 2 2 2
left_child=2 9 7 8 6 -6 -4 13 -3 10 -2 -5 -11 -1
right_child=1 3 4 11 5 -7 -8 -9 -10 12 -12 -13 -14 -15
leaf_value=0.002521732854434662 -0.04675288340420005 -0.014349007925142208 -0.00056332387562228758 -0.023073690321951584 0.0077779894876384321 0.067465683065184204 0.040513585134145651 0.039693292481399821 0.0078084121215200118 -0.011911900634014054 -0.012369539058185513 0.059716647861314212 -0.053019889694534542 -0.047201084946247501
leaf_weight=3.4250918850302687 19.713094219565392 360.06048472970724 155.0927412956953 2.2725630924105671 84.518460020422935 86.390685312449932 74.300119437277317 9.4869445264339429 153.19785641133785 6.1738146543502799 61.890509448945522 17.041702032089233 65.857112623751163 32.545900724828243
leaf_count=44 284 4579 1773 30 989 977 790 108 1943 87 851 194 1004 430
internal_value=1.44089e-05 -0.0121528 0.01873 -0.00557551 0.0237322 0.0381657 0.0128595 -0.0248824 -0.00773312 -0.0347693 -0.021141 0.049319 -0.0497079 -0.0425264
internal_weight=1131.97 686.207 445.76 532.573 400.302 170.909 229.393 45.4579 513.258 153.635 81.6036 19.3143 72.0309 35.971
internal_count=14083 8972 5111 6746 4529 1966 2563 582 6522 2226 1135 224 1091 474
cat_boundaries=0 1
cat_threshold=1
is_linear=0
shrinkage=0.05


Tree=7
num_leaves=15
num_cat=3
split_feature=0 5 39 8 44 38 4 39 44 1 1 5 5 38
split_gain=1103.14 85.8557 44.8808 46.075 43.8717 32.3803 20.7421 9.54487 7.00546 6.95503 6.78003 2.45108 0.993675 0.783444
threshold=0 -0.89404254237865755 21.650000000000002 30.250000000000004 43.750000000000007 8.4187500000000011 -0.11692013674435768 29.150000000000002 28.250000000000004 1 2 -0.99761278905001471 0.99803555425430601 12.724107000000002
decision_type=1 2 2 2 2 2 2 2 2 1 1 2 2 2
left_child=1 5 3 -3 -4 6 -1 8 9 -2 13 -7 -10 -9
right_child=7 2 4 -5 -6 11 -8 10 12 -11 -12 -13 -14 -15
leaf_value=-0.042946760404353232 -0.050526256048003683 -0.0036354297447824982 0.094154917265515947 0.053956902135307905 0.04202450096216645 -7.8382721126309704e-05 0.045720413973285148 0.01001471465143778 -0.050806802538942201 -0.0076028059048856584 -0.042015718810316238 -0.049880290292230282 -0.023064361008734529 0.054359673958737975
leaf_weight=7.59490643441677 16.528578124940395 40.374488733708858 129.13243382424116 242.06813179701567 62.240351468324661 2.7511344403028515 29.065412156283855 2.1175355017185193 540.04801847785711 21.366901934146881 3.5031295120716095 23.50576689094305 5.6236586719751349 2.6649127900600433
leaf_count=90 265 383 991 2033 489 36 313 22 8656 270 51 336 85 26
internal_value=-0.000883757 0.0504952 0.0587071 0.0457404 0.0775071 -0.00339766 0.0266987 -0.0475342 -0.0490917 -0.0271421 0.00444156 -0.0448565 -0.0505636 0.0398524
internal_weight=1128.59 536.733 473.815 282.443 191.373 62.9172 36.6603 591.853 583.567 37.8955 8.28558 26.2569 545.672 4.78245
internal_count=14046 4671 3896 2416 1480 775 403 9375 9276 535 99 372 8741 48
cat_boundaries=0 1 2 3
cat_threshold=6 1 1
is_linear=0
shrinkage=0.05


Tree=8
num_leaves=15
num_cat=3
split_feature=0 5 42 34 39 38 43 39 25 5 1 1 38 20
split_gain=999.957 75.9023 39.252 50.0279 37.5526 17.2879 13.5412 9.38219 7.26439 6.56848 10.5626 5.26737 1.18977 0.0367535
threshold=0 -0.91595872546125101 4.5000000000000009 20.850000000000005 20.250000000000004 8.3872025000000026 22.500000000000004 29.150000000000002 7.7979165000000004 0.73136292505298039 1 2 12.724107000000002 29.550000000000004
decision_type=1 2 2 2 2 2 2 2 2 2 1 1 2 2
left_child=1 5 3 -3 -4 6 -1 9 -7 13 -11 12 -9 -2
right_child=7 2 4 -5 -6 8 -8 11 -10 10 -12 -13 -14 -15
leaf_value=0.036023628871565419 -0.023195203405951628 0.015611727712437179 0.026467256120665795 0.086029413326801377 0.06025428425572954 0.028610883252997918 -0.031729349654485962 0.0041938083915699633 -0.051267278722429671 -0.052578199701478728 -0.023306188823152781 -0.040342869218328983 0.051058812265733569 -0.051548598004202598
leaf_weight=22.411776803433895 2.4256602376699439 31.421161144971848 169.11524031311274 138.17080048471689 164.44387944042683 2.6408958658576038 9.8672416135668737 2.4171601682901365 19.864841751754284 61.679339930415154 66.347164683043957 2.9864623695611954 2.7685089856386185 429.58777004107833
leaf_count=236 41 296 1467 908 1332 31 117 25 300 1027 1028 45 26 7192
internal_value=-0.000542728 0.0465486 0.0534564 0.0731508 0.0432545 -0.00837053 0.0149814 -0.0467789 -0.0410757 -0.0483759 -0.0377068 0.0050066 0.0334235 -0.0514433
internal_weight=1126.15 557.936 503.151 169.592 333.559 54.7848 32.279 568.212 22.5057 560.04 128.027 8.17213 5.18567 432.013
internal_count=14071 4687 4003 1204 2799 684 353 9384 331 9288 2055 96 51 7233
cat_boundaries=0 1 2 3
cat_threshold=6 1 1
is_linear=0
shrinkage=0.05


Tree=9
num_leaves=15
num_cat=3
split_feature=0 5 8 20 34 1 43 39 5 39 1 5 21 14
split_gain=921.37 65.9783 39.2032 27.3901 26.0129 20.7602 10.8907 9.61382 5.84741 10.4774 5.60278 4.36774 0.35354 0.266914
threshold=0 -0.89404254237865755 29.950000000000003 32.050000000000004 26.150000000000002 1 7.0000000000000009 29.150000000000002 0.73136292505298039 18.550000000000004 2 -0.99938741687870725 24.550000000000004 27.450000000000006
decision_type=1 2 2 2 2 1 2 2 2 2 1 2 2 2
left_child=1 3 6 11 -4 -5 -3 8 13 -10 12 -1 -9 -2
right_child=7 2 4 5 -6 -7 -8 10 9 -11 -12 -13 -14 -15
leaf_value=0.026284221626686199 -0.05153035307789771 0.072928783498956373 0.051314221596217437 -0.01474404174750322 0.11036330630259338 0.057911825220217053 -0.0027571424682354298 0.048300968171185545 -0.021878192301371526 -0.051754162186901237 -0.040325047309038235 -0.047963653445757544 0.014472385673906896 -0.017702538387239553
leaf_weight=1.5294106602668787 409.49558996036649 4.3486648797988883 451.48995462805033 18.497197143733501 19.361457630991936 19.228024907410145 42.129780791699886 2.4031989872455579 57.290439061820507 65.009211167693138 3.014587827026844 24.475743807852268 2.5925921127200127 1.9082605838775624
leaf_count=20 7171 33 3418 198 111 206 383 24 916 1115 47 363 24 34
internal_value=-0.000334135 0.0430126 0.0496546 -0.00419358 0.0539711 0.0228268 0.00571115 -0.0467539 -0.0484306 -0.0380499 0.00604666 -0.0427854 0.0360872 -0.0514168
internal_weight=1122.77 581.06 517.33 63.7304 470.851 37.7252 46.4784 541.714 533.704 122.3 8.01038 26.0052 4.99579 411.404
internal_count=14063 4732 3945 787 3529 404 416 9331 9236 2031 95 383 48 7205
cat_boundaries=0 1 2 3
cat_threshold=6 1 1
is_linear=0
shrinkage=0.05


Tree=10
num_leaves=13
num_cat=3
split_feature=0 8 2 33 34 4 32 1 39 44 1 21
split_gain=849.928 55.1069 44.9251 34.4087 30.6536 24.5397 36.1761 33.0471 8.3372 7.04263 7.25139 2.19378
threshold=0 33.150000000000013 7.5000000000000009 31.350000000000005 24.450000000000003 0.98049069993378934 29.248512000000002 1 29.850000000000005 28.250000000000004 2 21.550000000000004
decision_type=1 2 2 2 2 2 2 1 2 2 1 2
left_child=1 2 4 -4 -1 6 -3 -7 9 10 -2 -11
right_child=8 5 3 -5 -6 7 -8 -9 -10 11 -12 -13
leaf_value=0.022507458319698748 -0.049857884813735986 0.054267607264520984 0.0061254065962020529 0.056074863479825821 -0.026116604344329365 -0.024325911108833861 0.10502402902985919 0.066958130769885521 0.017190813490802172 -0.034629886763877391 -0.0046908784907416547 -0.050194126093780295
leaf_weight=129.26727691665292 15.206612844020128 133.84399602562189 44.314408726990223 158.63011332601309 42.230902567505836 18.255867063999176 49.838356032967567 19.716743946075439 4.556896246969699 34.159262031316757 20.188308224081993 446.14601044729352
leaf_count=1229 274 870 419 1185 457 124 293 132 53 604 270 8134
internal_value=0.000119782 0.0405328 0.0293833 0.0452516 0.0104519 0.0609717 0.0685334 0.0235739 -0.0460673 -0.04755 -0.0249326 -0.0491614
internal_weight=1116.35 596.098 374.443 202.945 171.498 221.655 183.682 37.9726 520.257 515.7 35.3949 480.305
internal_count=14044 4709 3290 1604 1686 1419 1163 256 9335 9282 544 8738
cat_boundaries=0 1 2 3
cat_threshold=6 1 1
is_linear=0
shrinkage=0.05


Tree=11
num_leaves=15
num_cat=3
split_feature=0 5 39 39 30 20 1 39 43 1 39 21 5 21
split_gain=755.752 49.8217 28.9142 31.2665 29.2201 22.2763 18.6448 5.61217 10.0097 11.043 6.15617 4.22366 3.81475 1.53584
threshold=0 -0.87810534180523914 21.650000000000002 22.450000000000003 1.4500000000000002 32.050000000000004 1 16.150000000000002 0.8500000000000002 2 29.150000000000002 22.650000000000002 -0.99938741687870725 24.450000000000003
decision_type=1 2 2 2 2 2 1 2 2 1 2 2 2 2
left_child=1 5 4 -4 -3 12 -7 8 9 -2 -9 -10 -1 -12
right_child=7 2 3 -5 -6 6 -8 10 11 -11 13 -13 -14 -15
leaf_value=0.026258800705321314 -0.04472411382401148 0.05338950426082778 0.092948406776167017 0.045700549953422133 0.020959908487455534 -0.01433079516244778 0.051103765614258716 -0.050130534075397686 -0.017232865968387759 0.04151592711181698 0.023803019374046885 -0.050587008593021177 -0.042567927167847318 -0.018225575412070889
leaf_weight=1.5251009985804582 5.3847122937440854 104.57907380908728 44.881306335330009 175.12910791486502 210.48804105073214 20.581203654408455 21.319592237472534 425.79810999333858 14.265418272465466 7.8921245858073235 2.2145741395652276 39.15053840354085 25.575949221849442 5.8534286245703697
leaf_count=19 100 707 304 1142 1683 216 213 8110 240 103 26 715 384 72
internal_value=-0.00136104 0.0360112 0.041754 0.0557159 0.031859 -0.00333759 0.0193782 -0.0462401 -0.0326556 0.00585663 -0.0493117 -0.0421597 -0.0378981 -0.00533647
internal_weight=1104.64 604.079 535.078 220.01 315.067 69.0018 41.9008 500.559 66.6928 13.2768 433.866 53.416 27.1011 8.068
internal_count=14034 4668 3836 1446 2390 832 429 9366 1158 203 8208 955 403 98
cat_boundaries=0 1 2 3
cat_threshold=6 1 1
is_linear=0
shrinkage=0.05


Tree=12
num_leaves=15
num_cat=3
split_feature=0 5 5 26 20 44 34 35 39 1 5 1 20 12
split_gain=692.838 48.3328 43.9586 53.003 39.4951 40.115 25.2969 14.5039 11.047 6.5002 6.47071 10.3701 0.84505 0.213714
threshold=0 -0.42179730054635828 -0.19337245081799001 16.650000000000002 31.750000000000004 35.45000000000001 20.950000000000003 86.63392850000001 29.150000000000002 1 0.74298546529340237 2 29.450000000000003 31.500000000000004
decision_type=1 2 2 2 2 2 2 2 2 1 2 1 2 2
left_child=1 4 3 -3 7 -6 -4 -1 10 13 12 -12 -2 -10
right_child=8 2 6 -5 5 -7 -8 -9 9 -11 11 -13 -14 -15
leaf_value=0.0069405244202091713 -0.0029390135354744043 -0.0064551748743908914 0.000551336650121897 0.11343620102273305 -0.0093083206632476306 0.04633021792332645 0.04269006928565882 -0.042839457555240629 0.018330953888189141 -0.040192605897231677 -0.051841897363864776 -0.02028525685030751 -0.05056690939341555 0.052095775637982226
leaf_weight=26.473679788410664 1.061306059360503 11.698618881404398 40.008856125175953 40.73666824400425 47.447734177112579 99.17478509619832 325.33451329916716 31.056501872837543 2.424935042858122 3.026340875774622 50.956513091921806 56.501595605164766 359.77301481738687 2.7271589413285255
leaf_count=285 21 98 342 262 417 788 2162 336 24 50 997 983 7199 25
internal_value=-0.000364007 0.0341489 0.04443 0.0870675 0.0146601 0.0283842 0.0380895 -0.020205 -0.0451598 0.0103637 -0.0471118 -0.0355894 -0.0504353 0.0417665
internal_weight=1098.4 621.931 417.779 52.4353 204.153 146.623 365.343 57.5302 476.471 8.17843 468.292 107.458 360.834 5.15209
internal_count=13989 4690 2864 360 1826 1205 2504 621 9299 99 9200 1980 7220 49
cat_boundaries=0 1 2 3
cat_threshold=6 1 1
is_linear=0
shrinkage=0.05


Tree=13
num_leaves=15
num_cat=3
split_feature=0 5 20 25 39 38 20 44 1 25 22 39 1 5
split_gain=644.884 43.896 29.3126 24.9895 20.0711 17.1694 7.84887 6.29469 6.37055 7.40008 6.12418 5.78098 3.52215 1.52474
threshold=0 -0.89404254237865755 30.250000000000004 7.2770835000000007 15.050000000000002 5.7779760000000016 32.95000000000001 28.250000000000004 1 6.1833335000000007 89.611111000000008 29.150000000000002 2 0.99803555425430601
decision_type=1 2 2 2 2 2 2 2 1 2 2 2 1 2
left_child=1 3 10 5 -4 -1 -5 8 9 -2 -3 13 -13 -9
right_child=7 2 4 6 -6 -7 -8 11 -10 -11 -12 12 -14 -15
leaf_value=-0.047457558454931201 0.033060233864772817 -0.036156494193003957 -0.0013347096634066264 -0.046834900635595068 0.040837086330081429 0.043813523237456568 0.013240103438529308 -0.049068449629669886 -0.049109035358198855 -0.027676579822880326 0.029950793351940938 0.019930978435666179 -0.040370960456003274 -0.014652023522318173
leaf_weight=5.5888427644968059 7.0461748242378262 15.804245583713056 29.757971450686455 27.951921436935663 521.74706441164017 24.360246427357197 6.2261517643928519 416.16299532353878 13.594444043934343 12.359475925564764 3.6118858978152266 4.9351769611239416 3.1099538058042526 4.2862019017338744
leaf_count=60 94 144 245 434 3491 236 60 8661 278 175 30 46 53 79
internal_value=-0.000947546 0.0315381 0.0364333 -0.00709157 0.0385633 0.0257982 -0.0358259 -0.0453235 -0.024131 -0.0050837 -0.0229942 -0.0479509 -0.00526569 -0.0487532
internal_weight=1096.54 635.048 570.921 64.1272 551.505 29.9491 34.1781 461.494 33.0001 19.4057 19.4161 428.494 8.04513 420.449
internal_count=14086 4700 3910 790 3736 296 494 9386 547 269 174 8839 99 8740
cat_boundaries=0 1 2 3
cat_threshold=6 2 1
is_linear=0
shrinkage=0.05


Tree=14
num_leaves=15
num_cat=4
split_feature=0 5 8 39 32 1 39 5 0 23 1 19 20 12
split_gain=565.586 42.1265 25.4849 18.7955 14.3111 14.3865 10.1153 7.97872 28.55 7.78941 5.00911 1.93951 0.833101 0.805474
threshold=0 -0.91595872546125101 29.850000000000005 19.450000000000003 27.246131000000002 1 29.150000000000002 0.73136292505298039 2 97.500000000000014 3 27.589583500000007 29.450000000000003 29.500000000000004
decision_type=1 2 2 2 2 1 2 2 1 2 1 2 2 2
left_child=1 4 9 -4 11 -6 7 12 -9 -3 13 -1 -2 -8
right_child=6 2 3 -5 5 -7 10 8 -10 -11 -12 -13 -14 -15
leaf_value=-0.051030390510319712 -0.0028538046222429591 -0.032207179894148404 0.023620121079198884 0.042953604016395086 -0.025736226186981986 0.035858558142241821 0.0062849793519818122 0.013659171137396659 -0.045188497641490188 0.011337017797247615 -0.038964992270483882 0.0043426048628461122 -0.050092544123173488 0.046174074498014112
leaf_weight=17.479603774845604 1.0608479976654042 14.804793074727057 204.81634170562029 345.6168732047081 17.460574269294739 18.527335725724697 2.2773576974868757 26.273763783276081 77.208221320062876 28.395581498742104 2.7304250076413155 1.5655046850442875 328.1954939737916 3.4109665006399155
leaf_count=275 22 131 1478 2172 202 197 22 518 1527 236 48 15 7179 30
internal_value=-0.000941268 0.0286013 0.0329179 0.0358155 -0.0126133 0.00608622 -0.0439982 -0.0460485 -0.0332772 -0.00397665 0.00837844 -0.0464892 -0.0499494 0.0335316
internal_weight=1089.82 648.667 593.634 550.433 55.033 35.9879 441.157 432.738 103.482 43.2004 8.41875 19.0451 329.256 5.68832
internal_count=14052 4706 4017 3650 689 399 9346 9246 2045 367 100 290 7201 52
cat_boundaries=0 1 2 3 4
cat_threshold=6 1 32 1
is_linear=0
shrinkage=0.05


Tree=15
num_leaves=15
num_cat=4
split_feature=0 42 34 36 34 2 5 39 5 0 1 1 8 35
split_gain=536.071 34.4137 29.9702 29.8705 20.7311 25.5136 18.2499 13.0369 9.24059 31.2388 6.93661 5.46202 1.79623 0.111452
threshold=0 4.5000000000000009 20.850000000000005 95.500000000000014 26.550000000000004 7.5000000000000009 0.98899263613956456 29.150000000000002 0.73136292505298039 1 2 3 27.850000000000005 62.505952500000014
decision_type=1 2 2 2 2 2 2 2 2 1 1 1 2 2
left_child=1 2 6 -4 5 -3 -1 8 12 -10 13 -6 -2 -9
right_child=7 4 3 -5 11 -7 -8 10 9 -11 -12 -13 -14 -15
leaf_value=-0.013508835367031118 -0.0018795421865306879 0.0076274236220551647 0.037335143437695908 0.081393730072474385 0.12946172270894826 0.031660737836527161 0.078889775699443887 0.059645003636163624 0.015602045612868216 -0.044885563671489749 -0.038887424687367639 0.040331860748756998 -0.050185177534893821 0.024307389866493306
leaf_weight=29.326958820223808 2.0160771720111361 238.24715002626181 107.75275506079197 62.157549262046814 4.298654302954672 206.21598466485739 5.488533452153205 2.4785228222608557 26.659526202827692 74.932639379054308 2.736763808876276 4.5015738904476166 315.0450727827847 2.7606056332588196
leaf_count=246 46 2006 568 341 20 1447 36 22 519 1538 50 21 7209 25
internal_value=-0.000355562 0.0277978 0.045221 0.0538348 0.020458 0.0188241 0.00285343 -0.0433756 -0.0455996 -0.0318696 0.0171096 0.0926368 -0.0498849 0.0479053
internal_weight=1084.62 657.989 204.726 169.91 453.263 444.463 34.8155 426.629 418.653 101.592 7.97589 8.80023 317.061 5.23913
internal_count=14094 4685 1191 909 3494 3453 282 9409 9312 2057 97 41 7255 47
cat_boundaries=0 1 2 3 4
cat_threshold=6 32 1 1
is_linear=0
shrinkage=0.05


Tree=16
num_leaves=15
num_cat=4
split_feature=0 5 0 34 1 5 26 42 39 5 39 1 35 14
split_gain=518.083 34.6077 36.9236 43.7311 29.5889 25.6857 44.5793 18.1018 9.17427 8.01968 13.471 4.03387 0.672013 0.444499
threshold=0 -0.42179730054635828 1 25.150000000000002 2 -0.21022037796396445 16.650000000000002 3.5000000000000004 29.150000000000002 0.73136292505298039 18.550000000000004 3 62.919643000000008 27.450000000000006
decision_type=1 2 1 2 1 2 2 2 2 2 2 1 2 2
left_child=1 2 3 -1 -4 6 -3 -7 9 13 -11 12 -10 -2
right_child=8 5 4 -5 -6 7 -8 -9 11 10 -12 -13 -14 -15
leaf_value=0.014030305769309756 -0.050126766203537398 -0.023213182805346358 -0.037525213285884235 0.08778837892612508 0.014489220177028942 0.044345407675524563 0.089226142265770511 0.022236291444647838 0.037062175877249637 -0.013503924868981594 -0.050520895308274021 -0.038411122347854015 0.0032649253861437113 -0.012559472393921035
leaf_weight=81.812092874199152 300.46433843672276 10.541946604847906 52.883155968040228 25.869760386645794 54.695794671773911 149.56747161597013 43.552111215889454 252.66571969538927 3.8135739564895612 48.358256995677948 51.146850854158401 2.638143252581358 2.4191534519195557 1.5728625766932953
leaf_count=762 7195 86 461 160 459 866 249 1681 32 932 1139 50 22 37
internal_value=-5.94371e-05 0.0268545 0.0106619 0.0296653 -0.0102462 0.0350402 0.0672902 0.030547 -0.0436507 -0.0458207 -0.0328445 0.00504714 0.0262093 -0.0499732
internal_weight=1082 671.588 215.261 107.682 107.579 456.327 54.0941 402.233 410.413 401.542 99.5051 8.87087 6.23273 302.037
internal_count=14131 4724 1842 922 920 2882 335 2547 9407 9303 2071 104 54 7232
cat_boundaries=0 1 2 3 4
cat_threshold=6 4 1 1
is_linear=0
shrinkage=0.05


Tree=17
num_leaves=15
num_cat=3
split_feature=0 42 34 44 5 39 4 39 0 1 39 43 5 10
split_gain=472.873 27.4053 31.4115 29.1067 25.376 24.9121 19.4802 8.45396 27.3661 40.7663 8.67051 6.28876 1.25089 0.988737
threshold=0 4.5000000000000009 20.350000000000005 45.900000000000013 0.98899263613956456 19.450000000000003 0.99700008544936913 16.150000000000002 1 2 29.150000000000002 26.900000000000002 0.99895983886342388 59.729166500000012
decision_type=1 2 2 2 2 2 2 2 1 1 2 2 2 2
left_child=1 2 4 5 -1 -3 -4 8 9 -2 12 -5 -9 -12
right_child=7 3 6 11 -6 -7 -8 10 -10 -11 13 -13 -14 -15
leaf_value=-0.038265679706301001 -0.045403765088369692 0.0085113295507492741 0.05143030932489611 -0.0093264437654100221 0.074052463838406815 0.03281349844269673 -0.012978330173657147 -0.048838492894714002 -0.040727192769031466 0.11422212934150416 -0.021547209476116685 -0.053770778625124409 -0.0089688921524706689 0.012227593243275402
leaf_weight=19.830701194703583 6.4624963589012623 189.36526567861438 176.2616011723876 24.425727166235447 5.6467438638210288 239.61708441004157 12.187094911932943 325.14020007476211 41.326486300677061 7.9647104181349277 2.0822581201791746 11.218527425080536 2.483359418809413 6.3523219935595989
leaf_count=172 148 1462 918 256 34 1674 74 8029 882 143 25 112 49 74
internal_value=-0.000111746 0.0250339 0.0402026 0.0185162 -0.0115152 0.0221306 0.0472184 -0.0431515 -0.025478 0.0269453 -0.0472795 -0.0244003 -0.0485645 0.00248947
internal_weight=1070.36 678.553 213.926 464.627 25.4774 428.982 188.449 391.812 55.7537 14.4272 336.058 35.6443 327.624 8.43458
internal_count=14052 4702 1198 3504 206 3136 992 9350 1173 291 8177 368 8078 99
cat_boundaries=0 1 2 3
cat_threshold=6 32 1
is_linear=0
shrinkage=0.05


Tree=18
num_leaves=15
num_cat=4
split_feature=0 40 36 1 4 7 4 39 44 0 1 21 40 35
split_gain=414.557 27.0028 27.9337 37.4284 29.6207 20.8537 29.9954 11.1663 8.44211 18.0982 4.40884 3.42233 0.733518 0.182214
threshold=0 14.050000000000002 95.500000000000014 1 0.9916835347852474 29.343750000000004 -0.49813634056773481 29.150000000000002 28.250000000000004 2 3 21.550000000000004 37.900000000000006 62.919643000000008
decision_type=1 2 2 1 2 2 2 2 2 1 1 2 2 2
left_child=1 2 4 -4 -1 6 -3 8 9 -2 13 -10 -7 -9
right_child=7 5 3 -5 -6 12 -8 10 11 -11 -12 -13 -14 -15
leaf_value=0.026036139463971708 0.029288224962122592 0.023557719740884622 0.023158084740211072 0.076763589078601049 -0.04660069862356598 0.048710361499280805 -0.0054114296437763471 0.039252749032136061 -0.028026955272968786 -0.034949408873850042 -0.037334261549734668 -0.048924942912822504 0.088677246980063143 0.013565102373333802
leaf_weight=161.71558656543493 8.1464241668581963 197.65894220769405 65.67984227836132 66.08499563485384 14.449214369058607 8.4767521768808347 161.84140734374523 3.691088452935217 25.832706410437822 21.182685777544975 2.4035221897065639 313.79463264346123 5.9904924258589736 2.627744734287262
leaf_count=857 135 1331 381 372 87 45 1548 30 611 411 47 8118 37 24
internal_value=-0.00143356 0.0217791 0.0330509 0.0504189 0.019849 0.0130152 0.0105374 -0.0427373 -0.0451873 -0.018596 0.0109316 -0.0474223 0.0699228 0.0318833
internal_weight=1059.58 681.897 307.93 131.765 176.165 373.968 359.5 377.679 368.956 29.3291 8.72236 339.627 14.4672 6.31883
internal_count=14034 4658 1697 753 944 2961 2879 9376 9275 546 101 8729 82 54
cat_boundaries=0 1 2 3 4
cat_threshold=6 1 32 1
is_linear=0
shrinkage=0.05


Tree=19
num_leaves=15
num_cat=1
split_feature=5 33 20 34 43 25 1 34 39 2 37 32 5 36
split_gain=39.9977 22.3005 16.4102 28.1545 15.0489 9.63889 9.26796 12.2471 9.01822 8.72634 5.7396 5.38808 4.42761 1.57359
threshold=-0.91595872546125101 31.350000000000005 36.95000000000001 24.450000000000003 22.200000000000006 7.8250000000000011 0 23.950000000000003 24.350000000000005 11.500000000000002 70.500000000000014 28.497917000000005 -0.99273797715557011 99.500000000000014
decision_type=2 2 2 2 2 2 1 2 2 2 2 2 2 2
left_child=5 4 3 -3 9 6 12 -8 -4 -2 -6 13 -1 -7
right_child=1 2 8 -5 10 11 7 -9 -10 -11 -12 -13 -14 -15
leaf_value=-0.0054155914955063547 0.011764080615704532 0.0077369634995519861 0.011491298681688064 -0.016921082784034324 -0.045229941082481684 -0.051545578031655097 -0.035580591432292669 0.031932666671140003 0.047787535960706375 -0.033966902155828024 0.014589430061974601 0.0047560641996251853 -0.05099455755386232 -0.005290871808909324
leaf_weight=8.2920080199837702 37.151750154793262 643.98137944936752 37.670394465327263 140.11277933418751 42.631071377545595 45.772260062396526 9.8481860868632811 16.702602915465832 31.715999409556389 13.357704456895588 3.9515585824847212 4.8427408859133712 15.339094664901493 2.1666593737900248
leaf_count=150 535 7924 395 1895 669 1058 176 263 293 198 56 75 280 41
internal_value=-0.000411498 0.00280604 0.00539533 0.00331478 -0.0197779 -0.0298575 -0.0137592 0.00650821 0.0285253 -0.00075455 -0.0399556 -0.0446224 -0.0358704 -0.0496059
internal_weight=1053.54 950.573 853.481 784.094 97.0921 102.964 50.1819 26.5508 69.3864 50.5095 46.5826 52.7817 23.6311 47.9389
internal_count=14008 11965 10507 9819 1458 2043 869 439 688 733 725 1174 430 1099
cat_boundaries=0 1
cat_threshold=1
is_linear=0
shrinkage=0.05


Tree=20
num_leaves=15
num_cat=3
split_feature=0 42 34 44 39 5 4 38 39 5 0 1 14 25
split_gain=404.338 20.0432 27.4255 25.2419 25.4557 18.4738 16.2879 7.66353 7.43413 7.51214 25.3434 3.71776 0.63539 0.197116
threshold=0 4.5000000000000009 20.350000000000005 45.900000000000013 19.450000000000003 0.97648852793709995 0.99700008544936913 14.349107500000001 29.150000000000002 0.73136292505298039 1 2 27.450000000000006 12.961111000000001
decision_type=1 2 2 2 2 2 2 2 2 2 1 1 2 2
left_child=1 2 5 4 -3 -1 -4 -5 9 12 -11 13 -2 -10
right_child=8 3 6 7 -6 -7 -8 -9 11 10 -12 -13 -14 -15
leaf_value=-0.036131598043446261 -0.049281475230893795 0.0061689421290967716 0.044584721268678407 -0.03366328942716406 0.030413473772400647 0.054674428381598694 -0.016451057580485606 0.024717809253446826 0.03442202346014895 0.013294650725500762 -0.044111272493826223 -0.038335219820082762 -0.0072064228961015017 0.011329479535012116
leaf_weight=20.128387391567234 259.42755266278982 193.55739961192012 186.49958200007677 29.822095602750778 246.5138736627996 6.6548692882060996 11.116730973124502 6.1091028079390517 2.3197270706295949 24.974075760692358 64.52397196367383 2.6417099498212337 1.2738175652921189 3.4177076071500778
leaf_count=176 7129 1474 930 335 1675 38 69 44 19 515 1533 52 33 28
internal_value=2.26949e-06 0.0220431 0.0346736 0.0164907 0.0197881 -0.0124131 0.0410857 -0.0233367 -0.0424243 -0.0447149 -0.0315277 0.00263524 -0.0491042 0.0243894
internal_weight=1058.98 700.402 224.4 476.002 440.071 26.7833 197.616 35.9312 358.579 350.199 89.498 8.37914 260.701 5.73743
internal_count=14050 4741 1213 3528 3149 214 999 379 9309 9210 2048 99 7162 47
cat_boundaries=0 1 2 3
cat_threshold=6 32 1
is_linear=0
shrinkage=0.05


Tree=21
num_leaves=14
num_cat=3
split_feature=0 5 4 35 8 25 39 25 5 0 1 8 11
split_gain=364.395 21.3667 17.3039 15.3365 17.5309 11.1419 9.93191 9.67526 9.35261 27.6973 4.25475 2.35202 0.567493
threshold=0 -0.89404254237865755 -0.15951315977791497 59.919643000000008 29.950000000000003 8.3923615000000016 29.150000000000002 10.454166500000001 0.73136292505298039 1 2 27.850000000000005 81.500000000000014
decision_type=1 2 2 2 2 2 2 2 2 1 1 2 2
left_child=1 2 -1 7 -5 -4 8 -3 11 -10 12 -2 -8
right_child=6 3 5 4 -6 -7 10 -9 9 -11 -12 -13 -14
leaf_value=-0.050678204119159846 0.0079597430698063586 -0.028268657052109167 0.024252740369149258 -0.0023850071838994614 0.027452108719496129 -0.026468234620740896 0.0052432885135057766 0.029345845328949301 0.015603849219379684 -0.043184617877841169 -0.037920491937041174 -0.049478263007229573 0.037758352745615203
leaf_weight=15.907255589962004 1.5354689732193936 22.233587712049488 32.673614751547575 53.786268316209316 561.29695822298527 15.012708164751528 2.2915113866329175 9.6841553747653943 25.205379895865917 63.031684085726738 2.5576138086616993 249.49968193843961 4.2584642618894577
leaf_count=261 42 124 305 416 3377 214 20 47 513 1557 52 7178 33
internal_value=-0.000402789 0.0200921 -0.00718307 0.02309 0.0248434 0.00806899 -0.0415307 -0.0104274 -0.0441006 -0.0294954 0.00800417 -0.0490968 0.0285841
internal_weight=1058.97 710.595 63.5936 647.001 615.083 47.6863 348.38 31.9177 339.272 88.2371 9.10759 251.035 6.54998
internal_count=14139 4744 780 3964 3793 519 9395 171 9290 2070 105 7220 53
cat_boundaries=0 1 2 3
cat_threshold=6 32 1
is_linear=0
shrinkage=0.05


Tree=22
num_leaves=15
num_cat=4
split_feature=0 5 33 43 39 25 1 39 5 0 32 1 20 19
split_gain=341.782 19.3684 18.5217 19.4875 17.6709 12.5161 14.0476 9.39358 9.77323 26.1464 6.8532 3.73751 1.08197 0.288542
threshold=0 -0.91595872546125101 31.350000000000005 22.200000000000006 14.65 7.7979165000000004 1 29.150000000000002 0.73136292505298039 2 28.374107000000006 3 29.450000000000003 29.428472000000003
decision_type=1 2 2 2 2 2 1 2 2 1 2 1 2 2
left_child=1 5 3 -3 -4 6 -1 8 12 -10 -7 13 -2 -9
right_child=7 2 4 -5 -6 10 -8 11 9 -11 -12 -13 -14 -15
leaf_value=-0.022687875985913472 0.0037509230525832205 0.022862672692451062 -0.028022259234813402 -0.034971032368487302 0.025913721713536321 -0.044479629535876704 0.043969364705167248 0.032805065780918012 0.014608910633925516 -0.042676901520236531 0.027636219721859812 -0.037436883340553034 -0.049277697204246573 0.008560498829524971
leaf_weight=14.097479172050953 0.82881961762905021 28.968690544366837 14.807173691689966 27.371936094015837 585.96060575544834 21.547145504504446 15.746141724288464 3.981858938932417 25.705841653048992 59.722195331007242 3.1642331406474105 2.4634550213813782 238.2380501665175 2.8588783740997314
leaf_count=150 22 230 107 237 3432 379 141 30 513 1534 26 52 7169 24
internal_value=-0.000220817 0.0193262 0.0219726 -0.00535452 0.02454 -0.0088924 0.0127672 -0.0411759 -0.0438232 -0.0287172 -0.0345297 0.00648311 -0.049079 0.0250568
internal_weight=1045.46 711.663 657.108 56.3406 600.768 54.555 29.8436 333.799 324.495 85.428 24.7114 9.30419 239.067 6.84074
internal_count=14046 4702 4006 467 3539 696 291 9344 9238 2047 405 106 7191 54
cat_boundaries=0 1 2 3 4
cat_threshold=6 1 32 1
is_linear=0
shrinkage=0.05


Tree=23
num_leaves=15
num_cat=3
split_feature=0 20 44 34 4 39 44 0 21 1 34 4 39 11
split_gain=315.479 15.2706 20.3926 17.4918 12.6614 10.0496 7.40184 17.4361 4.83332 3.70959 3.54217 2.08985 1.48839 0.119235
threshold=0 36.95000000000001 46.250000000000007 24.450000000000003 0.95998215779580554 29.150000000000002 30.400000000000002 1 25.950000000000003 2 26.150000000000002 0.97696484778429815 18.950000000000003 82.500000000000014
decision_type=1 2 2 2 2 2 2 1 2 1 2 2 2 2
left_child=1 2 3 -1 -4 6 7 -2 11 13 -10 -3 -8 -7
right_child=5 8 4 -5 -6 9 12 -9 10 -11 -12 -13 -14 -15
leaf_value=0.022267251584745611 0.020536362040685333 0.07356005362634925 -0.025707903281431022 -0.00032603876652694165 0.043154600403417093 0.012139684183095262 -0.039261119248122187 -0.037534374938685833 0.0082752831967168317 -0.03636963384109012 0.043877732752871434 0.029456647273148808 -0.049679718032700625 0.033741927658340887
leaf_weight=513.32298264652491 13.162580039352179 14.775521472096445 41.184600532054901 102.75405316799879 6.9958519190549842 2.6584304049611074 74.78997240960598 31.363198345527053 12.167825251817705 2.2488369084894657 17.384627401828766 5.610021010041236 192.89977762289345 3.9203824102878571
leaf_count=3317 254 65 381 733 33 22 2251 800 57 49 75 27 5956 29
internal_value=-0.000636882 0.0178574 0.0160529 0.0185045 -0.0150348 -0.0409889 -0.0437474 -0.0240274 0.0445797 0.00938946 0.0299695 0.0633679 -0.0469258 0.0277663
internal_weight=1035.24 714.195 664.257 616.077 48.1805 321.043 312.216 44.5258 49.938 8.82765 29.5525 20.3855 267.69 6.57881
internal_count=14049 4688 4464 4050 414 9361 9261 1054 224 100 132 92 8207 51
cat_boundaries=0 1 2 3
cat_threshold=6 32 1
is_linear=0
shrinkage=0.05


Tree=24
num_leaves=13
num_cat=5
split_feature=0 34 5 5 0 0 1 38 39 1 14 35
split_gain=282.225 17.7396 23.221 26.1006 24.9422 8.87925 30.4774 48.5299 11.4186 3.57179 1.06988 0.766048
threshold=0 26.550000000000004 -0.42179730054635828 -0.19337245081799001 1 2 3 7.4110120000000004 29.150000000000002 4 27.450000000000006 63.40178550000001
decision_type=1 2 2 2 1 1 1 2 2 1 2 2
left_child=1 2 4 -4 -1 6 -2 -8 10 -3 -7 -10
right_child=5 9 3 -5 -6 8 7 -9 11 -11 -12 -13
leaf_value=0.017796216576074341 -0.050856174742555355 0.1033759843283503 0.051572392787003242 0.017074588859982517 -0.014748185124765429 -0.050811998354727252 0.072917939710169952 -0.033303143157847714 0.023235668871544844 0.037649661183416089 0.0018995530412399279 -0.0084669342474242154
leaf_weight=107.40845013037324 40.029410930350423 5.6591042876243574 62.12128521502018 439.76563300192356 106.31442173197865 219.25007405132055 16.892191847786307 25.995388334617019 4.6370512917637816 5.6067274510860443 0.89578887261450191 2.2413117364048958
leaf_count=891 1169 24 355 2532 897 6940 392 778 52 24 27 27
internal_value=-0.000645383 0.0163922 0.0155709 0.0214386 0.00175597 -0.0397742 -0.0178984 0.00924249 -0.0465676 0.0764019 -0.0505899 0.0131419
internal_weight=1036.82 726.876 715.61 501.887 213.723 309.941 82.917 42.8876 227.024 11.2658 220.146 6.87836
internal_count=14108 4723 4675 2887 1788 9385 2339 1170 7046 48 6967 79
cat_boundaries=0 1 2 3 4 5
cat_threshold=6 4 32 1 1
is_linear=0
shrinkage=0.05


Tree=25
num_leaves=15
num_cat=4
split_feature=0 26 43 43 5 40 39 39 0 39 1 1 14 8
split_gain=268.413 17.1455 26.0551 18.118 16.9689 14.1555 11.5872 9.11414 9.15494 25.7009 7.67534 3.32068 1.15958 0.0982917
threshold=0 14.65 36.250000000000007 34.600000000000001 0.63089349388778826 119.05000000000001 16.650000000000002 29.150000000000002 1 18.950000000000003 2 3 27.450000000000006 36.550000000000004
decision_type=1 2 2 2 2 2 2 2 1 2 1 1 2 2
left_child=1 4 3 -3 6 -4 -1 8 9 -2 -6 13 -10 -9
right_child=7 2 5 -5 10 -7 -8 11 12 -11 -12 -13 -14 -15
leaf_value=-0.043983405691665645 0.012832812693568348 0.018409949611989104 0.093125092619790698 -0.052725058870391008 -0.00039040827211691957 -0.014132028433391192 0.00034880155371337125 0.030101429108138962 -0.050683705597010777 -0.044226254321478031 0.043959944759787373 -0.035964949713095176 0.0042202891593949602 0.010895537220534324
leaf_weight=26.431900352239609 33.388926884159446 602.59694197401404 16.253639355301861 8.1473889388143999 19.038665756583214 3.4495325312018386 31.822269454598427 4.1113694757223112 208.99294612929225 46.012561026960611 18.969237923622131 2.1804654821753502 0.81765817478299041 2.7092619389295578
leaf_count=219 832 3775 101 75 125 24 238 30 6934 1479 120 49 25 22
internal_value=-0.000336148 0.0160614 0.0192791 0.0173764 -0.00334228 0.0745715 -0.020169 -0.0394341 -0.0422913 -0.0181179 0.0223038 0.00798799 -0.0481659 0.0248412
internal_weight=1024.92 726.71 630.448 610.744 96.2621 19.7032 58.2542 298.213 289.212 79.4015 38.0079 9.0011 209.811 6.82063
internal_count=14048 4677 3975 3850 702 125 457 9371 9270 2311 245 101 6959 52
cat_boundaries=0 1 2 3 4
cat_threshold=6 32 1 1
is_linear=0
shrinkage=0.05


Tree=26
num_leaves=14
num_cat=3
split_feature=0 33 2 7 31 37 43 0 1 5 39 14 35
split_gain=244.417 16.6714 14.5077 28.7714 15.8933 12.0567 11.2517 9.58462 30.511 45.4314 17.5171 1.18798 0.361949
threshold=0 31.350000000000005 8.5000000000000018 26.477083500000003 43.750000000000007 70.500000000000014 24.500000000000004 1 2 0.73136292505298039 29.150000000000002 27.450000000000006 63.40178550000001
decision_type=1 2 2 2 2 2 2 1 1 2 2 2 2
left_child=1 5 3 -3 -4 6 -1 8 -2 -10 11 -9 -12
right_child=7 2 4 -5 -6 -7 -8 10 9 -11 12 -13 -14
leaf_value=0.0031527264001273967 -0.050692761331482809 -0.029234215891064959 0.034627761843377118 0.017062342216386406 -0.051085409944148334 0.055797687846852295 -0.041481203254089355 -0.050550101413084296 -0.026126113661972046 0.080064971563147624 0.036618874076198231 0.0050585206111066622 0.0077931448844661263
leaf_weight=32.079042546451092 37.373134627938271 35.110011480748653 145.1777069568634 492.72015165910125 4.7616650164127341 5.4618101678788653 24.040210075676441 198.46428107470274 28.397706232964993 14.343698486685751 4.3530943840742102 0.79064931534230609 2.192388903349638
leaf_count=272 1162 299 824 3031 31 40 218 6911 925 255 48 24 26
internal_value=0.000218477 0.0154088 0.0178792 0.0139333 0.0315853 -0.00916978 -0.0163589 -0.0381853 -0.0162959 0.0105265 -0.0454472 -0.0503053 0.0292762
internal_weight=1025.27 739.351 677.77 527.83 149.939 61.5811 56.1193 285.915 80.1145 42.7414 205.8 199.255 6.54548
internal_count=14066 4715 4185 3330 855 530 490 9351 2342 1180 7009 6935 74
cat_boundaries=0 1 2 3
cat_threshold=6 32 1
is_linear=0
shrinkage=0.05


Tree=27
num_leaves=15
num_cat=5
split_feature=0 34 0 34 39 39 1 39 0 5 39 39 1 20
split_gain=229.919 15.6831 31.7572 28.8848 27.0691 26.9951 20.3048 9.98319 20.0838 25.8459 5.26326 2.15045 1.6314 1.35093
threshold=0 20.950000000000003 1 22.250000000000004 15.050000000000002 19.750000000000004 2 16.150000000000002 3 0.73136292505298039 29.150000000000002 18.950000000000003 4 34.250000000000007
decision_type=1 2 1 2 2 2 1 2 1 2 2 2 1 2
left_child=1 2 6 5 -5 -3 -1 8 9 -2 11 -9 -12 -10
right_child=7 3 -4 4 -6 -7 -8 10 13 -11 12 -13 -14 -15
leaf_value=-0.01021270486425108 -0.044113688915883131 0.067716923117298142 -0.042421570029845618 -0.04091540914459816 0.014519115280590104 0.012401995345167255 0.082255714996967835 -0.035966671987799147 -0.049963256689251612 0.082963268251725217 0.0084096933529116489 -0.048682832080925206 -0.035152067555989382 0.010272941541557055
leaf_weight=11.141800418496132 5.5237118396908054 48.396124206483364 24.775161907076836 21.947134952992201 577.7633053176105 40.829382516443729 11.245752736926079 62.925934869796038 26.509109325706962 9.9186781793832761 6.4634402692317945 161.49976282194257 2.0387644842267036 0.64226886071264644
leaf_count=84 154 251 180 187 3694 193 80 2154 830 145 48 5947 47 22
internal_value=-0.00029637 0.0143135 -0.0131711 0.0164189 0.0124257 0.0428229 0.0264554 -0.0383696 -0.0169637 0.023374 -0.0438349 -0.0452928 -0.00463615 -0.0355839
internal_weight=1011.62 736.099 47.1627 688.936 599.71 89.2255 22.3876 275.522 42.5938 15.4424 232.928 224.426 8.5022 27.1514
internal_count=14016 4669 344 4325 3881 444 164 9347 1151 299 8196 8101 95 852
cat_boundaries=0 1 2 3 4 5
cat_threshold=6 4 1 32 1
is_linear=0
shrinkage=0.05


Tree=28
num_leaves=13
num_cat=5
split_feature=0 34 5 0 5 39 5 0 1 1 8 35
split_gain=220.151 15.421 16.5435 24.8089 19.2045 8.13873 8.68748 17.893 5.58733 3.2197 2.56624 0.257304
threshold=0 26.550000000000004 -0.42179730054635828 1 -0.20180761162458913 29.150000000000002 0.74298546529340237 2 3 4 27.850000000000005 62.919643000000008
decision_type=1 2 2 1 2 2 2 1 1 1 2 2
left_child=1 2 3 -1 -4 6 10 -8 -3 11 -2 -7
right_child=5 8 4 -5 -6 9 7 -9 -10 -11 -12 -13
leaf_value=0.017050271176278661 0.013690092224816883 0.096227488396108007 0.043751720546263431 -0.015105006549000616 0.014252871074295931 0.0291022359543626 0.011185960544711169 -0.039502699572347436 0.026128882892122729 -0.036576352703857624 -0.047611350484656693 0.0071385870630704595
leaf_weight=111.84525647386909 1.3231958188116539 6.5645831078290922 62.272018752992153 106.37849086150527 453.55727774649858 4.1353331878781301 24.382445130497217 43.9209697637707 6.182179793715477 2.3222969882190228 185.57894125953317 2.9310861825942993
leaf_count=885 46 27 334 883 2530 29 486 1464 26 55 7229 24
internal_value=-8.40431e-05 0.013835 0.0130175 0.00146673 0.0178918 -0.0383506 -0.0414714 -0.0255938 0.0666035 0.00538994 -0.0471068 0.0220063
internal_weight=1011.39 746.8 734.053 218.224 515.829 264.594 255.206 68.3034 12.7468 9.38872 186.902 7.06642
internal_count=14018 4685 4632 1768 2864 9333 9225 1950 53 108 7275 53
cat_boundaries=0 1 2 3 4 5
cat_threshold=6 4 32 1 1
is_linear=0
shrinkage=0.05


Tree=29
num_leaves=15
num_cat=2
split_feature=0 42 34 5 44 4 36 43 37 1 44 38 4 4
split_gain=190.742 15.3849 19.4667 18.0518 16.8565 18.1325 15.3653 7.54274 20.0087 22.572 9.48445 5.30577 3.65628 15.733
threshold=0 4.5000000000000009 20.350000000000005 0.97648852793709995 45.900000000000013 -0.90893996196865012 95.500000000000014 1.8500000000000003 37.500000000000007 1 47.350000000000009 14.349107500000001 -0.43733984355855576 -0.67803021058859214
decision_type=1 2 2 2 2 2 2 2 2 1 2 2 2 2
left_child=1 2 3 -1 5 -3 -4 8 10 -10 -2 -6 13 -9
right_child=7 4 6 -5 11 -7 -8 12 9 -11 -12 -13 -14 -15
leaf_value=-0.041360829613854712 -0.049430078332901986 0.03151412387284553 0.016216508143600133 0.045106644630903858 -0.03497910747214851 0.0049335597000402989 0.043987274147919218 -0.050381306183952236 -0.045527604311083901 0.06200318111653768 0.0021858961086134543 0.013470806644565299 -0.05095593740975949 -0.0014308031946138429
leaf_weight=19.98907092213631 45.836373012512922 75.646848827600479 127.69547688961029 7.5457145273685446 28.988993585109711 397.44439097121358 82.848895326256752 51.942491054534912 7.2524303216487169 11.130692331120374 10.885986171662806 6.3962174057960501 105.93525808304548 23.877947546541691
leaf_count=166 1657 448 595 39 330 2660 391 2068 231 234 162 43 4174 843
internal_value=-0.00133425 0.0115166 0.0221375 -0.0169147 0.00673604 0.00924127 0.0273005 -0.037574 -0.0251324 0.0194204 -0.0396578 -0.0260918 -0.0446054 -0.0351847
internal_weight=1003.42 746.556 238.079 27.5348 508.476 473.091 210.544 256.861 75.1055 18.3831 56.7224 35.3852 181.756 75.8204
internal_count=14041 4672 1191 205 3481 3108 986 9369 2284 465 1819 373 7085 2911
cat_boundaries=0 1 2
cat_threshold=6 1
is_linear=0
shrinkage=0.05


Tree=30
num_leaves=15
num_cat=5
split_feature=0 5 0 43 1 34 44 36 44 0 1 21 34 33
split_gain=188.644 18.1648 25.0697 39.0036 19.4147 16.3356 14.7319 9.00078 8.82508 12.6608 16.9179 3.22447 8.68882 3.7881
threshold=0 -0.42179730054635828 1 36.250000000000007 2 20.950000000000003 43.750000000000007 96.500000000000014 28.250000000000004 3 4 21.550000000000004 21.350000000000005 37.100000000000009
decision_type=1 2 1 2 1 2 2 2 2 1 1 2 2 2
left_child=1 2 3 -1 -4 7 -7 -3 9 10 -2 12 -10 -13
right_child=8 5 4 -5 -6 6 -8 -9 11 -11 -12 13 -14 -15
leaf_value=0.0083829297568467614 -0.039058349224002087 -0.036202480849272127 -0.038183662490918834 0.11079471809437028 0.0033118386630437767 0.023672817987990355 -0.0028005380010019038 0.0074855610527342553 -0.03357489505755161 -0.028826991861553769 0.09436533651246326 -0.045986314003856596 0.05675688491017053 -0.021710895006452249
leaf_weight=109.92760407552123 2.9141926411539316 18.899171523749828 54.411286480724812 9.1806072592735273 57.078011784702539 408.50045649707317 60.059532515704632 28.265630394220352 15.674639914184811 13.689710073173046 5.9926446154713631 186.20991031080484 2.2333162557333699 20.511735806241632
leaf_count=848 69 149 459 61 449 2175 317 193 544 406 65 7652 64 564
internal_value=-0.000503869 0.0120901 0.000580295 0.0158165 -0.0157031 0.0174594 0.0202808 -0.0104086 -0.0373983 -0.00867706 0.0254677 -0.0418937 -0.0199036 -0.0436937
internal_weight=993.548 746.322 230.598 119.108 111.489 515.725 468.56 47.1648 247.226 22.5965 8.90684 224.63 17.908 206.722
internal_count=14015 4651 1817 909 908 2834 2492 342 9364 540 134 8824 608 8216
cat_boundaries=0 1 2 3 4 5
cat_threshold=6 4 1 32 1
is_linear=0
shrinkage=0.05


Tree=31
num_leaves=15
num_cat=4
split_feature=0 42 21 36 34 23 0 1 39 39 36 1 14 4
split_gain=170.768 18.6601 24.5235 16.6457 14.5856 17.7612 9.47183 28.4631 34.9301 14.6516 8.38773 6.42872 1.21175 0.869766
threshold=0 4.5000000000000009 21.550000000000004 95.500000000000014 26.550000000000004 92.500000000000014 1 2 18.950000000000003 29.150000000000002 96.500000000000014 3 27.450000000000006 0.95998215779580554
decision_type=1 2 2 2 2 2 1 1 2 2 2 1 2 2
left_child=1 2 10 -4 5 -3 7 -2 -9 12 -1 -6 -8 -11
right_child=6 4 3 -5 11 -7 9 8 -10 13 -12 -13 -14 -15
leaf_value=-0.032049888855676854 -0.050298031624051255 -0.023241974339762755 0.019229676918297856 0.049651109194032761 0.094881423808290455 0.0077660297124018621 -0.050318073454989058 0.06018462949353609 -0.032450397398823667 -0.0032119671279035979 0.0094965419478190687 0.018012055208974729 0.0057944093903820213 0.034511197011169607
leaf_weight=21.232692696154118 31.957428239285946 50.473772436380386 124.98438553512096 71.368008300662041 5.4122385531663877 450.21468798071146 160.17852683924139 18.730519093573093 20.092614859342575 1.9026612602174271 26.030494585633278 5.7328966408967972 0.77098634093999763 4.4461066462099552
leaf_count=138 1183 264 579 331 22 3162 6904 408 766 24 156 24 27 47
internal_value=-0.000481217 0.0112172 0.0227293 0.0304825 0.00592292 0.00460006 -0.0364382 -0.0141193 0.0126311 -0.0444273 -0.00944528 0.0600797 -0.0500152 0.0243073
internal_weight=993.528 755.449 243.616 196.352 511.834 500.688 238.079 70.7806 38.8231 167.298 47.2632 11.1451 160.95 6.34877
internal_count=14035 4676 1204 910 3472 3426 9359 2357 1174 7002 294 46 6931 71
cat_boundaries=0 1 2 3 4
cat_threshold=6 32 1 1
is_linear=0
shrinkage=0.05


Tree=32
num_leaves=13
num_cat=4
split_feature=0 34 5 0 5 43 37 1 39 4 4 1
split_gain=158.226 17.1624 13.6197 20.2784 15.0581 6.98587 18.7128 18.0991 8.4106 4.07398 16.766 2.67607
threshold=0 26.550000000000004 -0.42179730054635828 1 -0.15101602693478736 1.8500000000000003 37.500000000000007 2 27.450000000000006 -0.43733984355855576 -0.63921128368950708 3
decision_type=1 2 2 1 2 2 2 1 2 2 2 1
left_child=1 2 3 -1 -4 6 8 -8 -2 10 -7 -3
right_child=5 11 4 -5 -6 9 7 -9 -10 -11 -12 -13
leaf_value=0.012786559824720989 -0.049008402496989095 0.087010528108516227 0.033472540892684692 -0.01638060084884169 0.0099048373829212152 -0.04825295821098291 -0.044390834528456963 0.056038478257077799 0.0015051551756322878 -0.050752382737426709 0.0067888807436474663 0.033024376681050606
leaf_weight=112.95367177203298 40.68558731302619 6.6876460909843427 79.317357502877712 103.92189434915781 446.86482890695333 49.950542306527495 6.1737370025366545 11.24545442312956 10.197920974344013 93.301262278109789 18.682589203119278 6.0389135777950287
leaf_count=877 1673 27 417 884 2442 2239 223 223 159 4168 707 25
internal_value=-0.00105465 0.0100788 0.00917524 -0.00136568 0.0135142 -0.0363511 -0.0239287 0.0199666 -0.0390507 -0.0436428 -0.0333877 0.0656655
internal_weight=986.021 755.784 743.058 216.876 526.182 230.237 68.3027 17.4192 50.8835 161.934 68.6331 12.7266
internal_count=14064 4672 4620 1761 2859 9392 2278 446 1832 7114 2946 52
cat_boundaries=0 1 2 3 4
cat_threshold=6 4 1 1
is_linear=0
shrinkage=0.05


Tree=33
num_leaves=11
num_cat=1
split_feature=0 5 39 33 4 43 25 34 35 10
split_gain=146.339 15.7912 14.6737 14.3444 14.3311 12.752 10.871 8.43067 6.37295 0.665821
threshold=0 -0.91595872546125101 29.150000000000002 31.350000000000005 0.98522604642031408 24.500000000000004 8.2937500000000011 23.950000000000003 81.672619000000012 59.729166500000012
decision_type=1 2 2 2 2 2 2 2 2 2
left_child=1 6 -2 5 -5 -3 7 -1 -8 -4
right_child=2 3 9 4 -6 -7 8 -9 -10 -11
leaf_value=-0.032572115007246619 -0.050143253401338378 0.0069008489572224873 -0.0039886771871401978 0.013844305427670551 -0.012291640827354972 -0.035555736830044447 0.023454286124965709 0.015863057772008568 -0.050670555466552129 0.027505079165636423
leaf_weight=12.249740067869423 147.66192396357656 39.511003432795405 1.9569390714168537 640.85648093186319 56.35496573522687 30.633802857249975 2.7342575341463116 26.90751651674509 21.605514606460929 5.4568290896713734
leaf_count=178 6928 371 24 4852 439 347 27 323 507 58
internal_value=-0.00101268 0.00747059 -0.0438872 0.00954748 0.0117172 -0.01188 -0.016229 0.000277073 -0.0417466 0.019706
internal_weight=985.929 830.853 155.076 767.356 697.211 70.1448 63.497 39.1573 24.3398 7.41377
internal_count=14054 7044 7010 6009 5291 718 1035 501 534 82
cat_boundaries=0 1
cat_threshold=38
is_linear=0
shrinkage=0.05


Tree=34
num_leaves=11
num_cat=1
split_feature=0 5 34 5 34 39 4 38 5 14
split_gain=141.595 14.2888 13.6819 16.8067 16.5433 11.3866 10.0306 7.55143 1.29583 1.28934
threshold=0 -0.90892157495189674 20.350000000000005 0.98899263613956456 22.250000000000004 29.150000000000002 -0.17647087149565663 5.7779760000000016 0.26659387353423863 27.450000000000006
decision_type=1 2 2 2 2 2 2 2 2 2
left_child=1 6 3 -3 -4 9 -1 -8 -7 -2
right_child=5 2 4 -5 -6 8 7 -9 -10 -11
leaf_value=-0.049786620863953072 -0.049690554149363839 -0.043001149473623629 0.027655743290901515 0.036646685302509314 0.0078842355662638586 0.030941790190669408 -0.048997608953959895 0.0040329738166632661 -0.010497956902322877 0.0082946732069139831
leaf_weight=14.195278938859699 141.05510573089123 23.399252260103825 127.51334554888308 8.2285404540598375 608.26506574451923 4.0883003212511531 6.8374890573322764 46.010092360898852 2.3621735870838165 0.69799753651022811
leaf_count=326 6937 251 881 53 4753 42 92 673 30 26
internal_value=-0.000230565 0.00791978 0.0099514 -0.0217913 0.0113436 -0.0434825 -0.0139757 -0.00361071 0.0163943 -0.0493489
internal_weight=982.653 834.449 767.406 31.6278 735.778 148.204 67.0429 52.8476 6.45047 141.753
internal_count=14064 7029 5938 304 5634 7035 1091 765 72 6963
cat_boundaries=0 1
cat_threshold=38
is_linear=0
shrinkage=0.05


Tree=35
num_leaves=15
num_cat=3
split_feature=0 33 36 43 39 5 0 1 4 4 39 19 8 9
split_gain=129.717 13.8537 13.5933 21.5705 19.1236 8.52183 17.7718 27.1915 8.15542 8.77673 5.98987 4.32903 2.96521 1.52867
threshold=0 36.850000000000001 94.500000000000014 5.3500000000000005 24.950000000000003 0.73136292505298039 1 2 0.98802474685579855 0.9193901325473397 29.150000000000002 30.295139000000002 27.850000000000005 24.650000000000002
decision_type=1 2 2 2 2 2 1 1 2 2 2 2 2 2
left_child=1 2 4 -4 -1 10 7 -7 9 -3 12 -10 -2 -8
right_child=5 8 3 -5 -6 6 13 -9 11 -11 -12 -13 -14 -15
leaf_value=-0.018649467310932373 0.021830427567119795 0.014279117512535206 0.027075963427796647 0.0041542355044566839 0.025425481834274146 -0.046806485864872238 -0.048470728252805892 0.057725174904978527 0.01785031593612247 0.052334411972348588 -0.0036207479592359018 -0.037077026445451515 -0.04638258393060328 0.015739975535320246
leaf_weight=100.84402872622013 1.0692282952368248 27.816614225506783 134.75959977507591 422.72688127495348 31.510612219572067 9.094496751204133 34.69037202000618 15.423206966370344 6.959003418684004 35.138586148619652 9.1845890022814256 5.589023768901825 138.74600384198129 0.51260186359286208
leaf_count=518 45 126 670 3015 152 260 1502 247 33 148 103 28 7162 25
internal_value=-0.00116935 0.00845486 0.00631599 0.0097336 -0.00804426 -0.035063 -0.0202663 0.0133889 0.028764 0.0360059 -0.0431566 -0.0075458 -0.0457096 -0.0369268
internal_weight=974.065 765.344 689.841 557.486 132.355 208.72 59.7207 24.5177 75.5032 62.9552 149 12.548 139.815 35.203
internal_count=14034 4690 4355 3685 670 9344 2034 507 335 274 7310 61 7207 1527
cat_boundaries=0 1 2 3
cat_threshold=6 32 1
is_linear=0
shrinkage=0.05


Tree=36
num_leaves=13
num_cat=3
split_feature=0 1 0 5 43 33 36 41 39 35 14 4
split_gain=126.319 14.1475 50.8882 31.6344 21.6987 18.8228 23.4439 15.7518 8.79705 1.7259 1.26207 0.179134
threshold=0 1 2 -0.6905596507703472 36.250000000000007 31.350000000000005 95.500000000000014 22.400000000000002 29.150000000000002 63.40178550000001 27.450000000000006 0.98049069993378934
decision_type=1 1 1 2 2 2 2 2 2 2 2 2
left_child=1 2 4 -4 -1 7 -7 -3 10 11 -2 -10
right_child=8 5 3 -5 -6 6 -8 -9 9 -11 -12 -13
leaf_value=0.01574710961237448 -0.049452368891232751 0.042366655478179693 -0.055985207516764605 -0.0072211570996595937 0.095229085532242005 -0.0017506015119338365 0.025016913466113927 -0.035031273577373463 0.033399419270472637 -0.021992646483873911 0.0078341544929223898 0.0084827231081135313
leaf_weight=185.61237360909581 128.69125693012029 7.3734696842730036 40.272154822014272 173.39973349496722 8.0671202167868596 117.09864549897611 269.40799879468977 30.964700855314732 2.3281540833413592 2.0642483308911324 0.71215197816491027 2.0749185308814049
leaf_count=1134 6950 61 679 1660 47 817 2257 346 23 27 28 21
internal_value=-0.000314935 0.00714553 0.000568288 -0.0158898 0.0185757 0.0136036 0.0169237 -0.019447 -0.043101 0.00935425 -0.0490794 0.0254007
internal_weight=968.067 832.196 407.351 213.672 193.679 424.845 386.507 38.3382 135.871 6.46732 129.403 4.40307
internal_count=14050 7001 3520 2339 1181 3481 3074 407 7049 71 6978 44
cat_boundaries=0 1 2 3
cat_threshold=38 1 4
is_linear=0
shrinkage=0.05


Tree=37
num_leaves=11
num_cat=1
split_feature=0 35 42 36 34 39 25 22 35 10
split_gain=119.939 12.2156 15.9443 13.7774 13.3398 10.6251 3.46924 2.21463 0.826569 0.0256705
threshold=0 59.13988100000001 4.5000000000000009 95.500000000000014 26.550000000000004 29.150000000000002 10.454166500000001 58.618055500000004 63.40178550000001 63.770833500000002
decision_type=1 2 2 2 2 2 2 2 2 2
left_child=1 6 3 -3 -4 -2 7 -1 9 -7
right_child=5 2 4 -5 -6 8 -8 -9 -10 -11
leaf_value=-0.056873248004866928 -0.049732447747072347 0.0075078780206143548 0.002103216488419862 0.030950041462277034 0.055899750635401514 0.028275979057822326 0.0019153942984713114 -0.016364554682110993 -0.0092398428140674765 0.010115465258662934
leaf_weight=8.7353719566017407 122.48342867847532 136.98074752651155 552.02906860969961 115.9086906183511 10.772400904446839 2.5338726826012126 6.4021573737263671 6.8511809464544049 2.273956760764122 1.9910840988159177
leaf_count=67 6927 911 5138 744 63 25 40 52 28 21
internal_value=-0.000241439 0.00684298 0.00792893 0.0183319 0.00323024 -0.0430646 -0.0290571 -0.0411275 0.0128132 0.0235622
internal_weight=966.962 837.68 815.691 252.889 562.801 129.282 21.9887 15.5866 6.79891 4.52496
internal_count=14016 7015 6856 1655 5201 7001 159 119 74 46
cat_boundaries=0 1
cat_threshold=38
is_linear=0
shrinkage=0.05


Tree=38
num_leaves=15
num_cat=3
split_feature=0 21 39 5 39 0 5 43 37 1 39 4 4 4
split_gain=115.371 13.5619 15.2786 34.1974 16.3598 9.14209 15.3659 8.07575 16.0474 14.6882 8.99209 3.3045 14.5406 2.19724
threshold=0 21.050000000000004 19.450000000000003 0.64414586362404946 19.750000000000004 1 0.93769647993491489 1.8500000000000003 37.500000000000007 2 27.450000000000006 -0.43733984355855576 -0.63921128368950708 0.7090011537757156
decision_type=1 2 2 2 2 1 2 2 2 1 2 2 2 2
left_child=1 5 3 -3 -4 6 -1 8 10 -10 -2 12 -9 -7
right_child=7 2 4 -5 -6 13 -8 11 9 -11 -12 -13 -14 -15
leaf_value=-0.038434488362392723 -0.048412557876540613 -0.013673160008875907 0.049509007816984668 0.022391813090862772 0.012429239173721756 -0.06049694544904928 0.04976631716260016 -0.04855559566661416 -0.043153904408188032 0.051746157275077059 0.0041666993512527693 -0.050446617083985346 0.0072653292759331262 -0.0093234787726224466
leaf_weight=7.5879920646548298 33.473332115449011 170.30292323976755 31.11333304643631 105.65316622704268 435.02596073970199 15.903729207813742 10.736135251820086 40.125726310536265 5.2324638869613409 11.17727196775377 10.445188045501707 74.844340429641306 15.956026319414375 2.8573600724339476
leaf_count=55 1671 1190 182 548 2545 109 67 2237 228 232 159 4173 691 21
internal_value=-0.000730042 0.00791044 0.00949444 0.00016575 0.0150049 -0.0211263 0.00866144 -0.0344114 -0.0205465 0.0207454 -0.0360932 -0.0432044 -0.0328247 -0.0355695
internal_weight=970.435 779.181 742.095 275.956 466.139 37.0852 18.3241 191.254 60.3283 16.4097 43.9185 130.926 56.0818 18.7611
internal_count=14108 4717 4465 1738 2727 252 122 9391 2290 460 1830 7101 2928 130
cat_boundaries=0 1 2 3
cat_threshold=6 4 1
is_linear=0
shrinkage=0.05


Tree=39
num_leaves=15
num_cat=1
split_feature=42 34 44 2 25 43 4 35 32 5 38 1 38 32
split_gain=12.0846 19.2187 13.2342 12.7546 20.8919 15.7035 11.6668 9.20396 9.04751 7.18156 3.91906 6.89028 3.62208 3.46421
threshold=4.5000000000000009 20.350000000000005 45.900000000000013 7.5000000000000009 8.5444445000000027 36.250000000000007 0.99552231814189462 59.919643000000008 29.217262000000002 0.97648852793709995 14.954762000000002 0 6.0776785000000002 26.115476500000003
decision_type=2 2 2 2 2 2 2 2 2 2 2 1 2 2
left_child=1 9 3 5 -5 -2 7 -3 -8 12 13 -12 -1 -4
right_child=2 6 10 4 -6 -7 8 -9 -10 -11 11 -13 -14 -15
leaf_value=0.0036784590862392087 -0.012579022564874517 -0.011902761685496002 0.0091880634644255152 -0.0015127578131962473 0.03267423039304241 0.025001404630926639 0.020264867505986141 0.018191544183871696 -0.052993437714359708 0.0073595522800430609 -0.042329956036507202 0.058602240782937243 -0.047136439823232901 -0.040239536868617684
leaf_weight=3.9694344699382809 298.77098117955029 27.8980663549155 3.5540649490430942 218.17526648566127 55.174310079775751 29.710325559601188 5.9071594718843725 227.18200521264225 10.720323936082421 11.258960040286182 2.3567329701036206 2.4434512928128242 22.161194165237248 35.827404214069247
leaf_count=61 4963 313 66 3153 768 454 74 2420 160 122 41 42 421 933
internal_value=-0.000561494 0.00755458 -0.00445046 -0.00248682 0.00548167 -0.0091144 0.0121958 0.0148665 -0.0272942 -0.025612 -0.0305516 0.0102934 -0.0395662 -0.0356618
internal_weight=955.11 309.097 646.013 601.831 273.35 328.481 271.708 255.08 16.6275 37.3896 44.1817 4.80018 26.1306 39.3815
internal_count=13991 3571 10420 9338 3921 5417 2967 2733 234 604 1082 83 482 999
cat_boundaries=0 1
cat_threshold=1
is_linear=0
shrinkage=0.05


Tree=40
num_leaves=13
num_cat=3
split_feature=0 0 1 36 5 43 39 26 39 12 24 5
split_gain=100.889 12.3773 44.097 42.9653 29.453 25.5438 23.2847 16.8152 11.5562 1.39267 2.95238 0.608654
threshold=0 1 2 99.500000000000014 -0.6905596507703472 36.250000000000007 29.150000000000002 15.15 29.150000000000002 29.500000000000004 28.500000000000004 0.24997576770840005
decision_type=1 1 1 2 2 2 2 2 2 2 2 2
left_child=1 5 4 -4 -3 6 -1 -7 9 10 -2 -10
right_child=8 2 3 -5 -6 7 -8 -9 11 -11 -12 -13
leaf_value=0.008078448764716686 -0.034340473987298198 -0.055645587986231641 0.0035883335804272175 0.055050074126174992 -0.0075380272267995792 -0.016886447458880981 0.097738232364846675 0.099720507565519423 0.02638036002180922 -0.049523680533166928 0.052248189038287374 -0.00090360845385636522
leaf_weight=372.32874000445008 2.0840354124084111 38.121418472379446 183.77542333025485 51.104426268488169 172.76772038079798 3.7070749625563613 6.3970315903425208 12.075659051537512 3.7591754756867877 109.79606985393912 0.46164988726377476 3.470565851777792
leaf_count=2224 132 680 1853 504 1668 25 27 63 37 6781 22 39
internal_value=-0.00040293 0.00588281 9.76166e-05 0.0149711 -0.0164558 0.0122397 0.00984629 0.0729575 -0.0413188 -0.048672 -0.00833088 0.0147646
internal_weight=959.849 840.277 445.769 234.88 210.889 394.509 378.726 15.7827 119.571 112.342 2.54569 7.22974
internal_count=14055 7044 4705 2357 2348 2339 2251 88 7011 6935 154 76
cat_boundaries=0 1 2 3
cat_threshold=38 4 1
is_linear=0
shrinkage=0.05


Tree=41
num_leaves=13
num_cat=3
split_feature=0 1 0 5 34 33 36 40 39 12 24 10
split_gain=95.3535 14.5942 46.9956 24.801 24.1476 19.6321 18.5675 15.5961 13.1198 1.52385 2.94359 0.497721
threshold=0 1 2 -0.6905596507703472 22.650000000000002 31.350000000000005 95.500000000000014 22.400000000000002 29.150000000000002 29.500000000000004 28.500000000000004 59.729166500000012
decision_type=1 1 1 2 2 2 2 2 2 2 2 2
left_child=1 2 4 -4 -1 7 -7 -3 9 10 -2 -10
right_child=8 5 3 -5 -6 6 -8 -9 11 -11 -12 -13
leaf_value=-0.012281193539084271 -0.033441931440843252 0.038233112510144322 -0.055227845793104829 -0.0097245653259236831 0.027397897551549984 -0.00082163851307021172 0.022812760239743733 -0.038448088527070705 -0.0033710432149688923 -0.049420920748548092 0.054135982015714269 0.024091086385515229
leaf_weight=51.191515557467937 1.9274677159264677 7.6249296367168418 35.474207210354507 171.12882753834128 146.16933886706829 118.49646195024252 276.66985023394227 29.245780098251998 1.8949916809797276 105.17117273714393 0.43527288734912861 5.6666349209845066
leaf_count=270 126 59 660 1665 902 820 2284 337 22 6819 20 57
internal_value=-1.09708e-05 0.00602831 -0.000733679 -0.0169495 0.0162754 0.0124772 0.0157415 -0.0219994 -0.0405758 -0.0485312 -0.00600708 0.017619
internal_weight=951.096 836.001 403.964 206.603 197.361 432.037 395.166 36.8707 115.096 107.534 2.36274 7.56163
internal_count=14041 6997 3497 2325 1172 3500 3104 396 7044 6965 146 79
cat_boundaries=0 1 2 3
cat_threshold=38 1 4
is_linear=0
shrinkage=0.05


Tree=42
num_leaves=14
num_cat=4
split_feature=0 33 1 0 38 39 37 26 1 12 24 11 10
split_gain=91.2944 14.2813 19.0366 31.206 17.6729 8.90362 8.62869 10.731 3.27121 1.49161 2.6435 0.385244 0.157855
threshold=0 31.350000000000005 1 2 6.890476500000001 29.150000000000002 70.500000000000014 12.250000000000002 3 29.500000000000004 28.500000000000004 81.500000000000014 64.937500000000014
decision_type=1 2 1 1 2 2 2 2 1 2 2 2 2
left_child=1 6 3 -3 -4 9 7 -1 -8 10 -2 -7 -13
right_child=5 2 4 -5 -6 11 8 -9 -10 -11 -12 12 -14
leaf_value=0.023676117561852505 -0.033119705523591621 0.013896619078097536 0.033840679024614538 -0.014246547652188024 0.0091881656091367392 -0.0077460021676988696 0.067490997368776146 -0.030105749527723477 -0.00037919990431288568 -0.049311180424963942 0.048721129887656756 0.02057157575525051 0.002687030693348344
leaf_weight=10.365963496267794 1.8770489059388631 180.76789856702089 94.948794335126877 191.55827626958489 305.49447512440383 2.1574571356177321 2.9337028320878735 54.322510978206992 3.2154941782355309 100.14756753575057 0.51255520433187474 2.8610745780169964 2.3164590634405613
leaf_count=96 127 1034 714 2106 2395 26 30 641 31 6810 22 29 22
internal_value=-0.000246927 0.00551099 0.00755039 -0.000591522 0.0151032 -0.0409144 -0.0157652 -0.0212583 0.036912 -0.0483817 -0.00637054 0.00766433 0.0143002
internal_weight=953.479 843.607 772.769 372.326 400.443 109.872 70.8377 64.6885 6.1492 102.537 2.3896 7.33499 5.17753
internal_count=14083 7047 6249 3140 3109 7036 798 737 61 6959 149 77 51
cat_boundaries=0 1 2 3 4
cat_threshold=38 1 4 1
is_linear=0
shrinkage=0.05


Tree=43
num_leaves=14
num_cat=3
split_feature=0 34 5 44 5 5 39 1 39 5 1 5 10
split_gain=85.0845 11.8883 11.6168 16.5413 15.7409 9.10022 14.5559 18.1536 5.8125 4.62601 4.1601 1.65246 1.10562
threshold=0 26.550000000000004 -0.42179730054635828 38.70000000000001 -0.13398942717002901 0.73136292505298039 18.550000000000004 1 29.150000000000002 0.99748108949426029 2 -0.77788789561442695 62.416666500000012
decision_type=1 2 2 2 2 2 2 1 2 2 1 2 2
left_child=1 2 3 -1 -4 8 7 -7 11 -8 -3 -2 -10
right_child=5 10 4 -5 -6 6 9 -9 12 -11 -12 -13 -14
leaf_value=-0.01606482770742711 -0.032698392498584014 0.078325353307643231 0.029399433172132755 0.011107764730844455 0.0059787314440259013 -0.046385903064743425 -0.049135932414370448 0.034867692894587181 -0.02116270852992647 0.048273007793621904 0.019741121121216686 -0.048904384227081148 0.011504245520710017
leaf_weight=123.31467895954847 32.183137901127338 6.443619564175604 84.350330643355846 100.99616621248424 455.73510209470987 9.3525765128433704 21.897943948395554 19.540040846914053 3.3538561910390836 0.51709160301834245 6.6355496942996979 75.831825686618686 5.4125485718250275
leaf_count=912 2248 26 433 871 2420 446 1097 462 42 21 27 4948 52
internal_value=-0.000599179 0.00648031 0.00571704 -0.00383534 0.00968414 -0.0316978 -0.0155982 0.00789393 -0.0412698 -0.0449232 0.0521166 -0.04442 -0.00188072
internal_weight=945.564 777.475 764.396 224.311 540.085 168.089 51.3077 28.8926 116.781 22.415 13.0792 108.015 8.7664
internal_count=14005 4689 4636 1783 2853 9316 2026 908 7290 1118 53 7196 94
cat_boundaries=0 1 2 3
cat_threshold=6 1 1
is_linear=0
shrinkage=0.05


Tree=44
num_leaves=12
num_cat=2
split_feature=0 34 34 39 39 0 2 39 12 32 27
split_gain=79.3614 12.4526 16.8255 31.5113 25.1431 10.3784 19.6594 8.57519 1.65104 2.19912 0.698432
threshold=0 20.350000000000005 22.250000000000004 19.750000000000004 15.050000000000002 1 11.500000000000002 29.150000000000002 29.500000000000004 29.443452500000003 0.45000000000000007
decision_type=1 2 2 2 2 1 2 2 2 2 2
left_child=1 5 3 -3 -4 6 -1 8 9 -2 -9
right_child=7 2 4 -5 -6 -7 -8 10 -10 -11 -12
leaf_value=-0.048707592813985262 -0.031125819872906309 0.044123844351686509 -0.045036461645002038 -0.0056645221098740282 0.0047226760843749674 -0.038083467163160439 0.066427462638053658 -0.011860083035820651 -0.049111899141530163 0.043566881215183165 0.016838292311895035
leaf_weight=5.3219044134020796 1.5864739837124937 72.076891142874956 25.408002709969878 55.873664397746325 657.82338179741055 19.005525590851903 8.1447837129235268 2.4349802583456031 91.418531690724194 0.59622485935688008 4.9227627851068974
leaf_count=47 112 473 286 382 5606 214 52 29 6767 33 45
internal_value=-0.000538952 0.00465824 0.00594 0.0225069 0.00280912 -0.0251903 0.0122428 -0.0401113 -0.0480947 -0.00344474 0.00705813
internal_weight=944.613 843.654 811.182 127.951 683.231 32.4722 13.4667 100.959 93.6012 2.1827 7.35774
internal_count=14046 7060 6747 855 5892 313 99 6986 6912 145 74
cat_boundaries=0 1 2
cat_threshold=38 4
is_linear=0
shrinkage=0.05


Tree=45
num_leaves=13
num_cat=3
split_feature=0 39 8 1 0 34 23 38 30 12 24 14
split_gain=76.3935 11.2986 11.2554 10.9162 28.725 16.3725 6.39623 4.82049 2.80153 1.65994 2.55457 1.27936
threshold=0 29.150000000000002 29.950000000000003 1 2 22.350000000000005 97.500000000000014 7.1479165000000009 31.350000000000005 29.500000000000004 28.500000000000004 25.250000000000004
decision_type=1 2 2 1 1 2 2 2 2 2 2 2
left_child=2 9 6 4 -4 -5 8 -8 -1 10 -2 -3
right_child=1 11 3 5 -6 -7 7 -9 -10 -11 -12 -13
leaf_value=-0.042424311351706774 -0.031976893432335993 0.02804797177064491 0.014179266939321006 0.032360398447855057 -0.013050827970068247 0.007257821071587409 -0.020493673383245616 0.011411452159893448 -0.00086373420114913739 -0.049578534910310862 0.049386476308687262 -0.011732386358473847
leaf_weight=19.421133489347998 1.7083182604983442 4.761428326368331 180.30632427334785 80.61133399605751 185.1756382714957 323.15544154308736 20.356624340638518 25.604442831128836 5.1119788084179154 88.003068912774324 0.5026298090815543 2.418188963085413
leaf_count=274 127 45 1030 530 2067 2604 200 241 60 6823 22 29
internal_value=-0.000174056 -0.0397029 0.00486663 0.00668092 0.000415652 0.0123371 -0.014067 -0.00285514 -0.0341373 -0.0485127 -0.00385992 0.0148531
internal_weight=937.137 97.3936 839.743 769.249 365.482 403.767 70.4942 45.9611 24.5331 90.214 2.21095 7.17962
internal_count=14052 7046 7006 6231 3097 3134 775 441 334 6972 149 74
cat_boundaries=0 1 2 3
cat_threshold=38 1 4
is_linear=0
shrinkage=0.05


Tree=46
num_leaves=13
num_cat=2
split_feature=0 5 38 38 39 4 1 32 24 12 24 11
split_gain=70.6255 10.3795 11.8484 10.8887 9.95041 8.25008 20.7913 16.8294 3.49484 1.53287 2.32028 0.74759
threshold=0 -0.91595872546125101 7.7255955000000016 5.7779760000000016 29.150000000000002 0.99053107487289871 1 29.116071500000004 58.500000000000007 29.500000000000004 28.500000000000004 81.500000000000014
decision_type=1 2 2 2 2 2 1 2 2 2 2 2
left_child=1 2 3 -1 9 7 -7 -3 -4 10 -2 -6
right_child=4 5 8 -5 11 6 -8 -9 -10 -11 -12 -13
leaf_value=-0.04871987138347203 -0.032006883845145072 0.0044208515244744413 -0.012549830237913546 0.020108644834324195 -0.010411328181293825 -0.049340201177735743 0.017922813681217013 0.027143083466005143 -0.050265133002659196 -0.048911452690194854 0.044304085060900646 0.019614721389117382
leaf_weight=6.3085130406543604 1.7149229273200028 649.49630172271281 10.130034503526987 26.022174764424562 2.3210182897746554 21.219192340038717 22.991227108985186 92.294998210854828 18.758565523661673 84.408761756494641 0.58194980397820462 5.3451107181608677
leaf_count=88 132 5053 127 334 28 172 173 590 491 6866 24 49
internal_value=-0.000326949 0.00442335 -0.0151969 0.00561973 -0.0389516 0.00602509 -0.014738 0.00728073 -0.0379023 -0.0478222 -0.00509858 0.0103716
internal_weight=941.593 847.221 61.2193 32.3307 94.3718 786.002 44.2104 741.791 28.8886 86.7056 2.29687 7.66613
internal_count=14127 7028 1040 422 7099 5988 345 5643 618 7022 156 77
cat_boundaries=0 1 2
cat_threshold=38 1
is_linear=0
shrinkage=0.05


Tree=47
num_leaves=15
num_cat=1
split_feature=40 36 1 39 36 7 4 43 44 4 4 4 43 10
split_gain=9.85958 18.4214 26.2827 25.6254 17.063 14.7492 19.415 14.677 12.9873 11.0693 9.93557 9.49853 2.1072 1.33474
threshold=14.050000000000002 95.500000000000014 0 24.950000000000003 96.500000000000014 29.325000000000006 -0.43733984355855576 36.250000000000007 28.600000000000005 0.98049069993378934 0.9962888416657264 0.99818282439137029 9.6000000000000032 73.666666500000005
decision_type=2 2 1 2 2 2 2 2 2 2 2 2 2 2
left_child=1 3 4 9 -3 6 8 -8 -2 -1 -4 -5 13 -7
right_child=5 2 10 11 -6 12 7 -9 -10 -11 -12 -13 -14 -15
leaf_value=-0.011123793729061341 -0.046736031999156998 0.034993274080947843 0.028633239763994702 0.023917019054042983 -0.01602750603935359 0.028140057038050011 -0.02414422040548006 0.016748065132188312 0.0033861797159113437 -0.051120060673679496 0.10201340757578684 -0.049824582041912341 0.041246337080307012 -0.018311174521582277
leaf_weight=140.41880382783711 12.573849999345837 20.361794316209853 103.71910631470382 68.797632501460612 69.490406128577888 1.7127813417464519 179.86746822297573 24.257999473251402 269.14234209433198 18.921036467887461 4.0358988419175139 3.7368534933775654 17.273443738929927 2.6049887714907527
leaf_count=1787 214 253 1080 717 901 22 3999 400 4049 255 54 53 217 41
internal_value=-0.000989118 0.00458039 0.0157593 -0.00497323 -0.00420756 -0.00570278 -0.00752507 -0.0192267 0.000991675 -0.0161624 0.0322944 0.0194921 0.0338202 0.00194184
internal_weight=936.914 429.482 197.607 231.874 89.8522 507.433 485.842 204.125 281.716 159.34 107.755 72.5345 21.5912 4.31777
internal_count=14042 5100 2288 2812 1154 8942 8662 4399 4263 2042 1134 770 280 63
cat_boundaries=0 1
cat_threshold=1
is_linear=0
shrinkage=0.05


Tree=48
num_leaves=13
num_cat=2
split_feature=0 39 21 34 39 39 0 5 7 35 12 8
split_gain=66.9734 12.1937 10.0318 16.1588 22.1387 20.2757 8.40764 15.6698 4.09326 0.245362 0.215479 0.526379
threshold=0 29.150000000000002 21.050000000000004 22.250000000000004 15.050000000000002 19.750000000000004 1 0.93158198870884079 27.077083500000004 63.40178550000001 29.500000000000004 36.850000000000001
decision_type=1 2 2 2 2 2 1 2 2 2 2 2
left_child=2 10 6 5 -5 -4 7 -1 -8 -3 11 -2
right_child=1 9 3 4 -6 -7 8 -9 -10 -11 -12 -13
leaf_value=-0.039356819213474808 -0.029887979652296361 0.020330126317673888 0.038488083278166718 -0.042519224110710713 0.0043487134912220983 -0.0035491785308042405 -0.053612299855480008 0.049413743598752613 0.003891974483330863 0.0012376258313724776 -0.049399413162162779 0.0099851900948007225
leaf_weight=7.5118814036250141 1.437670825980603 5.2738848254084578 73.767433641478419 25.202071990817785 657.57976866420358 46.284239500761032 19.602096339687709 11.076595880091189 3.4889195784926406 2.4856304489076138 79.680208910256624 0.65429668035358179
leaf_count=54 112 48 476 298 5575 314 216 68 37 28 6819 35
internal_value=-0.000294765 -0.0388935 0.00424823 0.00554806 0.00255912 0.0223858 -0.0193373 0.00884632 -0.0318868 0.0150537 -0.0488315 -0.018221
internal_weight=934.045 89.5317 844.513 802.834 682.782 120.052 41.6795 18.5885 23.091 7.75952 81.7722 2.09197
internal_count=14080 7042 7038 6663 5873 790 375 122 253 76 6966 147
cat_boundaries=0 1 2
cat_threshold=38 4
is_linear=0
shrinkage=0.05


Tree=49
num_leaves=14
num_cat=1
split_feature=0 38 38 39 4 39 5 4 39 5 5 25 14
split_gain=62.385 10.0419 19.0663 22.6485 9.40093 8.29539 8.92186 16.6769 5.91353 4.98361 3.07452 0.442871 0.162257
threshold=0 5.6446430000000012 6.3726190000000011 19.450000000000003 0.19337368024598431 16.150000000000002 0.73136292505298039 -0.48314718476766416 29.150000000000002 0.21652257995689159 0.99803555425430601 5.3361110000000007 25.350000000000005
decision_type=1 2 2 2 2 2 2 2 2 2 2 2 2
left_child=1 9 4 -4 -3 6 -2 -8 10 -1 -7 -11 -10
right_child=5 2 3 -5 -6 8 7 -9 12 11 -12 -13 -14
leaf_value=-0.053274226665127648 -0.045664429585931726 0.019436207503962188 -0.011365876100926521 0.0087654255828844355 0.061755604378471267 -0.041424552357774015 0.096239537484907711 -0.011612318926857181 0.003295448640845999 0.004648737065413854 0.014917755792466715 -0.014894829854108295 -0.0097515400640146872
leaf_weight=9.6989025734365004 8.5570201491937059 69.920018583536148 195.90962237864733 480.23217433691025 15.751526065170763 109.47560753766447 3.6427745334804085 15.002853369340299 7.7980723530054075 6.0180234611034376 2.0077700847759834 4.0422749072313309 2.2688765078783035
leaf_count=88 604 422 1237 2780 82 8057 103 454 76 31 79 22 27
internal_value=-0.000997747 0.00477006 0.00575904 0.00292428 0.0278398 -0.029482 -0.00622025 0.0132848 -0.0370004 -0.0295028 -0.0402862 -0.00384066 -0.000260504
internal_weight=930.326 781.573 761.813 676.142 85.6715 148.753 27.2026 18.6456 121.55 19.7592 111.483 10.0603 10.0669
internal_count=14062 4662 4521 4017 504 9400 1161 557 8239 141 8136 53 103
cat_boundaries=0 1
cat_threshold=6
is_linear=0
shrinkage=0.05


Tree=50
num_leaves=13
num_cat=3
split_feature=0 34 34 38 36 39 1 1 7 12 7 2
split_gain=58.5542 10.1463 9.78091 18.3237 12.6271 7.70759 3.94691 2.97551 1.40868 0.295571 0.639063 0.07238
threshold=0 26.550000000000004 24.550000000000004 6.9395835000000003 89.500000000000014 27.450000000000006 1 2 29.197916500000002 29.500000000000004 29.635417000000004 11.500000000000002
decision_type=1 2 2 2 2 2 1 1 2 2 2 2
left_child=1 2 4 -4 -1 9 -3 8 -7 10 -2 -11
right_child=5 6 3 -5 -6 7 -8 -9 -10 11 -12 -13
leaf_value=-0.018149787965998452 -0.028883102849605099 0.069285065368392643 0.044927189952014508 -0.014641283860824665 0.0072839165083195927 -0.016623093411180821 0.013877109853228008 -0.037513611921441481 0.029198352518941734 -0.049814975183560754 0.01494621328316996 -0.030403257144896657
leaf_weight=51.90314126946032 1.3276074416935433 6.880417248234151 13.326696804724632 131.84011982753873 635.67085058335215 1.5643071038648466 6.4802060760557652 2.5557286236435175 5.1573183313012123 65.451792759820819 0.53296603262424458 6.3844941267743698
leaf_count=346 110 40 119 1202 5278 65 38 99 36 6244 35 442
internal_value=-0.000590889 0.00353025 0.00284979 -0.00890278 0.00534042 -0.0380461 0.0452487 0.000366691 0.0177627 -0.0479153 -0.0154922 -0.0485309
internal_weight=929.076 846.101 832.741 145.167 687.574 82.9742 13.3606 9.27735 6.72163 73.6969 1.86057 71.8363
internal_count=14054 7023 6945 1321 5624 7031 78 200 101 6831 145 6686
cat_boundaries=0 1 2 3
cat_threshold=38 1 1
is_linear=0
shrinkage=0.05


Tree=51
num_leaves=12
num_cat=1
split_feature=0 34 38 39 38 39 4 19 12 7 2
split_gain=53.1865 9.94538 10.4832 18.1391 15.7729 9.91727 1.89524 0.518653 0.303145 0.635508 0.113306
threshold=0 26.550000000000004 6.4422620000000004 19.450000000000003 5.6827385000000001 27.450000000000006 0.94425825643485939 29.342361500000006 29.500000000000004 29.635417000000004 11.500000000000002
decision_type=1 2 2 2 2 2 2 2 2 2 2
left_child=1 2 4 -4 -1 8 -7 -8 9 -2 -10
right_child=5 -3 3 -5 -6 6 7 -9 10 -11 -12
leaf_value=-0.017613868261935464 -0.028664859304220958 0.046824326225105843 -0.011980603085096951 0.0055768980857100088 0.024437730794252249 -0.031660533903298614 -0.00062669289645129501 0.026234673422166444 -0.049748313514967668 0.01506889579213048 -0.029618591856158699
leaf_weight=27.460676722228527 1.3059931276366104 12.038849417120217 208.18652207776904 494.69668823387474 105.00094714015722 1.5059380400925855 2.5176360225304961 4.9035260789096355 62.295119122602046 0.52992654312401999 6.1178416498005381
leaf_count=260 112 70 1802 4083 829 90 54 51 6252 34 436
internal_value=-0.000400443 0.00344592 0.00280672 0.000366921 0.0156533 -0.0369207 0.00738718 0.0181296 -0.0477578 -0.0151791 -0.0484008
internal_weight=926.56 847.384 835.345 702.883 132.462 79.176 8.9271 7.42116 70.2489 1.83592 68.413
internal_count=14073 7044 6974 5885 1089 7029 195 105 6834 146 6688
cat_boundaries=0 1
cat_threshold=38
is_linear=0
shrinkage=0.05


Tree=52
num_leaves=15
num_cat=3
split_feature=0 26 43 40 43 34 43 37 1 0 5 4 4 5
split_gain=47.1906 10.3433 14.1155 13.4263 12.1937 11.2134 9.8335 22.7678 15.6592 9.29595 6.35363 5.93731 18.7899 3.78513
threshold=0 14.65 36.250000000000007 119.05000000000001 34.600000000000001 23.250000000000004 1.8500000000000003 37.500000000000007 1 2 0.44312301391210612 -0.43733984355855576 -0.65234524191686594 0.88917497572200743
decision_type=1 2 2 2 2 2 2 2 1 1 2 2 2 2
left_child=1 5 4 -4 -3 13 7 9 -9 -2 -7 12 -8 -1
right_child=6 2 3 -5 -6 10 11 8 -10 -11 -12 -13 -14 -15
leaf_value=0.016796502768613285 0.016770829360406952 0.0054484549068433011 0.059484292075769753 -0.033120971645144125 -0.052846722687807671 -0.036083590020173605 -0.047107474348745432 -0.040488407674750287 0.068763792177735122 -0.038097998643453354 0.013282386008175188 -0.050008782086157881 0.023775034290484977 -0.0092806590482997636
leaf_weight=28.638133391737938 7.2171524688601512 651.75930828973651 19.932830169796947 4.130270689725875 8.1019186321645957 40.207211190834641 26.365783861838281 3.7670159898698312 10.924222084693609 27.195384216494855 7.2064422965049735 49.893140352331102 13.443401584401725 25.340891182422638
leaf_count=169 456 3788 102 26 77 334 2185 227 233 1378 38 4153 744 151
internal_value=-0.00106723 0.00380028 0.0060602 0.0429019 0.00465381 -0.0109827 -0.0267916 -0.0104324 0.0399552 -0.0324645 -0.028461 -0.0384868 -0.0231747 0.00460823
internal_weight=924.123 785.317 683.924 24.0631 659.861 101.393 138.806 49.1038 14.6912 34.4125 47.4137 89.7023 39.8092 53.979
internal_count=14061 4685 3993 128 3865 692 9376 2294 460 1834 372 7082 2929 320
cat_boundaries=0 1 2 3
cat_threshold=6 1 1
is_linear=0
shrinkage=0.05


Tree=53
num_leaves=15
num_cat=2
split_feature=0 40 43 0 4 40 37 23 39 20 11 12 8 2
split_gain=50.5819 9.19973 12.1719 16.8606 11.226 17.0938 10.9921 8.33329 8.07886 1.4109 0.848078 0.373183 0.562816 0.141297
threshold=0 99.500000000000014 27.750000000000004 1 -0.98523971305672664 115.65000000000002 66.500000000000014 99.500000000000014 27.450000000000006 36.350000000000001 81.500000000000014 29.500000000000004 36.850000000000001 11.500000000000002
decision_type=1 2 2 1 2 2 2 2 2 2 2 2 2 2
left_child=1 2 6 -4 5 -3 -1 -6 11 -10 -11 12 -2 -13
right_child=8 4 3 -5 7 -7 -8 -9 9 10 -12 13 -14 -15
leaf_value=0.001998176389545317 -0.02698293833739266 -0.039954030266315999 0.046944437363936692 -0.0062648850355452512 -0.031430386246075741 0.055483396094357457 0.02720064856011405 0.024114020423635692 -0.031194778375049831 -0.010122419220536463 0.022413158159993812 -0.049654556700987111 0.014350522194671554 -0.02898695346152182
leaf_weight=669.65917371585965 1.143718248233198 6.6181679805740741 27.107682477682829 27.275911428965628 48.485463092103601 11.512338937260209 45.272076197899878 7.0680992659181348 1.3812056528404335 2.2667528763413429 5.1526655489578843 57.805152901448309 0.54676860291510809 5.9135588891804209
leaf_count=5274 104 71 166 337 601 79 414 59 99 26 73 6280 35 437
internal_value=5.6078e-05 0.00372007 0.00538465 0.0279713 -0.0130007 0.0203785 0.00362985 -0.024062 -0.0366794 0.00311736 0.0124514 -0.0475234 -0.0132492 -0.048214
internal_weight=917.209 842.999 769.315 54.3836 73.6841 18.1305 714.931 55.5536 74.2098 8.80062 7.41942 65.4092 1.69049 63.7187
internal_count=14055 7001 6191 503 810 150 5688 660 7054 198 99 6856 139 6717
cat_boundaries=0 1 2
cat_threshold=38 4
is_linear=0
shrinkage=0.05


Tree=54
num_leaves=15
num_cat=2
split_feature=0 33 44 34 4 34 4 1 40 4 4 27 38 5
split_gain=46.2609 10.8978 14.5654 8.94647 8.79052 8.10021 16.2083 12.0782 7.09423 10.6071 6.66736 6.4088 4.59936 3.85644
threshold=0 36.850000000000001 46.250000000000007 24.450000000000003 0.99552231814189462 22.250000000000004 -0.48314718476766416 1 2.1500000000000008 0.12545942051955486 0.9193901325473397 0.55000000000000016 14.954762000000002 -0.77788789561442695
decision_type=1 2 2 2 2 2 2 1 2 2 2 2 2 2
left_child=1 2 3 -1 10 6 7 -2 9 -7 -3 -8 -4 -10
right_child=5 4 12 -5 -6 8 11 -9 13 -11 -12 -13 -14 -15
leaf_value=0.0070341365969982424 -0.030756340834881341 0.0074750918921655148 -0.032197542427708552 -0.0092266876827644655 -0.037400039876545103 0.069391562282295524 -0.040433683910867296 0.12050647964044853 -0.023946141868023324 -0.023087155301435524 0.038980540087705198 0.0091863083912516134 0.017950368382006077 -0.050066978880299921
leaf_weight=579.08726038970053 1.4712976301088956 27.605353318154812 35.161857785657048 98.1404232326895 4.8285478651523581 2.589117947965863 15.427386135794224 2.9540280112996697 23.362840957939625 22.580798636656255 44.243287175893784 10.258512628264723 4.5838640332221976 52.456678204238415
leaf_count=3327 79 125 341 675 27 64 873 72 2271 1048 184 513 27 4401
internal_value=0.000157218 0.0047984 0.00292711 0.00466757 0.0226508 -0.0261469 -0.00515305 0.0738164 -0.0348582 -0.0112862 0.0271444 -0.0210147 -0.0261154 -0.0424347
internal_weight=924.751 793.651 716.973 677.228 76.6772 131.101 30.1112 4.42533 100.989 25.1699 71.8486 25.6859 39.7457 75.8195
internal_count=14027 4706 4370 4002 336 9321 1537 151 7784 1112 309 1386 368 6672
cat_boundaries=0 1 2
cat_threshold=6 1
is_linear=0
shrinkage=0.05


end of trees

feature_importances:
wind_speed_max_7d=85
age_group=83
day_of_year_cos=76
gender=74
temperature_min_7d=45
day_of_year_sin=43
rain_max_daily_7d=26
wind_speed_mean_7d=24
wind_gust_max_7d=24
wind_speed_mean_3d=18
temperature_max_7d=18
humidity_max_7d=17
temperature_max_3d=16
humidity_mean_7d=15
temperature_max_current=14
temperature_min_3d=13
month=12
humidity_min_current=12
wind_speed_max_current=11
precipitation_sum_7d=11
rain_days_7d=11
humidity_mean_current=10
wind_speed_max_3d=9
humidity_min_7d=9
temperature_mean_current=8
temperature_mean_7d=8
humidity_min_3d=6
humidity_max_current=5
temperature_mean_3d=5
humidity_max_3d=4
humidity_mean_3d=3
precipitation_sum_3d=2
rain_max_daily_3d=2
temperature_min_current=1
wind_gust_max_3d=1
rain_sum_7d=1

parameters:
[boosting: gbdt]
[objective: binary]
[metric: binary_logloss]
[tree_learner: serial]
[device_type: cpu]
[data_sample_strategy: bagging]
[data: ]
[valid: ]
[num_iterations: 55]
[learning_rate: 0.05]
[num_leaves: 15]
[num_threads: 8]
[seed: 42]
[deterministic: 0]
[force_col_wise: 0]
[force_row_wise: 0]
[histogram_pool_size: -1]
[max_depth: 4]
[min_data_in_leaf: 20]
[min_sum_hessian_in_leaf: 0.001]
[bagging_fraction: 0.9]
[pos_bagging_fraction: 1]
[neg_bagging_fraction: 1]
[bagging_freq: 1]
[bagging_seed: 400]
[bagging_by_query: 0]
[feature_fraction: 0.9]
[feature_fraction_bynode: 1]
[feature_fraction_seed: 30056]
[extra_trees: 0]
[extra_seed: 12879]
[early_stopping_round: 0]
[early_stopping_min_delta: 0]
[first_metric_only: 0]
[max_delta_step: 0]
[lambda_l1: 0]
[lambda_l2: 1]
[linear_lambda: 0]
[min_gain_to_split: 0]
[drop_rate: 0.1]
[max_drop: 50]
[skip_drop: 0.5]
[xgboost_dart_mode: 0]
[uniform_drop: 0]
[drop_seed: 17869]
[top_rate: 0.2]
[other_rate: 0.1]
[min_data_per_group: 100]
[max_cat_threshold: 32]
[cat_l2: 10]
[cat_smooth: 10]
[max_cat_to_onehot: 4]
[top_k: 20]
[monotone_constraints: ]
[monotone_constraints_method: basic]
[monotone_penalty: 0]
[feature_contri: ]
[forcedsplits_filename: ]
[refit_decay_rate: 0.9]
[cegb_tradeoff: 1]
[cegb_penalty_split: 0]
[cegb_penalty_feature_lazy: ]
[cegb_penalty_feature_coupled: ]
[path_smooth: 0]
[interaction_constraints: ]
[verbosity: -1]
[saved_feature_importance_type: 0]
[use_quantized_grad: 0]
[num_grad_quant_bins: 4]
[quant_train_renew_leaf: 0]
[stochastic_rounding: 1]
[linear_tree: 0]
[max_bin: 255]
[max_bin_by_feature: ]
[min_data_in_bin: 3]
[bin_construct_sample_cnt: 200000]
[data_random_seed: 175]
[is_enable_sparse: 1]
[enable_bundle: 1]
[use_missing: 1]
[zero_as_missing: 0]
[feature_pre_filter: 1]
[pre_partition: 0]
[two_round: 0]
[header: 0]
[label_column: ]
[weight_column: ]
[group_column: ]
[ignore_column: ]
[categorical_feature: 0,1,3]
[forcedbins_filename: ]
[precise_float_parser: 0]
[parser_config_file: ]
[objective_seed: 16083]
[num_class: 1]
[is_unbalance: 0]
[scale_pos_weight: 1]
[sigmoid: 1]
[boost_from_average: 1]
[reg_sqrt: 0]
[alpha: 0.9]
[fair_c: 1]
[poisson_max_delta_step: 0.7]
[tweedie_variance_power: 1.5]
[lambdarank_truncation_level: 30]
[lambdarank_norm: 1]
[label_gain: ]
[lambdarank_position_bias_regularization: 0]
[eval_at: ]
[multi_error_top_k: 1]
[auc_mu_weights: ]
[num_machines: 1]
[local_listen_port: 12400]
[time_out: 120]
[machine_list_filename: ]
[machines: ]
[gpu_platform_id: -1]
[gpu_device_id: -1]
[gpu_device_id_list: ]
[gpu_use_dp: 0]
[num_gpu: 1]

end of parameters

pandas_categorical:[]
