tree
version=v4
num_class=1
num_tree_per_iteration=1
label_index=0
max_feature_idx=44
objective=binary sigmoid:1
feature_names=age_group gender month season day_of_year_sin day_of_year_cos weather_code_current temperature_mean_current temperature_max_current temperature_min_current humidity_mean_current humidity_max_current humidity_min_current wind_speed_mean_current wind_speed_max_current precipitation_sum_current rain_sum_current wind_gust_max_current rain_day_current temperature_mean_3d temperature_max_3d temperature_min_3d humidity_mean_3d humidity_max_3d humidity_min_3d wind_speed_mean_3d wind_speed_max_3d precipitation_sum_3d rain_sum_3d rain_days_3d rain_max_daily_3d wind_gust_max_3d temperature_mean_7d temperature_max_7d temperature_min_7d humidity_mean_7d humidity_max_7d humidity_min_7d wind_speed_mean_7d wind_speed_max_7d precipitation_sum_7d rain_sum_7d rain_days_7d rain_max_daily_7d wind_gust_max_7d
feature_infos=-1:0:1:2:3:4:5 -1:0:1 [1:12] -1:1:0 [-0.99999942202469239:0.99998555065071859] [-0.99997919295908244:0.9999907524084426] [0:61] [23.658332999999999:32.533332999999999] [25.899999999999999:39.200000000000003] [17.899999999999999:29.300000000000001] [48.958333000000003:91.625] [63:100] [23:86] [2.8541669999999999:19.695833] [6.4000000000000004:30.100000000000001] [0:63.100000000000001] [0:63.100000000000001] [14:56.899999999999999] [0:1] [23.766667000000002:32.427778000000004] [27.699999999999999:39.200000000000003] [17.899999999999999:28.100000000000001] [52.569443999999997:90.694444000000004] [73:100] [23:79] [4.125:17.329167000000002] [9.6999999999999993:30.100000000000001] [0:93.900000000000006] [0:93.900000000000006] [0:3] [0:63.100000000000001] [17.300000000000001:56.899999999999999] [24.365476000000001:32.235118999999997] [28.699999999999999:39.200000000000003] [17.899999999999999:27.5] [55.767856999999999:89.523809999999997] [77:100] [23:72] [4.5327380000000002:15.469643] [11.6:30.100000000000001] [0:163.90000000000001] [0:163.90000000000001] [0:7] [0:63.100000000000001] [23:56.899999999999999]
tree_sizes=1648 1712 1521 1628 1497 1615 1752 1633 1693 1630 1708 1619 1723 1637 1707 1608 1399 1493 1685 1765 1729 1693 1710 1637 1702 1705 1725 1726 1729 1409 1732 1711

Tree=0
num_leaves=15
num_cat=4
split_feature=0 0 2 34 5 34 35 33 1 5 44 24 32 1
split_gain=1249.64 192.952 72.6534 51.9433 73.7642 59.4045 76.099 66.2795 43.8942 38.6465 13.059 4.83277 4.5862 6.27817
threshold=0 1 10.500000000000002 20.550000000000004 0.97263757644091864 24.550000000000004 80.937500000000014 37.100000000000009 2 -0.83375966452616657 28.250000000000004 32.500000000000007 29.116071500000004 3
decision_type=1 1 2 2 2 2 2 2 1 2 2 2 2 1
left_child=3 2 9 4 10 7 -7 -5 -4 -2 -1 -6 -3 -14
right_child=1 12 8 5 11 6 -8 -9 -10 -11 -12 -13 13 -15
leaf_value=-1.6077736783465979 -1.601904183769199 -1.6763562696975569 -1.5158214044701983 -1.5702516400585309 -1.5854047333100669 -1.5705865866898614 -1.6332357896635767 -1.4572950240310132 -1.6166152831572052 -1.6454123489079884 -1.6674298433655084 -1.4962607295576074 -1.6443858928321307 -1.6759864279803127
leaf_weight=12.016346275806425 66.435201823711395 573.33164817094803 20.994076251983643 704.68274366855621 2.9004973769187918 104.1416677236557 89.224824070930481 12.430703043937681 21.27031409740448 211.59818959236145 34.115373909473419 8.425254285335539 33.839136064052582 34.391611754894257
leaf_count=87 481 4151 152 5102 21 754 646 90 154 1532 247 61 245 249
internal_value=-1.61791 -1.65804 -1.62543 -1.57802 -1.62362 -1.5747 -1.59943 -1.56807 -1.56535 -1.635 -1.65201 -1.51461 -1.67391 -1.66093
internal_weight=1929.8 961.86 320.298 967.937 57.4575 910.48 193.366 717.113 42.2644 278.033 46.1317 11.3258 641.562 68.2307
internal_count=13972 6964 2319 7008 416 6592 1400 5192 306 2013 334 82 4645 494
cat_boundaries=0 1 2 3 4
cat_threshold=13 2 1 1
is_linear=0
shrinkage=1


Tree=1
num_leaves=15
num_cat=3
split_feature=0 0 38 19 38 33 33 36 4 39 4 21 34 1
split_gain=1128.4 185.099 86.8408 79.2597 44.349 50.9794 50.2713 77.3379 69.5089 37.0218 23.7037 13.8396 4.83684 4.48138
threshold=0 1 6.6523805000000005 27.609722500000004 6.2892860000000015 31.250000000000004 36.95000000000001 95.500000000000014 0.94425825643485939 29.150000000000002 -0.98523971305672664 22.850000000000005 26.550000000000004 2
decision_type=1 1 2 2 2 2 2 2 2 2 2 2 2 1
left_child=4 2 3 -2 5 11 7 -6 -8 -4 -7 -1 -3 -14
right_child=1 12 9 -5 6 10 8 -9 -10 -11 -12 -13 13 -15
leaf_value=0.046938924649128973 0.017662150343424558 -0.056736266614508361 -0.022888177215644609 0.1620653371571345 -7.049724795528853e-05 -0.018893570571496248 0.024579942143376256 0.03779897552449793 0.12825033960780044 0.13109406138722243 0.08688799255665354 -0.035118547387171642 0.027631239893168416 -0.045614823067001736
leaf_weight=7.0458808392286327 51.236561253666878 610.50681793689728 253.87396386265755 10.758027657866476 171.14956302940845 5.2737724334001532 33.826741278171539 634.07102935016155 31.046578302979469 2.9826141893863669 91.763652786612511 13.255698278546332 3.120353251695632 3.3195294439792633
leaf_count=51 368 4594 1853 78 1213 37 237 4474 212 22 645 93 23 25
internal_value=-0.000251353 -0.0393549 -0.00752862 0.0448956 0.0368352 0.066069 0.0332443 0.0297597 0.0753875 -0.0205987 0.0810049 -0.00577302 -0.0553834 -0.0111808
internal_weight=1923.23 935.798 318.851 61.9946 987.433 117.339 870.094 805.221 64.8733 256.857 97.0374 20.3016 616.947 6.43988
internal_count=13925 6963 2321 446 6962 826 6136 5687 449 1875 682 144 4642 48
cat_boundaries=0 1 2 3
cat_threshold=13 2 1
is_linear=0
shrinkage=0.05


Tree=2
num_leaves=13
num_cat=2
split_feature=0 0 39 38 2 5 34 34 20 19 5 39
split_gain=1052.67 173.157 73.4464 69.1941 50.6247 63.5483 61.0786 6.1767 14.323 1.72793 12.5145 1.44182
threshold=0 1 29.150000000000002 6.8250000000000011 10.500000000000002 0.97648852793709995 23.550000000000004 26.050000000000004 37.100000000000009 29.110416500000003 0.36447543099728857 15.850000000000003
decision_type=1 1 2 2 2 2 2 2 2 2 2 2
left_child=7 4 3 -3 5 -2 -6 9 -9 11 -11 -1
right_child=1 2 -4 -5 6 -7 -8 8 -10 10 -12 -13
leaf_value=-0.047189968057081401 0.033935023141616102 0.033262661691957261 0.14972223275788629 -0.0048904299995214439 0.061757721620186057 0.11699553852048444 0.19088644596641346 0.041917897489060406 -0.053975332737193273 -0.055784954458649255 0.0046384406007081774 -0.058496953655168209
leaf_weight=59.860662251710892 569.13047038018703 155.10374268889427 7.7917831242084494 496.99238502979279 81.078241154551506 23.216844439506531 9.7620730400085431 5.0192519575357428 10.443852677941321 49.293708190321922 10.15280696749687 464.63392190635204
leaf_count=469 3923 1074 50 3557 555 157 66 38 80 383 79 3640
internal_value=7.60782e-05 0.0246495 0.00607159 0.00422148 0.0422133 0.0373822 0.0775618 -0.0544384 -0.0221933 -0.0561836 -0.0455593 -0.0572987
internal_weight=1942.48 1343.08 659.888 652.096 683.188 592.347 90.8403 599.404 15.4631 583.941 59.4465 524.495
internal_count=14071 9382 4681 4631 4701 4080 621 4689 118 4571 462 4109
cat_boundaries=0 1 2
cat_threshold=48 9
is_linear=0
shrinkage=0.05


Tree=3
num_leaves=14
num_cat=2
split_feature=0 0 38 32 38 32 39 39 34 20 19 39 39
split_gain=982.881 149.579 68.0698 76.7897 45.547 51.6401 44.3437 36.6498 4.82654 10.7901 0.934823 3.19621 0.992478
threshold=0 1 7.1994045000000009 27.921726000000003 6.2892860000000015 26.463690500000002 29.150000000000002 29.150000000000002 26.050000000000004 37.100000000000009 29.110416500000003 24.250000000000004 15.850000000000003
decision_type=1 1 2 2 2 2 2 2 2 2 2 2 2
left_child=8 2 3 -2 5 -3 -6 -4 10 -10 12 -12 -1
right_child=1 4 7 -5 6 -7 -8 -9 9 -11 11 -13 -14
leaf_value=-0.04750275260053434 0.012481551941915735 -0.0037580123965396495 -0.025513605651669505 0.15803868213896666 0.027337819537741549 0.075326943358691167 0.11794372379500268 0.10700388291789441 0.029362111651568414 -0.053410295276475839 -0.054672377060014279 -0.026841894286095486 -0.057864826396229564
leaf_weight=59.258365631103516 91.733720079064369 25.425753623247147 215.45222365856171 9.0841499119997007 902.99975968897343 106.62107035517693 12.812202885746954 4.3762784153223029 5.2862870544195166 10.17873242497444 40.170422315597534 18.158865407109261 440.80709299445152
leaf_count=480 645 173 1605 61 6137 690 75 27 39 81 323 145 3599
internal_value=0.000282346 0.0233083 -0.00662165 0.0270203 0.0324405 0.0601853 0.0287327 -0.0224029 -0.0540389 -0.0250519 -0.0557615 -0.0466067 -0.0567342
internal_weight=1942.36 1368.51 320.646 100.818 1047.86 132.047 915.812 219.829 573.86 15.465 558.395 58.3293 500.065
internal_count=14080 9413 2338 706 7075 863 6212 1632 4667 120 4547 468 4079
cat_boundaries=0 1 2
cat_threshold=48 2
is_linear=0
shrinkage=0.05


Tree=4
num_leaves=13
num_cat=4
split_feature=0 0 39 25 2 39 8 34 1 19 1 39
split_gain=873.252 120.947 59.2189 57.1765 45.9807 65.2413 43.7568 6.10142 4.36365 2.72528 4.0299 0.0738054
threshold=0 1 29.150000000000002 6.8013890000000012 10.500000000000002 16.150000000000002 35.850000000000001 26.550000000000004 2 29.110416500000003 3 15.850000000000003
decision_type=1 1 2 2 2 2 2 2 1 2 1 2
left_child=7 4 3 -3 6 -6 -2 9 -9 11 -11 -1
right_child=1 2 -4 -5 5 -7 -8 8 -10 10 -12 -13
leaf_value=-0.049230084932496532 0.025721337032481247 0.026984200481293602 0.12771386484416489 -0.0060634311424618871 0.10946699854996922 0.026819969918812706 0.073120617060605089 0.027377840742287881 -0.044032047966556166 -0.029355537141365351 -0.056319186200675213 -0.057379005553584106
leaf_weight=56.676729954779148 570.41759003698826 178.90502919256687 8.6508496552705747 479.40559883415699 45.969990998506546 50.339528143405914 52.698775053024292 3.6976421773433676 2.9487625509500504 32.096607610583305 31.53416545689106 424.43182379752398
leaf_count=475 3770 1206 48 3424 293 323 338 27 23 263 263 3613
internal_value=-0.000919384 0.0202642 0.00468203 0.00294503 0.034422 0.0669882 0.0298408 -0.0535209 -0.00591923 -0.0550705 -0.0433828 -0.0565231
internal_weight=1937.77 1386.39 666.961 658.311 719.426 96.3095 623.116 551.386 6.6464 544.739 63.6308 481.109
internal_count=14066 9402 4678 4630 4724 616 4108 4664 50 4614 526 4088
cat_boundaries=0 1 2 3 4
cat_threshold=48 9 1 1
is_linear=0
shrinkage=0.05


Tree=5
num_leaves=14
num_cat=3
split_feature=0 0 2 5 1 34 5 34 34 5 32 5 39
split_gain=839.029 116.708 66.7226 48.7794 38.3057 36.2577 57.0326 39.8015 5.83983 4.54634 2.51476 12.8029 1.03396
threshold=0 1 10.500000000000002 -0.83375966452616657 2 20.450000000000003 0.97648852793709995 24.450000000000003 26.550000000000004 -0.58481178939031186 29.116071500000004 0.36447543099728857 15.850000000000003
decision_type=1 1 2 2 1 2 2 2 2 2 2 2 2
left_child=8 2 3 -2 -4 6 -3 -7 10 -10 12 -12 -1
right_child=1 5 4 -5 -6 7 -8 -9 9 -11 11 -13 -14
leaf_value=-0.046216717203350487 0.020661560665791133 -0.031696907364995947 0.093502398153090041 -0.027511941826574765 0.0011287192127509482 0.036409769283659105 0.094669941322830575 0.013260493485178861 0.028260652101147934 -0.044186105732006348 -0.050291829397023681 0.025813423539532723 -0.056816630496461053
leaf_weight=56.5148064494133 69.544579222798347 49.1114741563797 22.9698646068573 206.55162048339844 21.150595128536224 776.26131443679333 9.8726889789104444 246.03215277194977 3.6374772489070892 3.0871050506830207 46.497514978051186 5.6344000324606887 413.2320706769824
leaf_count=491 496 337 153 1542 150 5021 61 1629 26 25 398 46 3666
internal_value=0.000295083 0.0205525 -0.00599712 -0.015347 0.0502265 0.0283963 -0.00932016 0.0308569 -0.0527432 -0.00641266 -0.0543355 -0.0417354 -0.0556423
internal_weight=1930.1 1401.49 320.217 276.096 44.1205 1081.28 58.9842 1022.29 528.603 6.72458 521.879 52.1319 469.747
internal_count=14041 9389 2341 2038 303 7048 398 6650 4652 51 4601 444 4157
cat_boundaries=0 1 2 3
cat_threshold=48 2 1
is_linear=0
shrinkage=0.05


Tree=6
num_leaves=15
num_cat=1
split_feature=1 32 42 43 2 39 4 5 32 37 5 5 37 7
split_gain=55.0664 57.133 82.6351 87.1169 41.1899 44.0421 38.0038 29.8018 36.6145 30.5233 28.5103 27.8177 20.1122 15.8195
threshold=0 27.019940500000001 2.5000000000000004 19.050000000000004 10.500000000000002 15.850000000000003 -0.40614700388750385 0.97263757644091864 26.804464500000005 68.500000000000014 0.98174098242282859 -0.62587551141915865 26.500000000000004 27.547916500000003
decision_type=1 2 2 2 2 2 2 2 2 2 2 2 2 2
left_child=1 7 12 -4 10 6 -6 9 -9 -1 11 -2 -3 -7
right_child=4 2 3 -5 5 13 -8 8 -10 -11 -12 -13 -14 -15
leaf_value=-0.016313683483168171 -0.002566012312052245 0.027206759058739888 -0.0018998056553239447 0.043729688197919024 0.082828136467881466 -0.014441172003509226 -0.0041735651738763688 0.074729486890184146 -0.052906427535900913 0.033984560928444714 0.034986422486775991 -0.021734326944307499 0.084170182707467928 0.060102952888427964
leaf_weight=307.3998022004962 303.35047080367804 23.958853743970394 381.53646294027567 143.07662331312895 34.070488333702087 69.51161702722311 19.404770046472549 20.417776778340343 6.8111986219882956 32.495340660214424 29.212443925440311 503.63342610001564 50.778974160552025 6.926944948732852
leaf_count=2239 2226 169 2789 1039 236 501 137 144 49 237 204 3701 363 49
internal_value=-0.000263006 0.00817121 0.0176746 0.0106042 -0.00870013 0.0173994 0.0517604 -0.00734952 0.0420588 -0.0114194 -0.012771 -0.0145409 0.0665096 -0.006997
internal_weight=1932.59 966.475 599.351 524.613 966.11 129.914 53.4753 367.124 27.229 339.895 836.196 806.984 74.7378 76.4386
internal_count=14083 7029 4360 3828 7054 923 373 2669 193 2476 6131 5927 532 550
cat_boundaries=0 1
cat_threshold=1
is_linear=0
shrinkage=0.05


Tree=7
num_leaves=14
num_cat=2
split_feature=0 0 39 33 4 5 5 21 34 4 32 5 20
split_gain=772.776 107.665 55.0233 38.0505 54.2552 37.1848 32.7547 22.0843 5.94966 4.50933 2.33011 13.8991 1.74638
threshold=0 1 16.150000000000002 31.550000000000004 0.21022171450811272 -0.84313311835787952 0.51849435583340198 23.250000000000004 26.550000000000004 0.81428061195174062 29.217262000000002 0.36447543099728857 36.650000000000013
decision_type=1 1 2 2 2 2 2 2 2 2 2 2 2
left_child=8 2 6 7 -5 -4 -2 -3 10 -10 12 -12 -1
right_child=1 3 5 4 -6 -7 -8 -9 9 -11 11 -13 -14
leaf_value=-0.055400387449511639 -0.012329501568375128 0.028753064794648387 0.018976920841125761 0.043710367696298158 0.019454177356951496 -0.025089591276031817 0.076685601764863651 -0.0099397624993183813 0.029542584069533293 -0.043424088559981949 -0.049438443899726486 0.038947057342479469 -0.017514436245387354
leaf_weight=453.41118916124105 15.800978913903235 56.285481750965118 60.8269172757864 419.33887155354023 517.2739585340023 213.48302686214447 27.582361772656441 102.59511759877205 3.5599809288978568 2.9673171937465668 43.639255091547966 4.202239751815795 4.2106831669807425
leaf_count=4183 111 359 429 2631 3357 1619 179 669 25 25 388 33 38
internal_value=-0.000237663 0.0188528 -0.00676405 0.0262751 0.0303492 -0.0152846 0.0447174 0.00386177 -0.0522144 -0.0049903 -0.0538442 -0.0410365 -0.0550907
internal_weight=1925.18 1413.19 317.693 1095.49 936.613 274.31 43.3833 158.881 511.991 6.5273 505.463 47.8415 457.622
internal_count=14046 9354 2338 7016 5988 2048 290 1028 4692 50 4642 421 4221
cat_boundaries=0 1 2
cat_threshold=48 2
is_linear=0
shrinkage=0.05


Tree=8
num_leaves=15
num_cat=4
split_feature=0 0 1 5 35 43 32 26 19 5 1 4 39 39
split_gain=716.517 94.3682 52.3221 71.1737 36.6406 35.5585 28.8824 20.0086 5.66493 9.90409 10.5148 8.08979 1.37011 7.18403
threshold=0 1 2 -0.8142754349318998 87.44642850000001 23.950000000000006 29.217262000000002 19.950000000000003 29.197916500000002 0.36447543099728857 3 0.81428061195174062 15.850000000000003 15.65
decision_type=1 1 1 2 2 2 2 2 2 2 1 2 2 2
left_child=8 4 3 -3 5 -2 -4 -6 12 11 -11 -10 13 -1
right_child=1 2 6 -5 7 -7 -8 -9 9 10 -12 -13 -14 -15
leaf_value=-0.051240858684445882 0.028771433785023889 0.059264643143851471 -0.014912277759518084 0.0052511538730524478 -0.018749029625490677 0.059118240943365 0.033872182513939329 0.02833670657830711 -0.0086233469259540795 0.056687911337736777 -0.045214124861194693 -0.055679150089539442 -0.056101812266070375 0.0047679322095657388
leaf_weight=43.865468963980675 545.77869068086147 78.22365278750658 302.30109333992004 266.01173333078623 54.260532185435295 118.10499562323093 32.764211378991604 37.13026525080204 12.269655309617518 4.7003429457545263 3.5972298979759216 40.127007983624935 380.32477030903101 6.3772439807653418
leaf_count=409 3390 522 2106 1831 342 733 228 233 104 37 31 371 3676 58
internal_value=-0.000213053 0.0176645 0.00393747 0.0176612 0.0297769 0.0342509 -0.0100553 0.000480619 -0.051658 -0.0371034 0.012399 -0.045028 -0.054816 -0.0441774
internal_weight=1925.84 1434.58 679.301 344.235 755.274 663.884 335.065 91.3908 491.262 60.6942 8.29757 52.3967 430.567 50.2427
internal_count=14071 9385 4687 2353 4698 4123 2334 575 4686 543 68 475 4143 467
cat_boundaries=0 1 2 3 4
cat_threshold=48 9 1 1
is_linear=0
shrinkage=0.05


Tree=9
num_leaves=14
num_cat=2
split_feature=0 0 39 39 39 5 40 34 32 5 4 20 39
split_gain=685.554 78.9147 53.9555 37.3738 84.2442 36.3144 29.4006 25.865 4.0168 10.8806 6.57967 2.29549 0.965391
threshold=0 1 16.150000000000002 15.050000000000002 16.850000000000005 -0.84313311835787952 62.500000000000007 23.350000000000005 29.217262000000002 0.36447543099728857 0.81428061195174062 36.650000000000013 15.850000000000003
decision_type=1 1 2 2 2 2 2 2 2 2 2 2 2
left_child=8 2 6 7 -5 -4 -2 -3 11 10 -10 12 -1
right_child=1 3 5 4 -6 -7 -8 -9 9 -11 -12 -13 -14
leaf_value=-0.044943304195433464 0.064294516036711144 0.018132640699017082 0.019515908048506222 0.06536047779786934 0.020979400536468379 -0.023336010757588142 -0.031141712749179391 -0.041213376647052179 -0.011067465499853761 0.036894255152206408 -0.055106034492844569 -0.01004623524221521 -0.055863025484311372
leaf_weight=50.581124439835548 36.953313544392586 36.512234225869179 63.75536322593689 120.10701875388622 937.95351640880108 209.76741135120392 9.5933149978518468 35.093158096075058 11.917994037270544 3.7763372510671607 34.497506305575371 3.4100502431392661 366.07815925776958
leaf_count=486 234 221 437 711 5880 1617 68 222 102 29 332 32 3692
internal_value=0.000245212 0.0172944 -0.00466493 0.0235012 0.0260743 -0.013313 0.0443837 -0.0111194 -0.0515136 -0.0375622 -0.0442703 -0.0543108 -0.0546482
internal_weight=1920 1449.74 320.069 1129.67 1058.06 273.523 46.5466 71.6054 470.261 50.1918 46.4155 420.069 416.659
internal_count=14063 9390 2356 7034 6591 2054 302 443 4673 463 434 4210 4178
cat_boundaries=0 1 2
cat_threshold=48 2
is_linear=0
shrinkage=0.05


Tree=10
num_leaves=15
num_cat=4
split_feature=0 0 1 5 4 4 44 44 19 5 1 4 39 39
split_gain=609.278 81.8367 44.069 51.5353 36.6718 38.2452 35.5727 24.5021 5.22557 9.30549 12.1011 7.3183 1.37393 9.53142
threshold=0 1 2 -0.8142754349318998 -0.89406062840022227 -0.43733984355855576 34.400000000000013 44.800000000000004 29.197916500000002 0.36447543099728857 3 0.81428061195174062 15.850000000000003 15.750000000000002
decision_type=1 1 1 2 2 2 2 2 2 2 1 2 2 2
left_child=8 4 3 -3 6 -6 -2 -4 12 11 -11 -10 13 -1
right_child=1 2 7 -5 5 -7 -8 -9 9 10 -12 -13 -14 -15
leaf_value=-0.049623751148967804 0.044714130988384213 0.04960077593304129 -0.015789962272407719 0.004360528752549277 0.0531311881702555 0.024388688961189585 -0.021821376131705972 0.022680604202358089 -0.0081608252554224089 0.061746991274519693 -0.046035797823104928 -0.054861504922920579 -0.05520628926421331 0.026827753583991566
leaf_weight=44.483713611960411 27.397678717970848 81.288155615329742 289.26689345389605 268.85415368527174 148.77002283930779 531.20045411586761 67.671190246939659 47.369879655539989 11.220299795269964 4.4437016546726209 4.0274642556905746 37.549178995192051 345.15148279815912 3.8570415973663321
leaf_count=445 167 517 2025 1840 874 3212 418 327 98 34 36 378 3637 36
internal_value=-0.000452555 0.0152635 0.00253951 0.0149747 0.0263453 0.030746 -0.00238082 -0.0103254 -0.0505626 -0.0362274 0.0110534 -0.044497 -0.0538325 -0.0431037
internal_weight=1912.55 1461.82 686.779 350.142 775.039 679.97 95.0689 336.637 450.733 57.2406 8.47117 48.7695 393.492 48.3408
internal_count=14044 9380 4709 2357 4671 4086 585 2352 4664 546 70 476 4118 481
cat_boundaries=0 1 2 3 4
cat_threshold=48 9 1 1
is_linear=0
shrinkage=0.05


Tree=11
num_leaves=14
num_cat=3
split_feature=0 0 2 34 5 32 1 34 34 20 19 5 39
split_gain=583.755 69.5797 55.3107 34.4949 38.0138 33.5911 33.1924 30.9964 6.72763 10.2991 1.77031 10.5109 1.5235
threshold=0 1 10.500000000000002 20.550000000000004 0.97263757644091864 29.217262000000002 2 24.550000000000004 26.050000000000004 37.100000000000009 29.110416500000003 0.36447543099728857 15.850000000000003
decision_type=1 1 2 2 2 2 1 2 2 2 2 2 2
left_child=8 2 5 4 -3 -2 -4 -5 10 -10 12 -12 -1
right_child=1 3 6 7 -6 -7 -8 -9 9 -11 11 -13 -14
leaf_value=-0.04233300170194923 -0.020957667866411102 -0.03582326532648588 0.080553313692156819 0.027494319590838763 0.05386801070847165 0.033635942407857229 -0.0026347251632847044 0.0066561559227002482 0.034180227406152119 -0.049606023809204806 -0.051973844720050115 0.0072672267692570503 -0.054996449125615778
leaf_weight=46.558820508420467 237.46231762319803 48.599638700485229 25.886887297034264 863.92296923696995 14.55220854282379 31.042387463152409 21.532714232802391 225.81604133546352 5.4955300688743574 7.5726057887077332 37.239738486707211 9.0289858132600767 329.96725334227085
leaf_count=480 1795 327 159 5184 80 230 150 1410 41 78 388 76 3636
internal_value=0.000107369 0.0152301 -0.00554678 0.0209222 -0.014638 -0.0145446 0.0435043 0.0231863 -0.0499776 -0.0144464 -0.0522185 -0.0405042 -0.0535468
internal_weight=1904.68 1468.82 315.924 1152.89 63.1518 268.505 47.4196 1089.74 435.863 13.0681 422.795 46.2687 376.526
internal_count=14034 9335 2334 7001 407 2025 309 6594 4699 119 4580 464 4116
cat_boundaries=0 1 2 3
cat_threshold=48 2 1
is_linear=0
shrinkage=0.05


Tree=12
num_leaves=15
num_cat=3
split_feature=0 0 39 38 39 33 33 5 34 24 1 19 19 39
split_gain=526.192 69.9871 63.1513 29.6014 36.5775 35.7709 29.3358 25.507 6.79449 8.80357 12.9293 1.35793 3.36109 0.774946
threshold=0 1 16.150000000000002 6.3726190000000011 15.050000000000002 31.250000000000004 33.150000000000013 -0.84313311835787952 26.050000000000004 46.500000000000007 2 29.110416500000003 29.302777500000005 15.850000000000003
decision_type=1 1 2 2 2 2 2 2 2 2 1 2 2 2
left_child=8 2 6 5 -5 -3 -2 -4 11 -10 -11 13 -13 -1
right_child=1 3 7 4 -6 -7 -8 -9 9 10 -12 12 -14 -15
leaf_value=-0.043694380593880804 0.023461293176269847 -0.015865091585282546 0.01026113826975286 -0.02963910629603661 0.01770541487937306 0.047132691063486352 0.11847458837784275 -0.025722426989435096 -0.048895347589164126 0.086364051489513358 -0.043292560705557988 -0.018389053504056022 -0.049960105758429241 -0.054657727105003565
leaf_weight=44.605088748037815 36.303062990307808 25.943873256444931 64.196404531598091 41.747071832418442 948.39644452929497 151.24209615588188 9.7586520463228208 204.14548505097628 6.9606593847274763 3.1526227295398712 2.7312583178281784 13.487982198595999 32.382055684924126 310.64872213453054
leaf_count=475 232 162 434 262 5743 840 58 1615 74 22 21 133 340 3578
internal_value=-0.000696201 0.0132861 -0.00755384 0.0189171 0.0156814 0.0378712 0.0456805 -0.0171078 -0.0497755 -0.0138782 0.0286323 -0.0521255 -0.0412671 -0.0534077
internal_weight=1895.7 1481.73 314.404 1167.33 990.144 177.186 46.0617 268.342 413.968 12.8445 5.88388 401.124 45.87 355.254
internal_count=13989 9346 2339 7007 6005 1002 290 2049 4643 117 43 4526 473 4053
cat_boundaries=0 1 2 3
cat_threshold=48 2 1
is_linear=0
shrinkage=0.05


Tree=13
num_leaves=14
num_cat=2
split_feature=0 0 38 33 39 8 36 39 34 24 20 32 39
split_gain=501.857 54.246 44.7235 73.5057 30.8195 29.3793 58.9656 23.8854 6.97159 9.20021 0.871484 2.27614 1.0796
threshold=0 1 7.4752975000000008 33.350000000000001 29.150000000000002 35.850000000000001 95.500000000000014 20.850000000000005 26.050000000000004 46.500000000000007 35.900000000000006 29.330059500000001 15.850000000000003
decision_type=1 1 2 2 2 2 2 2 2 2 2 2 2
left_child=8 2 3 -2 -4 6 -3 -7 10 -10 12 -12 -1
right_child=1 5 4 -5 -6 7 -8 -9 9 -11 11 -13 -14
leaf_value=-0.042772574715061774 -0.0016656614869184393 -0.0092143248800781209 -0.024325729076284653 0.094523648370382116 0.093568011305680654 -0.019555280715477547 0.020931261691145765 0.055071229735781914 -0.048576441796440606 0.031423341649062624 -0.024864259156723523 -0.052799728209465081 -0.054387411451710999
leaf_weight=46.021669946610928 99.019265234470367 197.14020821452141 186.43347233533859 23.834245108067989 4.7457421720027915 11.886070609092711 901.78971418738365 78.254334151744843 6.9258105754852277 5.6574365049600601 16.543265260756016 19.140832342207432 305.2689253911376
leaf_count=506 683 1228 1486 154 26 72 5315 449 77 41 170 215 3664
internal_value=-0.000526051 0.0127748 -0.00566409 0.0176081 -0.0209275 0.0176518 0.0155199 0.0451243 -0.0495517 -0.0129431 -0.0519829 -0.0408796 -0.0529915
internal_weight=1902.66 1503.1 314.033 122.854 191.179 1189.07 1098.93 90.1404 399.558 12.5832 386.975 35.6841 351.291
internal_count=14086 9413 2349 837 1512 7064 6543 521 4673 118 4555 385 4170
cat_boundaries=0 1 2
cat_threshold=48 2
is_linear=0
shrinkage=0.05


Tree=14
num_leaves=15
num_cat=3
split_feature=0 0 2 32 8 36 4 1 32 5 4 39 39 38
split_gain=471.326 48.8596 42.6344 31.2318 29.6987 56.5428 47.2619 25.8582 5.95719 8.59927 7.62682 1.7725 7.04587 1.19273
threshold=0 1 10.500000000000002 29.217262000000002 35.850000000000001 95.500000000000014 0.99374995976406788 2 29.116071500000004 0.36447543099728857 0.81428061195174062 15.850000000000003 15.65 10.700298000000002
decision_type=1 1 2 2 2 2 2 1 2 2 2 2 2 2
left_child=8 2 3 -2 5 -3 -6 -4 11 10 -10 12 -1 -11
right_child=1 4 7 -5 6 -7 -8 -9 9 13 -12 -13 -14 -15
leaf_value=-0.048476019694659041 -0.019557230452761656 -0.0093523069780394354 0.070094092416415857 0.032171727553327215 0.029996287541195817 0.020257673629073356 0.13542103843897929 -0.002413053365090585 -0.0048918152525346944 -0.0032439156363658437 -0.053349408369021148 -0.054105601309747335 0.0083230378183385984 0.037924143149046678
leaf_weight=36.383327588438988 231.64657992869616 195.2017088830471 26.260047048330307 32.447093814611435 78.827520146965981 911.65312099456787 11.501895681023596 22.283412136137486 11.390469796955584 2.7712324112653723 29.283996023237705 293.42831309884787 6.080556020140647 3.2116395756602287
leaf_count=420 1801 1222 154 239 446 5309 64 156 105 23 346 3679 63 25
internal_value=-4.78979e-05 0.0125732 -0.00500341 -0.0131043 0.017167 0.015032 0.0447561 0.0374335 -0.0488178 -0.0320781 -0.0402224 -0.05249 -0.0403384 0.0211216
internal_weight=1892.37 1509.82 312.637 264.094 1197.18 1106.85 90.3294 48.5435 382.55 46.6573 40.6745 335.892 42.4639 5.98287
internal_count=14052 9391 2350 2040 7041 6531 510 310 4661 499 451 4162 483 48
cat_boundaries=0 1 2 3
cat_threshold=48 2 1
is_linear=0
shrinkage=0.05


Tree=15
num_leaves=14
num_cat=4
split_feature=0 0 1 5 34 19 7 32 1 4 20 39 39
split_gain=443.941 52.1025 35.4995 50.8464 30.6169 61.2038 24.5606 7.65444 9.83449 14.5043 2.13964 0.536276 0.0776801
threshold=0 1 2 -0.84313311835787952 26.400000000000002 30.295139000000002 28.943750000000005 29.217262000000002 3 0.92922379131507438 36.650000000000013 15.850000000000003 21.350000000000005
decision_type=1 1 1 2 2 2 2 2 1 2 2 2 2
left_child=7 4 3 -3 5 -2 -4 10 9 -9 11 -1 -6
right_child=1 2 6 -5 12 -7 -8 8 -10 -11 -12 -13 -14
leaf_value=-0.043300224508626847 0.019113394272729137 0.048157081958268316 -0.015772822544440439 0.0026877705227877813 -0.02917100632849573 0.09077440789607466 0.020710835552185131 0.028475689540010563 -0.05294987353389341 -0.04976787757363145 -0.0098918523039913837 -0.053836785005415923 -0.058229482596279858
leaf_weight=41.44633773714304 779.37945252656937 77.885125681757927 283.34345474094152 279.34011636674404 3.7964417934417716 30.079113900661469 54.166904114186764 12.9223530292511 20.090932436287403 9.3205463290214521 3.4762925803661338 284.5695900991559 9.3581131994724256
leaf_count=488 4447 473 1973 1869 23 166 370 118 234 111 38 3730 54
internal_value=-0.000151554 0.0119108 0.00171455 0.0127081 0.0203857 0.021885 -0.00987369 -0.0482995 -0.0284753 -0.00504167 -0.0522141 -0.0526338 -0.0524965
internal_weight=1889.17 1517.35 694.736 357.225 822.613 809.459 337.51 371.826 42.3338 22.2429 329.492 326.016 13.1546
internal_count=14094 9375 4685 2342 4690 4613 2343 4719 463 229 4256 4218 77
cat_boundaries=0 1 2 3 4
cat_threshold=48 9 1 1
is_linear=0
shrinkage=0.05


Tree=16
num_leaves=12
num_cat=3
split_feature=0 39 0 4 35 1 34 24 23 33 2
split_gain=412.001 45.8157 44.6124 41.4902 29.7825 14.685 6.43864 8.18865 1.98043 3.58633 1.66394
threshold=0 29.150000000000002 1 0.74443451080969758 87.44642850000001 2 26.050000000000004 46.500000000000007 80.500000000000014 36.600000000000009 10.500000000000002
decision_type=1 2 1 2 2 1 2 2 2 2 2
left_child=6 2 4 -4 -2 -3 8 -8 9 -1 -10
right_child=1 5 3 -5 -6 -7 7 -9 10 -11 -12
leaf_value=-0.045485741510102179 0.02154425224297226 0.11971479107820387 0.0074223612459850714 -0.021290013082362471 -0.0076283321986667235 0.035183589914568138 -0.047779792019398394 0.027562114668314153 -0.052862548995049344 0.016758058318648586 -0.040066218034773886
leaf_weight=4.8637338802218419 725.37892629206181 11.120936959981918 525.43807116150856 164.33511328697205 98.963070333003998 10.960335060954094 6.6547196954488737 5.9175528734922409 286.99398588389158 3.1376646682620049 47.284713491797447
leaf_count=62 4083 53 3492 1179 576 53 82 42 3866 30 613
internal_value=-0.00020354 0.011082 0.0100812 0.000552856 0.0178211 0.0810988 -0.0479186 -0.0128997 -0.0505595 -0.0219274 -0.0511774
internal_weight=1891.05 1536.2 1514.12 689.773 824.342 22.0813 354.852 12.5723 342.28 8.0014 334.279
internal_count=14131 9436 9330 4671 4659 106 4695 124 4571 92 4479
cat_boundaries=0 1 2 3
cat_threshold=48 9 1
is_linear=0
shrinkage=0.05


Tree=17
num_leaves=13
num_cat=4
split_feature=0 39 0 36 34 1 32 1 5 39 39 20
split_gain=383.448 36.3842 38.8588 54.174 46.1556 11.6759 6.73332 9.28283 12.989 2.06309 10.8878 0.997345
threshold=0 29.150000000000002 1 95.500000000000014 20.550000000000004 2 29.116071500000004 3 0.36447543099728857 15.850000000000003 15.750000000000002 36.650000000000013
decision_type=1 2 1 2 2 1 2 1 2 2 2 2
left_child=6 2 3 -2 -4 -3 9 8 -8 10 -1 -11
right_child=1 5 4 -5 -6 -7 7 -9 -10 11 -12 -13
leaf_value=-0.046156427913337517 -0.01080578040963793 0.10613039963148274 -0.036684463122189502 0.032861945102928711 0.0072837189056401729 0.030508884080779231 -0.022569539926574705 -0.052648210390976724 0.074055462681047471 -0.053481503865834029 0.041319263639214301 -0.016919539216230885
leaf_weight=34.805210635066032 90.562782883644104 11.59603126347065 62.35009390860796 321.34525866806507 1035.047053694725 10.461380377411842 20.089408941566948 20.78507724404335 3.1719461232423773 255.46081633120775 3.177294746041297 3.0302858278155318
leaf_count=447 527 53 419 1776 6532 50 230 260 23 3666 34 35
internal_value=-3.51409e-05 0.0107058 0.00981642 0.0227082 0.00471159 0.0731433 -0.0471612 -0.0291692 -0.00688432 -0.0513126 -0.0379667 -0.0531197
internal_weight=1871.88 1531.36 1509.31 411.908 1097.4 22.0574 340.52 44.0464 23.2614 296.474 37.9825 258.491
internal_count=14052 9357 9254 2303 6951 103 4695 513 253 4182 481 3701
cat_boundaries=0 1 2 3 4
cat_threshold=48 1 1 1
is_linear=0
shrinkage=0.05


Tree=18
num_leaves=15
num_cat=4
split_feature=0 38 20 39 0 5 44 1 19 5 1 4 39 39
split_gain=360.18 44.8411 47.8961 39.2785 39.9763 14.2751 11.3956 10.8204 4.30201 6.74578 7.35801 4.92909 1.76091 7.95575
threshold=0 6.2892860000000015 31.950000000000003 29.150000000000002 1 0.16587474750015926 31.850000000000005 2 29.110416500000003 0.36447543099728857 3 0.81428061195174062 15.850000000000003 15.65
decision_type=1 2 2 2 1 2 2 1 2 2 1 2 2 2
left_child=8 2 5 4 -3 -2 -4 -5 12 11 -11 -10 13 -1
right_child=1 3 6 7 -6 -7 -8 -9 9 10 -12 -13 -14 -15
leaf_value=-0.04791165337934758 -0.018331193786924029 -0.01211903981811675 0.070402089313816807 0.10161853689494477 0.0095142277147161943 0.020485039025700535 0.033935234269112213 0.028717215536495613 -0.012646300836278679 0.04176657683900082 -0.043263133180430978 -0.052535162196890743 -0.053025222777340598 0.015335756647494911
leaf_weight=30.508575953543186 33.690710872411728 258.09384172409773 59.398684859275818 12.013505652546883 1052.5439645051956 74.119023025035858 38.297549486160278 10.126250430941582 11.430513516068457 5.0196637511253339 3.4220327138900757 29.419508576393127 241.94868437200785 5.4118543639779082
leaf_count=411 198 2002 309 53 6091 423 207 48 114 40 37 405 3637 59
internal_value=-0.000536133 0.0096743 0.0314212 0.00637255 0.0052283 0.00829792 0.0565955 0.070957 -0.0472819 -0.033707 0.00636642 -0.0419425 -0.051256 -0.0382254
internal_weight=1865.44 1538.28 205.506 1332.78 1310.64 107.81 97.6962 22.1398 327.161 49.2917 8.4417 40.85 277.869 35.9204
internal_count=14034 9331 1137 8194 8093 621 516 101 4703 596 77 519 4107 470
cat_boundaries=0 1 2 3 4
cat_threshold=48 2 1 1
is_linear=0
shrinkage=0.05


Tree=19
num_leaves=15
num_cat=1
split_feature=1 41 2 39 43 32 37 38 4 34 20 5 39 44
split_gain=35.5389 57.3961 34.4928 36.9744 32.4516 47.8446 31.9371 31.2072 29.8303 25.4095 23.9509 18.0009 33.358 21.7115
threshold=0 0.75000000000000011 10.500000000000002 15.850000000000003 18.450000000000003 26.981845500000002 27.500000000000004 8.0687500000000032 -0.40614700388750385 20.250000000000004 33.350000000000001 -0.61236746317008228 18.650000000000002 47.350000000000009
decision_type=1 2 2 2 2 2 2 2 2 2 2 2 2 2
left_child=1 6 11 8 10 -6 7 -1 -4 -8 -3 12 -2 -13
right_child=2 4 3 -5 5 -7 9 -9 -10 -11 -12 13 -14 -15
leaf_value=0.10729956182226222 -0.030238665590433256 -0.015602526360484939 0.071789740951925626 -0.0073562691650073345 -0.0042977527481678048 0.033464707094907169 -0.00088006373891502405 -0.017532384278877343 -0.0041503799902335228 0.076935526533037618 0.0060469142427471137 -0.020223006839399697 0.0082545355702672765 0.022852371038849795
leaf_weight=4.9753359556198111 75.051239233464003 284.6328401863575 37.181323789060116 73.069737397134304 172.28274790942669 162.09360488504171 12.988991908729075 29.900227211415768 19.396321937441826 53.05532655864954 230.37038857489824 455.91739263758063 215.55012473836541 30.441817626357079
leaf_count=37 558 2099 242 551 1306 1156 99 240 137 372 1729 3605 1658 219
internal_value=-0.000549487 0.00620362 -0.00762707 0.0161618 0.00194694 0.0140533 0.0416588 0.00277058 0.0461355 0.0618466 -0.00592538 -0.0116123 -0.0017564 -0.0174855
internal_weight=1856.91 950.299 906.608 129.647 849.38 334.376 100.92 34.8756 56.5776 66.0443 515.003 776.961 290.601 486.359
internal_count=14008 7038 6970 930 6290 2462 748 277 379 471 3828 6040 2216 3824
cat_boundaries=0 1
cat_threshold=1
is_linear=0
shrinkage=0.05


Tree=20
num_leaves=15
num_cat=3
split_feature=0 38 0 20 39 43 39 4 19 1 4 39 39 34
split_gain=329.053 38.5853 49.199 32.9974 27.6361 25.0914 15.3945 12.3042 5.13591 7.301 11.0602 2.42552 9.36694 0.699518
threshold=0 6.3726190000000011 1 31.750000000000004 15.050000000000002 0.55000000000000016 16.150000000000002 -0.69057362043749781 29.110416500000003 2 0.92922379131507438 15.850000000000003 15.750000000000002 25.650000000000002
decision_type=1 2 1 2 2 2 2 2 2 1 2 2 2 2
left_child=8 3 5 7 -4 -3 -5 -2 11 10 -10 12 -1 -13
right_child=1 2 4 6 -6 -7 -8 -9 9 -11 -12 13 -14 -15
leaf_value=-0.044935539969366202 -0.012892902106736695 0.023786039499613831 -0.028581094294650056 0.062154258604186712 0.012184350492149783 -0.020362314211312141 0.028596440664712116 0.022879184232198705 0.015001482795960884 -0.052239723815528542 -0.049591363412695065 -0.053202660353520614 0.034221763825814211 -0.0081970179019147434
leaf_weight=31.486294232308865 49.67785120010376 36.720308475196362 42.436976864933968 57.493225559592247 1006.3715310096741 223.03585085272789 90.794015794992447 44.776918731629848 14.865162216126921 21.832681030035019 10.490063048899172 226.69321805238724 3.486431084573268 1.2659553438425053
leaf_count=435 296 291 259 287 5775 1742 495 252 145 300 144 3576 35 18
internal_value=-0.000505113 0.00897555 0.00562631 0.0273016 0.0104101 -0.013535 0.0419365 0.00412713 -0.0465972 -0.0316382 -0.0125898 -0.0509174 -0.0363124 -0.0529896
internal_weight=1861.43 1551.31 1308.56 242.742 1048.81 259.756 148.287 94.4548 310.12 47.1879 25.3552 262.932 34.9727 227.959
internal_count=14050 9397 8067 1330 6034 2033 782 548 4653 589 289 4064 470 3594
cat_boundaries=0 1 2 3
cat_threshold=48 2 1
is_linear=0
shrinkage=0.05


Tree=21
num_leaves=15
num_cat=5
split_feature=0 33 36 0 44 32 0 1 32 1 4 39 4 8
split_gain=308.769 31.0212 54.02 48.4171 47.5043 38.4895 15.4363 10.6838 7.32346 8.50618 12.7274 2.75341 7.82487 0.318674
threshold=0 37.100000000000009 95.500000000000014 1 30.800000000000004 30.497916500000006 2 3 29.116071500000004 4 0.92273069556937581 15.850000000000003 -0.65234524191686594 36.45000000000001
decision_type=1 2 2 1 2 2 1 1 2 1 2 2 2 2
left_child=8 2 4 -4 -2 7 -7 -3 11 10 -10 12 -1 -13
right_child=1 5 3 -5 -6 6 -8 -9 9 -11 -12 13 -14 -15
leaf_value=-0.0029977103058245144 0.079910013264264612 0.091614092292075552 0.027502952569308292 0.005184229998374949 -0.018302486920879504 0.026374311404582441 -0.018921111577999555 0.040951948731631473 0.024974077292297982 -0.051466576880383613 -0.048816874067985627 -0.052585538007423917 -0.05195129204347966 -0.016289554585241128
leaf_weight=12.61720799654722 11.97540135681629 24.13433013856411 334.31068433821201 876.69237111508846 247.31856244802475 29.714737370610237 25.220938019454479 22.683979734778404 13.48098446428776 17.044268034398556 8.8093484416604024 222.63243836164474 22.808800041675568 1.7108236625790585
leaf_count=166 73 119 1796 5400 1630 171 166 119 127 243 123 3662 322 22
internal_value=6.65175e-05 0.00900295 0.00719847 0.0116329 -0.013477 0.0356292 0.00694517 0.0684375 -0.0455576 -0.0259303 -0.00503267 -0.0501658 -0.0350771 -0.0523823
internal_weight=1871.15 1572.05 1470.3 1211 259.294 101.754 54.9357 46.8183 299.104 39.3346 22.2903 259.769 35.426 224.343
internal_count=14139 9474 8899 7196 1703 575 337 238 4665 493 250 4172 488 3684
cat_boundaries=0 1 2 3 4 5
cat_threshold=48 1 12 1 1
is_linear=0
shrinkage=0.05


Tree=22
num_leaves=15
num_cat=4
split_feature=0 39 34 33 0 39 1 19 1 4 2 34 19 32
split_gain=297.983 34.6554 86.4171 59.3652 40.8263 36.7039 27.7732 5.80054 6.78383 10.2224 2.50565 17.1475 0.974405 0.89219
threshold=0 16.850000000000005 24.450000000000003 31.950000000000003 1 17.850000000000005 2 29.197916500000002 3 0.92273069556937581 10.500000000000002 23.550000000000004 29.168750000000003 29.217262000000002
decision_type=1 2 2 2 1 2 1 2 1 2 2 2 2 2
left_child=7 2 3 -2 6 -6 -3 10 9 -9 13 -12 -4 -1
right_child=1 4 12 -5 5 -7 -8 8 -10 -11 11 -13 -14 -15
leaf_value=-0.053071080232149528 0.002554716790892786 0.0028581410359908308 -0.056380910684885016 0.053840181504556807 -0.021069406544491222 0.012671922738097308 -0.03056305291852492 0.015079218060342318 -0.051361814812670992 -0.048910551216950128 -0.049362744185010035 0.04209092459320115 -0.02783313575833319 -0.018456784228343594
leaf_weight=203.7513010725379 88.925865352153778 130.60919021070004 25.023417636752129 153.89002186059952 87.17059850692749 949.13158637285233 117.34503096342087 14.755766093730928 17.914534885436296 9.410498730838297 34.166438810527325 5.2142854817211619 6.9832614362239829 3.2477690614759913
leaf_count=3491 522 982 159 814 489 5381 978 138 267 138 541 65 37 44
internal_value=8.59487e-05 0.00880279 0.0249422 0.0351455 0.00540084 0.0097224 -0.0125151 -0.0456227 -0.0288547 -0.0107922 -0.0502026 -0.0365112 -0.0511843 -0.0526193
internal_weight=1847.54 1559.08 274.823 242.816 1284.26 1036.3 247.954 288.461 42.0808 24.1663 246.38 39.3807 32.0067 206.999
internal_count=14046 9362 1532 1336 7830 5870 1960 4684 543 276 4141 606 196 3535
cat_boundaries=0 1 2 3 4
cat_threshold=48 2 1 1
is_linear=0
shrinkage=0.05


Tree=23
num_leaves=14
num_cat=2
split_feature=0 38 0 20 40 39 26 26 34 20 2 34 32
split_gain=271.461 31.3866 36.3336 34.2038 30.1127 26.5194 12.4122 8.92851 7.44807 8.6862 1.93627 15.7261 2.36899
threshold=0 6.2892860000000015 1 31.950000000000003 0.55000000000000016 22.150000000000002 12.450000000000001 16.250000000000004 26.050000000000004 37.100000000000009 10.500000000000002 23.550000000000004 29.116071500000004
decision_type=1 2 1 2 2 2 2 2 2 2 2 2 2
left_child=8 3 4 6 -3 -4 -2 -5 10 -10 12 -12 -1
right_child=1 2 5 7 -6 -7 -8 -9 9 -11 11 -13 -14
leaf_value=-0.052437704988540224 -0.025946624197606599 0.040298660643023981 0.0026505365112206533 0.055662484824863773 -0.017503656444443065 0.018582507673368276 0.014633188139653884 0.022604588713134352 0.037309102420246203 -0.045672860623741957 -0.04889974767441875 0.037366296469450243 -0.034167155044317415
leaf_weight=200.07448687404394 22.949476085603237 23.950060717761517 659.71259564161301 72.269063711166382 236.17557825893164 431.8241698667407 87.881680756807327 31.149051383137703 5.222107917070387 5.4094741381704807 32.203147679567337 5.5193345472216597 27.948777884244919
leaf_count=3569 138 188 3733 351 1867 2437 489 164 38 81 535 67 392
internal_value=-0.000456314 0.00769383 0.00491491 0.0254787 -0.0116034 0.00888333 0.00607357 0.0460174 -0.0451448 -0.00520976 -0.0484094 -0.0356388 -0.0503573
internal_weight=1842.29 1565.91 1351.66 214.249 260.126 1091.54 110.831 103.418 276.377 10.6316 265.746 37.7225 228.023
internal_count=14049 9367 8225 1142 2055 6170 627 515 4682 119 4563 602 3961
cat_boundaries=0 1 2
cat_threshold=48 2
is_linear=0
shrinkage=0.05


Tree=24
num_leaves=15
num_cat=4
split_feature=0 4 0 38 0 33 21 5 19 5 1 4 39 39
split_gain=256.988 30.886 48.1206 40.2179 37.7351 31.178 19.2459 12.9758 6.4247 9.13701 8.70701 5.44586 2.68408 9.4397
threshold=0 -0.84315017450793706 1 7.4752975000000008 2 31.950000000000003 23.750000000000004 0.23328369003117272 29.110416500000003 0.36447543099728857 3 0.81428061195174062 15.850000000000003 15.65
decision_type=1 2 1 2 1 2 2 2 2 2 1 2 2 2
left_child=8 2 6 5 -5 -3 -2 -4 12 11 -11 -10 13 -1
right_child=1 3 7 4 -6 -7 -8 -9 9 10 -12 -13 -14 -15
leaf_value=-0.045992316864344886 0.033448484538300703 -0.00017513908591748996 -0.046053149901229773 -0.016363370809351407 0.0094348101099594947 0.029818172254047703 -0.0053618794749356827 -0.0079099162375265413 -0.0088153691272930511 0.053925379221108051 -0.041085756825259785 -0.051404409712198333 -0.051921438981038931 0.023140357509440313
leaf_weight=25.927551038563255 59.516370639204979 114.33304564654827 74.532094962894917 166.44608987122774 708.75344834476709 356.62072916328907 67.155864864587784 32.311398297548294 11.418921429663895 5.2072058096528036 3.0333898030221462 23.954135034233332 191.12576968222857 5.3965657204389563
leaf_count=422 338 658 512 1373 4008 1941 383 205 119 39 40 397 3614 59
internal_value=8.56471e-05 0.00782518 -0.00888317 0.0107861 0.00443634 0.0225518 0.0120485 -0.0317538 -0.0443548 -0.027418 0.0182901 -0.0382764 -0.0495229 -0.0337346
internal_weight=1845.73 1579.67 233.516 1346.15 875.2 470.954 126.672 106.843 266.064 43.6137 8.2406 35.3731 222.45 31.3241
internal_count=14108 9418 1438 7980 5381 2599 721 717 4690 595 79 516 4095 481
cat_boundaries=0 1 2 3 4
cat_threshold=48 5 2 1
is_linear=0
shrinkage=0.05


Tree=25
num_leaves=15
num_cat=4
split_feature=0 1 40 43 4 0 0 4 19 5 44 40 39 39
split_gain=242.944 32.2547 45.8879 42.1325 31.2075 50.0045 36.3813 24.8105 4.82615 7.53368 6.43902 4.34712 2.90202 8.33093
threshold=0 1 0.95000000000000007 18.450000000000003 0.80926549319045582 2 3 0.056951373111866661 29.110416500000003 0.36447543099728857 39.050000000000004 18.650000000000002 15.850000000000003 15.65
decision_type=1 1 2 2 2 1 1 2 2 2 2 2 2 2
left_child=8 2 7 -4 5 -3 -6 -2 12 11 -11 -10 13 -1
right_child=1 4 3 -5 6 -7 -8 -9 9 10 -12 -13 -14 -15
leaf_value=-0.04537690571383355 0.11136061398448116 0.017557406822620393 -0.00076390404518733817 0.024074999883075071 0.0037360026743150729 -0.011088432966766986 -0.041595876064739072 0.035450620640284855 -0.051284150309609616 -0.041111081969146722 0.041014561904354048 -0.010583860728745273 -0.051996829311001962 0.018578614751688639
leaf_weight=24.396544132381681 11.606254443526266 337.03193573653698 414.89175221323967 289.02321933209896 93.009039729833603 262.01673395186663 76.687279082834721 92.629850223660469 23.3573725707829 2.8092666007578355 5.5291183590888977 9.8246848098933679 183.08138889074326 5.775807373225688
leaf_count=414 60 1814 2444 1646 538 1802 520 536 399 34 46 107 3626 62
internal_value=-0.000348489 0.00706094 0.0140736 0.00945448 -0.00022818 0.00513827 -0.0190915 0.0448808 -0.0445894 -0.0294571 0.0119063 -0.0398956 -0.0494656 -0.0329308
internal_weight=1831.67 1576.9 808.151 703.915 768.745 599.049 169.696 104.236 254.774 41.5204 8.33838 33.1821 213.254 30.1724
internal_count=14048 9360 4686 4090 4674 3616 1058 596 4688 586 80 506 4102 476
cat_boundaries=0 1 2 3 4
cat_threshold=48 1 9 12
is_linear=0
shrinkage=0.05


Tree=26
num_leaves=15
num_cat=2
split_feature=0 22 34 5 5 38 5 19 5 1 40 39 39 32
split_gain=224.832 28.061 29.7397 49.3154 34.3128 7.53693 7.45423 6.19465 8.94425 7.83868 6.22097 2.71363 7.64994 0.908452
threshold=0 88.805555500000011 20.550000000000004 0.97263757644091864 0.63089349388778826 11.772321500000002 -0.074115882986646578 29.197916500000002 0.36447543099728857 1 24.050000000000004 15.850000000000003 15.65 29.217262000000002
decision_type=1 2 2 2 2 2 2 2 2 1 2 2 2 2
left_child=7 2 3 -2 -4 6 -3 11 10 -10 -9 12 -1 -13
right_child=1 5 4 -5 -6 -7 -8 8 9 -11 -12 13 -14 -15
leaf_value=-0.045030669784778363 -0.040704844294629124 -0.053057216713690694 0.0058552738200417179 0.046833930296942126 0.024212587500727391 0.015069197102140689 -0.013963536119527723 -0.049403951925423011 0.05747153405853115 -0.039006208087000796 0.0026332070363829807 -0.051806208444239055 0.015573001987191602 -0.016897246630631718
leaf_weight=23.759186100214723 66.346394836902618 24.75987371057272 1110.0001335740089 20.227403193712234 329.71691118180752 8.6242819204926473 24.996336206793785 23.167024664580826 4.5718298479914656 2.512744702398777 7.4056750610470763 173.65752087160945 6.0505653545260421 3.1046669557690612
leaf_count=419 453 156 6599 106 1875 51 149 396 33 34 78 3606 64 47
internal_value=3.79293e-05 0.00700698 0.0083583 -0.0199507 0.0100733 -0.0266875 -0.0340795 -0.0435351 -0.0255737 0.0226608 -0.0371147 -0.0487678 -0.0326236 -0.0512916
internal_weight=1828.9 1584.67 1526.29 86.5738 1439.72 58.3805 49.7562 244.229 37.6573 7.08457 30.5727 206.572 29.8098 176.762
internal_count=14066 9389 9033 559 8474 356 305 4677 541 67 474 4136 483 3653
cat_boundaries=0 1 2
cat_threshold=48 1
is_linear=0
shrinkage=0.05


Tree=27
num_leaves=15
num_cat=4
split_feature=0 4 0 4 39 1 21 5 19 1 4 39 4 15
split_gain=211.142 25.9991 47.97 36.7231 52.7801 40.412 21.9398 10.7087 6.25063 7.17374 8.55644 2.36406 5.80166 0.979195
threshold=0 -0.84315017450793706 1 -0.43733984355855576 16.150000000000002 2 23.750000000000004 0.23328369003117272 29.197916500000002 3 0.92922379131507438 15.850000000000003 -0.65234524191686594 37.550000000000004
decision_type=1 2 1 2 2 1 2 2 2 1 2 2 2 2
left_child=8 2 6 4 -3 -5 -2 -4 11 10 -10 12 -1 -13
right_child=1 3 7 5 -6 -7 -8 -9 9 -11 -12 13 -14 -15
leaf_value=-0.003946716649188514 0.034661720415273704 0.066174894944440274 -0.045865071073283387 0.014218062385906484 0.01336371893663872 -0.0050849422999955859 -0.0068057670324473242 -0.010508887721475896 0.015948173557627576 -0.050469191058806498 -0.0467916709313769 -0.051664403810775708 -0.050384896689298131 -0.00049383754933572037
leaf_weight=10.931471493095161 58.793637573719025 60.635066784918308 72.843426406383514 558.93750521540642 206.94936737418175 524.95878357440233 67.790955126285553 31.180823013186455 14.461945541203024 15.446283489465712 7.4032186865806571 168.25454657524824 17.271995671093464 0.95960452780127425
leaf_count=161 325 300 517 3207 1201 3202 385 200 139 269 135 3649 308 18
internal_value=-0.000366364 0.00629204 -0.00915614 0.00897937 0.0255326 0.00487305 0.011661 -0.0323846 -0.0435022 -0.0254922 -0.00641197 -0.0489529 -0.0331373 -0.0513788
internal_weight=1816.82 1582.09 230.609 1351.48 267.584 1083.9 126.585 104.024 234.729 37.3114 21.8652 197.418 28.2035 169.214
internal_count=14016 9337 1427 7910 1501 6409 710 717 4679 543 274 4136 469 3667
cat_boundaries=0 1 2 3 4
cat_threshold=48 5 1 1
is_linear=0
shrinkage=0.05


Tree=28
num_leaves=15
num_cat=3
split_feature=0 22 34 5 38 38 19 1 39 1 5 2 34 30
split_gain=199.998 26.897 29.0409 43.3923 31.7158 13.7518 5.66875 6.43518 9.62128 4.06357 2.98039 2.04407 13.9588 1.04082
threshold=0 88.805555500000011 20.550000000000004 0.97263757644091864 6.2892860000000015 9.8517855000000019 29.110416500000003 1 24.250000000000004 2 0.029024409397335454 10.500000000000002 23.550000000000004 49.000000000000007
decision_type=1 2 2 2 2 2 2 1 2 1 2 2 2 2
left_child=6 2 3 -2 -4 10 11 8 -8 -7 -3 13 -13 -1
right_child=1 5 4 -5 -6 9 7 -9 -10 -11 -12 12 -14 -15
leaf_value=-0.051786807957916882 -0.041506240774965911 -0.050908513480175194 0.02764998707202429 0.041935211778154784 0.0060515142667270779 0.045823887779034539 -0.031512835059053987 -0.050250925283049419 0.033358227756047708 -0.0097490993575042595 -0.023139005904372689 -0.049138934440466256 0.036240862349601825 0.00076370982476332773
leaf_weight=153.88788414746523 62.886776268482208 25.690567180514336 195.91976845264435 19.719275407493114 1250.2073294818401 5.9043648242950422 15.389729782938959 15.888678234070538 7.821772798895835 5.7285822108387947 19.688698917627335 26.447921212762598 5.0364150628447524 0.91897590458392997
leaf_count=3475 440 167 998 102 7444 34 203 296 92 35 115 536 62 19
internal_value=-0.000316516 0.00604166 0.00734357 -0.0213242 0.00899474 -0.0273512 -0.0432358 -0.0267051 -0.00917779 0.0198518 -0.0396188 -0.0488527 -0.0347859 -0.051472
internal_weight=1811.14 1585.75 1528.73 82.6061 1446.13 57.0122 225.391 39.1002 23.2115 11.6329 45.3793 186.291 31.4843 154.807
internal_count=14018 9335 8984 542 8442 351 4683 591 295 69 282 4092 598 3494
cat_boundaries=0 1 2 3
cat_threshold=48 1 1
is_linear=0
shrinkage=0.05


Tree=29
num_leaves=12
num_cat=3
split_feature=0 38 0 5 4 32 1 4 2 37 20
split_gain=193.298 26.4604 23.7825 38.6148 23.8993 5.84246 6.57725 7.51771 3.1073 9.50722 1.30469
threshold=0 14.349107500000001 1 -0.6523320455745395 -0.90163369914317004 29.116071500000004 2 0.92922379131507438 10.500000000000002 60.500000000000007 36.650000000000013
decision_type=1 2 1 2 2 2 1 2 2 2 2
left_child=5 2 4 -4 -2 8 7 -7 10 -10 -1
right_child=1 -3 3 -5 -6 6 -8 -9 9 -11 -12
leaf_value=-0.051686453631445167 -0.01040236795437972 -0.0593108039651307 0.017709246243809436 -0.0075879710570034026 0.015724765209975539 0.017635331243102972 -0.049579383414785239 -0.045608007620184111 -0.050414035087475773 0.006739196416597937 -0.010153924292648314
leaf_weight=151.85031335428357 97.985372200608253 14.112587988376616 217.61486427485943 485.66657695919275 773.32246589660645 12.762046471238138 13.0616347566247 6.1446799486875525 21.114965446293358 10.524408549070357 2.4715828225016585
leaf_count=3574 548 87 1368 3261 4057 124 250 115 440 178 39
internal_value=0.000373752 0.00651916 0.00718782 0.000250171 0.0126332 -0.0426031 -0.0236689 -0.0041773 -0.0479927 -0.0317788 -0.0510909
internal_weight=1806.63 1588.7 1574.59 703.281 871.308 217.93 31.9684 18.9067 185.961 31.6394 154.322
internal_count=14041 9321 9234 4629 4605 4720 489 239 4231 618 3613
cat_boundaries=0 1 2 3
cat_threshold=48 9 1
is_linear=0
shrinkage=0.05


Tree=30
num_leaves=15
num_cat=2
split_feature=0 34 5 40 31 35 34 33 5 1 5 19 2 4
split_gain=174.491 24.0145 41.6576 34.4452 46.0378 38.3856 8.44152 5.17132 7.10096 7.3982 5.19547 2.40889 2.24818 5.04858
threshold=0 20.550000000000004 0.97648852793709995 2.2500000000000004 29.350000000000005 75.047619000000012 20.250000000000004 35.600000000000009 -0.61236746317008228 1 0.38043945030393422 26.103472000000004 10.500000000000002 -0.65234524191686594
decision_type=1 2 2 2 2 2 2 2 2 1 2 2 2 2
left_child=7 2 6 4 -3 -5 -2 12 9 -9 -10 -4 -1 -14
right_child=1 3 11 5 -6 -7 -8 8 10 -11 -12 -13 13 -15
leaf_value=-0.0518731193566268 -0.056511253530798167 0.062733875675798051 0.064275772972612208 -0.016086436229217568 0.01210442645327937 0.0069210427317543946 -0.019693323514971068 0.05754210592533246 -0.049141212135138938 -0.039282876412437759 -0.0095758056205950404 0.024859940808276988 -0.0080524064418909854 -0.049921994977189757
leaf_weight=133.4499932192266 34.448941521346569 54.990332573652267 7.5685616359114674 220.10763861984015 230.58139056712389 1006.1039742901921 30.632590584456921 3.7382036820054045 25.262704282999039 2.479094747453928 12.968056105077265 11.137331016361712 12.075618032366039 18.626767743378878
leaf_count=3274 244 275 37 1352 1344 5805 217 32 523 33 205 56 205 413
internal_value=-0.000771396 0.00495172 -0.0209197 0.00643121 0.0220386 0.00278141 -0.039742 -0.0425673 -0.0283479 0.0188405 -0.0363066 0.0432604 -0.0488 -0.0342276
internal_weight=1804.17 1595.57 83.7874 1511.78 285.572 1226.21 65.0815 208.6 44.4481 6.2173 38.2308 18.7059 164.152 30.7024
internal_count=14015 9330 554 8776 1619 7157 461 4685 793 65 728 93 3892 618
cat_boundaries=0 1 2
cat_threshold=48 1
is_linear=0
shrinkage=0.05


Tree=31
num_leaves=15
num_cat=4
split_feature=0 33 36 44 34 32 0 1 32 1 4 33 2 39
split_gain=160.871 27.7599 42.2037 39.789 33.4778 33.3656 32.5677 8.14311 7.3597 7.48024 8.65892 2.96462 4.03506 2.82822
threshold=0 37.100000000000009 94.500000000000014 30.800000000000004 24.450000000000003 30.460119000000002 1 2 29.217262000000002 3 0.92922379131507438 36.600000000000009 2.5000000000000004 15.850000000000003
decision_type=1 2 2 2 2 2 1 1 2 1 2 2 2 2
left_child=8 2 3 -2 -4 7 -7 -3 11 10 -10 13 -13 -1
right_child=1 5 4 -5 -6 6 -8 -9 9 -11 -12 12 -14 -15
leaf_value=-0.030557270871217158 0.064747560744639096 0.083195437994270247 0.010860528076871438 -0.022206281394289373 -0.0099174836909124171 0.046723874063999998 -0.020357319153970255 0.037612481280461733 0.025292094899728758 -0.048786664218728272 -0.04480511602917378 0.045605497500118983 -0.037559195911810728 -0.051094562540779154
leaf_weight=25.329728078097105 13.093228265643118 22.875971898436546 1041.4315791428089 205.51226048916578 237.31979392468929 17.263769447803497 39.919923461973667 21.666134670376778 12.050382416695358 11.441118948161604 5.6520259603857985 1.4920368045568455 2.5266587138175964 142.0168171338737
leaf_count=480 70 107 5961 1330 1421 89 254 110 115 240 116 15 58 3669
internal_value=-0.000165684 0.00522169 0.00352684 -0.0167271 0.00699966 0.0304004 0.00488109 0.0623358 -0.0411599 -0.0190732 0.00171244 -0.0471717 -0.00374756 -0.048186
internal_weight=1799.59 1599.08 1497.36 218.605 1278.75 101.726 57.1837 44.5421 200.509 29.1435 17.7024 171.365 4.0187 167.347
internal_count=14035 9342 8782 1400 7382 560 343 217 4693 471 231 4222 73 4149
cat_boundaries=0 1 2 3 4
cat_threshold=48 8 1 1
is_linear=0
shrinkage=0.05


end of trees

feature_importances:
age_group=60
wind_speed_max_7d=59
day_of_year_cos=43
gender=38
day_of_year_sin=33
temperature_min_7d=32
temperature_mean_7d=24
temperature_mean_3d=20
wind_speed_mean_7d=17
month=15
temperature_max_3d=14
temperature_max_7d=14
wind_gust_max_7d=8
humidity_max_7d=6
precipitation_sum_7d=6
rain_max_daily_7d=5
temperature_max_current=4
temperature_min_3d=4
humidity_min_3d=4
humidity_mean_7d=4
humidity_min_7d=4
wind_speed_max_3d=3
temperature_mean_current=2
humidity_mean_3d=2
precipitation_sum_current=1
humidity_max_3d=1
wind_speed_mean_3d=1
rain_max_daily_3d=1
wind_gust_max_3d=1
rain_sum_7d=1
rain_days_7d=1

parameters:
[boosting: gbdt]
[objective: binary]
[metric: binary_logloss]
[tree_learner: serial]
[device_type: cpu]
[data_sample_strategy: bagging]
[data: ]
[valid: ]
[num_iterations: 32]
[learning_rate: 0.05]
[num_leaves: 15]
[num_threads: 8]
[seed: 42]
[deterministic: 0]
[force_col_wise: 0]
[force_row_wise: 0]
[histogram_pool_size: -1]
[max_depth: 4]
[min_data_in_leaf: 20]
[min_sum_hessian_in_leaf: 0.001]
[bagging_fraction: 0.9]
[pos_bagging_fraction: 1]
[neg_bagging_fraction: 1]
[bagging_freq: 1]
[bagging_seed: 400]
[bagging_by_query: 0]
[feature_fraction: 0.9]
[feature_fraction_bynode: 1]
[feature_fraction_seed: 30056]
[extra_trees: 0]
[extra_seed: 12879]
[early_stopping_round: 0]
[early_stopping_min_delta: 0]
[first_metric_only: 0]
[max_delta_step: 0]
[lambda_l1: 0]
[lambda_l2: 1]
[linear_lambda: 0]
[min_gain_to_split: 0]
[drop_rate: 0.1]
[max_drop: 50]
[skip_drop: 0.5]
[xgboost_dart_mode: 0]
[uniform_drop: 0]
[drop_seed: 17869]
[top_rate: 0.2]
[other_rate: 0.1]
[min_data_per_group: 100]
[max_cat_threshold: 32]
[cat_l2: 10]
[cat_smooth: 10]
[max_cat_to_onehot: 4]
[top_k: 20]
[monotone_constraints: ]
[monotone_constraints_method: basic]
[monotone_penalty: 0]
[feature_contri: ]
[forcedsplits_filename: ]
[refit_decay_rate: 0.9]
[cegb_tradeoff: 1]
[cegb_penalty_split: 0]
[cegb_penalty_feature_lazy: ]
[cegb_penalty_feature_coupled: ]
[path_smooth: 0]
[interaction_constraints: ]
[verbosity: -1]
[saved_feature_importance_type: 0]
[use_quantized_grad: 0]
[num_grad_quant_bins: 4]
[quant_train_renew_leaf: 0]
[stochastic_rounding: 1]
[linear_tree: 0]
[max_bin: 255]
[max_bin_by_feature: ]
[min_data_in_bin: 3]
[bin_construct_sample_cnt: 200000]
[data_random_seed: 175]
[is_enable_sparse: 1]
[enable_bundle: 1]
[use_missing: 1]
[zero_as_missing: 0]
[feature_pre_filter: 1]
[pre_partition: 0]
[two_round: 0]
[header: 0]
[label_column: ]
[weight_column: ]
[group_column: ]
[ignore_column: ]
[categorical_feature: 0,1,3]
[forcedbins_filename: ]
[precise_float_parser: 0]
[parser_config_file: ]
[objective_seed: 16083]
[num_class: 1]
[is_unbalance: 0]
[scale_pos_weight: 1]
[sigmoid: 1]
[boost_from_average: 1]
[reg_sqrt: 0]
[alpha: 0.9]
[fair_c: 1]
[poisson_max_delta_step: 0.7]
[tweedie_variance_power: 1.5]
[lambdarank_truncation_level: 30]
[lambdarank_norm: 1]
[label_gain: ]
[lambdarank_position_bias_regularization: 0]
[eval_at: ]
[multi_error_top_k: 1]
[auc_mu_weights: ]
[num_machines: 1]
[local_listen_port: 12400]
[time_out: 120]
[machine_list_filename: ]
[machines: ]
[gpu_platform_id: -1]
[gpu_device_id: -1]
[gpu_device_id_list: ]
[gpu_use_dp: 0]
[num_gpu: 1]

end of parameters

pandas_categorical:[]
