tree
version=v4
num_class=1
num_tree_per_iteration=1
label_index=0
max_feature_idx=44
objective=binary sigmoid:1
feature_names=age_group gender month season day_of_year_sin day_of_year_cos weather_code_current temperature_mean_current temperature_max_current temperature_min_current humidity_mean_current humidity_max_current humidity_min_current wind_speed_mean_current wind_speed_max_current precipitation_sum_current rain_sum_current wind_gust_max_current rain_day_current temperature_mean_3d temperature_max_3d temperature_min_3d humidity_mean_3d humidity_max_3d humidity_min_3d wind_speed_mean_3d wind_speed_max_3d precipitation_sum_3d rain_sum_3d rain_days_3d rain_max_daily_3d wind_gust_max_3d temperature_mean_7d temperature_max_7d temperature_min_7d humidity_mean_7d humidity_max_7d humidity_min_7d wind_speed_mean_7d wind_speed_max_7d precipitation_sum_7d rain_sum_7d rain_days_7d rain_max_daily_7d wind_gust_max_7d
feature_infos=-1:0:1:2:3:4:5 -1:0:1 [1:12] -1:1:0 [-0.99999942202469239:0.99998555065071859] [-0.99997919295908244:0.9999907524084426] [0:61] [23.658332999999999:32.533332999999999] [25.899999999999999:39.200000000000003] [17.899999999999999:29.300000000000001] [48.958333000000003:91.625] [63:100] [23:86] [2.8541669999999999:19.695833] [6.4000000000000004:30.100000000000001] [0:63.100000000000001] [0:63.100000000000001] [14:56.899999999999999] [0:1] [23.766667000000002:32.427778000000004] [27.699999999999999:39.200000000000003] [17.899999999999999:28.100000000000001] [52.569443999999997:90.694444000000004] [73:100] [23:79] [4.125:17.329167000000002] [9.6999999999999993:30.100000000000001] [0:93.900000000000006] [0:93.900000000000006] [0:3] [0:63.100000000000001] [17.300000000000001:56.899999999999999] [24.365476000000001:32.235118999999997] [28.699999999999999:39.200000000000003] [17.899999999999999:27.5] [55.767856999999999:89.523809999999997] [77:100] [23:72] [4.5327380000000002:15.469643] [11.6:30.100000000000001] [0:163.90000000000001] [0:163.90000000000001] [0:7] [0:63.100000000000001] [23:56.899999999999999]
tree_sizes=1447 1482 1464 1480 1482 1490 1744 1481 1501 1499 1376 1393 1495 1501 1516 1389 1491 1386 1404 1523 1502 1391 1366 1383 1517 1499 1501 1502 1505 1410 1505 1608 1515 1519 1595 1716 1618 1516 1522 1744 1714 1099 1091 1081 1108 1092 1105 1747 1085 1101 1079 1102 1109 1106 1110 1115 1109

Tree=0
num_leaves=13
num_cat=5
split_feature=0 0 0 4 34 34 1 32 7 32 1 4
split_gain=5700.67 735.42 163.68 132.25 132.499 95.6078 82.6346 50.1486 27.8034 26.6429 23.4105 7.29373
threshold=0 1 2 0.056951373111866661 20.350000000000005 24.450000000000003 3 26.463690500000002 29.731250000000003 27.930655000000005 4 0.98213580174693116
decision_type=1 1 1 2 2 2 1 2 2 2 1 2
left_child=1 3 8 9 -5 7 -7 -3 10 -1 -2 -10
right_child=2 5 -4 4 -6 6 -8 -9 11 -11 -12 -13
leaf_value=-0.8393712465674199 -1.052410263070539 -0.99152553176526714 -1.0899935817637456 -1.0838417067883823 -0.89147922023884374 -0.96677743788642012 -1.0553956200291108 -0.9458192273924757 -1.0145872526531656 -0.95403981265490889 -1.0691848805647035 -1.05349875746091
leaf_weight=202.69865584373474 425.23921465873718 79.75666880607605 903.58469903469086 8.7537807226181013 235.37943720817566 51.550042033195496 51.74457049369812 268.44927549362183 43.185318231582642 6.808496117591857 425.23921465873718 15.562276840209959
leaf_count=1042 2186 410 4645 45 1210 265 266 1380 222 35 2186 80
internal_value=-1.02322 -0.921462 -1.07434 -0.875703 -0.898597 -0.969843 -1.01106 -0.956169 -1.05816 -0.842753 -1.06084 -1.02524
internal_weight=2717.95 905.141 1812.81 453.64 244.133 451.501 103.295 348.206 909.226 209.507 850.478 58.7476
internal_count=13972 4653 9319 2332 1255 2321 531 1790 4674 1077 4372 302
cat_boundaries=0 1 2 3 4 5
cat_threshold=5 1 10 1 1
is_linear=0
shrinkage=1


Tree=1
num_leaves=13
num_cat=5
split_feature=0 0 0 4 34 34 1 36 19 1 19 4
split_gain=5059.77 552.506 167.828 92.9012 118.389 83.5657 81.0967 49.0273 24.0913 18.1558 16.4044 6.64441
threshold=0 1 2 0.10837544681456417 20.350000000000005 24.450000000000003 3 96.500000000000014 29.705555500000006 4 27.893750000000004 0.98213580174693116
decision_type=1 1 1 2 2 2 1 2 2 1 2 2
left_child=1 3 8 10 -5 7 -7 -3 9 -2 -1 -10
right_child=2 5 -4 4 -6 6 -8 -9 11 -11 -12 -13
leaf_value=0.16110408322031597 -0.028642531653504857 0.031152215032537702 -0.065980628390224547 -0.060267300160518511 0.11837793762921295 0.055204461451519318 -0.031420286936291446 0.074404480446128421 0.0072530384413081366 -0.043607349985165952 0.096417162714844074 -0.02850714626020627
leaf_weight=217.43576608598232 420.66846936941147 90.259367033839226 874.12165752053261 9.0663421154022199 240.26647329330444 53.894754946231842 52.287166357040405 260.64926867187023 43.063871681690216 411.38570725917816 15.88825251162052 17.436911165714264
leaf_count=1033 2193 449 4642 48 1165 270 273 1301 221 2162 77 91
internal_value=-8.4012e-05 0.0930217 -0.0498783 0.131211 0.111667 0.0505606 0.0126527 0.0633994 -0.0334973 -0.0360849 0.157129 -0.00334934
internal_weight=2706.42 939.747 1766.68 482.657 249.333 457.091 106.182 350.909 892.555 832.054 233.324 60.5008
internal_count=13925 4616 9309 2323 1213 2293 543 1750 4667 4355 1110 312
cat_boundaries=0 1 2 3 4 5
cat_threshold=5 1 10 1 1
is_linear=0
shrinkage=0.05


Tree=2
num_leaves=13
num_cat=6
split_feature=0 0 0 2 34 34 1 5 1 0 37 32
split_gain=4559.86 469.933 165.929 69.1382 100.456 60.6943 65.7298 43.7799 21.8278 75.2746 16.2397 11.766
threshold=0 1 2 6.5000000000000009 20.350000000000005 24.450000000000003 3 -0.7444366621422277 4 5 67.500000000000014 27.970238000000005
decision_type=1 1 1 2 2 2 1 2 1 1 2 2
left_child=1 3 8 4 -1 7 -7 -3 10 -10 -2 -5
right_child=2 5 -4 11 -6 6 -8 -9 9 -11 -12 -13
leaf_value=-0.050680614176198895 -0.022207011800258119 0.09138259967007753 -0.064901386586444343 0.14381989252059943 0.10947558679357419 0.050810462406632444 -0.027302659031175104 0.04820206475559248 -0.016827284315586336 -0.060585494899200898 -0.061203230330554595 0.048631865070901899
leaf_weight=9.6072448790073377 414.37579959630966 74.95061981678009 853.8078491538763 227.98513635993004 271.57312339544296 56.235780194401741 49.980126395821571 295.15427258610725 218.98976421356201 221.40527656674385 27.993087112903595 4.6008561551570883
leaf_count=52 2187 361 4689 1022 1256 275 265 1435 1173 1186 148 22
internal_value=5.98199e-05 0.085147 -0.0486827 0.119115 0.103843 0.0466471 0.0141423 0.0571693 -0.0323902 -0.0406676 -0.0248072 0.142153
internal_weight=2726.66 990.087 1736.57 513.766 281.18 476.321 106.216 370.105 882.764 440.395 442.369 232.586
internal_count=14071 4688 9383 2352 1308 2336 540 1796 4694 2359 2335 1044
cat_boundaries=0 1 2 3 4 5 6
cat_threshold=5 1 10 1 1 2
is_linear=0
shrinkage=0.05


Tree=3
num_leaves=13
num_cat=5
split_feature=0 0 0 4 34 34 1 32 19 1 32 4
split_gain=3996.02 386.193 162.43 66.5298 92.5403 60.4296 50.1211 34.3043 23.1057 17.6007 15.9252 7.28278
threshold=0 1 2 0.10837544681456417 20.350000000000005 24.450000000000003 3 26.563393000000001 29.648611000000002 4 27.709226500000003 0.97508442350096225
decision_type=1 1 1 2 2 2 1 2 2 1 2 2
left_child=1 3 8 10 -5 7 -7 -3 9 -2 -1 -10
right_child=2 5 -4 4 -6 6 -8 -9 11 -11 -12 -13
leaf_value=0.1312991233417628 -0.026474757657316057 0.02772535779638903 -0.063892447179924303 -0.05879973596300471 0.096814344668526911 0.042344465925453267 -0.02607566366164717 0.061776761944600793 0.008903679538147552 -0.041396698266465762 0.072556816526228432 -0.028247365158647543
leaf_weight=241.94125710427761 406.15686149895191 103.92730541527271 820.9140215665102 9.2763875126838666 267.45641458034515 55.140116572380066 50.231757313013077 279.29555153846741 43.679895311594009 402.9942401945591 16.423156946897507 17.724239870905876
leaf_count=1040 2174 498 4667 52 1192 264 270 1319 227 2208 74 95
internal_value=-0.000358218 0.0771385 -0.0474531 0.107212 0.0914051 0.0425669 0.00978944 0.0526385 -0.0313474 -0.0339485 0.127859 -0.00210074
internal_weight=2715.16 1023.69 1691.47 535.097 276.733 488.595 105.372 383.223 870.555 809.151 258.364 61.4041
internal_count=14080 4709 9371 2358 1244 2351 534 1817 4704 4382 1114 322
cat_boundaries=0 1 2 3 4 5
cat_threshold=5 1 10 1 1
is_linear=0
shrinkage=0.05


Tree=4
num_leaves=13
num_cat=5
split_feature=0 0 0 4 34 1 34 32 9 1 32 43
split_gain=3637.97 333.83 153.515 63.352 78.6164 57.6752 105.963 95.1388 23.741 21.8186 10.6682 9.25332
threshold=0 1 2 0.091259403071267911 20.350000000000005 3 24.350000000000005 26.489881000000004 26.050000000000004 4 27.709226500000003 27.950000000000006
decision_type=1 1 1 2 2 1 2 2 2 1 2 2
left_child=1 3 8 10 -5 7 -7 -3 9 -2 -1 -10
right_child=2 5 -4 4 -6 6 -8 -9 11 -11 -12 -13
leaf_value=0.12171070209220575 -0.025331777252683527 -0.0058856930798444583 -0.062961032513509332 -0.057722548407219292 0.088870694440309789 0.041704158532896274 -0.035498362559620245 0.07215127901934168 -0.0090310378691768316 -0.042094919045623222 0.070331473305821415 0.048367039106292753
leaf_weight=253.08216552436352 401.4033559858799 48.022653818130493 791.7774064540863 8.8107680976390821 275.09846159815788 182.11437737941742 57.845845296978951 204.89351689815521 58.789090171456337 389.31151553988457 15.450400963425635 6.9581538885831824
leaf_count=1055 2177 228 4664 51 1191 847 307 951 311 2179 68 37
internal_value=-0.000428848 0.072106 -0.0466011 0.0994819 0.0841347 0.0399198 0.0230233 0.0573691 -0.0308702 -0.0336279 0.119026 -0.00232287
internal_weight=2693.56 1045.32 1648.24 552.442 283.909 492.876 239.96 252.916 856.462 790.715 268.533 65.7472
internal_count=14066 4698 9368 2365 1242 2333 1154 1179 4704 4356 1123 348
cat_boundaries=0 1 2 3 4 5
cat_threshold=5 1 10 1 1
is_linear=0
shrinkage=0.05


Tree=5
num_leaves=13
num_cat=5
split_feature=0 0 0 1 34 32 4 34 7 1 40 4
split_gain=3303.96 289.046 150.669 49.2996 89.5193 74.8662 46.4803 62.6405 23.1948 16.3768 11.1313 5.874
threshold=0 1 2 3 24.150000000000002 26.446726000000002 1.0000000180025095e-35 20.350000000000005 29.658333500000005 4 0.35000000000000003 0.98213580174693116
decision_type=1 1 1 1 2 2 2 2 2 1 2 2
left_child=1 6 8 5 -5 -3 10 -8 9 -2 -1 -10
right_child=2 3 -4 4 -6 -7 7 -9 11 -11 -12 -13
leaf_value=0.028785231232733521 -0.025370542195832915 -0.0062226100765272038 -0.062094589081567092 0.041729402791069535 -0.024677948471363738 0.065849128699656423 -0.051454340828586555 0.084475852923786288 0.0086533792756333071 -0.040058082680214296 0.11207885726622974 -0.025226307033921747
leaf_weight=4.9022838473319998 398.36718071997166 43.038987770676613 761.56109601259232 172.80704598128796 70.903109088540077 215.28894230723381 8.0952282994985563 298.36085186898708 45.15627084672451 378.92353472113609 251.73500384390354 16.700625136494637
leaf_count=20 2189 205 4652 792 372 975 48 1262 235 2169 1030 92
internal_value=-0.000227378 0.0676161 -0.0455232 0.0379053 0.0223875 0.0538639 0.0928715 0.0807295 -0.0298751 -0.0325729 0.110606 -0.000749539
internal_weight=2665.84 1065.13 1600.71 502.038 243.71 258.328 563.093 306.456 839.148 777.291 256.637 61.8569
internal_count=14041 4704 9337 2344 1164 1180 2360 1310 4685 4358 1050 327
cat_boundaries=0 1 2 3 4 5
cat_threshold=5 1 10 1 1
is_linear=0
shrinkage=0.05


Tree=6
num_leaves=15
num_cat=0
split_feature=34 39 36 32 4 32 42 5 34 43 8 36 4 4
split_gain=43.5974 84.307 66.5118 67.6752 40.3347 34.1179 27.2307 22.1557 55.416 21.7273 16.9859 15.5512 12.5971 12.1151
threshold=24.450000000000003 19.050000000000004 96.500000000000014 26.779762000000002 0.43733377705052545 29.330059500000001 4.5000000000000009 -0.71502926860092908 23.950000000000003 12.550000000000002 33.650000000000013 98.500000000000014 0.99374995976406788 0.22700754078277599
decision_type=2 2 2 2 2 2 2 2 2 2 2 2 2 2
left_child=2 5 3 13 9 10 -5 8 -4 -3 -2 -9 -6 -1
right_child=1 4 7 6 12 -7 -8 11 -10 -11 -12 -13 -14 -15
leaf_value=0.00035528771385986784 -0.059836537778679748 -0.043983141293621374 0.04020030486611248 0.0033421353257334415 0.015517953308711955 0.035109340566099344 -0.022784481782445073 0.01503203459953077 0.0034363073945272238 -0.0072924119731377426 -0.012106493149566133 0.0012414779216477333 -0.014689426740359994 -0.065611375871973451
leaf_weight=7.8317157477140418 112.8679047524929 59.640026569366455 169.1168010532856 304.38010494410992 226.80835756659508 11.589301601052282 147.18471610546112 270.14727003872395 258.41389055550098 122.13025937974453 22.988220050930977 831.66157545149326 39.858093112707138 60.779461905360222
leaf_count=42 611 325 891 1619 1208 62 781 1435 1363 660 124 4404 216 342
internal_value=-0.000324282 -0.0122168 0.00313766 -0.0122914 -0.00140202 -0.0448776 -0.0052052 0.00839016 0.0180388 -0.0195057 -0.0519076 0.00463328 0.0109649 -0.0581846
internal_weight=2645.4 595.882 2049.52 520.176 448.437 147.445 451.565 1529.34 427.531 181.77 135.856 1101.81 266.666 68.6112
internal_count=14083 3206 10877 2784 2409 797 2400 8093 2254 985 735 5839 1424 384
is_linear=0
shrinkage=0.05


Tree=7
num_leaves=13
num_cat=5
split_feature=0 0 0 34 1 4 34 36 9 1 44 32
split_gain=2988.05 263.723 149.859 43.8397 45.2476 43.2848 55.8987 38.7766 18.8334 19.7118 7.95558 7.75745
threshold=0 1 2 24.450000000000003 3 0.10837544681456417 20.350000000000005 96.500000000000014 26.750000000000004 4 37.600000000000001 28.027381000000002
decision_type=1 1 1 2 1 2 2 2 2 1 2 2
left_child=1 5 8 7 -5 11 -7 -3 9 -2 -10 -1
right_child=2 3 -4 4 -6 6 -8 -9 10 -11 -12 -13
leaf_value=0.10510669662370237 -0.022992312700369257 0.016429264644314486 -0.06129911796668204 0.036099351616701546 -0.028513176433201271 -0.054790615485730089 0.078672461115073034 0.052662360393016527 0.049106652079369921 -0.038873565741626245 -0.0063231142488456632 0.038801957236112454
leaf_weight=266.84635144472122 408.65867914259434 99.612766653299332 739.93921944499016 60.426303640007973 47.525983452796936 7.4032005071640006 281.98416589200497 298.1289759427309 7.710006281733512 386.48785154521465 24.518480330705643 6.0325574725866309
leaf_count=1077 2273 454 4692 272 269 47 1173 1338 40 2258 127 26
internal_value=-0.000675182 0.063457 -0.044508 0.0353007 0.00765307 0.0876172 0.0750812 0.0436519 -0.0288841 -0.0307507 0.0080161 0.103788
internal_weight=2635.27 1067.96 1567.31 505.694 107.952 562.266 289.387 397.742 827.375 795.147 32.2285 272.879
internal_count=14046 4656 9390 2333 541 2323 1220 1792 4698 4531 167 1103
cat_boundaries=0 1 2 3 4 5
cat_threshold=5 1 10 1 1
is_linear=0
shrinkage=0.05


Tree=8
num_leaves=13
num_cat=4
split_feature=0 0 0 1 34 32 4 8 7 21 32 10
split_gain=2721.56 233.406 154.082 43.7986 72.9582 70.1997 40.5401 47.7218 20.9654 16.5622 10.4078 4.41508
threshold=0 1 2 3 24.350000000000005 26.446726000000002 0.074116354202380164 33.250000000000007 29.658333500000005 24.450000000000003 27.930655000000005 76.395833500000023
decision_type=1 1 1 1 2 2 2 2 2 2 2 2
left_child=1 6 8 5 -5 -3 10 -8 9 -2 -1 -10
right_child=2 3 -4 4 -6 -7 7 -9 11 -11 -12 -13
leaf_value=0.099764522913032283 -0.025122844281449605 -0.0093779893867862018 -0.060546804291000733 0.033363998936859617 -0.031524137151796583 0.059650756089232253 0.049186018291019824 0.089775899706373272 -0.0038384053134577125 -0.041651031026689322 0.03959480926318374 0.042824732390674386
leaf_weight=265.60745397210121 530.49469864368439 43.771441787481308 711.49513828754425 195.96061007678509 54.676045849919319 223.2260385453701 144.45086944103241 155.63330012559891 57.854697033762932 217.52103990316391 9.2006252408027631 4.5468572229146949
leaf_count=1064 3076 205 4686 873 304 978 606 641 307 1269 39 23
internal_value=-7.56583e-05 0.0597988 -0.0431776 0.033618 0.0191397 0.0483414 0.0822982 0.0704655 -0.0273219 -0.0299784 0.0979009 0.000183505
internal_weight=2614.44 1092.53 1521.91 517.634 250.637 266.997 574.892 300.084 810.417 748.016 274.808 62.4016
internal_count=14071 4710 9361 2360 1177 1183 2350 1247 4675 4345 1103 330
cat_boundaries=0 1 2 3 4
cat_threshold=5 1 10 1
is_linear=0
shrinkage=0.05


Tree=9
num_leaves=13
num_cat=4
split_feature=0 0 0 1 34 32 4 34 9 21 32 4
split_gain=2477.06 210.597 149.938 40.9021 75.4088 67.8031 38.3702 51.1181 20.0009 15.7636 8.09345 4.4051
threshold=0 1 2 3 24.150000000000002 26.409821500000003 0.056951373111866661 20.350000000000005 26.050000000000004 24.450000000000003 27.930655000000005 0.98213580174693116
decision_type=1 1 1 1 2 2 2 2 2 2 2 2
left_child=1 6 8 5 -5 -3 10 -8 9 -2 -1 -10
right_child=2 3 -4 4 -6 -7 7 -9 11 -11 -12 -13
leaf_value=0.094967614565200226 -0.024661871574740021 -0.015888819562513892 -0.059844182307636488 0.034814988386359796 -0.025552095338423959 0.056090474696685301 -0.055016531069232405 0.070025283214441222 0.0054964100194861143 -0.041104916085456134 0.03522841316009323 -0.027496672284407504
leaf_weight=259.347950309515 527.92590487003326 37.610395610332489 682.7405304312706 184.55559395253658 70.901400074362755 232.13748924434185 7.7040454000234595 296.93312172591686 54.371498450636864 206.3088693022728 7.3684323877096167 11.379073709249495
leaf_count=1038 3106 177 4673 813 384 1002 49 1206 289 1231 31 64
internal_value=-0.000243567 0.0564211 -0.0422555 0.0318651 0.018026 0.0460329 0.0779654 0.0666934 -0.0266364 -0.0293317 0.093455 -0.000539904
internal_weight=2579.28 1096.56 1482.73 525.205 255.457 269.748 571.354 304.637 799.985 734.235 266.716 65.7506
internal_count=14063 4700 9363 2376 1197 1179 2324 1255 4690 4337 1069 353
cat_boundaries=0 1 2 3 4
cat_threshold=5 1 10 1
is_linear=0
shrinkage=0.05


Tree=10
num_leaves=12
num_cat=5
split_feature=0 0 0 4 34 43 1 9 1 35 21
split_gain=2220.16 177.768 155.511 41.4127 46.7184 33.5996 29.5548 15.3514 15.6575 9.91639 7.16684
threshold=0 1 2 0.022575936829235404 20.350000000000005 43.800000000000004 3 26.150000000000002 4 80.937500000000014 25.150000000000002
decision_type=1 1 1 2 2 2 1 2 1 2 2
left_child=1 3 7 10 -5 6 -3 8 -2 -9 -1
right_child=2 5 -4 4 -6 -7 -8 9 -10 -11 -12
leaf_value=0.090065834873612 -0.020178773226544891 0.04391566116934531 -0.059189164705971943 -0.05453873132994165 0.064341477111775972 -0.066524287660337911 0.019810739100058667 -0.0095993446187669848 -0.034993949530501181 0.045910552720217657 0.028062211866305871
leaf_weight=256.15737974643707 374.67164830863476 267.38414730131626 655.38863699138165 7.7707366049289694 308.49974323809147 7.8297130465507498 247.25729452073574 53.409721776843071 351.09869116544724 8.4424934834241849 5.8826257437467566
leaf_count=1030 2182 1156 4664 51 1244 37 1152 285 2174 45 24
internal_value=-0.000207126 0.052984 -0.0408757 0.0726095 0.0612579 0.0302116 0.0323954 -0.0250315 -0.0273841 -0.00141264 0.0887859
internal_weight=2543.79 1100.78 1443.01 578.31 316.27 522.471 514.641 787.623 725.77 61.8522 262.04
internal_count=14044 4694 9350 2349 1295 2345 2308 4686 4356 330 1054
cat_boundaries=0 1 2 3 4 5
cat_threshold=5 1 10 1 1
is_linear=0
shrinkage=0.05


Tree=11
num_leaves=12
num_cat=4
split_feature=0 0 0 4 34 43 43 7 0 32 44
split_gain=2056.87 173.231 144.143 33.8145 40.4006 33.0333 33.8727 14.8014 14.1283 8.9438 5.15994
threshold=0 1 2 0.056951373111866661 20.350000000000005 43.800000000000004 22.050000000000004 29.518750000000001 3 28.027381000000002 37.600000000000001
decision_type=1 1 1 2 2 2 2 2 1 2 2
left_child=1 3 7 9 -5 6 -3 8 -2 -1 -9
right_child=2 5 -4 4 -6 -7 -8 10 -10 -11 -12
leaf_value=0.085686753782440006 -0.018567189364752854 0.022741394307810536 -0.058581436061390428 -0.053334369162180754 0.062129603549656465 -0.06504235272514873 0.052310009363689493 0.019237796233997021 -0.035307570889622983 0.016493233628240383 -0.011380343948259809
leaf_weight=259.53996089100838 355.00663948059082 386.6827606856823 634.61226822435856 7.0485799908637992 299.97616048157215 8.3470869511365873 129.97792764008045 17.689986243844032 350.22632293403149 5.3000744581222525 51.341546848416328
leaf_count=1051 2151 1725 4699 48 1204 41 568 94 2150 22 281
internal_value=-0.00073713 0.0503297 -0.0405716 0.0698258 0.0593143 0.0280965 0.0302667 -0.0251964 -0.0276817 0.0843693 -0.00337149
internal_weight=2505.75 1096.87 1408.88 571.865 307.025 525.008 516.661 774.264 705.233 264.84 69.0315
internal_count=14034 4659 9375 2325 1252 2334 2293 4676 4301 1073 375
cat_boundaries=0 1 2 3 4
cat_threshold=5 1 10 2
is_linear=0
shrinkage=0.05


Tree=12
num_leaves=13
num_cat=4
split_feature=0 0 0 4 8 1 34 34 34 34 38 40
split_gain=1867.46 160.383 145.788 34.699 43.2524 33.5786 57.8741 57.7327 18.5082 18.61 16.8586 10.3501
threshold=0 1 2 0.10837544681456417 33.350000000000001 3 24.350000000000005 21.050000000000004 25.150000000000002 24.150000000000002 7.4860120000000014 0.35000000000000003
decision_type=1 1 1 2 2 1 2 2 2 2 2 2
left_child=1 3 8 11 -5 7 -7 -3 9 -2 -10 -1
right_child=2 5 -4 4 -6 6 -8 -9 10 -11 -12 -13
leaf_value=0.0073856784780473627 -0.022020330149111714 -0.035449776811099558 -0.057991468660838798 0.035509476329207562 0.074072885831177548 0.026614975462579456 -0.030491703559024697 0.045906640643653573 0.04996198511302849 -0.041253506482015048 -0.01143228363523025 0.082026350921398442
leaf_weight=4.9369185864925376 514.67871682345867 23.103049084544182 602.3382190912962 144.75320227444172 152.54375731945038 197.10902442038059 56.266405060887337 255.93834722042084 12.508727729320524 168.75678263604641 63.915372967720032 270.07548347115517
leaf_count=20 3172 104 4643 599 612 850 316 1081 70 1059 358 1105
internal_value=-0.00028307 0.0477675 -0.03932 0.0665654 0.0554784 0.0266227 0.0138634 0.0390683 -0.0239028 -0.0268228 -0.000868051 0.080718
internal_weight=2466.92 1104.73 1362.2 572.309 297.297 532.417 253.375 279.041 759.86 683.435 76.4241 275.012
internal_count=13989 4687 9302 2336 1211 2351 1166 1185 4659 4231 428 1125
cat_boundaries=0 1 2 3 4
cat_threshold=5 1 10 1
is_linear=0
shrinkage=0.05


Tree=13
num_leaves=13
num_cat=4
split_feature=0 0 0 34 39 36 1 34 32 7 5 44
split_gain=1709.41 149.48 148.23 31.2499 107.717 57.4894 30.5148 56.0483 53.2448 16.7318 17.0241 5.17718
threshold=0 1 2 24.450000000000003 19.050000000000004 96.500000000000014 3 24.350000000000005 26.370536000000005 29.658333500000005 -0.75581183015052977 36.900000000000013
decision_type=1 1 1 2 2 2 1 2 2 2 2 2
left_child=1 3 9 5 -5 -1 8 -8 -3 10 -2 -11
right_child=2 6 -4 4 -6 -7 7 -9 -10 11 -12 -13
leaf_value=0.039374369248138565 -0.012270458703280614 -0.021322115541291289 -0.057455034307348662 -0.03191048074269192 0.069170418038431769 0.081876724369544546 0.025268179856323264 -0.031212163895093334 0.045133384083868772 0.02724574311345548 -0.030028471580157524 -0.0061954308988284561
leaf_weight=109.20297536253929 185.82038021087646 33.760213911533356 582.09427757561207 34.865603476762772 101.03535439074039 325.13079458475113 201.86809161305428 55.15031024813652 244.57756941020489 14.359306946396826 512.66336552798748 46.019146740436554
leaf_count=459 1174 155 4673 140 407 1336 864 314 1018 74 3220 252
internal_value=-0.000406458 0.0453802 -0.0382157 0.0635802 0.0431943 0.0713055 0.0251047 0.0130748 0.0370254 -0.0228479 -0.0253285 0.00207193
internal_weight=2446.55 1105.59 1340.96 570.235 135.901 434.334 535.356 257.018 278.338 758.862 698.484 60.3785
internal_count=14086 4693 9393 2342 547 1795 2351 1178 1173 4720 4394 326
cat_boundaries=0 1 2 3 4
cat_threshold=5 1 10 1
is_linear=0
shrinkage=0.05


Tree=14
num_leaves=13
num_cat=3
split_feature=0 0 0 4 26 34 36 32 37 35 21 2
split_gain=1569.04 147.712 133.139 36.2293 40.2406 29.3672 30.4204 21.2999 16.2161 28.0915 6.3417 4.57796
threshold=0 1 2 0.022575936829235404 14.950000000000001 24.550000000000004 96.500000000000014 30.497916500000006 67.500000000000014 87.095238000000009 25.150000000000002 9.5000000000000018
decision_type=1 1 1 2 2 2 2 2 2 2 2 2
left_child=2 8 3 10 -5 6 -4 -7 9 -2 -1 -10
right_child=1 -3 5 4 -6 7 -8 -9 11 -11 -12 -13
leaf_value=0.077270513695956611 -0.024034287269717874 -0.056941648708825343 0.0073272227458211006 0.00061088140992029082 0.056472690297960482 -0.011870777082825128 0.03764123454315025 0.047927962726678097 -0.05762133308526482 0.0060607061203141535 0.022336988272833636 -0.012537533701011599
leaf_weight=245.20180793106556 607.53628981113434 557.3034812733531 110.77850614488125 36.409465685486794 281.9096308350563 77.492515087127686 332.89790126681328 17.378025904297829 38.391952693462372 88.454928383231163 6.3732954263687125 7.3282002359628668
leaf_count=1035 3820 4661 477 147 1149 383 1411 85 250 561 26 47
internal_value=-0.000121728 -0.0372652 0.0433473 0.0605762 0.0501051 0.024268 0.0301058 -0.000531402 -0.0218647 -0.0202062 0.0759728 -0.0508182
internal_weight=2407.46 1299.01 1108.44 569.894 318.319 538.547 443.676 94.8705 741.711 695.991 251.575 45.7202
internal_count=14052 9339 4713 2357 1296 2356 1888 468 4678 4381 1061 297
cat_boundaries=0 1 2 3
cat_threshold=5 10 1
is_linear=0
shrinkage=0.05


Tree=15
num_leaves=12
num_cat=4
split_feature=0 0 0 4 8 43 1 19 34 23 4
split_gain=1447.68 140.857 133.899 33.0182 35.6009 26.6374 22.746 17.1353 14.4786 9.51432 7.61521
threshold=0 1 2 0.022575936829235404 33.350000000000001 43.800000000000004 3 29.648611000000002 24.150000000000002 94.500000000000014 0.98213580174693116
decision_type=1 1 1 2 2 2 1 2 2 2 2
left_child=2 7 3 9 -5 6 -4 8 -2 -1 -9
right_child=1 -3 5 4 -6 -7 -8 10 -10 -11 -12
leaf_value=0.021232812570583588 -0.019902576325240645 -0.056469582509829745 0.033837810290403121 0.031826492696931309 0.065854592224073791 -0.0644003584698149 0.013074197250773096 0.013679247294620965 -0.036536724464972491 0.075535356325247535 -0.025992786316352292
leaf_weight=9.3270878940820676 493.45045372843742 541.1994900777936 278.48026764392853 160.92375282943249 152.85976138710976 7.7305793464183798 253.5999311953783 45.084410920739174 180.8788243830204 234.75427255034447 15.413983240723608
leaf_count=39 3173 4719 1161 661 617 39 1152 240 1191 1009 93
internal_value=-0.000812095 -0.0368794 0.0410727 0.0585603 0.0485598 0.0221917 0.0239846 -0.0218312 -0.0244119 0.0735554 0.00331317
internal_weight=2373.7 1276.03 1097.68 557.865 313.784 539.811 532.08 734.828 674.329 244.081 60.4984
internal_count=14094 9416 4678 2326 1278 2352 2313 4697 4364 1048 333
cat_boundaries=0 1 2 3 4
cat_threshold=5 10 1 1
is_linear=0
shrinkage=0.05


Tree=16
num_leaves=13
num_cat=5
split_feature=0 0 0 4 33 34 39 37 1 0 34 19
split_gain=1332.52 142.026 121.62 35.8946 33.9431 25.4387 27.343 23.2022 22.6623 84.2091 18.8956 9.39231
threshold=0 1 2 0.10837544681456417 36.850000000000001 24.450000000000003 19.050000000000004 25.500000000000004 3 4 21.250000000000004 27.893750000000004
decision_type=1 1 1 2 2 2 2 2 1 1 2 2
left_child=2 8 3 11 -5 7 -7 -4 10 -10 -2 -1
right_child=1 -3 5 4 -6 6 -8 -9 9 -11 -12 -13
leaf_value=0.073739351942323714 -0.046027433154438635 -0.056007545458324086 -0.066924405817695307 0.038227814423814177 0.087389831987101665 -0.042874047453112664 0.014404820664625699 0.028763604560149394 -0.0041379264916338553 -0.05355282498481384 -0.0086887208050105066 0.033871868549131864
leaf_weight=237.24203765392303 36.777203798294067 516.4256142526865 5.5143430680036536 260.66540975868702 40.675904288887978 26.386057302355766 86.103965386748314 427.90697950124741 179.09065446257591 173.39503961801529 338.46510158479214 18.393611803650856
leaf_count=1040 233 4695 24 1067 165 132 419 1794 1182 1187 2117 76
internal_value=-0.000442245 -0.0357642 0.0393677 0.0561108 0.0451309 0.0215142 0.000709894 0.0273949 -0.0207786 -0.0301609 -0.0124609 0.071014
internal_weight=2347.04 1244.15 1102.89 556.977 301.341 545.911 112.49 433.421 727.728 352.486 375.242 255.636
internal_count=14131 9414 4717 2348 1232 2369 551 1818 4719 2369 2350 1116
cat_boundaries=0 1 2 3 4 5
cat_threshold=5 10 1 1 2
is_linear=0
shrinkage=0.05


Tree=17
num_leaves=12
num_cat=5
split_feature=0 0 0 34 39 36 43 43 1 0 34
split_gain=1219.08 141.368 120.512 32.9848 91.6918 48.1711 23.9499 25.5202 16.0247 89.0587 17.3403
threshold=0 1 2 24.450000000000003 19.050000000000004 96.500000000000014 43.800000000000004 22.050000000000004 3 4 21.250000000000004
decision_type=1 1 1 2 2 2 2 2 1 1 2
left_child=2 8 3 5 -5 -1 7 -4 10 -10 -2
right_child=1 -3 6 4 -6 -7 -8 -9 9 -11 -12
leaf_value=0.033327555232853273 -0.045345506571305975 -0.055571047227139493 0.015225113544091569 -0.038843353099446427 0.057076015891629861 0.072655307916394352 -0.063503592329527861 0.040419214377211798 -0.0017361760474590166 -0.052947363114471915 -0.0094005708838265246
leaf_weight=107.84135852754116 36.399931594729424 494.93805965036154 398.40193435549736 32.382096543908119 99.116861581802368 306.44421458244324 7.4453813582658759 134.63578590750694 177.44693996012211 164.3339578807354 337.90863911807537
leaf_count=452 237 4695 1728 130 410 1335 38 567 1174 1163 2123
internal_value=-0.000521526 -0.0348667 0.0377386 0.0545677 0.0333406 0.0625229 0.019995 0.0216525 -0.0199322 -0.0280373 -0.0130076
internal_weight=2297.3 1211.03 1086.27 545.785 131.499 414.286 540.483 533.038 716.089 341.781 374.309
internal_count=14052 9392 4660 2327 540 1787 2333 2295 4697 2337 2360
cat_boundaries=0 1 2 3 4 5
cat_threshold=5 10 1 1 2
is_linear=0
shrinkage=0.05


Tree=18
num_leaves=12
num_cat=3
split_feature=0 0 0 4 8 43 43 37 35 21 33
split_gain=1100.74 144.13 103.262 34.1981 33.3151 21.1044 22.5568 15.8544 30.29 8.76472 5.77054
threshold=0 1 2 0.022575936829235404 33.350000000000001 43.800000000000004 22.050000000000004 67.500000000000014 87.095238000000009 25.150000000000002 30.750000000000004
decision_type=1 1 1 2 2 2 2 2 2 2 2
left_child=2 7 3 9 -5 6 -4 8 -2 -1 -9
right_child=1 -3 5 4 -6 -7 -8 10 -10 -11 -12
leaf_value=0.068509970434314879 -0.020972408758001996 -0.055162901537565701 0.014920579448236816 0.025138214876816556 0.058017141649850917 -0.061509119559495173 0.038670393363824759 0.0049290396661116117 0.011564655977519349 0.001730237216082723 -0.053979142016384554
leaf_weight=224.86087207496166 573.57899421453476 475.20554602891207 405.5902239382267 160.29940803349018 152.37145937979221 6.9520628005266181 132.93076224625111 4.4624352902173987 81.052702695131302 5.0764184892177573 38.931210540235043
leaf_count=1034 3804 4703 1752 666 627 37 556 30 531 21 273
internal_value=-0.000378661 -0.0338198 0.0356605 0.051367 0.0412947 0.0193299 0.0208439 -0.0186593 -0.0169324 0.0670495 -0.0479467
internal_weight=2261.31 1173.23 1088.08 542.608 312.671 545.473 538.521 698.025 654.632 229.937 43.3936
internal_count=14034 9341 4693 2348 1293 2345 2308 4638 4335 1055 303
cat_boundaries=0 1 2 3
cat_threshold=5 10 1
is_linear=0
shrinkage=0.05


Tree=19
num_leaves=13
num_cat=1
split_feature=34 4 34 5 26 34 33 44 43 1 37 37
split_gain=30.261 40.6978 33.5639 84.0921 66.0051 24.176 23.8731 22.3755 15.3836 2.30087 6.86787 6.11045
threshold=20.350000000000005 0.21022171450811272 23.950000000000003 -0.71502926860092908 15.15 25.150000000000002 36.750000000000007 41.600000000000001 22.200000000000006 0 52.500000000000007 51.500000000000007
decision_type=2 2 2 2 2 2 2 2 2 1 2 2
left_child=1 9 3 8 5 -4 -6 -5 -2 10 -1 -11
right_child=2 -3 4 7 6 -7 -8 -9 -10 11 -12 -13
leaf_value=-0.028795994355550854 0.060267184272255851 -0.062798894523686463 -0.057400867795285193 0.0048602662613927749 -0.0054843022832048579 0.013424737673231091 0.016348816726022126 -0.016418387150710378 0.026875669424963444 0.033963412546223086 0.020928924035106617 -0.013108039353456561
leaf_weight=15.285071283578874 66.635889813303947 42.755030423402786 75.546320974826813 944.57856237888336 657.27490208297968 13.900636814534662 153.61671286821365 141.12523997575045 76.511460170149803 14.140096589922907 11.178486622869967 11.900105886161326
leaf_count=99 415 300 491 5913 4180 87 932 883 470 91 71 76
internal_value=0.00023762 -0.0271842 0.00147664 0.00684773 -0.0058537 -0.0463674 -0.00133316 0.0020818 0.0427299 0.0024494 -0.00779441 0.012763
internal_weight=2224.45 95.2588 2129.19 1228.85 900.339 89.447 810.892 1085.7 143.147 52.5038 26.4636 26.0402
internal_count=14008 637 13371 7681 5690 578 5112 6796 885 337 170 167
cat_boundaries=0 1
cat_threshold=1
is_linear=0
shrinkage=0.05


Tree=20
num_leaves=13
num_cat=4
split_feature=0 0 0 43 43 43 1 34 32 34 34 38
split_gain=1029.03 142.058 97.4446 30.883 54.1939 34.4848 23.7933 49.1339 47.4429 16.5372 21.5025 10.6876
threshold=0 1 2 13.550000000000002 11.900000000000002 43.800000000000004 3 23.950000000000003 26.401488000000004 25.150000000000002 24.050000000000004 7.5273805000000005
decision_type=1 1 1 2 2 2 1 2 2 2 2 2
left_child=2 9 3 4 -1 -5 8 -8 -4 10 -2 -11
right_child=1 -3 6 5 -6 -7 7 -9 -10 11 -12 -13
leaf_value=0.046065800572447434 -0.014923880462898441 -0.054762477818696934 -0.021142603156106242 0.06712471872475749 -0.032402025428127326 -0.03113931913420509 0.024627372922190617 -0.020236246964810953 0.037396944890544591 0.041808350507875812 -0.035428353026540078 -0.0053161108957351516
leaf_weight=250.37037701904774 445.36747662723064 450.41736627370119 39.501457348465919 250.08975993096828 23.415176033973694 8.7086850553750974 168.90080787241459 94.325962372124195 249.33431331813335 14.096391871571539 180.22565592825413 58.46587098389864
leaf_count=1073 3001 4653 174 1130 100 35 702 475 1015 82 1265 345
internal_value=2.94043e-05 -0.0328012 0.034775 0.0502967 0.0392614 0.063711 0.0191108 0.00853498 0.0293457 -0.0180032 -0.0208781 0.00428247
internal_weight=2233.22 1148.57 1084.65 532.584 273.786 258.798 552.063 263.227 288.836 698.155 625.593 72.5623
internal_count=14050 9346 4704 2338 1173 1165 2366 1177 1189 4693 4266 427
cat_boundaries=0 1 2 3 4
cat_threshold=5 10 1 1
is_linear=0
shrinkage=0.05


Tree=21
num_leaves=12
num_cat=4
split_feature=0 0 0 4 8 43 39 37 1 19 32
split_gain=952.651 131.343 95.6031 34.3245 41.3062 20.7069 20.0827 16.1969 17.775 13.8791 2.70833
threshold=0 1 2 0.10837544681456417 33.250000000000007 43.800000000000004 22.850000000000005 67.500000000000014 3 27.893750000000004 26.350297500000003
decision_type=1 1 1 2 2 2 2 2 1 2 2
left_child=2 7 3 9 -5 6 -4 8 -2 -1 -9
right_child=1 -3 5 4 -6 -7 -8 10 -10 -11 -12
leaf_value=0.066572644653246596 -0.0088680141919333585 -0.054392303455916516 0.02466579772689766 0.017675709065347548 0.055216278212714791 -0.060975164577087959 0.0032881908422989895 -0.018568179966063712 -0.02540114295683607 0.018933275799656618 -0.055033967231705387
leaf_weight=218.85165522992611 340.93785016238689 432.5542796254158 394.79978236556053 142.1256950199604 153.32540062069893 7.3225585073232642 152.54237005114555 7.5455694049596778 312.68475162982941 17.469594165682793 33.55091331154108
leaf_count=1057 2207 4665 1675 593 643 40 662 52 2221 75 249
internal_value=-0.000627308 -0.0326691 0.0326188 0.0479702 0.0372781 0.0172543 0.0187248 -0.0185065 -0.016804 0.0631456 -0.0489388
internal_weight=2213.71 1127.27 1086.44 531.772 295.451 554.665 547.342 694.719 653.623 236.321 41.0965
internal_count=14139 9394 4745 2368 1236 2377 2337 4729 4428 1132 301
cat_boundaries=0 1 2 3 4
cat_threshold=5 10 1 1
is_linear=0
shrinkage=0.05


Tree=22
num_leaves=12
num_cat=6
split_feature=0 0 0 4 20 43 43 1 0 0 19
split_gain=848.106 137.156 93.8183 33.7467 33.7023 18.2578 18.7435 14.9006 95.2428 20.4031 14.7304
threshold=0 1 2 0.12545942051955486 33.350000000000001 43.800000000000004 22.050000000000004 3 4 5 28.088194500000004
decision_type=1 1 1 2 2 2 2 1 1 1 2
left_child=2 7 3 10 -5 6 -4 9 -9 -2 -1
right_child=1 -3 5 4 -6 -7 -8 8 -10 -11 -12
leaf_value=0.06481572400843838 0.0022154017313099901 -0.054042491129759167 0.011797713218433809 0.012730087454494646 0.048735367588811862 -0.059460174516068803 0.033014980411270878 0.0023178242148389427 -0.051688546050502854 -0.021371863422805698 0.0055285715504206356
leaf_weight=215.55478473007679 179.55313631147146 415.9674748852849 407.35534776747227 102.80295766890049 180.04032668471336 6.9094091951847068 139.89515067636967 168.8361975774169 153.29934949427843 179.85952073335648 11.215205788612364
leaf_count=1064 1182 4684 1746 431 760 39 580 1165 1176 1172 47
internal_value=-0.000721288 -0.0313995 0.0309341 0.0465762 0.0357397 0.015923 0.0172719 -0.016941 -0.0249913 -0.0101463 0.0619207
internal_weight=2161.29 1097.52 1063.77 509.613 282.843 554.16 547.25 681.548 322.136 359.413 226.77
internal_count=14046 9379 4667 2302 1191 2365 2326 4695 2341 2354 1111
cat_boundaries=0 1 2 3 4 5 6
cat_threshold=5 10 1 1 2 8
is_linear=0
shrinkage=0.05


Tree=23
num_leaves=12
num_cat=5
split_feature=0 0 0 4 34 43 43 1 0 34 34
split_gain=795.538 137.161 83.5288 32.7963 30.3064 17.6121 18.8792 16.2707 85.537 18.8142 6.78679
threshold=0 1 2 -0.17647087149565663 20.350000000000005 43.800000000000004 22.050000000000004 3 4 21.250000000000004 24.850000000000005
decision_type=1 1 1 2 2 2 2 1 1 2 2
left_child=2 7 3 10 -5 6 -4 9 -9 -2 -1
right_child=1 -3 5 4 -6 -7 -8 8 -10 -11 -12
leaf_value=0.065559123236481262 -0.044117683472874966 -0.053698342187771891 0.011927718794727475 -0.038953597992564565 0.039468945723085541 -0.058381478157226718 0.033329035929025197 0.001014407581308938 -0.050646404947234706 -0.0051252490348155369 0.01687985695523719
leaf_weight=169.91855484247208 33.284961357712746 397.96180763095617 406.23943614959717 12.048251956701277 317.93347775936127 6.8221697434782973 138.14469194412231 170.97135315090418 146.96036682277918 321.24247554689646 8.329299718141554
leaf_count=876 233 4682 1740 66 1354 40 571 1178 1168 2103 38
internal_value=-0.000215633 -0.0304602 0.0303435 0.0451485 0.0364966 0.0160765 0.0174097 -0.0160649 -0.0245053 -0.00889986 0.0633913
internal_weight=2129.86 1070.42 1059.44 508.23 329.982 551.206 544.384 672.459 317.932 354.527 178.248
internal_count=14049 9364 4685 2334 1420 2351 2311 4682 2346 2336 914
cat_boundaries=0 1 2 3 4 5
cat_threshold=5 10 1 1 2
is_linear=0
shrinkage=0.05


Tree=24
num_leaves=13
num_cat=3
split_feature=0 0 0 4 34 34 36 33 37 35 42 32
split_gain=713.712 133.807 82.3712 38.6981 35.6729 19.379 22.9866 21.5846 14.1304 25.1192 8.88504 6.43901
threshold=0 1 2 0.074116354202380164 25.150000000000002 24.450000000000003 96.500000000000014 37.350000000000009 67.500000000000014 86.931547500000008 1.5000000000000002 26.350297500000003
decision_type=1 1 1 2 2 2 2 2 2 2 2 2
left_child=2 8 3 10 -5 6 -4 -7 9 -2 -1 -10
right_child=1 -3 5 4 -6 7 -8 -9 11 -11 -12 -13
leaf_value=-0.0023627312523972666 -0.018278156516157214 -0.053373710533151375 -0.00083611334364996339 0.023780081267021452 0.070399550311067344 -0.015721662768808216 0.02550859080260133 0.03841197160111496 -0.0036599815446044974 0.0094862072195298908 0.061691374551176459 -0.054104393184697522
leaf_weight=5.4853168278932563 533.38022691756487 381.58121618628502 110.07718503475189 245.23890724778175 48.90620781481266 87.347451344132423 332.374999538064 22.273423418402672 8.0035722926259023 95.474080853164196 205.44841361045837 32.185071781277657
leaf_count=27 3749 4690 461 1048 211 425 1358 104 57 651 1073 254
internal_value=-0.000772229 -0.029798 0.0280913 0.042803 0.0317436 0.0140587 0.0189672 -0.00447466 -0.015706 -0.0140545 0.0600224 -0.0443911
internal_weight=2107.78 1050.62 1057.15 505.079 294.145 552.073 442.452 109.621 669.043 628.854 210.934 40.1886
internal_count=14108 9401 4707 2359 1259 2348 1819 529 4711 4400 1100 311
cat_boundaries=0 1 2 3
cat_threshold=5 10 1
is_linear=0
shrinkage=0.05


Tree=25
num_leaves=13
num_cat=4
split_feature=0 0 0 34 39 36 1 32 34 37 5 33
split_gain=696.647 122.545 87.3393 31.4576 79.0068 48.9162 22.525 50.1103 48.0131 14.4049 21.2959 5.24381
threshold=0 1 2 24.450000000000003 19.050000000000004 96.500000000000014 3 26.489881000000004 23.950000000000003 67.500000000000014 -0.7444366621422277 30.750000000000004
decision_type=1 1 1 2 2 2 1 2 2 2 2 2
left_child=2 9 3 5 -5 -1 7 -4 -8 10 -2 -11
right_child=1 -3 6 4 -6 -7 8 -9 -10 11 -12 -13
leaf_value=0.021718286539290824 0.0018172413845751667 -0.053057083294581364 -0.020696885803560869 -0.043817344580280464 0.045929632930708703 0.062436590961316742 0.019157122109737856 0.033214655814109061 -0.025002832407129458 0.003268818106047781 -0.019861578522958487 -0.052553575570668823
leaf_weight=103.28697453439236 149.33422677963972 364.93425690382719 51.966193526983261 32.69954451918602 89.846254870295525 270.42554365098476 169.76419539749622 235.99825903773308 95.255911253392696 4.6566258519887915 466.201456643641 33.809876210987568
leaf_count=454 1052 4688 222 133 404 1365 695 955 480 33 3292 275
internal_value=-0.00058721 -0.0298689 0.0278691 0.0431885 0.0218211 0.0512708 0.0135469 0.0234478 0.00325043 -0.0162662 -0.0146077 -0.0458843
internal_weight=2068.18 1018.94 1049.24 496.258 122.546 373.713 552.985 287.964 265.02 654.002 615.536 38.4665
internal_count=14048 9340 4708 2356 537 1819 2352 1177 1175 4652 4344 308
cat_boundaries=0 1 2 3 4
cat_threshold=5 10 1 1
is_linear=0
shrinkage=0.05


Tree=26
num_leaves=13
num_cat=4
split_feature=0 0 0 4 34 1 32 38 7 32 34 4
split_gain=640.431 120.707 73.24 30.6823 29.3312 19.1774 45.3753 42.7924 14.4137 16.6332 9.97403 6.7714
threshold=0 1 2 -0.15951315977791497 20.350000000000005 3 26.489881000000004 11.772321500000002 29.658333500000005 27.082143000000006 24.850000000000005 0.95752911693909504
decision_type=1 1 1 2 2 1 2 2 2 2 2 2
left_child=2 8 3 10 -5 6 -4 -7 9 -2 -1 -10
right_child=1 -3 5 4 -6 7 -8 -9 11 -11 -12 -13
leaf_value=0.062038765259440458 -0.0087486356407898789 -0.052752176207830175 -0.019067834538853586 -0.041694169757577351 0.035533391925004591 0.010569752941830499 0.031915570387726876 -0.057381088361082348 0.020097070489455762 -0.025632413517365244 0.0058542033279320102 -0.016480167401885591
leaf_weight=157.9399386048317 261.71161118894815 348.43875824660063 52.676292672753334 11.993611946702002 309.57133792340755 239.23199726641178 238.18674121797085 24.646970704197884 37.766371980309486 332.94178330153227 8.5435845553874952 17.894587747752666
leaf_count=895 1899 4677 226 66 1354 1049 962 121 213 2448 40 116
internal_value=-0.000618611 -0.0290681 0.0266543 0.0408982 0.0325327 0.0135713 0.0226486 0.0040303 -0.0157117 -0.0182289 0.0592077 0.00825444
internal_weight=2041.54 998.753 1042.79 488.048 321.565 554.742 290.863 263.879 650.314 594.653 166.484 55.661
internal_count=14066 9353 4713 2355 1420 2358 1188 1170 4676 4347 935 329
cat_boundaries=0 1 2 3 4
cat_threshold=5 10 1 1
is_linear=0
shrinkage=0.05


Tree=27
num_leaves=13
num_cat=4
split_feature=0 0 0 4 8 1 34 34 37 35 42 33
split_gain=557.625 131.545 63.8692 33.9635 32.6112 17.7659 34.0546 32.8716 17.1325 22.4016 8.58769 3.82789
threshold=0 1 2 1.0000000180025095e-35 33.250000000000007 3 24.150000000000002 21.050000000000004 67.500000000000014 87.095238000000009 1.5000000000000002 30.750000000000004
decision_type=1 1 1 2 2 1 2 2 2 2 2 2
left_child=2 8 3 10 -5 7 -7 -4 9 -2 -1 -10
right_child=1 -3 5 4 -6 6 -8 -9 11 -11 -12 -13
leaf_value=-0.011427223334943122 -0.01530735692083812 -0.052460189892895907 -0.034106439372567944 0.012640071640245732 0.046004716407757031 0.014595772379708789 -0.02625976120270276 0.027033933200046746 -0.0011745109626964188 0.012928484364331156 0.058580252360761122 -0.051864729619857067
leaf_weight=4.1853260546922675 528.07031179219484 333.45965211093426 23.146901190280914 149.70445264875889 144.37835700809956 193.78966166079044 68.115009889006615 261.45347917079926 4.2387724518775931 80.222593531012535 175.59812644124031 32.77151358127594
leaf_count=21 3828 4679 101 650 646 792 368 1062 30 548 1012 279
internal_value=-0.000348999 -0.0271547 0.0253824 0.0389363 0.0291207 0.0130936 0.00391078 0.0219593 -0.013418 -0.0115685 0.0568963 -0.0462428
internal_weight=1999.13 978.763 1020.37 473.866 294.083 546.505 261.905 284.6 645.303 608.293 179.783 37.0103
internal_count=14016 9364 4652 2329 1296 2323 1160 1163 4685 4376 1033 309
cat_boundaries=0 1 2 3 4
cat_threshold=5 10 1 1
is_linear=0
shrinkage=0.05


Tree=28
num_leaves=13
num_cat=4
split_feature=0 0 0 43 43 43 5 34 1 32 38 7
split_gain=505.415 131.853 60.4467 35.3227 49.6594 34.7013 15.7115 98.4633 15.6527 40.4788 38.454 14.271
threshold=0 1 2 13.550000000000002 11.900000000000002 43.800000000000004 -0.7444366621422277 23.650000000000002 3 26.623214000000004 11.772321500000002 29.362500000000001
decision_type=1 1 1 2 2 2 2 2 1 2 2 2
left_child=2 6 3 4 -1 -5 7 -2 9 -4 -10 -8
right_child=1 -3 8 5 -6 -7 11 -9 10 -11 -12 -13
leaf_value=0.032227987587920531 0.12481679234062525 -0.052176759662955763 -0.015055801301385834 0.057336857071266893 -0.045970531619715704 -0.038087674658976167 -0.020915088597951787 -0.011274742872016429 0.0098764487060230867 0.030330422006647647 -0.055322033532315996 0.0038817904321121429
leaf_weight=225.06259958446026 13.546132944524286 319.11718272790313 61.953934967517853 208.05035760998726 21.431107893586159 9.3208955824375135 405.14270820468664 153.01271910965443 235.93958244472742 226.98412051796913 24.005768597126007 67.36194784194231
leaf_count=1058 90 4683 264 1121 99 38 3024 1140 1034 916 122 429
internal_value=-0.000305839 -0.0261813 0.0241967 0.0375845 0.0252708 0.0530894 -0.0125372 0.000472359 0.0123665 0.0205804 0.00366648 -0.0173792
internal_weight=1970.93 958.181 1012.75 463.865 246.494 217.371 639.064 166.559 548.883 288.938 259.945 472.505
internal_count=14018 9366 4652 2316 1157 1159 4683 1230 2336 1180 1156 3453
cat_boundaries=0 1 2 3 4
cat_threshold=5 10 1 1
is_linear=0
shrinkage=0.05


Tree=29
num_leaves=12
num_cat=3
split_feature=0 0 0 43 43 43 43 5 34 37 43
split_gain=489.612 121.21 60.5828 35.4193 49.1424 29.9587 15.9385 14.429 78.6388 19.1243 13.1695
threshold=0 1 2 13.550000000000002 11.900000000000002 43.800000000000004 43.800000000000004 -0.75581183015052977 23.650000000000002 59.500000000000007 22.050000000000004
decision_type=1 1 1 2 2 2 2 2 2 2 2
left_child=2 7 3 4 -1 -5 10 8 -2 -9 -4
right_child=1 -3 6 5 -6 -7 -8 9 -10 -11 -12
leaf_value=0.031791034667455122 0.10897530096895965 -0.051915755341120196 0.0083994380787306474 0.057109922746415465 -0.045673403568460329 -0.031739067695203647 -0.059282850780786135 -0.011214171666043425 -0.011563415407895551 -0.033198998003224366 0.026382957398444935
leaf_weight=228.35753867030144 13.883197024464605 307.54340506345034 406.35340048372746 199.47569251060486 21.604693576693535 9.3498822301626188 6.7760146111249915 326.8054286390543 147.91098663955927 142.03468406200409 135.64150401949883
leaf_count=1083 85 4720 1734 1107 98 38 39 2414 1107 1056 560
internal_value=-0.000573687 -0.026404 0.023509 0.0369949 0.0249403 0.0529995 0.011729 -0.0132859 -0.000614388 -0.0179309 0.0129404
internal_weight=1945.74 938.178 1007.56 458.788 249.962 208.826 548.771 630.634 161.794 468.84 541.995
internal_count=14041 9382 4659 2326 1181 1145 2333 4662 1192 3470 2294
cat_boundaries=0 1 2 3
cat_threshold=5 10 1
is_linear=0
shrinkage=0.05


Tree=30
num_leaves=13
num_cat=3
split_feature=0 0 0 25 26 37 35 44 34 32 4 5
split_gain=441.186 119.553 56.7946 32.2757 33.6663 17.11 21.2687 12.6601 23.7999 18.0762 9.77053 2.7544
threshold=0 1 2 6.8583335000000014 14.850000000000003 67.500000000000014 86.931547500000008 35.100000000000001 20.950000000000003 25.986012000000006 0.88220160189607266 0.79773375822167203
decision_type=1 1 1 2 2 2 2 2 2 2 2 2
left_child=2 5 3 10 -5 6 -2 9 -9 -4 -1 -7
right_child=1 -3 7 4 -6 11 -8 8 -10 -11 -12 -13
leaf_value=0.062705325418700775 -0.014792994370209945 -0.051636500209532699 0.050472020775655074 -0.02718163390417417 0.032845567784384078 -0.049857344790863366 0.011375363533269841 -0.04753505558082325 0.01912247217293116 -0.004096642358296875 -0.013840382581860248 0.0055079102403352018
leaf_weight=105.49365825951099 496.51455744355917 291.92197154089808 15.617572322487829 24.461964681744576 318.55967631936073 32.761607155203819 91.242378883063793 12.993023335933684 347.55435817688704 173.97531871497631 3.9979633539915076 2.2050133496522895
leaf_count=591 3706 4685 66 116 1613 294 637 58 1481 735 17 16
internal_value=-0.00056474 -0.025515 0.022231 0.0354091 0.0284983 -0.012586 -0.0107182 0.0109099 0.0165955 0.000639642 0.0598104 -0.0463099
internal_weight=1917.3 914.646 1002.65 452.513 343.022 622.724 587.757 550.14 360.547 189.593 109.492 34.9666
internal_count=14015 9338 4677 2337 1729 4653 4343 2340 1539 801 608 310
cat_boundaries=0 1 2 3
cat_threshold=5 10 1
is_linear=0
shrinkage=0.05


Tree=31
num_leaves=14
num_cat=4
split_feature=0 0 1 0 40 4 34 36 39 32 43 35 44
split_gain=410.279 95.2558 57.7861 94.8446 64.1008 39.9471 34.5788 28.0022 38.1525 26.8791 10.5153 6.73355 9.57093
threshold=0 1 2 3 2.7500000000000004 0.10837544681456417 25.150000000000002 95.500000000000014 18.850000000000005 30.780952000000003 0.15000000000000005 87.961309500000013 44.45000000000001
decision_type=1 1 1 1 2 2 2 2 2 2 2 2 2
left_child=1 5 3 4 -2 10 -7 9 -9 -3 -1 -4 -13
right_child=2 7 11 -5 -6 6 -8 8 -10 -11 -12 12 -14
leaf_value=-0.029576637324225698 0.062686450559748239 -0.018428728888504272 -0.05490795296486372 -0.04949904773807709 -0.010980524848494953 0.013793920490796727 0.062561834796165783 -0.003753754027917282 0.020310304723375132 0.033017027208526416 0.054300128140110704 -0.042968102503185272 0.036504630037466561
leaf_weight=3.2286085784435263 37.213363707065582 177.617670789361 255.61478923633695 139.57374023273587 129.06586553901434 224.8879731297493 42.600667864084244 290.41633483022451 378.72461593151093 28.660212144255638 171.73850934207439 11.749832808971407 4.5129091106355181
leaf_count=16 263 965 3303 2344 911 1016 201 1554 2012 145 1088 156 61
internal_value=-0.000800633 0.014602 -0.0355388 -0.0211371 0.00545619 0.033296 0.0217649 0.00485776 0.00987616 -0.0111561 0.0525931 -0.0529057 -0.0200773
internal_weight=1895.61 1317.87 577.731 305.853 166.279 442.456 267.489 875.419 669.141 206.278 174.967 271.878 16.2627
internal_count=14035 6997 7038 3518 1174 2321 1217 4676 3566 1110 1104 3520 217
cat_boundaries=0 1 2 3 4
cat_threshold=7 1 1 8
is_linear=0
shrinkage=0.05


Tree=32
num_leaves=13
num_cat=3
split_feature=0 0 0 4 33 34 37 20 39 5 5 34
split_gain=381.114 115.597 46.4317 32.925 29.0714 15.68 19.8598 17.5623 14.8835 28.2911 15.081 10.7967
threshold=0 1 2 -0.17647087149565663 36.850000000000001 24.550000000000004 25.500000000000004 36.250000000000007 23.150000000000002 -0.77788789561442695 -0.99628250747696534 24.850000000000005
decision_type=1 1 1 2 2 2 2 2 2 2 2 2
left_child=2 8 3 11 -5 6 -4 -7 9 -2 -10 -1
right_child=1 -3 5 4 -6 7 -8 -9 10 -11 -12 -13
leaf_value=0.057159765580600187 0.01540210196410074 -0.051141669445726207 -0.068507173956039655 0.018561923419029201 0.067387229138241425 -0.019505751496755382 0.015958216376727424 0.028577508864693582 0.060496014081393892 -0.014049859209235592 -0.027953602985083915 -0.0018523901400472973
leaf_weight=131.24808952212334 104.75786663591862 268.86039278283715 6.1009837538003913 268.0031775534153 33.696227163076401 73.658530257642269 443.07524602115154 24.510110691189766 4.0640392974019042 356.23194107413292 150.48091242462397 8.1678277403116208
leaf_count=896 755 4718 27 1250 168 359 1824 115 30 2705 1175 42
internal_value=-0.000471896 -0.0241578 0.0207577 0.0328978 0.0242197 0.0105185 0.0146613 -0.00733352 -0.0116805 -0.00733818 -0.0252537 0.0537139
internal_weight=1872.86 884.395 988.46 441.115 301.699 547.345 449.176 98.1686 615.535 460.99 154.545 139.416
internal_count=14064 9383 4681 2356 1418 2325 1851 474 4665 3460 1205 938
cat_boundaries=0 1 2 3
cat_threshold=5 10 1
is_linear=0
shrinkage=0.05


Tree=33
num_leaves=13
num_cat=3
split_feature=0 0 0 4 40 34 8 39 39 5 19 44
split_gain=331.192 97.3048 56.3453 34.1419 33.3332 47.9548 31.5662 31.3382 38.9591 25.9559 19.2063 13.9238
threshold=0 1 2 0.10837544681456417 2.7500000000000004 21.700000000000006 33.350000000000001 23.150000000000002 18.850000000000005 -0.55656394595157355 27.893750000000004 40.500000000000007
decision_type=1 1 1 2 2 2 2 2 2 2 2 2
left_child=1 3 4 10 5 -2 -5 8 -3 -6 -1 -9
right_child=2 7 -4 6 9 -7 -8 11 -10 -11 -12 -13
leaf_value=0.055810177663819127 -0.052756704895262331 -0.0050504439241258487 -0.050876437910815732 0.0048111623020662894 -0.0079131001398230517 0.039016970719575474 0.03926855415270241 -0.044545505258887091 0.01934181876906603 -0.042084519427833006 -0.0030025162159851024 -0.0083799302723848966
leaf_weight=149.27093753218651 18.920388750731945 298.87061512470245 254.95344087854028 139.2853737026453 101.95725820213556 49.11525160074234 126.69360361993313 30.247688315808773 360.04759719222784 122.64315520226955 15.185245677828787 185.10757855325937
leaf_count=1026 161 1604 4682 621 810 375 609 166 1893 1007 74 1026
internal_value=-0.00113305 0.0125747 -0.0333779 0.0317766 -0.0168418 0.0131006 0.0213098 0.00284356 0.00828714 -0.0266763 0.0503943 -0.013642
internal_weight=1852.3 1304.71 547.589 430.435 292.636 68.0356 265.979 874.273 658.918 224.6 164.456 215.355
internal_count=14054 7019 7035 2330 2353 536 1230 4689 3497 1817 1100 1192
cat_boundaries=0 1 2 3
cat_threshold=7 1 8
is_linear=0
shrinkage=0.05


Tree=34
num_leaves=14
num_cat=5
split_feature=0 0 1 0 41 4 8 39 39 0 43 35 43
split_gain=331.765 82.5345 63.4888 91.4691 57.0349 36.6238 34.7763 25.3935 33.858 18.7283 12.7315 5.39446 8.72855
threshold=0 1 2 3 2.2500000000000004 0.12545942051955486 33.150000000000013 23.150000000000002 19.550000000000004 4 0.15000000000000005 88.178571500000018 35.100000000000001
decision_type=1 1 1 1 2 2 2 2 2 1 2 2 2
left_child=1 5 3 4 -2 10 -7 8 -3 -9 -1 -4 -13
right_child=2 7 11 -5 -6 6 -8 9 -10 -11 -12 12 -14
leaf_value=-0.037955518243593923 0.0622252069658124 -0.0017124517203513337 -0.054410478621728042 -0.048516849558373779 -0.0081315738170683119 0.00023094599376787602 0.036840204677810941 0.0013221104161599386 0.020918095214013669 -0.028321230554610128 0.051637517496914802 -0.035177860269104771 0.070688374042502486
leaf_weight=3.3835039734840384 36.3570227175951 354.13284565508366 235.53623789548874 121.11988555267453 125.07327271252871 123.09419041872025 136.17275086045265 136.25519903004169 308.68987982720137 79.012474305927753 164.01500920206308 9.4052792936563474 1.4288537427783001
leaf_count=17 249 1897 3360 2324 912 547 662 592 1611 603 1135 134 21
internal_value=-0.000666572 0.0128839 -0.0336625 -0.0180239 0.00753565 0.0307009 0.0195266 0.00395393 0.00884268 -0.0108873 0.049612 -0.0528131 -0.0164223
internal_weight=1833.68 1304.76 528.921 282.55 161.43 426.665 259.267 878.09 662.823 215.268 167.399 246.37 10.8341
internal_count=14064 7064 7000 3485 1161 2361 1209 4703 3508 1195 1152 3515 155
cat_boundaries=0 1 2 3 4 5
cat_threshold=7 1 1 8 4
is_linear=0
shrinkage=0.05


Tree=35
num_leaves=15
num_cat=4
split_feature=0 0 1 0 38 25 43 36 37 32 4 35 4 40
split_gain=294.938 76.3769 65.4271 94.9094 56.7155 33.7008 31.4507 27.5055 29.5119 25.7634 13.7896 5.41852 7.43775 0.337989
threshold=0 1 2 3 6.3726190000000011 6.8583335000000014 17.750000000000004 95.500000000000014 67.500000000000014 30.780952000000003 0.92273069556937581 88.178571500000018 -0.90893996196865012 121.60000000000001
decision_type=1 1 1 1 2 2 2 2 2 2 2 2 2 2
left_child=1 5 3 4 -2 10 -7 9 -9 -3 -1 13 -13 -4
right_child=2 7 11 -5 -6 6 -8 8 -10 -11 -12 12 -14 -15
leaf_value=0.059786947333881804 0.080127397864558497 -0.019523829779077687 -0.054328831034424367 -0.048266483365622732 -0.0026536807846133863 0.011979608279468298 0.046094012738728797 0.011688295681216931 -0.027567832272814619 0.030882498737948468 -0.033320967277210393 0.031116946416167676 -0.04714234046194761 -0.029234849587225782
leaf_weight=93.799466133117676 23.219926439225674 174.32082030177116 217.42996332421899 117.52015746757388 141.61156910657883 222.16874994337559 96.783583372831345 621.52748415619135 50.922478422522545 28.715356454253197 3.5437932163476935 4.2965191081166267 6.3154925219714624 5.0983489751815787
leaf_count=596 163 968 3243 2355 1012 1132 593 3288 291 143 15 63 94 78
internal_value=-0.000458804 0.0123096 -0.0320354 -0.0163789 0.00888484 0.029715 0.0224431 0.00376728 0.00867903 -0.0122785 0.056093 -0.0522139 -0.0155062 -0.0538873
internal_weight=1807.27 1291.78 515.492 282.352 164.831 416.296 318.952 875.486 672.45 203.036 97.3433 233.14 10.612 222.528
internal_count=14034 7026 7008 3530 1175 2336 1725 4690 3579 1111 611 3478 157 3321
cat_boundaries=0 1 2 3 4
cat_threshold=7 1 1 8
is_linear=0
shrinkage=0.05


Tree=36
num_leaves=14
num_cat=4
split_feature=0 0 1 0 41 34 39 36 39 39 44 35 5
split_gain=282.411 74.2504 60.5923 86.1466 56.4409 35.7401 69.7517 60.6277 24.1694 35.0814 17.8316 6.92985 11.5946
threshold=0 1 2 3 2.7500000000000004 24.450000000000003 19.050000000000004 96.500000000000014 23.150000000000002 18.850000000000005 40.850000000000009 87.889881000000017 0.097680735332368721
decision_type=1 1 1 1 2 2 2 2 2 2 2 2 2
left_child=1 5 3 4 -2 7 -7 -1 9 -3 -10 -4 -13
right_child=2 8 11 -5 -6 6 -8 -9 10 -11 -12 12 -14
leaf_value=0.0062811739845541822 0.058475902124731818 -0.0039737950396970386 -0.054041231630509959 -0.04793306833880024 -0.0088494531086858366 -0.054452163952634185 0.031554072907955713 0.054297801257978298 -0.043837620536688431 0.019136558720067746 -0.0043877901326890394 -0.049959151150331699 0.028557088211797706
leaf_weight=96.617776900529861 40.197592660784721 300.61843623220921 206.35589108243585 111.69693339988589 126.59845194220543 32.69704358279705 77.522502258419991 206.62829069793224 33.126936979591846 360.12812768667936 180.17026294022799 11.145741377025844 6.8401811607182017
leaf_count=460 264 1610 3228 2337 920 138 408 1352 188 1866 1010 172 97
internal_value=-0.000133462 0.012284 -0.0315082 -0.0164632 0.00719864 0.0295189 0.00577981 0.0390701 0.00386557 0.00863197 -0.0106907 -0.0514271 -0.0201675
internal_weight=1790.34 1287.51 502.835 278.493 166.796 413.466 110.22 303.246 874.044 660.747 213.297 224.342 17.9859
internal_count=14050 7032 7018 3521 1184 2358 546 1812 4674 3476 1198 3497 269
cat_boundaries=0 1 2 3 4
cat_threshold=7 1 1 8
is_linear=0
shrinkage=0.05


Tree=37
num_leaves=13
num_cat=3
split_feature=0 0 34 39 36 20 0 36 21 37 35 2
split_gain=259.911 100.877 36.7064 75.8292 55.7029 49.803 43.9802 29.3823 28.2665 15.1851 18.6621 7.02039
threshold=0 1 24.450000000000003 19.050000000000004 96.500000000000014 33.45000000000001 2 97.500000000000014 25.450000000000003 67.500000000000014 86.931547500000008 9.5000000000000018
decision_type=1 1 2 2 2 2 1 2 2 2 2 2
left_child=2 9 4 7 5 -1 -6 -4 -5 10 -2 -11
right_child=1 -3 3 8 6 -7 -8 -9 -10 11 -12 -13
leaf_value=-0.04587224475958343 -0.012160205459301684 -0.049936293609525451 -0.0055135434067107927 -0.0018407393029002119 0.050108041698760646 0.013571730077358036 0.018242564757155227 -0.077215556659242554 0.040501732064110993 -0.054368699843359215 0.012586756361237187 0.0034358087347097148
leaf_weight=43.641560599207878 478.26443449407816 213.0688208527863 24.020907565951347 86.226907387375832 195.36737629771233 166.23476251959801 326.57747539877892 34.864858001470566 71.473328359425068 25.732063613831997 89.737660527229309 6.3948106020689002
leaf_count=199 3725 4684 112 435 1324 734 1330 161 357 261 641 53
internal_value=-0.000405509 -0.0209938 0.0172901 -0.000609164 0.022817 0.00105207 0.0315501 -0.0485471 0.0174841 -0.0100042 -0.00823523 -0.0431064
internal_weight=1761.6 813.198 948.407 216.586 731.821 209.876 521.945 58.8858 157.7 600.129 568.002 32.1269
internal_count=14016 9364 4652 1065 3587 933 2654 273 792 4680 4366 314
cat_boundaries=0 1 2 3
cat_threshold=5 10 1
is_linear=0
shrinkage=0.05


Tree=38
num_leaves=13
num_cat=3
split_feature=0 0 34 39 36 32 0 34 21 44 5 5
split_gain=243.336 91.0024 33.9919 74.9068 53.2137 56.7271 47.8957 26.8518 20.2105 13.7424 59.9531 16.2953
threshold=0 1 24.450000000000003 19.050000000000004 96.500000000000014 26.779762000000002 2 25.150000000000002 25.550000000000004 45.550000000000004 -0.97507822412530132 -0.97111920233974802
decision_type=1 1 2 2 2 2 1 2 2 2 2 2
left_child=2 9 4 7 5 -1 -6 -4 -5 11 -11 -2
right_child=1 -3 3 8 6 -7 -8 -9 -10 10 -12 -13
leaf_value=-0.066843598626712186 -0.042759837085026502 -0.049719026439513252 -0.069481800448633516 0.00053388424949625762 0.048921714592199142 0.0097293775685333497 0.016109615781142839 0.0074872440888794078 0.036526706843642516 0.14107354157396207 -0.0067514016593101514 -0.011333110058137624
leaf_weight=26.848619565367699 44.280596643686295 204.61535714939237 42.939687438309193 89.291358694434166 192.02413392812014 182.94903814792633 331.62955468893051 15.024211607873438 68.29119411110878 6.7211214601993552 60.773503437638283 488.50593630224466
leaf_count=129 344 4706 197 449 1336 806 1350 71 342 47 486 3845
internal_value=-0.00142774 -0.0214878 0.0156524 -0.00163405 0.020941 -0.000340574 0.0294517 -0.0497428 0.016264 -0.0111432 0.00981374 -0.0140202
internal_weight=1753.89 804.897 948.998 215.546 733.451 209.798 523.654 57.9639 157.583 600.281 67.4946 532.787
internal_count=14108 9428 4680 1059 3621 935 2686 268 791 4722 533 4189
cat_boundaries=0 1 2 3
cat_threshold=5 10 1
is_linear=0
shrinkage=0.05


Tree=39
num_leaves=15
num_cat=0
split_feature=39 39 34 39 8 44 34 40 44 4 42 2 2 15
split_gain=24.7535 38.1906 40.4138 50.5302 36.3536 32.5215 22.7976 20.9582 26.5828 20.2987 17.7708 15.2779 9.35394 0.223396
threshold=23.150000000000002 20.000000000000004 24.050000000000004 19.750000000000004 33.650000000000013 39.050000000000004 20.950000000000003 54.45000000000001 46.250000000000007 -0.31799228562170639 3.5000000000000004 8.5000000000000018 11.500000000000002 7.9500000000000011
decision_type=2 2 2 2 2 2 2 2 2 2 2 2 2 2
left_child=1 2 3 -1 -4 11 12 8 -3 -9 -8 -2 -7 -13
right_child=5 7 4 -5 -6 6 10 9 -10 -11 -12 13 -14 -15
leaf_value=0.0049590164359001035 -0.086580542061416743 0.0071512907648770664 -0.037261480649151905 -0.068301286957684754 0.017528180515312446 -0.068370174574314005 0.012512592936976331 0.008979133464277372 -0.079522881622276886 0.039496345078072148 -0.011161476589809866 0.0030320495682462532 -0.007112998396571083 -0.01358611469287919
leaf_weight=559.37801528349519 19.015606842935085 302.5187856554985 138.01049792766571 23.569821566343307 38.054652281105518 19.46163497120142 113.06083649396896 105.91457985341549 8.1149009577929956 112.90479685738683 259.16692361608148 2.2049746960401553 9.3242720961570758 7.8782762661576271
leaf_count=4642 159 2351 1130 177 296 163 889 900 63 861 2196 19 76 69
internal_value=-0.000745993 0.00272215 -0.00446625 0.00188505 -0.0253872 -0.0111176 -0.0073357 0.0130163 0.00463913 0.0248332 -0.00395643 -0.0612603 -0.0494328 -0.0100064
internal_weight=1718.58 1288.47 759.013 582.948 176.065 430.113 401.014 529.453 310.634 218.819 372.228 29.0989 28.7859 10.0833
internal_count=13991 10420 6245 4819 1426 3571 3324 4175 2414 1761 3085 247 239 88
is_linear=0
shrinkage=0.05


Tree=40
num_leaves=15
num_cat=4
split_feature=0 1 0 40 0 43 43 43 36 38 32 35 4 40
split_gain=226.494 63.3829 81.9583 56.6028 54.7079 31.5818 33.6964 31.5149 22.4931 26.8355 23.345 8.91811 9.80061 0.483151
threshold=0 1 2 2.7500000000000004 3 17.750000000000004 43.800000000000004 17.600000000000005 95.500000000000014 6.7380955000000009 30.780952000000003 88.178571500000018 -0.90893996196865012 121.60000000000001
decision_type=1 1 1 2 1 2 2 2 2 2 2 2 2 2
left_child=4 2 3 -2 5 7 -7 -1 10 -10 -6 13 -13 -3
right_child=1 11 -4 -5 8 6 -8 -9 9 -11 -12 12 -14 -15
leaf_value=0.019806936401509361 0.060075953984868771 -0.053716373367158704 -0.046990185925993744 -0.0076847760366480639 -0.017409170766653648 0.054054651548872096 -0.044135308874782224 -0.079951373025337572 -0.0081172741162935449 0.014311135486436415 0.031718004940601272 0.044474193525233296 -0.045894964825517824 -0.026281151296682195
leaf_weight=254.96456380188465 40.31792813539505 191.69992895424366 97.484916646033525 120.5968870818615 176.82707450538874 119.39804542064667 8.6873321682214719 7.199638880789279 182.9983441606164 485.43605504930019 27.051846459507942 4.5793626233935356 5.5010529384016973 4.5019452124834052
leaf_count=1423 259 3290 2331 896 990 849 36 38 960 2616 133 67 91 76
internal_value=-0.000196319 -0.0296331 -0.0136853 0.00900312 0.0108017 0.0261553 0.0471046 0.0167739 0.0036927 0.00816792 -0.0107677 -0.0508773 -0.00453304 -0.0532233
internal_weight=1727.24 464.682 258.4 160.915 1262.56 390.25 128.085 262.164 872.313 668.434 203.879 206.282 10.0804 196.202
internal_count=14055 7010 3486 1155 7045 2346 885 1461 4699 3576 1123 3524 158 3366
cat_boundaries=0 1 2 3 4
cat_threshold=7 1 8 1
is_linear=0
shrinkage=0.05


Tree=41
num_leaves=9
num_cat=3
split_feature=0 0 43 43 0 43 34 37
split_gain=210.852 81.2978 33.1839 34.8417 28.1982 27.8442 16.5933 14.6365
threshold=0 1 17.750000000000004 3.5500000000000003 2 43.800000000000004 24.550000000000004 58.500000000000007
decision_type=1 1 2 2 1 2 2 2
left_child=-1 2 3 -2 6 -4 -3 -6
right_child=1 4 5 -5 7 -7 -8 -9
leaf_value=-0.049249178459540188 0.034465099696730034 0.011214656577685847 0.053728790121185227 -0.0017874706309442122 -0.0020612617496563418 -0.035688612316307787 -0.011644464108724384 -0.018040304662746393
leaf_weight=185.48588276281953 127.33639203757048 449.83563815057278 114.76047045737505 136.86415866017342 345.29356214404106 8.7378583401441556 95.500619404017925 244.35122426971793
leaf_count=4671 673 1855 844 805 2726 36 465 1966
internal_value=-0.000488937 0.00576463 0.0252041 0.0157492 -0.00105389 0.0471664 0.00706815 -0.00855749
internal_weight=1708.17 1522.68 387.699 264.201 1134.98 123.498 545.336 589.645
internal_count=14041 9370 2358 1478 7012 880 2320 4692
cat_boundaries=0 1 2 3
cat_threshold=48 1 4
is_linear=0
shrinkage=0.05


Tree=42
num_leaves=9
num_cat=3
split_feature=0 0 34 39 36 19 21 0
split_gain=199.847 75.5791 31.8303 57.6101 46.65 13.3305 21.0761 4.14978
threshold=0 1 24.450000000000003 19.050000000000004 96.500000000000014 29.428472000000003 24.450000000000003 2
decision_type=1 1 2 2 2 2 2 1
left_child=-1 2 4 -4 -2 6 -3 -7
right_child=1 5 3 -5 -6 7 -8 -9
leaf_value=-0.04904892749653126 -0.00086497402857050199 -0.0052786388441904662 -0.044553850813376067 0.01328186392652015 0.027484970427690616 0.023302908064291937 -0.027943752108707316 -0.001914491184924928
leaf_weight=178.75320748239756 202.64679333567619 386.3862821161747 58.211252935230732 156.84848892688751 509.512864343822 27.797124244272709 138.96670434251428 33.096026875078678
leaf_count=4707 915 3093 275 799 2696 188 1211 199
internal_value=-0.000667297 0.00536405 0.0141904 -0.00250656 0.019428 -0.00860014 -0.0113157 0.0132432
internal_weight=1692.22 1513.47 927.219 215.06 712.16 586.246 525.353 60.8932
internal_count=14083 9376 4685 1074 3611 4691 4304 387
cat_boundaries=0 1 2 3
cat_threshold=48 5 8
is_linear=0
shrinkage=0.05


Tree=43
num_leaves=9
num_cat=4
split_feature=0 0 38 43 0 4 43 1
split_gain=189.904 76.8567 30.9992 26.7702 24.4095 22.1417 14.0802 12.6133
threshold=0 1 6.890476500000001 17.750000000000004 2 0.90162119223771342 34.600000000000001 3
decision_type=1 1 2 2 1 2 2 1
left_child=-1 2 5 -4 7 -2 -6 -3
right_child=1 4 3 -5 6 -7 -8 -9
leaf_value=-0.048801003414697147 0.059199428364615683 0.013797051094872045 0.0081751747701150901 0.0413942521343897 -0.010226613585669387 -0.055858259023689794 0.023437200094588315 -0.0013344643940968581
leaf_weight=169.60514430701733 74.956495888531208 283.94497026503086 208.57268296182156 84.919983685016632 548.16822077706456 3.6621831506490699 31.992395792156458 266.24262790381908
leaf_count=4677 558 1169 1130 618 4412 16 251 1174
internal_value=-0.000344143 0.00544312 0.0248128 0.0178948 -0.00111106 0.0532056 -0.00819216 0.00637002
internal_weight=1672.06 1502.46 372.111 293.493 1130.35 78.6187 580.161 550.188
internal_count=14005 9328 2322 1748 7006 574 4663 2343
cat_boundaries=0 1 2 3 4
cat_threshold=48 1 4 1
is_linear=0
shrinkage=0.05


Tree=44
num_leaves=9
num_cat=2
split_feature=0 0 25 26 37 5 4 2
split_gain=181.698 64.3741 33.2567 33.5199 23.9608 21.3205 11.0511 8.66816
threshold=0 1 6.8583335000000014 14.850000000000003 67.500000000000014 -0.79382744783423187 0.92273069556937581 9.5000000000000018
decision_type=1 1 2 2 2 2 2 2
left_child=-1 2 6 -4 5 -3 -2 -6
right_child=1 4 3 -5 7 -7 -8 -9
leaf_value=-0.048591528268364867 0.055412605133135631 0.014647225744092763 -0.042324824817342871 0.020737459293099544 -0.039046632027551334 -0.0025078646418922562 -0.032657853264341723 0.0060465165769098585
leaf_weight=162.84409150481224 79.284864015877247 230.41783261299133 21.986278891563416 261.2241383343935 51.376931846141815 832.30088866502047 3.1024559438228598 13.071602955460547
leaf_count=4696 609 1420 117 1587 380 5142 14 81
internal_value=-0.000197872 0.00539948 0.0233134 0.0157101 -0.000580086 0.00122196 0.0517443 -0.0299481
internal_weight=1655.61 1492.76 365.598 283.21 1127.17 1062.72 82.3873 64.4485
internal_count=14046 9350 2327 1704 7023 6562 623 461
cat_boundaries=0 1 2
cat_threshold=48 1
is_linear=0
shrinkage=0.05


Tree=45
num_leaves=9
num_cat=3
split_feature=0 0 38 33 4 0 32 43
split_gain=173.549 63.0878 27.5754 26.8961 22.5509 22.2983 13.9123 12.1885
threshold=0 1 7.0270830000000002 36.850000000000001 0.61915405168109316 2 28.763095000000003 38.900000000000006
decision_type=1 1 2 2 2 1 2 2
left_child=-1 2 4 -4 -2 7 -7 -3
right_child=1 5 3 -5 -6 6 -8 -9
leaf_value=-0.048369194360395641 0.05775309214509642 0.0077584407803411876 0.010957589946761246 0.061737644148147391 -0.026822621793971546 -0.011277818687020234 0.0082539605394585016 -0.046956372701331989
leaf_weight=155.79267534613609 74.278700053691864 540.07213443517685 252.62341789901257 28.191227912902832 8.2209156751632673 463.49719966202974 112.66051842272282 9.389326408505438
leaf_count=4701 597 2287 1533 167 38 3850 827 52
internal_value=1.43314e-05 0.00539438 0.0231932 0.0162564 0.049105 -0.000519378 -0.00732404 0.0066196
internal_weight=1644.73 1488.93 363.314 280.815 82.4996 1125.62 576.158 549.461
internal_count=14052 9351 2335 1700 635 7016 4677 2339
cat_boundaries=0 1 2 3
cat_threshold=48 1 4
is_linear=0
shrinkage=0.05


Tree=46
num_leaves=9
num_cat=2
split_feature=0 0 43 43 6 21 5 39
split_gain=162.603 64.4387 24.3522 30.5272 15.1586 14.3401 11.6433 4.93478
threshold=0 1 43.800000000000004 17.750000000000004 27.000000000000004 25.350000000000005 -0.7614016681079937 17.650000000000002
decision_type=1 1 2 2 2 2 2 2
left_child=-1 2 3 -2 6 -4 -3 -6
right_child=1 4 5 -5 7 -7 -8 -9
leaf_value=-0.04815784427823324 0.0075632151522330221 0.008356249146052654 -0.077890658319303224 0.026986744028148265 -0.04910908169370358 0.020441599842752053 -0.0094638467516311667 -0.020396915468094051
leaf_weight=149.48955485783517 593.24919075518847 119.83166808634996 10.552505716681479 306.91778449714184 21.471003249287605 4.9440915137529364 380.16995244473219 54.281965170055628
leaf_count=4716 2934 959 51 1698 185 26 3092 466
internal_value=-0.000323873 0.00479032 0.0129775 0.0142084 -0.00822958 -0.047181 -0.00518488 -0.0290687
internal_weight=1640.91 1491.42 915.664 900.167 575.755 15.4966 500.002 75.753
internal_count=14127 9411 4709 4632 4702 77 4051 651
cat_boundaries=0 1 2
cat_threshold=48 5
is_linear=0
shrinkage=0.05


Tree=47
num_leaves=15
num_cat=0
split_feature=33 34 5 34 33 38 39 37 37 24 23 5 4 13
split_gain=25.3846 38.4766 39.0612 60.5237 30.4772 34.0468 28.7335 24.7809 2.27859 1.76733 1.63139 0.657623 0.335877 0.270593
threshold=36.850000000000001 24.450000000000003 -0.71502926860092908 23.950000000000003 33.750000000000007 7.9011905000000011 19.350000000000005 25.500000000000004 36.500000000000007 27.500000000000004 87.500000000000014 -0.13398942717002901 0.78325454425165997 14.722917000000002
decision_type=2 2 2 2 2 2 2 2 2 2 2 2 2 2
left_child=1 2 3 -1 6 -6 -3 -4 9 13 -11 12 -10 -2
right_child=8 4 7 -5 5 -7 -8 -9 11 10 -12 -13 -14 -15
leaf_value=0.047458423929395824 0.010063171249558162 -0.069910501284635745 -0.059860455522479185 -0.0012518584562862031 0.030252328058367514 -0.020598471773725899 -0.020115393820550484 -0.0018718536537566282 -0.0033292936108542132 0.035938217564952156 0.020981267031856599 -0.018584955865910621 0.016878383042323156 -0.0046364597782790323
leaf_weight=107.07213637046516 6.4708408266305906 41.560453172773123 17.792563632130623 155.44795622862875 49.936441214755177 92.069478422403336 94.921648250892758 944.17135772481561 3.6689132321625948 28.594127725809813 72.670986369252205 2.8395899496972543 3.0058764703571796 4.6028529945760965
leaf_count=906 51 369 151 1366 397 794 876 8208 31 229 582 22 22 38
internal_value=-0.000370861 -0.00215572 0.00166377 0.0187199 -0.0188955 -0.00263026 -0.0356768 -0.00300546 0.0214824 0.023456 0.0255148 -0.00183464 0.00678436 0.00407522
internal_weight=1624.83 1502.97 1224.48 262.52 278.488 142.006 136.482 961.964 121.853 112.339 101.265 9.51438 6.67479 11.0737
internal_count=14042 13067 10631 2272 2436 1191 1245 8359 975 900 811 75 53 89
is_linear=0
shrinkage=0.05


Tree=48
num_leaves=9
num_cat=4
split_feature=0 0 4 34 1 0 34 34
split_gain=154.732 59.4412 28.3643 29.6709 18.3616 75.3857 42.9159 12.0755
threshold=0 1 1.0000000180025095e-35 25.150000000000002 2 3 21.050000000000004 25.050000000000004
decision_type=1 1 2 2 1 1 2 2
left_child=-1 2 7 -4 6 -6 -3 -2
right_child=1 4 3 -5 5 -7 -8 -9
leaf_value=-0.047926939470693354 0.046765313086631649 -0.040259292627083644 0.006345501940764893 0.05523912295519863 0.0020133874381690602 -0.044264466331995773 0.0089067528826328127 -0.05458264308002362
leaf_weight=142.61180487275124 105.53223749995232 47.242584638297558 213.49799334257841 35.380206376314163 419.0889738611877 100.55013595148921 555.55731706321239 2.2221110463142386
leaf_count=4708 1032 298 1095 205 2344 1172 3216 10
internal_value=-0.000149234 0.00477828 0.0222419 0.0134894 -0.000932441 -0.00782072 0.00499322 0.0441926
internal_weight=1621.68 1479.07 356.633 248.878 1122.44 519.639 602.8 107.754
internal_count=14080 9372 2342 1300 7030 3516 3514 1042
cat_boundaries=0 1 2 3 4
cat_threshold=48 1 1 6
is_linear=0
shrinkage=0.05


Tree=49
num_leaves=9
num_cat=3
split_feature=0 0 4 34 0 5 34 37
split_gain=145.425 55.1049 28.7395 29.7052 19.713 15.1846 13.1773 11.5214
threshold=0 1 1.0000000180025095e-35 25.150000000000002 2 -0.7444366621422277 25.050000000000004 67.500000000000014
decision_type=1 1 2 2 1 2 2 2
left_child=-1 2 6 -4 7 -6 -2 -3
right_child=1 4 3 -5 5 -7 -8 -9
leaf_value=-0.047672386956602225 0.046626005308712026 0.0078433910384079208 0.0057266114665516519 0.055386081317431002 0.0060244456175934666 -0.012387658487236754 -0.062323462988622118 -0.020726215452822994
leaf_weight=135.33407460339367 102.66863152384758 512.81892696022987 214.35248530656099 34.098104372620583 152.00928313657641 418.89446288719773 2.0221544057130805 36.940113991498947
leaf_count=4674 1038 2181 1103 203 1220 3474 9 160
internal_value=-0.000117748 0.00457064 0.021482 0.0127367 -0.000915454 -0.00735468 0.0439518 0.00578453
internal_weight=1609.14 1473.8 353.141 248.451 1120.66 570.904 104.691 549.759
internal_count=14062 9388 2353 1306 7035 4694 1047 2341
cat_boundaries=0 1 2 3
cat_threshold=48 1 4
is_linear=0
shrinkage=0.05


Tree=50
num_leaves=9
num_cat=4
split_feature=0 0 38 43 1 0 34 39
split_gain=135.589 50.8411 29.1275 27.638 18.7778 68.1247 44.0008 7.61913
threshold=0 1 6.890476500000001 13.550000000000002 2 3 21.050000000000004 14.850000000000003
decision_type=1 1 2 2 1 1 2 2
left_child=-1 2 7 -4 6 -6 -3 -2
right_child=1 4 3 -5 5 -7 -8 -9
leaf_value=-0.047446685256401305 0.012164134896869724 -0.04029876762388588 0.0019896125742957841 0.034404977479114335 0.00091770666477100594 -0.043992863661871315 0.0086735391013162289 0.057584868436675866
leaf_weight=129.52704856917262 11.759420096874235 49.023393221199512 182.96395240724087 101.76693138480186 413.89209162816405 95.488166842609644 552.29184202849865 56.049043647944927
leaf_count=4677 95 317 1006 798 2318 1156 3206 481
internal_value=-0.000525259 0.00395487 0.0201961 0.0136552 -0.00134767 -0.00841489 0.0046207 0.0499992
internal_weight=1592.76 1463.23 352.539 284.731 1110.7 509.38 601.315 67.8085
internal_count=14054 9377 2380 1804 6997 3474 3523 576
cat_boundaries=0 1 2 3 4
cat_threshold=48 1 1 6
is_linear=0
shrinkage=0.05


Tree=51
num_leaves=9
num_cat=2
split_feature=0 0 4 33 37 5 34 2
split_gain=128.114 44.5799 27.4814 26.629 18.1199 18.219 11.0664 9.00984
threshold=0 1 -0.17647087149565663 36.850000000000001 67.500000000000014 -0.79382744783423187 24.850000000000005 9.5000000000000018
decision_type=1 1 2 2 2 2 2 2
left_child=-1 2 6 -4 5 -3 -2 -6
right_child=1 4 3 -5 7 -7 -8 -9
leaf_value=-0.047214097098547916 0.049815164207374182 0.012554838828476604 0.0063027349787718977 0.059473420876621191 -0.036814045253381063 -0.0031775071644108629 -0.01739612320982134 0.0091349277786708181
leaf_weight=123.85197496041656 76.634479075670242 236.44347185641527 235.02625238150358 25.21658544242382 49.259955536574125 817.00382086634636 6.1663197427988043 13.102872960269449
leaf_count=4677 872 1449 1262 166 372 5156 36 83
internal_value=-0.00057902 0.0037078 0.019177 0.0116627 -0.00118884 0.000362134 0.044662 -0.027168
internal_weight=1582.71 1458.85 343.044 260.243 1115.81 1053.45 82.8008 62.3628
internal_count=14073 9396 2336 1428 7060 6605 908 455
cat_boundaries=0 1 2
cat_threshold=48 1
is_linear=0
shrinkage=0.05


Tree=52
num_leaves=9
num_cat=2
split_feature=0 0 43 43 43 37 5 5
split_gain=122.688 42.8751 31.7087 45.72 24.3857 14.2873 21.0339 8.05583
threshold=0 1 13.550000000000002 3.5500000000000003 43.800000000000004 67.500000000000014 -0.78858226040708135 -0.074115882986646578
decision_type=1 1 2 2 2 2 2 2
left_child=-1 2 3 -2 -4 6 -3 -7
right_child=1 5 4 -5 -6 7 -8 -9
leaf_value=-0.047013078336557018 0.027651474976358361 0.013265363245360146 0.043909738973095497 -0.020154721366868467 -0.039605935011797183 -0.034293381514544904 -0.003626828145201667 0.0078171752760322049
leaf_weight=119.42855320870876 114.25355943292379 237.16270946711302 125.44373961910605 87.416216641664505 8.6307467073202115 46.991070464253426 813.59865444526076 14.451332867145537
leaf_count=4714 658 1449 1122 515 37 359 5115 92
internal_value=-0.000558749 0.00360227 0.0189638 0.0069321 0.0382802 -0.00117529 0.000194821 -0.0244224
internal_weight=1567.38 1447.95 335.744 201.67 134.074 1112.2 1050.76 61.4424
internal_count=14061 9347 2332 1173 1159 7015 6564 451
cat_boundaries=0 1 2
cat_threshold=48 1
is_linear=0
shrinkage=0.05


Tree=53
num_leaves=9
num_cat=2
split_feature=0 0 43 43 43 37 35 5
split_gain=116.095 35.1662 29.0757 33.3343 27.9122 15.3628 15.736 10.0715
threshold=0 1 17.750000000000004 3.5500000000000003 43.800000000000004 67.500000000000014 87.095238000000009 -0.056951011027366542
decision_type=1 1 2 2 2 2 2 2
left_child=-1 2 3 -2 -4 6 -3 -7
right_child=1 5 4 -5 -6 7 -8 -9
leaf_value=-0.04677182058215603 0.027395651857614459 -0.001936950739884634 0.048651300571056738 -0.0098985734143347513 -0.037000369994236885 -0.035993858413008027 0.016084789885291668 0.011622787682182426
leaf_weight=114.11434579268098 114.80123455822468 903.9289599172771 91.494818441569805 123.35930813848972 9.8714927136898023 47.132578890770674 138.84622851014137 13.902217797935007
leaf_count=4715 670 5700 865 798 42 363 812 90
internal_value=-0.00056164 0.00342186 0.017229 0.00811785 0.0400302 -0.000953236 0.000475768 -0.0251354
internal_weight=1557.45 1443.34 339.527 238.161 101.366 1103.81 1042.78 61.0348
internal_count=14055 9340 2375 1468 907 6965 6512 453
cat_boundaries=0 1 2
cat_threshold=48 1
is_linear=0
shrinkage=0.05


Tree=54
num_leaves=9
num_cat=2
split_feature=0 0 4 34 37 34 34 38
split_gain=106.865 40.4919 32.1472 30.3535 15.564 18.7273 9.20965 8.48162
threshold=0 1 -0.17647087149565663 25.150000000000002 67.500000000000014 24.350000000000005 25.050000000000004 8.2910715000000028
decision_type=1 1 2 2 2 2 2 2
left_child=-1 2 6 -4 5 -3 -2 -6
right_child=1 4 3 -5 7 -7 -8 -9
leaf_value=-0.046493241117295477 0.04957787213671988 0.003567067374629241 0.0028875815565140342 0.054615816216339597 -0.049365224106514963 -0.011637346034736321 -0.043075795519352533 -0.011161885785321894
leaf_weight=108.14983431622386 74.859822407364845 780.21261539310217 215.85275076329708 31.672186970710754 23.092003703117371 272.40281315892935 2.0494610965251914 38.639514826238155
leaf_count=4670 907 4815 1190 204 170 1767 9 295
internal_value=-0.000985998 0.00276828 0.0180071 0.00969962 -0.00180105 -0.000374942 0.0465877 -0.0260118
internal_weight=1546.93 1438.78 324.434 247.525 1114.35 1052.62 76.9093 61.7315
internal_count=14027 9357 2310 1394 7047 6582 916 465
cat_boundaries=0 1 2
cat_threshold=48 1
is_linear=0
shrinkage=0.05


Tree=55
num_leaves=9
num_cat=2
split_feature=0 0 34 39 36 37 39 4
split_gain=101.743 34.0307 23.902 53.3701 41.015 13.8992 44.112 40.9877
threshold=0 1 24.450000000000003 19.050000000000004 95.500000000000014 58.500000000000007 20.350000000000005 -0.35846811432664222
decision_type=1 1 2 2 2 2 2 2
left_child=-1 2 4 -4 -2 7 -7 -3
right_child=1 5 3 -5 -6 6 -8 -9
leaf_value=-0.046233398839841178 -0.0088298594925776443 0.046030672085690859 -0.047568508163390436 0.0097907358220270056 0.020359619468129562 -0.039830028890219138 0.0037499009374015718 -0.0068824149824060418
leaf_weight=103.09958613477647 156.23768067359924 40.872990816831589 54.996151339262724 146.19900940358639 515.86772923544049 105.8106191419065 126.89541128650308 289.57102766260505
leaf_count=4655 723 336 267 796 2894 918 1056 2386
internal_value=-0.000785368 0.0028086 0.00894761 -0.00604597 0.0135712 -0.00670045 -0.0161514 -0.000218403
internal_weight=1539.55 1436.45 873.301 201.195 672.105 563.15 232.706 330.444
internal_count=14031 9376 4680 1063 3617 4696 1974 2722
cat_boundaries=0 1 2
cat_threshold=48 5
is_linear=0
shrinkage=0.05


Tree=56
num_leaves=9
num_cat=2
split_feature=0 0 34 33 36 6 22 24
split_gain=98.7137 28.2592 27.6464 43.5252 27.2548 13.5558 13.8715 7.66558
threshold=0 1 24.550000000000004 33.750000000000007 96.500000000000014 27.000000000000004 86.368055500000011 58.500000000000007
decision_type=1 1 2 2 2 2 2 2
left_child=-1 2 4 -4 -2 6 -3 -7
right_child=1 5 3 -5 -6 7 -8 -9
leaf_value=-0.04601553997698634 -0.0019252573064962126 -0.0072420667469139848 -0.04283275670058196 0.0090099865032778389 0.019714208267832746 0.01527806467994762 0.012919025368050986 -0.03212271940047063
leaf_weight=99.283378999680281 207.13770164549351 380.01297536492348 60.611323516815901 117.31925082951784 486.74446212872863 9.2487629503011686 108.96332638338208 62.442597728222609
leaf_count=4684 959 3162 316 618 2797 79 890 564
internal_value=-0.000426008 0.00306328 0.00865625 -0.00879072 0.0132609 -0.00563277 -0.00273218 -0.0258816
internal_weight=1531.76 1432.48 871.813 177.931 693.882 560.668 488.976 71.6914
internal_count=14069 9385 4690 934 3756 4695 4052 643
cat_boundaries=0 1 2
cat_threshold=48 5
is_linear=0
shrinkage=0.05


end of trees

feature_importances:
age_group=159
temperature_min_7d=79
day_of_year_sin=50
rain_max_daily_7d=49
gender=40
temperature_mean_7d=31
wind_speed_max_7d=26
humidity_min_7d=25
day_of_year_cos=23
humidity_max_7d=19
humidity_mean_7d=13
temperature_max_7d=12
wind_speed_mean_7d=11
wind_gust_max_7d=11
temperature_max_current=10
temperature_mean_3d=9
temperature_min_3d=9
precipitation_sum_7d=8
month=7
temperature_mean_current=7
temperature_min_current=4
wind_speed_max_3d=4
rain_days_7d=4
temperature_max_3d=3
wind_speed_mean_3d=3
weather_code_current=2
humidity_max_3d=2
humidity_min_3d=2
rain_sum_7d=2
humidity_mean_current=1
wind_speed_mean_current=1
precipitation_sum_current=1
humidity_mean_3d=1

parameters:
[boosting: gbdt]
[objective: binary]
[metric: binary_logloss]
[tree_learner: serial]
[device_type: cpu]
[data_sample_strategy: bagging]
[data: ]
[valid: ]
[num_iterations: 57]
[learning_rate: 0.05]
[num_leaves: 15]
[num_threads: 8]
[seed: 42]
[deterministic: 0]
[force_col_wise: 0]
[force_row_wise: 0]
[histogram_pool_size: -1]
[max_depth: 4]
[min_data_in_leaf: 20]
[min_sum_hessian_in_leaf: 0.001]
[bagging_fraction: 0.9]
[pos_bagging_fraction: 1]
[neg_bagging_fraction: 1]
[bagging_freq: 1]
[bagging_seed: 400]
[bagging_by_query: 0]
[feature_fraction: 0.9]
[feature_fraction_bynode: 1]
[feature_fraction_seed: 30056]
[extra_trees: 0]
[extra_seed: 12879]
[early_stopping_round: 0]
[early_stopping_min_delta: 0]
[first_metric_only: 0]
[max_delta_step: 0]
[lambda_l1: 0]
[lambda_l2: 1]
[linear_lambda: 0]
[min_gain_to_split: 0]
[drop_rate: 0.1]
[max_drop: 50]
[skip_drop: 0.5]
[xgboost_dart_mode: 0]
[uniform_drop: 0]
[drop_seed: 17869]
[top_rate: 0.2]
[other_rate: 0.1]
[min_data_per_group: 100]
[max_cat_threshold: 32]
[cat_l2: 10]
[cat_smooth: 10]
[max_cat_to_onehot: 4]
[top_k: 20]
[monotone_constraints: ]
[monotone_constraints_method: basic]
[monotone_penalty: 0]
[feature_contri: ]
[forcedsplits_filename: ]
[refit_decay_rate: 0.9]
[cegb_tradeoff: 1]
[cegb_penalty_split: 0]
[cegb_penalty_feature_lazy: ]
[cegb_penalty_feature_coupled: ]
[path_smooth: 0]
[interaction_constraints: ]
[verbosity: -1]
[saved_feature_importance_type: 0]
[use_quantized_grad: 0]
[num_grad_quant_bins: 4]
[quant_train_renew_leaf: 0]
[stochastic_rounding: 1]
[linear_tree: 0]
[max_bin: 255]
[max_bin_by_feature: ]
[min_data_in_bin: 3]
[bin_construct_sample_cnt: 200000]
[data_random_seed: 175]
[is_enable_sparse: 1]
[enable_bundle: 1]
[use_missing: 1]
[zero_as_missing: 0]
[feature_pre_filter: 1]
[pre_partition: 0]
[two_round: 0]
[header: 0]
[label_column: ]
[weight_column: ]
[group_column: ]
[ignore_column: ]
[categorical_feature: 0,1,3]
[forcedbins_filename: ]
[precise_float_parser: 0]
[parser_config_file: ]
[objective_seed: 16083]
[num_class: 1]
[is_unbalance: 0]
[scale_pos_weight: 1]
[sigmoid: 1]
[boost_from_average: 1]
[reg_sqrt: 0]
[alpha: 0.9]
[fair_c: 1]
[poisson_max_delta_step: 0.7]
[tweedie_variance_power: 1.5]
[lambdarank_truncation_level: 30]
[lambdarank_norm: 1]
[label_gain: ]
[lambdarank_position_bias_regularization: 0]
[eval_at: ]
[multi_error_top_k: 1]
[auc_mu_weights: ]
[num_machines: 1]
[local_listen_port: 12400]
[time_out: 120]
[machine_list_filename: ]
[machines: ]
[gpu_platform_id: -1]
[gpu_device_id: -1]
[gpu_device_id_list: ]
[gpu_use_dp: 0]
[num_gpu: 1]

end of parameters

pandas_categorical:[]
