tree
version=v4
num_class=1
num_tree_per_iteration=1
label_index=0
max_feature_idx=44
objective=binary sigmoid:1
feature_names=age_group gender month season day_of_year_sin day_of_year_cos weather_code_current temperature_mean_current temperature_max_current temperature_min_current humidity_mean_current humidity_max_current humidity_min_current wind_speed_mean_current wind_speed_max_current precipitation_sum_current rain_sum_current wind_gust_max_current rain_day_current temperature_mean_3d temperature_max_3d temperature_min_3d humidity_mean_3d humidity_max_3d humidity_min_3d wind_speed_mean_3d wind_speed_max_3d precipitation_sum_3d rain_sum_3d rain_days_3d rain_max_daily_3d wind_gust_max_3d temperature_mean_7d temperature_max_7d temperature_min_7d humidity_mean_7d humidity_max_7d humidity_min_7d wind_speed_mean_7d wind_speed_max_7d precipitation_sum_7d rain_sum_7d rain_days_7d rain_max_daily_7d wind_gust_max_7d
feature_infos=-1:0:1:2:3:4:5 -1:0:1 [1:12] -1:1:0 [-0.99999942202469239:0.99998555065071859] [-0.99997919295908244:0.9999907524084426] [0:61] [23.658332999999999:32.533332999999999] [25.899999999999999:39.200000000000003] [17.899999999999999:29.300000000000001] [48.958333000000003:91.625] [63:100] [23:86] [2.8541669999999999:19.695833] [6.4000000000000004:30.100000000000001] [0:63.100000000000001] [0:63.100000000000001] [14:56.899999999999999] [0:1] [23.766667000000002:32.427778000000004] [27.699999999999999:39.200000000000003] [17.899999999999999:28.100000000000001] [52.569443999999997:90.694444000000004] [73:100] [23:79] [4.125:17.329167000000002] [9.6999999999999993:30.100000000000001] [0:93.900000000000006] [0:93.900000000000006] [0:3] [0:63.100000000000001] [17.300000000000001:56.899999999999999] [24.365476000000001:32.235118999999997] [28.699999999999999:39.200000000000003] [17.899999999999999:27.5] [55.767856999999999:89.523809999999997] [77:100] [23:72] [4.5327380000000002:15.469643] [11.6:30.100000000000001] [0:163.90000000000001] [0:163.90000000000001] [0:7] [0:63.100000000000001] [23:56.899999999999999]
tree_sizes=1434 1457 1452 1482 1471 1506 1747 1382 1475 1085 1073 1387 1086 1103 1084 1101 1107 1093 1098 1628 982 987 1091 1118 1095 1106 999 1103 1093

Tree=0
num_leaves=13
num_cat=5
split_feature=0 0 38 43 33 19 1 32 0 38 1 4
split_gain=514.419 114.238 86.062 96.5641 87.141 65.3024 171.067 57.0582 47.0691 52.0857 50.0525 33.1649
threshold=0 1 9.9449405000000031 18.750000000000004 32.750000000000007 29.428472000000003 2 25.475297500000003 3 5.8788690000000008 4 -0.94705910369513513
decision_type=1 1 2 2 2 2 1 2 1 2 1 2
left_child=1 2 4 -4 -1 7 -7 -3 9 10 -2 -11
right_child=8 5 3 -5 -6 6 -8 -9 -10 11 -12 -13
leaf_value=-2.5540987023374231 -2.6690376279461945 -2.4622435775685507 -2.5514698134250899 -2.3595088580030645 -2.6453800530492226 -2.4221555873686005 -2.683814731725406 -2.6390259561714728 -2.6976504326966992 -2.5886229387422683 -2.436710116933241 -2.6752447537828394
leaf_weight=59.494453586637974 4.019895512610673 3.6488282345235339 32.097319554537535 7.9779464788734904 46.074187029153109 11.626774713397026 11.874152898788452 260.61291830986738 287.26791778579354 11.193862888962029 3.9580509662628174 124.24569361284375
leaf_count=962 65 59 519 129 745 188 192 4214 4645 181 64 2009
internal_value=-2.64731 -2.6093 -2.57393 -2.50721 -2.59356 -2.6292 -2.55051 -2.6359 -2.6855 -2.65922 -2.54329 -2.66772
internal_weight=864.092 433.407 145.644 40.0753 105.569 287.763 23.5009 264.262 430.685 143.418 7.97795 135.44
internal_count=13972 7008 2355 648 1707 4653 380 4273 6964 2319 129 2190
cat_boundaries=0 1 2 3 4 5
cat_threshold=13 8 1 2 1
is_linear=0
shrinkage=1


Tree=1
num_leaves=13
num_cat=6
split_feature=0 0 3 33 4 0 19 1 38 38 1 4
split_gain=497.704 100.859 80.5755 92.5847 73.3357 52.4097 48.9111 111.744 54.9608 42.542 40.4209 26.4404
threshold=0 1 2 32.550000000000004 0.27694220057652758 3 29.648611000000002 4 6.001488000000001 5.8788690000000008 5 -0.94705910369513513
decision_type=1 1 1 2 2 1 2 1 2 2 1 2
left_child=1 2 4 -4 -1 9 8 -8 -3 10 -2 -11
right_child=5 6 3 -5 -6 -7 7 -9 -10 11 -12 -13
leaf_value=0.06698570467820783 -0.023856378699194131 0.088500779821879871 0.23025314363014543 0.082449503689261266 -0.037756808971902353 -0.051311794059064234 0.18478820568847876 -0.038572613596894782 0.0057355768153376455 0.050514694662249227 0.17613110151273698 -0.02602824959003542
leaf_weight=69.31678257137537 4.1829847767949087 20.845011528581381 13.264376133680342 51.160668358206749 21.199498623609543 274.47681665420532 11.977072954177856 9.336207702755928 247.68305326998234 11.503551587462423 4.6587964966893196 121.31596232950687
leaf_count=1026 69 335 196 792 332 4642 160 156 3965 177 63 2012
internal_value=0.000566978 0.0368948 0.0690429 0.115935 0.0423098 -0.038225 0.0178132 0.089602 0.0124649 -0.0109983 0.0887078 -0.0190709
internal_weight=860.921 444.783 154.941 64.425 90.5163 416.138 289.841 21.3133 268.528 141.661 8.84178 132.82
internal_count=13925 6962 2346 988 1358 6963 4616 316 4300 2321 132 2189
cat_boundaries=0 1 2 3 4 5 6
cat_threshold=13 8 2 2 1 1
is_linear=0
shrinkage=0.05


Tree=2
num_leaves=13
num_cat=6
split_feature=0 33 1 32 0 0 39 38 1 19 34 1
split_gain=454.734 82.935 87.3462 82.5177 65.7537 50.2633 36.0346 31.1864 24.0383 21.2287 20.1325 8.22554
threshold=0 37.100000000000009 1 25.475297500000003 2 3 20.650000000000002 5.8788690000000008 4 30.604166500000002 25.150000000000002 5
decision_type=1 2 1 2 1 1 2 2 1 2 2 1
left_child=1 3 6 11 -5 7 -3 8 -2 -4 -9 -1
right_child=5 2 9 4 -6 -7 -8 10 -10 -11 -12 -13
leaf_value=0.090654672802022593 -0.021819706993817006 -0.0051927556105367846 -0.046447467031942351 0.050487523109444966 0.0091619007715071973 -0.05107988570401692 0.21136713360236137 -0.024813086756311789 0.13096522054285789 0.070964210054220531 0.039922001431817955 0.23415537463771643
leaf_weight=3.8495871573686591 3.8593863323330861 2.1330251209437874 6.4336327165365237 152.38528315722942 273.82237050309777 265.05899796634912 14.795435275882481 119.7407278418541 5.4733929634094238 7.0570974387228489 12.436780355870722 3.863359734416008
leaf_count=50 65 29 102 2173 4332 4689 187 2005 64 114 211 50
internal_value=0.000191397 0.0336301 0.112952 0.0285957 0.0254172 -0.0378831 0.185312 -0.0112633 0.071787 0.0156301 -0.018468 0.181158
internal_weight=870.909 464.34 30.4192 433.921 426.208 406.569 16.9285 141.51 9.33278 13.4907 132.178 7.71295
internal_count=14071 7037 432 6605 6505 7034 216 2345 129 216 2216 100
cat_boundaries=0 1 2 3 4 5 6
cat_threshold=13 1 8 2 1 1
is_linear=0
shrinkage=0.05


Tree=3
num_leaves=13
num_cat=4
split_feature=0 1 32 33 32 25 0 44 38 1 34 21
split_gain=415.614 69.6827 101.557 120.395 79.7984 49.3558 46.7747 38.2054 31.9953 24.1341 21.0637 8.65212
threshold=0 1 29.217262000000002 32.850000000000001 25.797023500000005 8.6750000000000025 2 51.45000000000001 5.9392855000000013 3 25.150000000000002 22.550000000000004
decision_type=1 1 2 2 2 2 1 2 2 1 2 2
left_child=1 2 3 -1 11 -4 8 -6 9 -2 -10 -3
right_child=6 4 5 -5 7 -7 -8 -9 10 -11 -12 -13
leaf_value=0.068942370539599465 -0.024458765258881306 0.1884401489967677 -0.022953360685764888 -0.0074172813322876318 0.0032039785931571156 0.16190411961716097 -0.050823527259967631 0.13166122827955881 -0.02663445008843604 0.11817436288073223 0.038022606603226129 0.043727211844395653
leaf_weight=126.70867558568716 4.313130419701336 5.7923426404595366 3.925559081137183 86.341773599386215 224.161979354918 25.019949436187744 252.18647619709373 4.9436892792582503 115.24341109395027 6.7953519821166992 13.243440575897692 2.0874370858073235
leaf_count=1863 74 70 56 1314 3383 291 4667 72 1972 75 217 26
internal_value=4.12823e-05 0.0309712 0.0504386 0.0381064 0.0122651 0.136905 -0.0375869 0.00653599 -0.0117085 0.0653474 -0.0197279 0.159346
internal_weight=870.763 478.981 241.996 213.05 236.985 28.9455 391.782 229.106 139.595 11.1085 128.487 7.87978
internal_count=14080 7075 3524 3177 3551 347 7005 3455 2338 149 2189 96
cat_boundaries=0 1 2 3 4
cat_threshold=13 1 2 1
is_linear=0
shrinkage=0.05


Tree=4
num_leaves=13
num_cat=5
split_feature=0 0 38 44 0 33 32 1 38 5 43 1
split_gain=367.562 68.9054 65.1637 55.9815 48.3827 48.0607 33.895 38.5109 33.3711 55.4654 12.948 3.98048
threshold=0 1 9.9449405000000031 35.100000000000001 2 32.750000000000007 25.475297500000003 3 7.5636905000000008 0.67007489853957602 0.75000000000000011 4
decision_type=1 1 2 2 1 2 2 1 2 2 2 1
left_child=1 2 5 -4 8 -1 11 -8 9 -2 -10 -3
right_child=4 6 3 -5 -6 -7 7 -9 10 -11 -12 -13
leaf_value=0.060401333314748708 0.053526142669691627 0.049151447734061132 0.27390330698963389 0.084217776771662187 -0.050580140151893639 -0.0023545572677252016 0.027625911670331821 -0.0077326267183254584 0.0068420574594685243 -0.050677256120478166 -0.041278080934843801 0.16443063387769791
leaf_weight=75.901197925209999 36.758133441209793 2.4078401923179618 3.560784585773944 48.286896981298923 240.90228402614594 50.450959596782923 159.77963246777654 147.13457557559013 17.346807673573494 18.367468692362309 65.878029614686966 2.8791613206267357
leaf_count=968 589 29 37 606 4664 748 2322 2318 300 315 1141 29
internal_value=-0.000357613 0.0279724 0.0524516 0.102181 -0.0367371 0.0355219 0.0126904 0.010705 -0.010683 0.018522 -0.0312861 0.128098
internal_weight=869.654 490.401 178.2 51.8477 379.253 126.352 312.201 306.914 138.35 55.1256 83.2248 5.287
internal_count=14066 7057 2359 643 7009 1716 4698 4640 2345 904 1441 58
cat_boundaries=0 1 2 3 4 5
cat_threshold=13 8 2 1 1
is_linear=0
shrinkage=0.05


Tree=5
num_leaves=13
num_cat=3
split_feature=0 32 33 5 1 0 25 5 38 5 4 4
split_gain=346.943 54.3716 59.8558 84.7631 55.1407 44.7197 40.6757 37.5332 31.3255 51.4919 24.3236 11.5977
threshold=0 29.144940500000001 32.850000000000001 0.91159213926341531 1 2 8.6750000000000025 0.56191161272202661 8.0035710000000027 0.67007489853957602 0.96465729447553372 0.98802474685579855
decision_type=1 2 2 2 1 1 2 2 2 2 2 2
left_child=1 2 3 -1 6 8 -3 -4 9 -2 -6 -10
right_child=5 4 7 -5 10 -7 -8 -9 11 -11 -12 -13
leaf_value=0.025213589431569539 0.04150303923916128 -0.025873954288437941 -0.021292813110791411 0.11122315551126682 0.050769080043648031 -0.050336312707552282 0.13066411934684549 0.026012935375006929 -0.042146875431755 -0.050848390921938991 -0.048591270788591108 0.023611483334356299
leaf_weight=238.60959955304861 46.195490207523108 4.4295015931129447 101.88534013181925 31.756307676434517 14.804786112159492 229.66732567548752 30.790723592042923 69.778700992465019 62.670610688626766 21.226812019944191 9.133306320756672 6.8536131829023352
leaf_count=3332 723 63 1537 392 228 4652 304 1053 1115 381 139 122
internal_value=-0.000144197 0.026667 0.0210711 0.0356886 0.0718675 -0.0365024 0.110806 -0.00202449 -0.0112846 0.0121095 0.012431 -0.0354216
internal_weight=867.802 501.188 442.03 270.366 59.1583 366.614 35.2202 171.664 136.947 67.4223 23.9381 69.5242
internal_count=14041 7048 6314 3724 734 6993 367 2590 2341 1104 367 1237
cat_boundaries=0 1 2 3
cat_threshold=13 1 2
is_linear=0
shrinkage=0.05


Tree=6
num_leaves=15
num_cat=1
split_feature=32 36 32 43 40 34 21 5 43 1 31 5 22 4
split_gain=42.6551 39.4245 33.3554 32.1138 26.5044 18.3795 16.9377 13.5929 11.7003 10.584 15.8939 10.7245 10.4303 8.23067
threshold=29.217262000000002 99.500000000000014 25.475297500000003 30.300000000000004 4.0500000000000007 23.850000000000005 23.550000000000004 0.98005052076767474 4.2500000000000009 0 41.95000000000001 -0.031174269516803247 80.097222000000002 -0.42180583328916638
decision_type=2 2 2 2 2 2 2 2 2 1 2 2 2 2
left_child=1 2 13 7 9 -4 -5 -3 -6 11 -11 -2 -10 -1
right_child=4 3 5 6 8 -7 -8 -9 12 10 -12 -13 -14 -15
leaf_value=-0.010256380011438247 0.041626334880580165 0.012536861009728145 -0.019754432695036329 -0.021061465590960712 -0.038836201951987961 -0.0018243030034085365 0.090660460864820033 -0.044526991514440534 0.034887463498483408 0.050313742816919284 -0.038775961713865173 0.10205744582674373 -0.033234385216442341 0.087687614055642432
leaf_weight=2.4348796606063834 17.843957021832466 154.05480245873332 311.97829493880272 3.7089127004146603 12.019921801984308 263.45727435126901 18.378685675561428 10.2157767675817 21.415764417499307 16.835189618170265 6.1182089596986762 15.178423490375279 6.6223437637090674 9.771000709384678
leaf_count=32 202 2448 5185 61 182 4384 286 167 324 281 109 191 115 116
internal_value=0.000489337 -0.00342414 -0.00977829 0.0165576 0.0317408 -0.0115627 0.0718006 0.00874019 0.000561667 0.0536522 0.0259395 0.0715862 0.0182073 0.0688522
internal_weight=870.033 774 587.641 186.358 96.0338 575.436 22.0876 164.271 40.058 55.9758 22.9534 33.0224 28.0381 12.2059
internal_count=14083 12679 9717 2962 1404 9569 347 2615 621 783 390 393 439 148
cat_boundaries=0 1
cat_threshold=1
is_linear=0
shrinkage=0.05


Tree=7
num_leaves=12
num_cat=4
split_feature=0 0 3 39 34 0 34 38 4 5 38
split_gain=311.173 57.6886 55.8236 50.5439 48.317 44.8099 31.6393 34.0307 27.608 38.9926 19.5788
threshold=0 1 2 26.650000000000002 23.250000000000004 3 26.550000000000004 6.001488000000001 -0.9354548908432756 -0.056951011027366542 7.6226190000000011
decision_type=1 1 1 2 2 1 2 2 2 2 2
left_child=1 2 3 -1 -4 8 7 -3 9 -2 -10
right_child=5 6 4 -5 -6 -7 -8 -9 10 -11 -12
leaf_value=0.014482800806900308 0.13389750818465562 0.063284374479392433 0.045455408514423062 0.15784891253281369 0.12342563846622796 -0.050120422098907859 0.12691596222222917 0.0035392007651177202 0.0040962699090980109 -0.018893490171797478 -0.036712670448939923
leaf_weight=100.14552024006844 6.4761005938053122 24.977994248270988 50.192014314234257 5.5756516233086577 34.211230427026749 221.24957928434014 4.7464319169521323 290.81216033175588 50.080957312136889 8.9793463423848134 69.51767298206687
leaf_count=1283 99 345 623 59 395 4692 50 4261 825 130 1284
internal_value=-0.000720953 0.0241188 0.0456223 0.023452 0.0781343 -0.0359583 0.0102737 0.0084497 -0.01073 0.0493749 -0.019732
internal_weight=866.965 510.661 190.124 105.721 84.4032 356.304 320.537 315.79 135.054 15.4554 119.599
internal_count=14046 7016 2360 1342 1018 7030 4656 4606 2338 229 2109
cat_boundaries=0 1 2 3 4
cat_threshold=13 8 2 2
is_linear=0
shrinkage=0.05


Tree=8
num_leaves=13
num_cat=5
split_feature=0 0 38 0 35 44 1 32 2 38 1 4
split_gain=307.428 47.8452 44.8758 39.9374 39.4758 34.746 30.2237 49.5661 33.6236 27.5365 16.6323 16.2533
threshold=0 1 12.262500000000001 2 86.586309500000013 33.300000000000004 3 29.217262000000002 2.5000000000000004 5.8008925000000007 4 -0.94705910369513513
decision_type=1 1 2 1 2 2 1 2 2 2 1 2
left_child=1 2 5 9 -4 -1 7 -3 -8 10 -2 -11
right_child=3 6 4 -5 -6 -7 8 -9 -10 11 -12 -13
leaf_value=0.074793070355903421 -0.019893483516845323 0.014342887025834618 0.07513827607997739 -0.049886427926611521 0.26939157313260653 0.024835414144210016 0.044242938230515109 0.087695365393670024 -0.015370534156982958 0.035715684330839922 0.10696936584361022 -0.025083659025192603
leaf_weight=46.928973771631718 3.5626834966242296 145.92055510729551 12.67826873809099 211.19769785925746 2.8518877103924742 134.18673606589437 28.051344271749258 26.487730778753757 126.45671211928129 11.30497123301029 6.346762977540493 111.47684291377664
leaf_count=548 58 2110 125 4686 27 1648 425 234 1941 167 57 2045
internal_value=9.24209e-05 0.0240415 0.0433796 -0.035987 0.124949 0.0381196 0.0113757 0.026053 -0.00433264 -0.0117386 0.0637164 -0.0192423
internal_weight=867.451 523.562 196.646 343.889 15.5302 181.116 326.916 172.408 154.508 132.691 9.90945 122.782
internal_count=14071 7058 2348 7013 152 2196 4710 2344 2366 2327 115 2212
cat_boundaries=0 1 2 3 4 5
cat_threshold=13 8 2 1 1
is_linear=0
shrinkage=0.05


Tree=9
num_leaves=9
num_cat=3
split_feature=0 0 20 5 36 33 40 1
split_gain=274.544 64.9445 60.1244 63.5746 55.5036 46.1143 25.444 17.9591
threshold=0 1 36.45000000000001 -0.96234030595689413 99.500000000000014 31.650000000000002 0.35000000000000003 2
decision_type=1 1 2 2 2 2 2 1
left_child=-1 2 3 -2 6 -6 -3 -4
right_child=1 4 7 -5 5 -7 -8 -9
leaf_value=-0.049649934918043176 0.087124395835535981 0.041169797467330994 0.12156067378660514 0.016054806215587188 -0.030149635377135858 0.061963766768661437 -0.018503982335018928 0.042281816322097536
leaf_weight=201.26690956950188 34.319121796637774 18.54660602658987 20.656181484460831 297.07661938294768 17.854788776487112 49.802396185696125 213.5826551578939 12.949228648096321
leaf_count=4673 460 309 171 3856 264 738 3421 171
internal_value=-4.66419e-05 0.0155354 0.0294814 0.0236547 -0.00188702 0.0375699 -0.01358 0.0931166
internal_weight=866.055 664.788 365.001 331.396 299.786 67.6572 232.129 33.6054
internal_count=14063 9390 4658 4316 4732 1002 3730 342
cat_boundaries=0 1 2 3
cat_threshold=48 9 1
is_linear=0
shrinkage=0.05


Tree=10
num_leaves=9
num_cat=4
split_feature=0 0 3 1 43 38 39 19
split_gain=263.063 56.8582 44.331 49.5603 41.2201 39.9696 49.0489 33.1473
threshold=0 1 2 3 0.15000000000000005 5.8788690000000008 17.950000000000003 29.342361500000006
decision_type=1 1 1 1 2 2 2 2
left_child=-1 2 3 -2 -4 6 -3 -7
right_child=1 5 4 -5 -6 7 -8 -9
leaf_value=-0.049417974597380732 0.04882533195672413 -0.0078620763264388351 -0.031304979454549985 -0.017142633845760934 0.074853879700940304 -0.0038011052181475958 0.11424555682602716 0.037850909350931376
leaf_weight=192.00060559436679 57.989271592348814 14.939817007631065 9.6914613917469961 54.281634107232094 84.261485569179058 380.31875530257821 16.971297383308411 53.607450805604458
leaf_count=4664 667 186 118 651 886 6020 197 655
internal_value=0.000570371 0.015409 0.0367361 0.0170609 0.063689 0.00533794 0.0585766 0.0014198
internal_weight=864.062 672.061 206.224 112.271 93.9529 465.837 31.9111 433.926
internal_count=14044 9380 2322 1318 1004 7058 383 6675
cat_boundaries=0 1 2 3 4
cat_threshold=48 8 2 1
is_linear=0
shrinkage=0.05


Tree=11
num_leaves=12
num_cat=4
split_feature=0 0 1 34 44 32 0 2 5 9 24
split_gain=239.685 36.3594 33.4523 57.6722 62.732 55.7409 38.407 34.1706 24.3211 47.6479 6.5482
threshold=0 1 2 23.450000000000003 32.95000000000001 25.797023500000005 3 2.5000000000000004 0.65720762023595369 22.550000000000004 68.500000000000014
decision_type=1 1 1 2 2 2 1 2 2 2 2
left_child=2 8 3 4 -1 10 -5 -7 9 -2 -4
right_child=1 -3 5 6 -6 7 -8 -9 -10 -11 -12
leaf_value=0.052678507248187137 0.16555687193876872 -0.049211960994836178 0.13085594895460859 0.06166497276188862 -0.025724436594481599 0.041131859424665074 0.005901461723361247 -0.0075199844929219597 -0.051275632903937107 -0.0077418360793893165 0.027456397969470012
leaf_weight=38.77060030028224 3.1300008781254283 184.85364682599902 8.5304556488990766 126.42510376498103 70.175327282398939 42.970289178192616 56.011116411536932 200.41202540695667 30.282409764826298 99.123923946171999 2.5724861323833457
leaf_count=462 57 4699 73 1413 939 586 713 2791 592 1685 24
internal_value=-0.000648767 -0.0345131 0.0193458 0.0312396 0.00240219 0.0064159 0.0483535 0.00120289 -0.0118118 -0.000885128 0.111147
internal_weight=863.257 317.39 545.867 291.382 108.946 254.485 182.436 243.382 132.536 102.254 11.1029
internal_count=14034 7033 7001 3527 1401 3474 2126 3377 2334 1742 97
cat_boundaries=0 1 2 3 4
cat_threshold=13 2 1 9
is_linear=0
shrinkage=0.05


Tree=12
num_leaves=9
num_cat=3
split_feature=0 0 38 39 3 43 33 33
split_gain=219.779 44.4355 37.2336 44.1496 33.9659 43.4702 38.9061 27.9313
threshold=0 1 6.001488000000001 17.950000000000003 2 18.650000000000002 32.550000000000004 37.95000000000001
decision_type=1 1 2 2 1 2 2 2
left_child=-1 4 3 -3 5 -2 -6 -4
right_child=1 2 7 -5 6 -7 -8 -9
leaf_value=-0.048954065372230023 -0.01946357512727357 -0.0032122334659830335 -0.0037931704873874214 0.095637221120893207 0.10736887875526369 0.041270880636240272 0.034693662458669922 0.061231811883669107
leaf_weight=174.60550767555833 53.462086338549852 22.307062081992626 407.96998316794634 21.75374273955822 24.279438212513924 63.417139679193497 74.693073607981205 16.210000403225422
leaf_count=4643 629 292 6324 237 196 705 790 173
internal_value=-0.000632292 0.0122898 0.00334643 0.0466311 0.0305875 0.0135607 0.0534176 -0.00117008
internal_weight=858.698 684.093 468.241 44.0608 215.852 116.879 98.9725 424.18
internal_count=13989 9346 7026 529 2320 1334 986 6497
cat_boundaries=0 1 2 3
cat_threshold=48 8 2
is_linear=0
shrinkage=0.05


Tree=13
num_leaves=9
num_cat=2
split_feature=0 0 38 27 35 38 39 19
split_gain=209.744 41.0485 38.2734 39.0158 32.7815 27.5061 37.8927 24.0697
threshold=0 1 9.8517855000000019 33.750000000000007 86.428571500000018 6.001488000000001 17.950000000000003 29.561111000000004
decision_type=1 1 2 2 2 2 2 2
left_child=-1 2 4 -4 -2 6 -3 -7
right_child=1 5 3 -5 -6 7 -8 -9
leaf_value=-0.048747959501694749 0.02977913984854863 -0.0059757192866419541 0.04172054133162096 0.13690033584666228 -0.022135175495361425 -0.0048537741657851503 0.084546407496130113 0.033585250833247253
leaf_weight=167.95616613328457 109.83252672851086 22.597282681614161 61.918960966169834 12.552710846066473 41.076410599052906 379.96037219837308 22.409126304090023 44.600716859102249
leaf_count=4673 1225 296 580 103 463 6015 230 501
internal_value=-0.000409389 0.0118565 0.0289766 0.0593651 0.0155957 0.0031641 0.0399541 -0.000746271
internal_weight=862.904 694.948 225.381 74.4717 150.909 469.567 45.0064 424.561
internal_count=14086 9413 2371 683 1688 7042 526 6516
cat_boundaries=0 1 2
cat_threshold=48 8
is_linear=0
shrinkage=0.05


Tree=14
num_leaves=9
num_cat=3
split_feature=0 0 13 37 24 38 39 1
split_gain=197.131 46.0168 31.6144 36.3897 29.2545 24.5717 32.5126 27.1554
threshold=0 1 8.752083500000003 67.500000000000014 65.500000000000014 5.8788690000000008 17.950000000000003 2
decision_type=1 1 2 2 2 2 2 1
left_child=-1 2 4 -4 -2 6 -3 -7
right_child=1 5 3 -5 -6 7 -8 -9
leaf_value=-0.048515284801773965 0.027769461634510214 -0.015148845629970847 0.040831049448111577 0.14131775923681716 -0.026864602862116865 0.010533194704288687 0.077628890014329974 -0.01444802512616164
leaf_weight=160.11811418831348 94.576488636434078 15.393513131886719 90.71706173568964 9.3116729557514173 32.064364559948444 230.41318129375577 22.325396232306957 204.29844968393445
leaf_count=4661 1003 195 887 82 356 3333 206 3329
internal_value=-0.000348896 0.0112684 0.0293179 0.0514916 0.0138345 0.00213835 0.0403519 -0.00121327
internal_weight=859.218 699.1 226.67 100.029 126.641 472.431 37.7189 434.712
internal_count=14052 9391 2328 969 1359 7063 401 6662
cat_boundaries=0 1 2 3
cat_threshold=48 8 1
is_linear=0
shrinkage=0.05


Tree=15
num_leaves=9
num_cat=2
split_feature=0 0 36 7 5 33 40 30
split_gain=192.73 37.9848 41.0887 40.7092 43.6708 33.3357 28.4575 20.9685
threshold=0 1 99.500000000000014 29.362500000000001 -0.94137724084408114 31.650000000000002 0.35000000000000003 1.4500000000000002
decision_type=1 1 2 2 2 2 2 2
left_child=-1 3 6 4 -2 -4 -3 -5
right_child=1 2 5 7 -6 -7 -8 -9
leaf_value=-0.048329470578033412 0.05846219879517095 0.044735532558436784 -0.029111441747858853 0.083453744863664539 0.0085308959715541116 0.049440697778673645 -0.018063022832203193 0.012339614133398871
leaf_weight=154.94339887052774 50.201166316866875 18.792965408414602 17.115046977996826 35.944670300930738 306.35551055893302 54.463072624057531 207.99734687060118 14.950456663966177
leaf_count=4719 580 299 262 299 3652 729 3395 159
internal_value=0.000232651 0.0114679 -0.00218153 0.0212578 0.0157048 0.0305158 -0.0126857 0.0632043
internal_weight=860.764 705.82 298.368 407.452 356.557 71.5781 226.79 50.8951
internal_count=14094 9375 4685 4690 4232 991 3694 458
cat_boundaries=0 1 2
cat_threshold=48 9
is_linear=0
shrinkage=0.05


Tree=16
num_leaves=9
num_cat=2
split_feature=0 0 33 33 4 38 21 39
split_gain=173.605 30.1224 24.6246 46.8766 40.138 23.0072 18.0232 16.9068
threshold=0 1 32.750000000000007 35.250000000000007 -0.55657520495441892 5.720238000000001 25.850000000000005 17.950000000000003
decision_type=1 1 2 2 2 2 2 2
left_child=-1 2 4 -4 -2 7 -7 -3
right_child=1 5 3 -5 -6 6 -8 -9
leaf_value=-0.048089418457946682 0.008389420794655475 -0.0015469140219576427 -0.021999155206071618 0.041503626805910743 0.065501865296991812 -0.0037878814672099646 0.031110246791249848 0.074286632795951477
leaf_weight=147.40330173633993 55.762000434100628 12.135703176259996 60.682290203869343 54.006601095199585 68.547473460435867 406.82814580947161 39.688514396548271 17.482506476342678
leaf_count=4695 594 152 715 478 577 6320 452 148
internal_value=-0.000678732 0.00968336 0.023831 0.00800436 0.0401541 0.00220413 -0.000623385 0.044179
internal_weight=862.537 715.133 238.998 114.689 124.309 476.135 446.517 29.6182
internal_count=14131 9436 2364 1193 1171 7072 6772 300
cat_boundaries=0 1 2
cat_threshold=48 8
is_linear=0
shrinkage=0.05


Tree=17
num_leaves=9
num_cat=2
split_feature=0 0 36 7 5 33 40 30
split_gain=168.825 27.3606 40.57 35.523 40.6167 31.8999 19.3633 15.0221
threshold=0 1 99.500000000000014 29.362500000000001 -0.9575230291762723 31.650000000000002 0.35000000000000003 1.4500000000000002
decision_type=1 1 2 2 2 2 2 2
left_child=-1 3 6 4 -2 -4 -3 -5
right_child=1 2 5 7 -6 -7 -8 -9
leaf_value=-0.04786265793141381 0.056905113361530903 0.033441095286136757 -0.028707550691552591 0.07287292680543965 0.0065830084440843279 0.04805890046631723 -0.016827428325897894 0.014180447169103223
leaf_weight=140.90228746645153 45.000494405627251 20.201447308063507 16.92176978290081 38.179604340344667 315.61194730550051 56.91812452301383 204.11978404596448 15.89038811996579
leaf_count=4695 490 314 266 298 3700 731 3391 167
internal_value=6.13906e-05 0.0101167 -0.00153204 0.0183155 0.0130027 0.0303179 -0.0121721 0.0561948
internal_weight=853.746 712.844 298.161 414.682 360.612 73.8399 224.321 54.07
internal_count=14052 9357 4702 4655 4190 997 3705 465
cat_boundaries=0 1 2
cat_threshold=48 9
is_linear=0
shrinkage=0.05


Tree=18
num_leaves=9
num_cat=2
split_feature=0 0 5 37 8 39 38 44
split_gain=151.896 27.604 26.9417 35.5563 20.1002 15.8977 36.0989 15.03
threshold=0 1 0.99445195900249039 41.500000000000007 35.850000000000001 17.650000000000002 6.7976195000000006 34.000000000000007
decision_type=1 1 2 2 2 2 2 2
left_child=-1 2 4 -4 -2 7 -7 -3
right_child=1 5 3 -5 -6 6 -8 -9
leaf_value=-0.047639465690365673 0.014275994759338842 -0.0040085336003422654 0.18424448023161721 -0.027790022197244232 0.062113675736572484 0.041108683535194028 -0.00093440728708533462 -0.045638303500828807
leaf_weight=134.90175625681877 210.52677669748664 76.669025529175997 4.5643955692648879 2.7047039642930031 23.705102242529392 60.195090305060148 307.88991352543235 29.355307407677174
leaf_count=4703 2094 1131 35 27 169 727 4704 444
internal_value=-0.00110842 0.00826695 0.0216892 0.11153 0.0193608 0.00109319 0.0060339 -0.0158534
internal_weight=850.512 715.61 241.501 7.2691 234.232 474.109 368.085 106.024
internal_count=14034 9331 2325 62 2263 7006 5431 1575
cat_boundaries=0 1 2
cat_threshold=48 8
is_linear=0
shrinkage=0.05


Tree=19
num_leaves=14
num_cat=2
split_feature=32 7 36 43 1 30 17 27 41 1 38 38 15
split_gain=18.3403 19.7342 26.9937 22.7875 15.0341 9.23916 9.2323 8.12223 3.61118 13.0111 0.620727 0.0237705 0.0107872
threshold=25.475297500000003 29.343750000000004 99.500000000000014 28.600000000000005 0 1.4500000000000002 31.150000000000002 4.0500000000000007 41.95000000000001 1 7.0752975000000005 7.0752975000000005 0.65000000000000002
decision_type=2 2 2 2 1 2 2 2 2 1 2 2 2
left_child=8 2 4 -4 -2 6 -3 -7 9 10 -1 -11 -10
right_child=1 5 3 -5 -6 7 -8 -9 12 11 -12 -13 -14
leaf_value=0.086142517145371175 -0.0019030010642419105 0.065811578923354055 0.0047259840676158035 0.053549170141127547 -0.018619240446993049 -0.040117278831464903 0.019648519479774262 0.012591041669121828 0.030661290881988497 -0.0420218738983918 0.027509951091051577 -0.013930672550793161 0.079178174109240246
leaf_weight=3.1648748274892569 280.06413368694484 12.623625826090572 159.77965538576245 27.155918888747692 258.25149955786765 9.5048309080302698 61.953657051548362 23.071805365383625 1.8361294232308853 2.701638428494336 1.982430540025234 1.5105772688984869 6.1509966794401407
leaf_count=34 4788 151 2527 358 4709 161 774 342 22 33 23 21 65
internal_value=-0.000206527 -0.00129488 -0.00426073 0.0120657 -0.0099421 0.0186327 0.0282299 -0.00352436 0.0492438 0.0241609 0.0717094 -0.0365533 0.0726775
internal_weight=849.752 832.405 725.251 186.936 538.316 107.154 74.5773 32.5766 17.3466 9.35952 5.14731 4.21222 7.98713
internal_count=14008 13810 12382 2885 9497 1428 925 503 198 111 57 54 87
cat_boundaries=0 1 2
cat_threshold=1 2
is_linear=0
shrinkage=0.05


Tree=20
num_leaves=8
num_cat=3
split_feature=0 0 5 34 32 1 27
split_gain=147.842 22.0975 25.1602 36.0732 24.98 29.113 5.08738
threshold=0 1 0.67007489853957602 22.050000000000004 25.475297500000003 2 0.95000000000000007
decision_type=1 1 2 2 2 1 2
left_child=-1 2 3 -2 6 -6 -3
right_child=1 4 -4 -5 5 -7 -8
leaf_value=-0.047360011910420774 0.12003269790503944 0.024650059398946156 -0.050954190079888856 -0.0054218599612715825 0.022013275368816174 -0.00053117318237054371 0.096087066812801838
leaf_weight=127.33405267074704 5.0724607072770587 4.3822682276368132 27.914137151092291 100.64866746217012 311.39626875892282 264.31760097667575 9.697526350617407
leaf_count=4653 86 33 580 1709 3459 3464 66
internal_value=5.80829e-05 0.0089879 -0.0089572 0.00166573 0.0131435 0.0116799 0.0769617
internal_weight=850.763 723.429 133.635 105.721 589.794 575.714 14.0798
internal_count=14050 9397 2375 1795 7022 6923 99
cat_boundaries=0 1 2 3
cat_threshold=48 2 1
is_linear=0
shrinkage=0.05


Tree=21
num_leaves=8
num_cat=2
split_feature=0 7 0 33 8 2 9
split_gain=134.293 20.5217 19.3712 20.5652 17.1536 12.2433 1.07311
threshold=0 24.864583500000006 1 31.250000000000004 29.850000000000005 10.500000000000002 20.250000000000004
decision_type=1 2 1 2 2 2 2
left_child=-1 5 3 -3 -4 -2 -7
right_child=1 2 4 -5 -6 6 -8
leaf_value=-0.047139097521000289 0.12128723201183605 0.058668381206891197 -0.030670432952445804 0.012942637867659413 0.0032357173514631341 -0.010343789865815385 0.030289739599421578
leaf_weight=122.1296414192766 5.260266460478304 26.856530614197254 39.759958639740944 220.61911831051111 438.77767843008041 2.3092491887509823 2.5143306329846382
leaf_count=4665 43 221 616 2117 6424 24 29
internal_value=-0.000894524 0.00737121 0.00643111 0.01742 0.000353131 0.0750198 0.012401
internal_weight=858.227 736.097 726.013 247.476 478.538 10.0838 4.82358
internal_count=14139 9474 9378 2338 7040 96 53
cat_boundaries=0 1 2
cat_threshold=48 8
is_linear=0
shrinkage=0.05


Tree=22
num_leaves=9
num_cat=3
split_feature=0 0 36 34 3 5 32 40
split_gain=127.751 24.3433 35.9487 26.0016 25.6065 48.7602 31.9663 19.6438
threshold=0 1 99.500000000000014 22.850000000000005 2 -0.95242240592625282 26.147024000000005 0.35000000000000003
decision_type=1 1 2 2 1 2 2 2
left_child=-1 4 7 -4 5 -2 -6 -3
right_child=1 2 3 -5 6 -7 -8 -9
leaf_value=-0.04691853265315523 0.04670670998954405 0.030614581079510463 -0.032025483189892394 0.040261669453423757 0.080463478225359861 -0.0082400386630311941 0.020326176512878092 -0.018802753510807721
leaf_weight=117.23953945748508 50.664527449756861 21.411039151251316 14.803507175296543 60.32733503729105 24.62280810624361 183.88536374643445 171.9615166708827 202.64788971468806
leaf_count=4684 517 318 224 746 190 2156 1797 3414
internal_value=-0.000860109 0.00713177 -0.00380416 0.0257849 0.0146267 0.00377677 0.0282277 -0.0139654
internal_weight=847.564 730.324 299.19 75.1308 431.134 234.55 196.584 224.059
internal_count=14046 9362 4702 970 4660 2673 1987 3732
cat_boundaries=0 1 2 3
cat_threshold=48 9 2
is_linear=0
shrinkage=0.05


Tree=23
num_leaves=9
num_cat=1
split_feature=0 43 32 4 5 32 34 10
split_gain=126.225 19.6183 42.9831 106.501 22.3377 29.244 24.3705 5.65595
threshold=0 27.750000000000004 26.455654500000005 0.091259403071267911 0.36447543099728857 29.308928500000004 23.650000000000002 89.333333500000023
decision_type=1 2 2 2 2 2 2 2
left_child=-1 4 7 -4 5 -2 -6 -3
right_child=1 2 3 -5 6 -7 -8 -9
leaf_value=-0.046679514784513911 -0.011238509023016284 -0.041085141238753203 0.10017069675380381 -0.0073985958057797762 0.010710568146799349 0.022449578405656961 0.063115170070721566 0.01684051179955711
leaf_weight=112.09403191879392 279.0536531470716 20.519598931074146 42.014481972903013 49.203029446303844 233.85360164567828 82.684365272521973 23.609360441565514 4.6499178707599631
leaf_count=4682 3776 273 477 682 3039 793 265 62
internal_value=0.000238409 0.00796732 0.0268204 0.0426964 0.00451456 -0.00349758 0.0157417 -0.0301491
internal_weight=847.682 735.588 116.387 91.2175 619.201 361.738 257.463 25.1695
internal_count=14049 9367 1494 1159 7873 4569 3304 335
cat_boundaries=0 1
cat_threshold=48
is_linear=0
shrinkage=0.05


Tree=24
num_leaves=9
num_cat=3
split_feature=0 38 0 5 5 0 4 5
split_gain=115.034 18.8287 35.6944 33.4295 30.4959 33.7227 13.1019 11.2466
threshold=0 6.7669645000000012 1 0.99611390731392835 -0.90161545992537195 2 -0.61237985104942771 -0.98521978256641018
decision_type=1 2 1 2 2 1 2 2
left_child=-1 4 3 -3 7 -6 -4 -2
right_child=1 2 6 -5 5 -7 -8 -9
leaf_value=-0.046445754222902119 0.031186326293493279 0.010032719359635312 0.0098986513280030965 0.11216868470921136 -0.028974742501581302 0.023069786351738578 -0.019823543058580861 0.088361219058554097
leaf_weight=107.40036100335419 18.783890593796968 337.43719805777073 46.232794247567654 7.2213657572865477 32.991428676992655 103.63942950218916 176.07647327333689 18.039964735507965
leaf_count=4690 185 3618 750 66 412 1229 2954 204
internal_value=-0.000653685 0.00657996 0.00224464 0.0121398 0.0210338 0.00995465 -0.0130417 0.0607918
internal_weight=847.823 740.423 566.968 344.659 173.455 136.631 222.309 36.8239
internal_count=14108 9418 7388 3684 2030 1641 3704 389
cat_boundaries=0 1 2 3
cat_threshold=48 9 1
is_linear=0
shrinkage=0.05


Tree=25
num_leaves=9
num_cat=2
split_feature=0 0 4 32 44 7 4 5
split_gain=112.959 19.3578 27.2907 35.3682 25.5857 25.2826 23.6538 21.9886
threshold=0 1 -0.63921128368950708 26.643750000000001 32.95000000000001 30.372916500000006 0.88621069759564464 -0.97507822412530132
decision_type=1 1 2 2 2 2 2 2
left_child=-1 5 3 -3 -4 7 -7 -2
right_child=1 2 4 -5 -6 6 -8 -9
leaf_value=-0.046199248186669463 0.046048649452239347 -0.016542552309349728 0.019424770458158443 0.050495466094615096 -0.021030269991750609 -0.019114391374932902 0.078448979528753432 0.0068695797454164601
leaf_weight=102.69018264301121 38.703495420515537 33.360978707671165 49.879838857799768 45.637419480830431 169.15240852534771 7.7017114907503119 25.147446162998676 372.23057689517736
leaf_count=4688 373 504 776 608 2789 63 159 4088
internal_value=0.000261713 0.00727096 -0.00259994 0.0223324 -0.0117711 0.0138025 0.0556857 0.0106625
internal_weight=844.504 741.814 298.031 78.9984 219.032 443.783 32.8492 410.934
internal_count=14048 9360 4677 1112 3565 4683 222 4461
cat_boundaries=0 1 2
cat_threshold=48 9
is_linear=0
shrinkage=0.05


Tree=26
num_leaves=8
num_cat=2
split_feature=0 0 43 43 5 5 21
split_gain=107.158 18.4437 23.3429 45.8919 32.5011 23.2017 36.906
threshold=0 1 27.750000000000004 27.950000000000006 0.5475998096715059 0.67007489853957602 22.350000000000005
decision_type=1 1 2 2 2 2 2
left_child=-1 5 4 -4 -3 6 -2
right_child=1 2 3 -5 -6 -7 -8
leaf_value=-0.045940992064316462 0.13117812515708557 -0.0023609257512322624 0.19570528288505523 0.025905058982676261 0.023849355791961804 -0.05077771131383077 -0.006023002006364523
leaf_weight=98.026435373350978 4.1506105810403815 341.24868653714657 3.2022019624710074 90.765725869685411 179.88749233260751 26.791659560054541 100.3136902153492
leaf_count=4677 61 3908 38 1056 2030 582 1714
internal_value=0.000415279 0.00707702 0.0107101 0.0336913 0.00671477 -0.00946014 0.000620446
internal_weight=844.387 746.36 615.104 93.9679 521.136 131.256 104.464
internal_count=14066 9389 7032 1094 5938 2357 1775
cat_boundaries=0 1 2
cat_threshold=48 2
is_linear=0
shrinkage=0.05


Tree=27
num_leaves=9
num_cat=2
split_feature=0 36 25 43 43 0 35 21
split_gain=97.9819 15.0333 28.3525 46.021 12.7686 14.7247 11.6807 5.55543
threshold=0 99.500000000000014 8.6750000000000025 37.550000000000004 28.600000000000005 1 87.699404500000014 23.350000000000005
decision_type=1 2 2 2 2 1 2 2
left_child=-1 2 6 -4 5 -3 -2 -6
right_child=1 4 3 -5 7 -7 -8 -9
leaf_value=-0.045692269998030249 -0.0065091007959493718 -0.01423964152382319 0.0089570408184736459 0.12248851724591683 -0.013719798712085136 0.020321986818137534 -0.042531943731600214 0.057029881992968268
leaf_weight=93.86018761061132 242.78329188376665 34.299441177397966 295.74436388164759 8.2156322076916677 2.7284233048558262 115.05743681266904 23.883330754935741 24.363636612892151
leaf_count=4679 3308 429 3640 100 35 1289 332 204
internal_value=-0.000401057 0.00587492 0.00199713 0.0124172 0.0186646 0.0127476 -0.00988224 0.04967
internal_weight=840.936 747.076 570.627 303.96 176.449 149.357 266.667 27.0921
internal_count=14016 9337 7380 3740 1957 1718 3640 239
cat_boundaries=0 1 2
cat_threshold=48 1
is_linear=0
shrinkage=0.05


Tree=28
num_leaves=9
num_cat=2
split_feature=0 32 34 36 39 1 2 2
split_gain=90.9373 16.6939 18.1377 26.3045 18.6133 2.8556 17.6505 1.9858
threshold=0 25.475297500000003 23.750000000000004 99.500000000000014 18.650000000000002 1 11.500000000000002 11.500000000000002
decision_type=1 2 2 2 2 1 2 2
left_child=-1 5 3 -3 -4 6 -2 -7
right_child=1 2 4 -5 -6 7 -8 -9
leaf_value=-0.045441498120352072 0.089548045215997796 -0.013569676590993764 -0.010687452103906165 0.015410051290918407 0.017064897337922338 0.034505074558869031 -0.046919274093800402 0.093131640603911769
leaf_weight=89.917743233963847 3.9023863710463047 239.5121190957725 74.631879296153784 115.14825763553381 303.67860487475991 4.3869913816452044 3.7032253071665764 4.7802015729248524
leaf_count=4683 29 3321 1005 1323 3560 28 35 34
internal_value=-0.000863787 0.00507359 0.00397451 -0.0041439 0.0115763 0.0530319 0.0253703 0.0712289
internal_weight=839.661 749.744 732.971 354.66 378.31 16.7728 7.60561 9.16719
internal_count=14018 9335 9209 4644 4565 126 64 62
cat_boundaries=0 1 2
cat_threshold=48 1
is_linear=0
shrinkage=0.05


end of trees

feature_importances:
age_group=60
gender=23
wind_speed_mean_7d=23
day_of_year_cos=21
temperature_mean_7d=17
temperature_max_7d=14
day_of_year_sin=13
rain_max_daily_7d=12
temperature_min_7d=10
wind_speed_max_7d=9
humidity_max_7d=8
wind_gust_max_7d=6
month=5
season=5
temperature_mean_current=5
temperature_mean_3d=5
temperature_min_3d=5
precipitation_sum_7d=5
wind_speed_mean_3d=3
precipitation_sum_3d=3
rain_max_daily_3d=3
humidity_mean_7d=3
temperature_max_current=2
temperature_min_current=2
humidity_min_3d=2
humidity_min_7d=2
humidity_mean_current=1
wind_speed_mean_current=1
precipitation_sum_current=1
wind_gust_max_current=1
temperature_max_3d=1
humidity_mean_3d=1
wind_gust_max_3d=1
rain_sum_7d=1

parameters:
[boosting: gbdt]
[objective: binary]
[metric: binary_logloss]
[tree_learner: serial]
[device_type: cpu]
[data_sample_strategy: bagging]
[data: ]
[valid: ]
[num_iterations: 29]
[learning_rate: 0.05]
[num_leaves: 15]
[num_threads: 8]
[seed: 42]
[deterministic: 0]
[force_col_wise: 0]
[force_row_wise: 0]
[histogram_pool_size: -1]
[max_depth: 4]
[min_data_in_leaf: 20]
[min_sum_hessian_in_leaf: 0.001]
[bagging_fraction: 0.9]
[pos_bagging_fraction: 1]
[neg_bagging_fraction: 1]
[bagging_freq: 1]
[bagging_seed: 400]
[bagging_by_query: 0]
[feature_fraction: 0.9]
[feature_fraction_bynode: 1]
[feature_fraction_seed: 30056]
[extra_trees: 0]
[extra_seed: 12879]
[early_stopping_round: 0]
[early_stopping_min_delta: 0]
[first_metric_only: 0]
[max_delta_step: 0]
[lambda_l1: 0]
[lambda_l2: 1]
[linear_lambda: 0]
[min_gain_to_split: 0]
[drop_rate: 0.1]
[max_drop: 50]
[skip_drop: 0.5]
[xgboost_dart_mode: 0]
[uniform_drop: 0]
[drop_seed: 17869]
[top_rate: 0.2]
[other_rate: 0.1]
[min_data_per_group: 100]
[max_cat_threshold: 32]
[cat_l2: 10]
[cat_smooth: 10]
[max_cat_to_onehot: 4]
[top_k: 20]
[monotone_constraints: ]
[monotone_constraints_method: basic]
[monotone_penalty: 0]
[feature_contri: ]
[forcedsplits_filename: ]
[refit_decay_rate: 0.9]
[cegb_tradeoff: 1]
[cegb_penalty_split: 0]
[cegb_penalty_feature_lazy: ]
[cegb_penalty_feature_coupled: ]
[path_smooth: 0]
[interaction_constraints: ]
[verbosity: -1]
[saved_feature_importance_type: 0]
[use_quantized_grad: 0]
[num_grad_quant_bins: 4]
[quant_train_renew_leaf: 0]
[stochastic_rounding: 1]
[linear_tree: 0]
[max_bin: 255]
[max_bin_by_feature: ]
[min_data_in_bin: 3]
[bin_construct_sample_cnt: 200000]
[data_random_seed: 175]
[is_enable_sparse: 1]
[enable_bundle: 1]
[use_missing: 1]
[zero_as_missing: 0]
[feature_pre_filter: 1]
[pre_partition: 0]
[two_round: 0]
[header: 0]
[label_column: ]
[weight_column: ]
[group_column: ]
[ignore_column: ]
[categorical_feature: 0,1,3]
[forcedbins_filename: ]
[precise_float_parser: 0]
[parser_config_file: ]
[objective_seed: 16083]
[num_class: 1]
[is_unbalance: 0]
[scale_pos_weight: 1]
[sigmoid: 1]
[boost_from_average: 1]
[reg_sqrt: 0]
[alpha: 0.9]
[fair_c: 1]
[poisson_max_delta_step: 0.7]
[tweedie_variance_power: 1.5]
[lambdarank_truncation_level: 30]
[lambdarank_norm: 1]
[label_gain: ]
[lambdarank_position_bias_regularization: 0]
[eval_at: ]
[multi_error_top_k: 1]
[auc_mu_weights: ]
[num_machines: 1]
[local_listen_port: 12400]
[time_out: 120]
[machine_list_filename: ]
[machines: ]
[gpu_platform_id: -1]
[gpu_device_id: -1]
[gpu_device_id_list: ]
[gpu_use_dp: 0]
[num_gpu: 1]

end of parameters

pandas_categorical:[]
