tree
version=v4
num_class=1
num_tree_per_iteration=1
label_index=0
max_feature_idx=44
objective=binary sigmoid:1
feature_names=age_group gender month season day_of_year_sin day_of_year_cos weather_code_current temperature_mean_current temperature_max_current temperature_min_current humidity_mean_current humidity_max_current humidity_min_current wind_speed_mean_current wind_speed_max_current precipitation_sum_current rain_sum_current wind_gust_max_current rain_day_current temperature_mean_3d temperature_max_3d temperature_min_3d humidity_mean_3d humidity_max_3d humidity_min_3d wind_speed_mean_3d wind_speed_max_3d precipitation_sum_3d rain_sum_3d rain_days_3d rain_max_daily_3d wind_gust_max_3d temperature_mean_7d temperature_max_7d temperature_min_7d humidity_mean_7d humidity_max_7d humidity_min_7d wind_speed_mean_7d wind_speed_max_7d precipitation_sum_7d rain_sum_7d rain_days_7d rain_max_daily_7d wind_gust_max_7d
feature_infos=-1:0:1:2:3:4:5 -1:0:1 [1:12] -1:1:0 [-0.99999942202469239:0.99998555065071859] [-0.99997919295908244:0.9999907524084426] [0:61] [23.658332999999999:32.533332999999999] [25.899999999999999:39.200000000000003] [17.899999999999999:29.300000000000001] [48.958333000000003:91.625] [63:100] [23:86] [2.8541669999999999:19.695833] [6.4000000000000004:30.100000000000001] [0:63.100000000000001] [0:63.100000000000001] [14:56.899999999999999] [0:1] [23.766667000000002:32.427778000000004] [27.699999999999999:39.200000000000003] [17.899999999999999:28.100000000000001] [52.569443999999997:90.694444000000004] [73:100] [23:79] [4.125:17.329167000000002] [9.6999999999999993:30.100000000000001] [0:93.900000000000006] [0:93.900000000000006] [0:3] [0:63.100000000000001] [17.300000000000001:56.899999999999999] [24.365476000000001:32.235118999999997] [28.699999999999999:39.200000000000003] [17.899999999999999:27.5] [55.767856999999999:89.523809999999997] [77:100] [23:72] [4.5327380000000002:15.469643] [11.6:30.100000000000001] [0:163.90000000000001] [0:163.90000000000001] [0:7] [0:63.100000000000001] [23:56.899999999999999]
tree_sizes=1678 1713 1697 1709 1707 1715 1734 1717 1725 1724 1723 1732 1713 1719 1726 1726 1719 1725 1715 1639 1727 1714 1716 1715 1716 1724 1711 1723 1721 1519 1735 1725 1729 1730 1530 1732 1735 1726 1731 1748 1728 1539 1522 1426 1731 1726 1106 1737 1522 1115 1110 1112 1113 1114 1122

Tree=0
num_leaves=15
num_cat=3
split_feature=0 0 36 34 44 0 26 33 25 37 5 2 32 43
split_gain=3133.53 477.908 221.516 144.638 121.204 98.483 77.1577 69.0185 43.9564 40.3246 33.0563 15.0025 12.772 5.05062
threshold=0 1 95.500000000000014 20.950000000000003 36.550000000000004 2 14.65 38.100000000000009 11.137500000000001 51.500000000000007 0.99445195900249039 2.5000000000000004 31.130655000000001 3.8500000000000001
decision_type=1 1 2 2 2 1 2 2 2 2 2 2 2 2
left_child=1 3 8 9 -4 7 -5 10 -3 -1 -2 13 -9 -7
right_child=5 2 4 6 -6 11 -8 12 -10 -11 -12 -13 -14 -15
leaf_value=-0.99836596022771606 -1.0000097091314653 -0.99343101658153654 -0.93820827416732355 -0.91386529439519903 -0.8967592769660071 -1.0060774230051628 -0.8506067423294621 -0.93540804318067683 -0.94817733677364457 -0.86883196738836932 -0.91852957381749289 -1.0289772576189469 -0.81384049869003572 -1.0295408058811013
leaf_weight=25.199816375970844 449.99672099947929 129.3990571051836 354.39741760492325 57.799578830599785 353.79742197692394 127.39907167851925 376.59725584089756 4.3999679386615735 90.399341285228729 6.7999504506587973 11.999912559986113 767.99440383911133 4.5999664813280106 33.599755167961121
leaf_count=126 2250 647 1772 289 1769 637 1883 22 452 34 60 3840 23 168
internal_value=-0.962596 -0.90975 -0.931367 -0.868445 -0.917438 -1.01523 -0.858893 -0.99438 -0.974839 -0.968837 -0.997803 -1.0253 -0.864627 -1.01136
internal_weight=2794.38 1394.39 927.993 466.397 708.195 1399.99 434.397 470.997 219.798 31.9998 461.997 928.993 8.99993 160.999
internal_count=13972 6972 4640 2332 3541 7000 2172 2355 1099 160 2310 4645 45 805
cat_boundaries=0 1 2 3
cat_threshold=7 1 8
is_linear=0
shrinkage=1


Tree=1
num_leaves=15
num_cat=3
split_feature=0 0 36 34 0 39 33 39 25 5 43 2 36 4
split_gain=2841.48 378.883 186.503 129.149 107.79 101.649 57.4553 49.6799 45.5792 34.6871 25.4826 12.7506 10.3397 6.46802
threshold=0 1 95.500000000000014 20.950000000000003 2 19.150000000000002 38.100000000000009 17.750000000000004 11.137500000000001 0.99445195900249039 0.95000000000000007 2.5000000000000004 98.500000000000014 0.90892735371523092
decision_type=1 1 2 2 1 2 2 2 2 2 2 2 2 2
left_child=1 3 8 10 6 -4 9 -5 -3 -2 -1 12 -6 -8
right_child=4 2 5 7 11 -7 13 -9 -10 -11 -12 -13 -14 -15
leaf_value=-0.050013000769041166 -0.034936386129007554 -0.029308649079242594 0.02154362905860982 0.061904133848134139 -0.053737670210424041 0.05945920695774877 0.12672669595106487 0.10343163623555973 0.017184738059385554 0.045354828456116762 0.033975454444312665 -0.065207954063385573 -0.015349130471049622 0.032679800316920068
leaf_weight=16.180022537708282 440.40874481201172 127.00195342302322 318.1224719285965 97.818171143531799 142.02558672428131 401.72035247087479 4.6500061601400358 351.71917743980885 88.760115623474121 13.048685073852537 18.062400236725807 738.61793661117554 21.114293813705444 4.068782240152359
leaf_count=82 2240 644 1569 471 726 1960 22 1680 441 64 90 3808 108 20
internal_value=0.000302683 0.0496366 0.0302253 0.0856704 -0.0510255 0.0427562 -0.029381 0.0945528 -0.0101912 -0.0325312 -0.0060033 -0.0616311 -0.048893 0.0907164
internal_weight=2783.32 1419.38 935.605 483.78 1363.93 719.843 462.176 449.537 215.762 453.457 34.2424 901.758 163.14 8.71879
internal_count=13925 6937 4614 2323 6988 3529 2346 2151 1085 2304 172 4642 834 42
cat_boundaries=0 1 2 3
cat_threshold=7 1 8
is_linear=0
shrinkage=0.05


Tree=2
num_leaves=15
num_cat=3
split_feature=0 0 2 0 34 38 43 38 33 5 40 2 32 9
split_gain=2581.36 338.368 165.444 104.609 101.529 57.7682 56.8536 50.23 49.709 29.989 29.5876 12.4153 7.30487 4.94697
threshold=0 1 5.5000000000000009 2 20.950000000000003 10.886607000000003 10.65 14.349107500000001 38.100000000000009 0.99445195900249039 1.1500000000000001 2.5000000000000004 31.130655000000001 22.550000000000004
decision_type=1 1 2 1 2 2 2 2 2 2 2 2 2 2
left_child=1 4 5 8 10 -3 -4 -6 9 -2 -1 13 -10 -5
right_child=3 2 6 11 7 -7 -8 -9 12 -11 -12 -13 -14 -15
leaf_value=-0.049396911260370074 -0.033785194848718135 -0.0058325587004855921 0.010215232129764183 -0.032773133488860927 0.088216311794004687 0.035451004252428218 0.05412477217664266 -0.061438276470767161 0.027019806299070082 0.039267779873518732 0.040704078428862006 -0.063969101876545906 0.12235410039097271 -0.053630417890785667
leaf_weight=16.389441162347794 433.63893795013428 321.30554103851318 89.291791021823883 47.226228654384613 466.93961533904076 113.98908427357674 436.60670714080334 5.0166518986225119 4.3343500792980176 13.715356707572935 18.143274217844009 726.66654561460018 4.4461178481578827 109.8549065887928
leaf_count=85 2242 1590 435 247 2155 560 2096 23 21 66 89 3867 20 575
internal_value=9.43107e-05 0.0457399 0.027571 -0.0498711 0.0789012 0.0050347 0.046703 0.086499 -0.028463 -0.0314629 -0.00224512 -0.0604348 0.082868 -0.0476067
internal_weight=2807.56 1467.68 961.193 1339.88 506.489 435.295 525.898 471.956 456.135 447.354 34.5327 883.748 8.78047 157.081
internal_count=14071 7033 4681 7038 2352 2150 2531 2178 2349 2308 174 4689 41 822
cat_boundaries=0 1 2 3
cat_threshold=7 1 8
is_linear=0
shrinkage=0.05


Tree=3
num_leaves=15
num_cat=3
split_feature=0 0 36 0 34 39 33 43 25 34 37 4 2 36
split_gain=2362.87 278.614 166.242 97.1191 87.1711 80.2923 56.4399 48.116 38.7154 26.2611 26.0024 11.5401 11.2486 12.1486
threshold=0 1 95.500000000000014 2 20.950000000000003 19.150000000000002 37.95000000000001 43.800000000000004 10.964583000000003 24.150000000000002 32.500000000000007 0.95242846126021108 2.5000000000000004 98.500000000000014
decision_type=1 1 2 1 2 2 2 2 2 2 2 2 2 2
left_child=1 4 8 6 10 -4 9 -6 -3 -2 -1 -8 13 -5
right_child=3 2 5 12 7 -7 11 -9 -10 -11 -12 -13 -14 -15
leaf_value=-0.055524822004739696 -0.023705916624184413 -0.030590652046295259 0.019459857914620588 -0.052421281797426604 0.081376143720218175 0.052394027868483621 0.115543609981951 -0.0348875148582296 0.011318157865247497 -0.050600820307469076 0.031128649130922309 0.016859920792522378 -0.06275747897176101 -0.01048200773284913
leaf_weight=13.304894998669623 311.00082141160965 119.827626734972 334.26781693100929 132.05097885429859 479.36184549331665 418.69476865231991 6.39474308490753 8.549074247479437 100.5708841085434 129.77802664041519 20.936519503593445 5.604955792427063 700.23982524871826 20.500276535749435
leaf_count=70 1628 616 1616 709 2146 1965 28 39 492 682 103 28 3850 108
internal_value=0.000127231 0.0428888 0.0263797 -0.0488057 0.0724848 0.0378185 -0.028134 0.0792718 -0.0115023 -0.0317212 -0.00316169 0.0742921 -0.059283 -0.0468903
internal_weight=2801.08 1495.51 973.361 1305.57 522.152 752.963 452.779 487.911 220.399 440.779 34.2414 11.9997 852.791 152.551
internal_count=14080 7047 4689 7033 2358 3581 2366 2185 1108 2310 173 56 4667 817
cat_boundaries=0 1 2 3
cat_threshold=7 1 8
is_linear=0
shrinkage=0.05


Tree=4
num_leaves=15
num_cat=3
split_feature=0 0 2 0 34 39 38 38 33 4 37 2 36 4
split_gain=2103.88 243.295 141.224 94.0821 82.683 55.6298 49.6504 42.3168 40.2656 27.7849 24.1466 14.8478 12.0593 10.481
threshold=0 1 5.5000000000000009 2 20.950000000000003 14.65 11.053273500000001 14.349107500000001 37.95000000000001 0.10837544681456417 32.500000000000007 2.5000000000000004 98.500000000000014 0.95242846126021108
decision_type=1 1 2 1 2 2 2 2 2 2 2 2 2 2
left_child=1 4 6 8 10 -4 -3 -6 9 -2 -1 12 -5 -10
right_child=3 2 5 11 7 -7 -8 -9 13 -11 -12 -13 -14 -15
leaf_value=-0.058097066951536186 -0.017187021167310575 -0.0061472941955814263 -0.01922131380212962 -0.049455262675816104 0.074401232421714217 0.04544209687951685 0.033561660115205637 -0.061908082823595167 0.10376436262538402 -0.04262704136353037 0.025679729534099444 -0.061990603382518356 -0.0077034037293437583 0.010879191326649374
leaf_weight=13.140039101243017 212.32857225835323 337.9611485004425 35.059720873832703 129.97859917581081 496.42754429578781 506.23329256474972 101.54242236912251 5.0520607084035865 5.6610189825296384 220.78081870079041 21.004692643880844 675.25749364495277 20.396397143602371 6.0647224187850952
leaf_count=71 1125 1667 168 717 2169 2354 489 23 24 1180 102 3839 108 30
internal_value=-0.00029548 0.0393425 0.0239106 -0.0475364 0.0665505 0.0412261 0.00308238 0.0729075 -0.0270982 -0.0302236 -0.00729612 -0.058047 -0.0438805 0.0603529
internal_weight=2786.89 1516.42 980.797 1270.47 535.624 541.293 439.504 501.48 444.835 433.109 34.1447 825.632 150.375 11.7257
internal_count=14066 7043 4678 7023 2365 2522 2156 2192 2359 2305 173 4664 825 54
cat_boundaries=0 1 2 3
cat_threshold=7 1 8
is_linear=0
shrinkage=0.05


Tree=5
num_leaves=15
num_cat=3
split_feature=0 0 36 0 34 34 33 34 39 5 37 2 36 4
split_gain=1943.95 216.644 146.841 89.7834 72.261 62.681 44.0597 43.8818 33.8148 28.4399 23.8351 12.9539 12.8167 10.0577
threshold=0 1 95.500000000000014 2 24.450000000000003 20.950000000000003 37.95000000000001 24.450000000000003 20.250000000000004 0.99445195900249039 51.500000000000007 2.5000000000000004 98.500000000000014 0.95242846126021108
decision_type=1 1 2 1 2 2 2 2 2 2 2 2 2 2
left_child=1 5 8 6 -4 10 9 -7 -3 -2 -1 12 -5 -8
right_child=3 2 4 11 -6 7 13 -9 -10 -11 -12 -13 -14 -15
leaf_value=-0.023815364413188395 -0.032012660494786717 -0.0527651396210728 0.041118245120133359 -0.049262795677740258 0.0024393754639183869 0.077082389060472933 0.10042757903305247 0.042575728515203283 -0.0031030988107213771 0.040693345808821994 0.072430213703589943 -0.060688121609784235 -0.0056970427611168087 0.013030577977423364
leaf_weight=26.639477416872978 409.75983847677708 41.440382748842239 620.07130914926529 128.20053781569004 150.05919197201729 383.28011704981327 6.4979726374149305 127.10569743812084 178.94827501475811 13.083185791969298 7.3843583464622489 649.35227845609188 19.743178635835648 6.4790132343769073
leaf_count=139 2222 217 2874 726 700 1641 27 546 894 63 34 3821 105 32
internal_value=0.000164304 0.0376036 0.023073 -0.0463603 0.0335946 0.0630606 -0.0262431 0.068589 -0.0126374 -0.0296724 -0.00145511 -0.05685 -0.0435262 0.0608471
internal_weight=2768.04 1534.93 990.519 1233.12 770.131 544.41 435.82 510.386 220.389 422.843 34.0238 797.296 147.944 12.977
internal_count=14041 7045 4685 6996 3574 2360 2344 2187 1111 2285 173 4652 831 59
cat_boundaries=0 1 2 3
cat_threshold=7 1 8
is_linear=0
shrinkage=0.05


Tree=6
num_leaves=15
num_cat=0
split_feature=36 34 39 26 34 8 34 43 5 36 25 31 34 32
split_gain=87.0042 100.227 71.9273 61.4023 47.6849 47.2412 47.047 38.8515 25.7921 21.5393 19.3973 12.4617 11.7892 11.1938
threshold=95.500000000000014 24.450000000000003 19.150000000000002 14.65 20.950000000000003 33.650000000000013 25.150000000000002 18.650000000000002 0.13185577213185917 93.500000000000014 11.137500000000001 37.250000000000007 20.950000000000003 27.340178500000004
decision_type=2 2 2 2 2 2 2 2 2 2 2 2 2 2
left_child=5 3 6 8 -5 12 -3 -4 -2 10 -7 -11 -1 -14
right_child=1 2 7 4 -6 9 -8 -9 -10 11 -12 -13 13 -15
leaf_value=-0.056928934129614674 -0.02673998442627536 -0.061293941720147009 -0.015735964657822208 -0.026501706933073882 0.016907523264184102 -0.014611851785622479 0.00012351934511269178 0.025250794605148359 0.001646854552212793 -0.0070748994885579605 0.0095154593561036158 -0.042724782730602123 0.00069538645937367201 -0.03535201264983738
leaf_weight=52.262550562620163 125.48986394703388 111.22082063555717 158.02003434300423 65.585939705371857 1315.6689763218164 146.28024092316628 43.172417551279068 89.850362181663513 217.51268754899502 43.806104406714439 190.77980338037014 56.04141665995121 26.277168840169907 117.4149461388588
leaf_count=289 637 578 805 340 6618 774 225 455 1112 231 972 294 137 616
internal_value=4.0769e-05 0.00488512 -0.01756 0.0101286 0.0148286 -0.0162191 -0.0442297 -0.000836941 -0.00878621 -0.00703629 -0.000967769 -0.0273094 -0.0365537 -0.0288007
internal_weight=2759.38 2126.52 402.264 1724.26 1381.25 632.862 154.393 247.87 343.003 436.908 337.06 99.8475 195.955 143.692
internal_count=14083 10770 2063 8707 6958 3313 803 1260 1749 2271 1746 525 1042 753
is_linear=0
shrinkage=0.05


Tree=7
num_leaves=15
num_cat=3
split_feature=0 0 4 0 44 39 33 34 31 5 39 44 21 32
split_gain=1761.3 207.671 118.029 90.6316 48.4918 45.3644 43.7552 43.6534 34.2806 28.5858 23.7283 7.77961 6.92465 8.66282
threshold=0 1 0.091259403071267911 2 49.150000000000006 14.850000000000003 37.95000000000001 20.700000000000006 46.250000000000007 0.99445195900249039 19.250000000000004 42.300000000000004 22.350000000000005 26.964285500000003
decision_type=1 1 2 1 2 2 2 2 2 2 2 2 2 2
left_child=1 7 5 6 -4 -3 9 10 -9 -2 -1 -8 13 -5
right_child=3 2 4 12 -6 -7 11 8 -10 -11 -12 -13 -14 -15
leaf_value=0.041198883689035799 -0.030858933535540634 -0.014226984765925398 0.00255082521032194 -0.053367232685282165 0.13718583507362661 0.043153967254451545 0.091675087548155926 0.067317725081715504 0.0094589827293257139 0.041413868921292368 -0.049819718189293795 0.010275042803017616 -0.05846817990336093 -0.020173422035885447
leaf_weight=14.408735916018488 406.35501275956631 36.840182796120644 504.71086841821671 63.139629051089287 5.7786360532045355 448.19302673637867 7.6623397916555387 489.78443509340286 27.384326845407486 13.323055505752562 12.37740211188793 4.8619402647018433 684.09564207494259 30.890369549393654
leaf_count=71 2241 175 2444 375 27 2025 32 2067 116 63 69 24 4139 178
internal_value=-0.000328718 0.0350481 0.0209295 -0.045234 0.00434009 0.0387754 -0.0250969 0.0599604 0.0642782 -0.0284716 -0.00113854 0.0631718 -0.0559133 -0.0427896
internal_weight=2749.81 1539.48 995.523 1210.33 510.49 485.033 432.202 543.955 517.169 419.678 26.7861 12.5243 778.126 94.03
internal_count=14046 6994 4671 7052 2471 2200 2360 2323 2183 2304 140 56 4692 553
cat_boundaries=0 1 2 3
cat_threshold=7 1 8
is_linear=0
shrinkage=0.05


Tree=8
num_leaves=15
num_cat=3
split_feature=0 0 36 0 39 34 39 39 20 34 43 2 36 43
split_gain=1627.41 162.786 123.153 87.2307 58.5092 41.8846 36.7 36.541 32.6885 23.2695 19.9714 12.8803 9.98007 5.28205
threshold=0 1 95.500000000000014 2 19.150000000000002 20.700000000000006 20.250000000000004 18.750000000000004 37.95000000000001 24.150000000000002 0.95000000000000007 2.5000000000000004 98.500000000000014 49.000000000000007
decision_type=1 1 2 1 2 2 2 2 2 2 2 2 2 2
left_child=1 5 6 8 -4 10 -3 -7 9 -2 -1 12 -5 -13
right_child=3 2 4 11 -6 7 -8 -9 -10 -11 -12 13 -14 -15
leaf_value=-0.046631587714875571 -0.01905696984958111 -0.054731979101607466 0.014694312638839638 -0.046642654455688555 0.042213787936564495 0.039492183676654961 -0.0023845937372525719 0.068098198742597524 0.069498406226707707 -0.044891918777320385 0.037560003439904732 -0.059500445333574493 -0.0071025766540462783 -0.016044542127520184
leaf_weight=13.349185049533846 289.94709791243076 40.235936552286148 346.12292276322842 122.97594712674618 440.55726379156113 169.19111786782742 178.61329944431782 362.26477661728859 8.0426778346300107 125.66241277754307 12.851359471678732 601.72243829071522 18.771805703639984 7.9618462175130835
leaf_count=76 1602 219 1612 742 1961 708 895 1505 35 711 61 3791 102 51
internal_value=-6.05787e-05 0.033265 0.0207129 -0.0442897 0.0301398 0.0550597 -0.012214 0.0590826 -0.0243925 -0.0269574 -0.00547298 -0.0549938 -0.0414928 -0.0589602
internal_weight=2738.27 1563.19 1005.53 1175.08 786.68 557.656 218.849 531.456 423.652 415.61 26.2005 751.432 141.748 609.684
internal_count=14071 7037 4687 7034 3573 2350 1114 2213 2348 2313 137 4686 844 3842
cat_boundaries=0 1 2 3
cat_threshold=7 1 8
is_linear=0
shrinkage=0.05


Tree=9
num_leaves=15
num_cat=3
split_feature=0 0 36 0 44 34 44 33 34 34 43 2 36 4
split_gain=1498.12 152.748 99.1096 81.1988 55.6617 38.3597 34.3702 33.1625 29.7893 22.4865 22.1717 12.2614 10.1237 7.63399
threshold=0 1 95.500000000000014 2 36.550000000000004 20.950000000000003 46.600000000000001 37.95000000000001 20.950000000000003 24.150000000000002 0.95000000000000007 2.5000000000000004 98.500000000000014 0.95242846126021108
decision_type=1 1 2 1 2 2 2 2 2 2 2 2 2 2
left_child=1 5 8 7 -4 10 -7 9 -3 -2 -1 12 -5 -9
right_child=3 2 4 11 -6 6 -8 13 -10 -11 -12 -13 -14 -15
leaf_value=-0.046186256648724916 -0.019669939025024487 -0.063243525092692973 0.013970009279988241 -0.046297924934914331 0.040319152885944266 0.060827123523689908 0.016324243666246057 0.086968742082651873 -0.0039073057367685409 -0.045764441253886928 0.034527401813404711 -0.05813733037946886 -0.0070994722173602772 0.011805192183077053
leaf_weight=13.510987058281897 284.83036422729492 22.752526894211769 389.07453347742558 115.76833555102348 415.92888236045837 474.65254294872284 48.710893303155899 6.1834079176187497 194.80247262120247 117.27285394072533 19.569547563791275 588.97302393615246 19.643677145242691 7.0689410865306854
leaf_count=79 1590 124 1796 718 1823 1952 202 25 989 685 91 3848 107 34
internal_value=-0.000143665 0.0313059 0.0193432 -0.0435955 0.0276172 0.0524881 0.0567241 -0.0241934 -0.0103738 -0.027375 0.00117383 -0.0541922 -0.0407053 0.0505171
internal_weight=2718.74 1579 1022.56 1139.74 805.003 556.444 523.363 415.356 217.555 402.103 33.0805 724.385 135.412 13.2523
internal_count=14063 7056 4732 7007 3619 2324 2154 2334 1113 2275 170 4673 825 59
cat_boundaries=0 1 2 3
cat_threshold=7 1 8
is_linear=0
shrinkage=0.05


Tree=10
num_leaves=15
num_cat=3
split_feature=0 0 34 34 0 4 4 5 43 33 34 2 36 4
split_gain=1358.95 153.654 106.489 100.748 84.4771 42.3379 48.4796 38.0015 34.3544 29.1466 25.633 11.9903 8.8018 7.1035
threshold=0 1 20.700000000000006 24.450000000000003 2 0.091259403071267911 -0.70291267844185523 0.99681593486783593 2.1500000000000008 37.95000000000001 24.150000000000002 2.5000000000000004 98.500000000000014 0.95242846126021108
decision_type=1 1 2 2 1 2 2 2 2 2 2 2 2 2
left_child=1 2 7 -4 9 6 -3 -1 -7 10 -2 12 -6 -11
right_child=4 5 3 -5 11 8 -8 -9 -10 13 -12 -13 -14 -15
leaf_value=-0.040628931340672234 -0.017598743791027074 -0.0028086274809643523 0.053206611711112101 0.016555391554579343 -0.045246208939299537 0.014484584906108417 0.041459639992552394 0.085451333381163938 -0.02209688373526239 0.082776481424553516 -0.045955583055402288 -0.057433949730330683 -0.0081546678172695636 0.0095450391515247458
leaf_weight=50.083674341440201 283.47588215768337 112.99581311643124 770.17519223690033 249.28318883478642 112.42374160885811 106.91135050356388 135.30795864760876 5.8229412585496894 157.6136769503355 6.2147807031869871 111.29332019388676 566.87073220312595 19.197977125644684 6.6673422306776047
leaf_count=260 1598 495 3311 1095 717 528 599 28 742 25 667 3842 105 32
internal_value=-0.000124766 0.0294348 0.04021 0.0442695 -0.042437 0.00647023 0.021384 -0.0262262 -0.00731312 -0.0226836 -0.025689 -0.053435 -0.0399384 0.0482923
internal_weight=2694.34 1588.19 1075.36 1019.46 1106.14 512.829 248.304 55.9066 264.525 407.651 394.769 698.492 131.622 12.8821
internal_count=14044 7058 4694 4406 6986 2364 1094 288 1270 2322 2265 4664 822 57
cat_boundaries=0 1 2 3
cat_threshold=7 5 8
is_linear=0
shrinkage=0.05


Tree=11
num_leaves=15
num_cat=3
split_feature=0 0 40 20 0 39 4 4 33 43 34 2 36 43
split_gain=1226.06 129.688 98.811 94.6591 85.0705 74.9348 43.2213 40.3051 29.9449 29.1464 20.4627 13.7143 7.17153 5.8654
threshold=0 1 35.20000000000001 33.350000000000001 2 17.650000000000002 0.091259403071267911 -0.70291267844185523 38.100000000000009 2.1500000000000008 24.150000000000002 2.5000000000000004 98.500000000000014 49.000000000000007
decision_type=1 1 2 2 1 2 2 2 2 2 2 2 2 2
left_child=1 2 3 -1 8 -4 7 -3 10 -8 -2 12 -6 -13
right_child=4 6 5 -5 11 -7 9 -9 -10 -11 -12 13 -14 -15
leaf_value=-0.0077846018645076169 -0.017047827256755747 -0.0011054070225971749 0.017799255278904851 0.03754949179439012 -0.043030690674606596 0.061216339171046311 0.012364723421205488 0.039026163466461851 0.058179494275190896 -0.021922630649312016 -0.042264894045940457 -0.057397690799521894 -0.0098116244603950534 -0.010258995169255223
leaf_weight=179.81241609156132 281.71257804334164 113.83082561194897 128.73805212974548 317.7197730243206 110.14659370481968 450.75138436257839 102.65853491425514 137.77119596302509 10.375678479671476 153.50743147730827 113.27255925536156 542.64187833666801 19.841896831989288 7.1694418638944617
leaf_count=811 1603 499 555 1408 722 1885 504 603 44 728 695 3818 109 50
internal_value=-0.000582203 0.0273891 0.0372456 0.0211826 -0.0412917 0.0516182 0.00613622 0.0209372 -0.0215859 -0.00818732 -0.024368 -0.0525113 -0.0380736 -0.0568028
internal_weight=2669.95 1584.79 1077.02 497.532 1085.16 579.489 507.768 251.602 405.361 256.166 394.985 679.8 129.988 549.811
internal_count=14034 6993 4659 2219 7041 2440 2334 1102 2342 1232 2298 4699 831 3868
cat_boundaries=0 1 2 3
cat_threshold=7 5 8
is_linear=0
shrinkage=0.05


Tree=12
num_leaves=15
num_cat=3
split_feature=0 0 36 0 39 26 34 13 20 5 35 2 36 34
split_gain=1123.29 123.634 80.353 79.0948 49.2575 35.0111 37.4144 29.0452 26.4883 25.0874 23.5539 14.7602 10.6337 3.78622
threshold=0 1 95.500000000000014 2 19.750000000000004 14.65 20.350000000000005 10.366666500000003 37.95000000000001 0.13185577213185917 85.122024000000025 2.5000000000000004 98.500000000000014 24.950000000000003
decision_type=1 1 2 1 2 2 2 2 2 2 2 2 2 2
left_child=1 5 7 8 -4 9 -7 -3 10 -1 -2 12 -5 -13
right_child=3 2 4 11 -6 6 -8 -9 -10 -11 -12 13 -14 -15
leaf_value=-0.01201018575086979 -0.033055854803715833 -0.030864998833695995 0.010662182352333523 -0.042599385101973149 0.035343720788350928 -0.035813821158471058 0.053034306281168335 0.0053634175418716418 0.060303177465415615 0.041602210335507733 -0.0074728890045127581 -0.058075600679856967 -0.0027252988702737724 -0.044701859995669148
leaf_weight=41.29247260093689 243.92624747753143 100.4834841042757 412.63461598753929 107.77277708053589 397.64140926301479 11.498261764645575 471.00411681830883 121.08893485367298 8.7028052657842618 44.453378736972809 143.34738041460514 438.22176294028759 19.925301775336266 82.903166279196739
leaf_count=170 1443 535 1866 726 1703 68 1909 586 37 189 840 3198 110 609
internal_value=-0.000207544 0.026063 0.0153639 -0.040291 0.0228032 0.0448302 0.0508473 -0.0111311 -0.0211065 0.0159434 -0.0236301 -0.0514522 -0.0364472 -0.0560377
internal_weight=2644.9 1600.1 1031.85 1044.8 810.276 568.248 482.502 221.572 395.976 85.7459 387.274 648.823 127.698 521.125
internal_count=13989 7026 4690 6963 3569 2336 1977 1121 2320 359 2283 4643 836 3807
cat_boundaries=0 1 2 3
cat_threshold=7 1 8
is_linear=0
shrinkage=0.05


Tree=13
num_leaves=15
num_cat=3
split_feature=0 0 0 36 26 34 38 39 5 32 33 20 24 36
split_gain=1063.81 109.985 77.0966 76.5329 45.9421 36.6586 32.438 27.668 27.5324 36.8415 27.7331 18.1066 6.56598 14.6044
threshold=0 1 2 95.500000000000014 15.450000000000001 21.250000000000004 14.349107500000001 20.250000000000004 0.99445195900249039 26.971428500000005 37.95000000000001 33.45000000000001 34.500000000000007 98.500000000000014
decision_type=1 1 1 2 2 2 2 2 2 2 2 2 2 2
left_child=1 5 8 7 -5 11 -7 -3 10 -10 -2 -1 13 -4
right_child=2 3 12 4 -6 6 -8 -9 9 -11 -12 -13 -14 -15
leaf_value=-0.017617232518731443 -0.026162138906926397 -0.049955477696265099 -0.044600440546926155 0.0025202023089178002 0.029462345690231817 0.048874295058642443 -0.066507548261381291 -0.0027610468848529722 -0.057463663763611221 0.10852275813078205 0.045812177041963144 0.049611527491618838 -0.053818731005577193 0.022156253489179965
leaf_weight=34.204085409641266 374.0389429628849 36.477878347039223 90.712292939424515 214.37372535467148 605.30461505055428 518.86366955935955 5.3374459594488135 182.01934802532196 4.5089801698923102 8.0498675107955915 12.994890838861464 12.99857375025749 531.37331035733223 8.4009615629911405
leaf_count=169 2253 206 657 964 2624 2090 23 906 22 39 57 60 3966 50
internal_value=1.9032e-05 0.0253546 -0.0394196 0.0152771 0.0224277 0.0430299 0.0475751 -0.0108318 -0.0207143 0.0490861 -0.0236337 0.00154124 -0.0507162 -0.0387773
internal_weight=2639.66 1609.58 1030.08 1038.18 819.678 571.404 524.201 218.497 399.593 12.5588 387.034 47.2027 630.487 99.1133
internal_count=14086 7042 7044 4700 3588 2342 2113 1112 2371 61 2310 229 4673 707
cat_boundaries=0 1 2 3
cat_threshold=7 1 8
is_linear=0
shrinkage=0.05


Tree=14
num_leaves=15
num_cat=3
split_feature=0 0 0 40 8 39 4 5 43 32 35 2 43 34
split_gain=942.312 108.423 84.0963 80.0344 74.6556 65.1866 34.9266 29.4301 25.2441 21.2493 21.3181 14.482 7.09751 3.26089
threshold=0 1 2 35.20000000000001 33.150000000000013 17.650000000000002 0.091259403071267911 0.73136292505298039 2.1500000000000008 31.001190500000003 85.122024000000025 2.5000000000000004 3.8500000000000001 24.950000000000003
decision_type=1 1 1 2 2 2 2 2 2 2 2 2 2 2
left_child=1 3 9 4 -1 -5 7 -3 -8 10 -2 12 -4 -13
right_child=2 6 11 5 -6 -7 8 -9 -10 -11 -12 13 -14 -15
leaf_value=-0.0041688945967201631 -0.030110979560485852 0.008100895213315638 -0.028259131876393308 0.01373328042958614 0.034441960336609907 0.053676938905878914 0.009989608012356925 0.048902883407954921 -0.021696449618655727 0.05614342866767235 -0.0055914450112328103 -0.056930425847176475 -0.058451493755728758 -0.043827555024038858
leaf_weight=219.64697064459324 236.29432946443558 200.7111506909132 95.726409718394279 132.02247317135334 289.53342914581299 463.34126783907413 105.08869376778603 55.882852301001549 153.7248487174511 8.2229284942150098 142.37336173653603 409.46756215393543 25.499066516757011 76.294160358607769
leaf_count=982 1441 862 660 561 1265 1905 515 244 729 37 850 3224 178 599
internal_value=-0.000195241 0.0232726 -0.0382803 0.032126 0.0178107 0.0448573 0.0040246 0.0171424 -0.00884171 -0.018671 -0.020931 -0.0502244 -0.0350362 -0.0549667
internal_weight=2613.83 1619.95 993.878 1104.54 509.18 595.364 515.408 256.594 258.814 386.891 378.668 606.987 121.225 485.762
internal_count=14052 7063 6989 4713 2247 2466 2350 1106 1244 2328 2291 4661 838 3823
cat_boundaries=0 1 2 3
cat_threshold=7 5 8
is_linear=0
shrinkage=0.05


Tree=15
num_leaves=15
num_cat=3
split_feature=0 0 0 40 20 39 4 4 33 43 34 2 36 4
split_gain=873.516 95.9781 75.8259 73.4214 73.3504 54.8328 26.4237 36.1298 26.0773 25.6366 22.595 15.3834 7.83802 6.1432
threshold=0 1 2 35.20000000000001 33.350000000000001 17.650000000000002 0.091259403071267911 -0.70291267844185523 37.95000000000001 2.1500000000000008 24.150000000000002 2.5000000000000004 97.500000000000014 0.95242846126021108
decision_type=1 1 1 2 2 2 2 2 2 2 2 2 2 2
left_child=1 3 8 4 -1 -5 7 -3 10 -8 -2 12 -4 -10
right_child=2 6 11 5 -6 -7 9 -9 13 -11 -12 -13 -14 -15
leaf_value=-0.0092784754795506071 -0.014362603891080955 -0.0060207831487152077 -0.042463095740231709 0.013516747272941818 0.030373527999082786 0.050283772297737797 0.01102904168239599 0.031598961322723843 0.078673795930640417 -0.021002151590869402 -0.041522889015152435 -0.054402391474514138 -0.014433200325757274 0.011104487465539745
leaf_weight=180.54639790952206 267.75276805460453 114.43123322725296 80.698016032576561 130.94588795304298 326.49083542823792 462.78720436990261 105.69339475035667 142.53173869848251 6.3823445141315442 150.0425118803978 107.39682839810848 474.09670364111662 37.945656135678291 6.8861196637153625
leaf_count=812 1597 495 593 556 1418 1892 514 607 26 717 709 3880 246 32
internal_value=-0.000908538 0.021676 -0.0378672 0.0300125 0.0162637 0.0422113 0.00352297 0.0148877 -0.0192594 -0.00777255 -0.0222277 -0.0494876 -0.0336939 0.0468423
internal_weight=2594.63 1613.47 981.158 1100.77 507.037 593.733 512.699 256.963 388.418 255.736 375.15 592.74 118.644 13.2685
internal_count=14094 7011 7083 4678 2230 2448 2333 1102 2364 1231 2306 4719 839 58
cat_boundaries=0 1 2 3
cat_threshold=7 5 8
is_linear=0
shrinkage=0.05


Tree=16
num_leaves=15
num_cat=3
split_feature=0 0 0 34 34 43 26 31 32 35 34 2 36 43
split_gain=807.766 92.4083 71.8213 67.4453 62.5307 44.6707 26.3673 27.0723 19.8798 21.2121 18.3205 16.7826 8.93905 4.80008
threshold=0 1 2 24.450000000000003 22.950000000000003 18.650000000000002 14.65 46.250000000000007 31.001190500000003 85.122024000000025 23.450000000000003 2.5000000000000004 98.500000000000014 49.000000000000007
decision_type=1 1 1 2 2 2 2 2 2 2 2 2 2 2
left_child=1 6 8 4 -3 -5 10 -8 9 -2 -1 12 -4 -13
right_child=2 3 11 5 -6 -7 7 -9 -10 -11 -12 13 -14 -15
leaf_value=0.033000375024838137 -0.030322574569759717 -0.0012877032400032096 -0.037968441441135509 -0.02408899566364717 0.02818194434371743 0.025927976971075264 0.044803150540440616 -0.0046847406987240844 0.049618080227431638 -0.0057266353354120609 -0.013976338404115503 -0.054389084268025384 -0.00024423923368589137 -0.008465014265299815
leaf_weight=43.201545804738998 233.26566226780415 266.75429658591747 97.29671549052 178.25760306417942 551.97115164995193 58.539641514420509 464.19483530521393 29.189816653728485 9.2868443727493268 140.95585012435913 38.319208458065987 447.00533580034971 18.704413190484047 6.1714914143085471
leaf_count=183 1467 1247 730 831 2387 259 1891 118 42 855 156 3807 108 50
internal_value=-0.000578857 0.0207591 -0.0369107 0.0116872 0.0185904 -0.0116671 0.0368829 0.0418718 -0.0187729 -0.0210981 0.011017 -0.0485442 -0.0319397 -0.0537837
internal_weight=2583.11 1630.43 952.686 1055.52 818.725 236.797 574.905 493.385 383.508 374.222 81.5208 569.178 116.001 453.177
internal_count=14131 7072 7059 4724 3634 1090 2348 2009 2364 2322 339 4695 838 3857
cat_boundaries=0 1 2 3
cat_threshold=7 1 8
is_linear=0
shrinkage=0.05


Tree=17
num_leaves=15
num_cat=3
split_feature=0 0 0 43 8 39 36 40 33 5 7 33 2 36
split_gain=726.562 79.8343 77.6494 66.1278 61.72 55.8963 31.0383 50.8785 23.5153 20.7892 24.6797 19.8125 15.6077 7.52544
threshold=0 1 2 14.350000000000003 33.150000000000013 17.650000000000002 95.500000000000014 14.050000000000002 38.800000000000004 0.99445195900249039 27.468750000000004 37.95000000000001 2.5000000000000004 98.500000000000014
decision_type=1 1 1 2 2 2 2 2 2 2 2 2 2 2
left_child=1 3 9 4 -1 -5 8 -8 -3 11 -11 -2 13 -4
right_child=2 6 12 5 -6 -7 7 -9 -10 10 -12 -13 -14 -15
leaf_value=-0.0020624843986537093 -0.021681608732193464 -0.024888414814631794 -0.037244565686392665 0.011643235621261421 0.031129819531762276 0.049220144636717311 0.043591592812179517 0.00062174266106883357 0.088496022924068427 -0.024748775080927765 0.10884034800296605 0.038430219270634711 -0.052994529113645578 -0.0022709112818011671
leaf_weight=263.48138308525085 347.70634597539902 105.36617746949196 93.329657226800919 131.47243891656399 297.68470957875252 408.66074213385582 86.364546373486519 325.88149908185005 3.8124548792839041 6.1836431920528394 6.0612164437770844 13.380467817187307 437.00559826940298 18.539073675870895
leaf_count=1160 2209 548 719 554 1283 1663 381 1422 18 31 29 59 3869 107
internal_value=-0.000368422 0.0197394 -0.035562 0.0273834 0.0155693 0.0401121 0.00336234 0.00970752 -0.0201618 -0.0166968 0.0446029 -0.0193541 -0.0478135 -0.0315201
internal_weight=2544.93 1622.72 922.206 1101.3 561.166 540.133 521.425 412.246 109.179 373.332 12.2449 361.087 548.874 111.869
internal_count=14052 7029 7023 4660 2443 2217 2369 1803 566 2328 60 2268 4695 826
cat_boundaries=0 1 2 3
cat_threshold=7 5 8
is_linear=0
shrinkage=0.05


Tree=18
num_leaves=15
num_cat=3
split_feature=0 0 0 36 39 26 21 39 33 25 21 2 36 43
split_gain=681.54 73.2607 66.8294 58.0859 33.4025 26.45 29.0315 25.9508 21.0206 23.3669 19.5201 15.0432 11.9316 6.7362
threshold=0 1 2 95.500000000000014 14.850000000000003 14.65 20.950000000000003 20.250000000000004 37.95000000000001 8.4715280000000011 23.950000000000003 2.5000000000000004 98.500000000000014 49.000000000000007
decision_type=1 1 1 2 2 2 2 2 2 2 2 2 2 2
left_child=2 8 5 7 -5 10 -7 -4 9 -2 -1 12 -3 -13
right_child=1 11 3 4 -6 6 -8 -9 -10 -11 -12 13 -14 -15
leaf_value=0.02463633885530889 -0.0083325304407531383 -0.038724035794022116 -0.048728899918537627 -0.019524144468837424 0.020112169993730902 -0.032524013299344727 0.039923203390739057 -0.0035751666391223343 0.044348018760205013 -0.034307395520836621 -0.024858827976334583 -0.053187462998383617 0.0039191635596304382 1.3491192298170912e-05
leaf_weight=57.170109152793884 206.61938247084618 91.892003044486046 37.649934485554695 56.305628702044487 771.03739579021931 13.531898140907286 474.09434653818607 181.17104189097881 12.543946325778959 149.14584337174892 29.350888013839722 413.30980756133795 19.71071794629097 6.0361725762486449
leaf_count=239 1291 727 217 262 3289 75 1914 890 55 979 120 3811 114 51
internal_value=-0.000311569 -0.0349708 0.019032 0.0112318 0.0173944 0.0327666 0.0378503 -0.0115306 -0.0165576 -0.0192875 0.00775369 -0.0471483 -0.0312247 -0.0524235
internal_weight=2519.57 899.258 1620.31 1046.16 827.343 574.147 487.626 218.821 368.309 355.765 86.521 530.949 111.603 419.346
internal_count=14034 7028 7006 4658 3551 2348 1989 1107 2325 2270 359 4703 841 3862
cat_boundaries=0 1 2 3
cat_threshold=7 8 1
is_linear=0
shrinkage=0.05


Tree=19
num_leaves=14
num_cat=0
split_feature=34 34 34 39 5 31 5 5 44 33 38 19 4
split_gain=54.4061 69.1525 64.5477 65.5427 43.0381 56.7472 41.5452 40.9215 28.766 9.43049 3.98737 2.25276 0.97172
threshold=20.950000000000003 24.450000000000003 25.150000000000002 19.150000000000002 -0.62587551141915865 27.550000000000001 -0.80417042486635371 0.99445195900249039 33.650000000000006 32.750000000000007 6.1437500000000016 28.059722000000004 0.7090011537757156
decision_type=2 2 2 2 2 2 2 2 2 2 2 2 2
left_child=8 4 3 -3 5 -2 -4 -6 9 10 -1 12 -10
right_child=1 2 6 -5 7 -7 -8 -9 11 -11 -12 -13 -14
leaf_value=0.019669160765723316 -0.042150745313977084 -0.061463546952273018 0.053316841074061573 -0.012769333921846815 0.00060475615585237682 0.025122931642942731 -0.0025801834597985566 0.046819192767551601 -0.059823507891930743 -0.055723703750137882 -0.0090865582944675057 -0.015963719928583121 -0.041222078884575214
leaf_weight=13.183371432125567 32.954726509749889 97.447013102471828 39.537031158804893 234.40020637214184 1263.5854217708111 422.89798904210329 184.26326463371515 48.788665100932121 41.822330556809902 9.1369325518608075 80.631124429404736 5.2407295629382125 22.843664281070232
leaf_count=76 183 583 226 1336 7016 2316 1057 254 272 54 453 32 150
internal_value=0.00010759 0.00212513 -0.0132463 -0.0272101 0.0069602 0.0201779 0.00748795 0.00235716 -0.0268721 -0.00988576 -0.0048808 -0.0513956 -0.0539803
internal_weight=2496.73 2323.87 555.648 331.847 1768.23 455.853 223.8 1312.37 172.858 102.951 93.8145 69.9067 64.666
internal_count=14008 12971 3202 1919 9769 2499 1283 7270 1037 583 529 454 422
is_linear=0
shrinkage=0.05


Tree=20
num_leaves=15
num_cat=3
split_feature=0 0 0 36 38 34 38 34 2 5 32 35 36 34
split_gain=623.236 76.9985 68.6551 49.6899 36.7493 26.0998 25.2281 25.7217 17.5613 17.2448 24.0403 21.9423 9.29736 5.04285
threshold=0 1 2 95.500000000000014 11.015178500000001 20.950000000000003 14.349107500000001 21.450000000000003 2.5000000000000004 0.99445195900249039 26.971428500000005 85.122024000000025 97.500000000000014 24.950000000000003
decision_type=1 1 1 2 2 2 2 2 2 2 2 2 2 2
left_child=2 9 6 5 -5 -4 7 -1 12 11 -11 -2 -3 -10
right_child=1 8 3 4 -6 -7 -8 -9 13 10 -12 -13 -14 -15
leaf_value=0.0025970329555714718 -0.027594022101667039 -0.039450617687025784 -0.060961552282644951 0.012625090884081053 0.047617538595527642 -0.0047108655554640184 -0.068463119833355457 0.037525307172371229 -0.055053556072810123 -0.053473443989942596 0.08342394996326416 -0.0019431903888424537 -0.00793323479793504 -0.038255428544183651
leaf_weight=58.998615562915802 213.71904192864895 71.327076219022274 22.088896572589874 766.32875724136829 82.42183193564415 195.16630251705647 5.1902873218059531 505.91316141188145 335.40418985486031 3.9681081622838965 8.701534152030943 136.55466161668301 35.474460296332836 63.90741840749979
leaf_count=276 1409 589 132 3294 338 977 22 2040 3219 21 40 848 240 605
internal_value=0.000114828 -0.0338553 0.0182638 0.0105183 0.0160752 -0.0106831 0.0322733 0.0338885 -0.0466939 -0.0151054 0.0397727 -0.017628 -0.0291527 -0.0524674
internal_weight=2505.16 869.056 1636.11 1066.01 848.751 217.255 570.102 564.912 506.113 362.943 12.6696 350.274 106.802 399.312
internal_count=14050 6971 7079 4741 3632 1109 2338 2316 4653 2318 61 2257 829 3824
cat_boundaries=0 1 2 3
cat_threshold=7 8 1
is_linear=0
shrinkage=0.05


Tree=21
num_leaves=15
num_cat=4
split_feature=0 34 34 0 39 34 0 43 39 2 0 5 19 35
split_gain=578.698 66.9065 73.5463 66.5738 66.3407 66.809 59.535 50.7668 33.0549 16.4584 26.7107 15.8552 24.2972 15.9632
threshold=0 24.450000000000003 20.850000000000005 1 19.050000000000004 25.150000000000002 2 18.650000000000002 19.250000000000004 2.5000000000000004 3 0.99445195900249039 26.788194500000007 85.122024000000025
decision_type=1 2 2 1 2 2 1 2 2 2 1 2 2 2
left_child=1 2 8 11 5 -3 -4 -6 -1 10 -5 13 -13 -2
right_child=3 4 6 9 7 -7 -8 -9 -10 -11 -12 12 -14 -15
leaf_value=0.010375427261005488 -0.026809167669419761 -0.064569711655246262 0.033715488387802799 0.0013622994156204035 -0.00035528509552931661 0.031228169643575832 0.0087797359058945125 0.051914307138661658 -0.047254327102633865 -0.051437917086697919 -0.049058232783510805 -0.053816134365068095 0.080835945985156962 -0.0049335309243152374
leaf_weight=48.627985030412674 216.98917432129383 65.639929309487343 799.65557895600796 52.596620455384254 223.60266962647438 24.342375203967094 376.10608085989952 57.6309984177351 49.327058926224709 384.07058663666248 53.178464226424694 4.2629546076059333 8.7415801584720594 135.93081748485565
leaf_count=229 1455 303 3318 416 991 107 1661 237 266 3829 420 23 39 845
internal_value=-0.000225827 0.0171019 0.0226459 -0.0333243 -0.00147102 -0.0385957 0.0261143 0.0105019 -0.0188294 -0.0456609 -0.0286756 -0.0159592 0.0360053 -0.0184213
internal_weight=2500.7 1644.93 1273.72 855.77 371.216 89.9823 1175.76 281.234 97.955 489.846 105.775 365.925 13.0045 352.92
internal_count=14139 7112 5474 7027 1638 410 4979 1228 495 4665 836 2362 62 2300
cat_boundaries=0 1 2 3 4
cat_threshold=7 8 5 32
is_linear=0
shrinkage=0.05


Tree=22
num_leaves=15
num_cat=4
split_feature=0 0 0 34 34 5 4 4 40 5 32 33 2 0
split_gain=522.576 75.5255 64.1123 46.1344 58.4335 28.3981 24.3232 34.2784 24.9371 17.0692 24.2477 18.2368 14.317 22.0713
threshold=0 1 2 20.700000000000006 24.450000000000003 0.99803555425430601 0.091259403071267911 -0.70291267844185523 3.7000000000000006 0.99249573635719013 26.971428500000005 37.95000000000001 2.5000000000000004 3
decision_type=1 1 1 2 2 2 2 2 2 2 2 2 2 1
left_child=2 9 3 5 -5 -1 7 -4 -8 11 -11 -2 13 -3
right_child=1 12 6 4 -6 -7 8 -9 -10 10 -12 -13 -14 -15
leaf_value=-0.034275830117298518 -0.018660358046185065 -0.0011885257495086853 -0.0076590308702966367 0.032335444368740363 0.0047032671466074906 0.074517220999500575 0.0092622988687615353 0.028714259785851261 -0.022300869784920546 -0.053009707269613716 0.075329008297639943 0.041520320768914584 -0.050935102741810949 -0.048380425538430992
leaf_weight=48.255260482430458 334.60572908073664 52.82348807156086 116.81153540313244 797.54785814881325 252.10566702485085 5.8789991289377204 106.10579660534859 143.45261971652508 150.0201323479414 4.5346121937036505 10.680075734853743 12.159420385956762 370.33241967111826 51.549032710492611
leaf_count=258 2231 418 498 3307 1075 27 521 599 719 26 48 53 3843 423
internal_value=-0.000178888 -0.0320232 0.0163721 0.0231759 0.0257095 -0.0213236 0.00164905 0.0124224 -0.00923996 -0.0137532 0.0361685 -0.0164368 -0.0453276 -0.0294385
internal_weight=2456.86 836.685 1620.18 1103.79 1049.65 54.1343 516.39 260.264 256.126 361.98 15.2147 346.765 474.705 104.373
internal_count=14046 7042 7004 4667 4382 285 2337 1097 1240 2358 74 2284 4684 841
cat_boundaries=0 1 2 3 4
cat_threshold=7 8 5 32
is_linear=0
shrinkage=0.05


Tree=23
num_leaves=15
num_cat=4
split_feature=0 0 0 34 34 43 32 34 5 19 35 2 0 43
split_gain=496.674 70.517 58.854 46.6968 48.2876 36.2869 28.6611 42.062 16.731 21.8224 14.6889 13.5812 19.985 7.45408
threshold=0 1 2 24.450000000000003 22.950000000000003 18.650000000000002 29.736309500000004 24.550000000000004 0.99445195900249039 27.086805500000001 85.122024000000025 2.5000000000000004 3 49.000000000000007
decision_type=1 1 1 2 2 2 2 2 2 2 2 2 1 2
left_child=2 8 6 4 -4 -5 7 -1 10 -10 -2 12 -3 -13
right_child=1 11 3 5 -6 -7 -8 -9 9 -11 -12 13 -14 -15
leaf_value=0.032332093365143977 -0.024833638492250936 -0.0016195582630621208 -0.003094873576986467 -0.022642095854104444 0.022692257357451871 0.022367587750036142 0.073513081061548274 -0.0070798959564081559 -0.039082329944494051 0.085278646646470863 -0.0036732762204309947 -0.051350599860084493 -0.047632791166333815 0.0066002660233943954
leaf_weight=452.24398835003376 206.66544669866562 51.547395847737789 268.08267259597778 171.90925119817257 559.92521443963051 59.537761121988297 33.893814131617546 79.206847384572029 4.9553020447492591 8.2302357852458936 136.19891728460789 352.2470623254776 48.718785911798477 5.4195446893572798
leaf_count=1876 1425 408 1245 813 2370 260 136 322 27 35 858 3810 412 52
internal_value=-6.68305e-05 -0.0316972 0.0158862 0.00872053 0.0143495 -0.0110173 0.0288918 0.0264559 -0.0139127 0.0390817 -0.0164631 -0.0448741 -0.0290904 -0.0504565
internal_weight=2438.78 813.983 1624.8 1059.45 828.008 231.447 565.345 531.451 356.05 13.1855 342.864 457.933 100.266 357.667
internal_count=14049 7027 7022 4688 3615 1073 2334 2198 2345 62 2283 4682 820 3862
cat_boundaries=0 1 2 3 4
cat_threshold=7 8 1 32
is_linear=0
shrinkage=0.05


Tree=24
num_leaves=15
num_cat=4
split_feature=0 0 0 36 26 44 41 37 39 20 25 2 0 34
split_gain=454.538 60.5542 56.2939 44.2866 33.7716 26.8368 26.4148 25.1484 24.8632 16.1953 17.7471 15.9143 22.635 8.57372
threshold=0 1 2 95.500000000000014 15.450000000000001 46.600000000000001 66.450000000000017 26.500000000000004 19.550000000000004 37.95000000000001 8.4715280000000011 2.5000000000000004 3 24.950000000000003
decision_type=1 1 1 2 2 2 2 2 2 2 2 2 1 2
left_child=2 9 5 7 -5 8 -7 -4 -1 10 -2 12 -3 -13
right_child=1 11 3 4 -6 6 -8 -9 -10 -11 -12 13 -14 -15
leaf_value=0.018816155054273934 -0.006773601402195073 0.00032368503366905543 0.022895583083415653 -0.0040249428586710467 0.018781979424978352 -0.037204391548723723 0.034955731626849694 -0.020441463477651176 0.040945084823883274 0.050218514998126865 -0.029771838761235059 -0.053344763634039408 -0.047082988399009706 -0.030876073640356733
leaf_weight=230.63051652908325 197.66758266836405 53.67618428170681 40.375074982643127 217.64388552308083 633.9200796186924 29.186587065458298 20.897891104221344 176.56772722303867 289.71973346173763 8.3680000305175763 145.74740090966225 286.6268423423171 47.553165763616562 55.686344817280769
leaf_count=948 1283 424 199 956 2660 119 85 908 1207 36 1017 3238 417 611
internal_value=-0.000331314 -0.0310963 0.0147077 0.00774668 0.0129551 0.0273536 -0.0070005 -0.012308 0.031192 -0.0144554 -0.0165923 -0.0436253 -0.0267626 -0.0497902
internal_weight=2434.27 795.326 1638.94 1068.51 851.564 570.435 50.0845 216.943 520.35 351.783 343.415 443.543 101.229 342.313
internal_count=14108 7026 7082 4723 3616 2359 204 1107 2155 2336 2300 4690 841 3849
cat_boundaries=0 1 2 3 4
cat_threshold=7 8 1 32
is_linear=0
shrinkage=0.05


Tree=25
num_leaves=15
num_cat=3
split_feature=0 0 0 34 34 25 33 34 32 34 21 32 43 23
split_gain=430.21 67.0844 60.5374 37.9313 36.0794 30.3767 25.338 39.7523 14.16 19.7292 8.27661 12.0576 5.0699 2.72802
threshold=0 1 2 24.450000000000003 22.950000000000003 6.5777775000000007 36.850000000000001 24.450000000000003 31.001190500000003 24.150000000000002 22.350000000000005 26.829762000000006 49.000000000000007 89.500000000000014
decision_type=1 1 1 2 2 2 2 2 2 2 2 2 2 2
left_child=2 8 6 4 -4 -5 7 -1 9 -2 11 -3 -12 -10
right_child=1 10 3 5 -6 -7 -8 -9 13 -11 12 -13 -14 -15
leaf_value=0.03188107434897719 -0.0073874883936112627 -0.045288623900985384 -0.0026554823717867531 0.056440636706879432 0.019741680162898165 -0.015028600628416123 0.065609998555941781 -0.003075281632814595 0.013800962983817272 -0.034291300409211634 -0.048269224229405605 0.00033423085504464135 0.001393404726267347 0.070565979381842933
leaf_weight=426.80348420143127 243.18460020422935 34.314397543668747 264.48527483642101 14.969800934195517 559.20786894857883 218.79516293108463 41.530574798583984 100.21552401781082 4.5089698582887632 94.115337446331978 363.69669695943594 24.525500550866127 5.1563638150691977 4.3430525809526443
leaf_count=1780 1585 346 1229 68 2359 1021 168 408 22 701 4080 211 51 19
internal_value=0.000113399 -0.0303223 0.014704 0.00744305 0.0125555 -0.0102309 0.0278113 0.0252407 -0.0129146 -0.0149735 -0.0437341 -0.0265844 -0.0475731 0.0459872
internal_weight=2399.85 773.845 1626.01 1057.46 823.693 233.765 568.55 527.019 346.152 337.3 427.693 58.8399 368.853 8.85202
internal_count=14048 7015 7033 4677 3588 1089 2356 2188 2327 2286 4688 557 4131 41
cat_boundaries=0 1 2 3
cat_threshold=7 8 1
is_linear=0
shrinkage=0.05


Tree=26
num_leaves=15
num_cat=4
split_feature=0 0 34 34 33 37 44 2 0 33 4 1 7 34
split_gain=383.573 63.9724 45.1164 51.8315 63.9002 41.5872 35.988 18.9922 26.0055 14.8228 21.0021 9.53479 7.88703 5.3748
threshold=0 1 20.950000000000003 24.450000000000003 33.95000000000001 25.500000000000004 33.650000000000006 2.5000000000000004 2 37.95000000000001 0.77244481603295057 3 27.800000000000001 24.950000000000003
decision_type=1 1 2 2 2 2 2 2 1 2 2 1 2 2
left_child=2 9 6 5 -5 -4 11 8 -3 10 -2 -1 -8 -9
right_child=1 7 3 4 -6 -7 12 13 -10 -11 -12 -13 -14 -15
leaf_value=0.02359588061307806 -0.0078440571249993509 0.004904401969446969 -0.079771176865891594 -0.02471857880972958 0.017441596422459738 0.022172037436521318 -0.062834822475787838 -0.052291924640327739 -0.045823651900938865 0.040463800313527622 -0.038728273849229673 -0.01391189553380145 0.0069313209239333018 -0.033289129043683127
leaf_weight=33.06851789355278 260.93483324348927 50.049706123769283 9.1362337768077833 153.87161082029343 213.14976935088634 1151.3125437945127 34.652666002511978 265.97974152863026 43.897405661642551 11.839971721172331 69.040656112134457 32.777494192123413 4.3589559942483893 51.575813613831997
leaf_count=150 1749 405 40 670 967 4866 205 3259 411 53 517 149 23 602
internal_value=0.000252833 -0.0290127 0.0138611 0.0161256 -0.000252953 0.0213014 -0.0176569 -0.0424312 -0.0233413 -0.0120392 -0.0144034 0.00499608 -0.0550611 -0.0493198
internal_weight=2385.65 753.318 1632.33 1527.47 367.021 1160.45 104.858 411.503 93.9471 341.815 329.975 65.846 39.0116 317.556
internal_count=14066 6996 7070 6543 1637 4906 527 4677 816 2319 2266 299 228 3861
cat_boundaries=0 1 2 3 4
cat_threshold=7 8 32 1
is_linear=0
shrinkage=0.05


Tree=27
num_leaves=15
num_cat=4
split_feature=0 0 0 43 5 8 36 43 34 37 35 21 0 43
split_gain=362.085 59.3496 46.6768 51.0006 46.7757 43.7361 21.0341 45.7019 13.2509 12.2327 22.5374 10.1803 12.1171 7.7384
threshold=0 1 2 17.750000000000004 -0.75581183015052977 33.150000000000013 97.500000000000014 6.3000000000000016 20.950000000000003 67.500000000000014 85.122024000000025 22.350000000000005 3 49.000000000000007
decision_type=1 1 1 2 2 2 2 2 2 2 2 2 1 2
left_child=2 9 3 5 -5 -1 8 -8 -4 10 -2 12 -3 -13
right_child=1 11 6 4 -6 -7 7 -9 -10 -11 -12 13 -14 -15
leaf_value=-0.0009522653846831099 -0.01952456778546259 0.0041694671876763281 -0.054037296854182237 0.052198465081082668 0.018667022371017829 0.024738750062192311 0.047476734357825248 -0.00026872503084936054 -0.0081388554815876504 -0.046718487919076075 0.0084640299206259987 -0.047075382439923048 -0.039919759474317168 0.014696005287252095
leaf_weight=364.29911549389362 210.18038211762905 30.620423227548599 16.393721982836723 180.09162181615829 248.67840647697449 302.70681294798851 60.322417378425598 274.29452832043171 171.16782431304455 23.562227047979832 108.3680195659399 336.96847884356976 26.316758200526237 4.7226862087845793
leaf_count=1576 1485 286 95 743 1025 1308 257 1169 825 157 697 4070 275 48
internal_value=0.000122099 -0.0285831 0.0133676 0.019226 0.0328396 0.0107266 0.000930741 0.00845431 -0.0124159 -0.012305 -0.0100063 -0.0418478 -0.0227167 -0.0461812
internal_weight=2358.69 740.739 1617.95 1095.78 428.77 667.006 522.178 334.617 187.562 342.111 318.548 398.628 56.9372 341.691
internal_count=14016 7018 6998 4652 1768 2884 2346 1426 920 2339 2182 4679 561 4118
cat_boundaries=0 1 2 3 4
cat_threshold=7 8 5 32
is_linear=0
shrinkage=0.05


Tree=28
num_leaves=15
num_cat=3
split_feature=0 0 40 20 39 5 36 20 2 0 36 34 38 40
split_gain=322.731 92.0569 48.19 53.627 40.6523 29.8267 25.3734 20.1454 16.1999 22.0123 18.0264 7.6035 24.3511 0.617634
threshold=0 1 35.20000000000001 33.350000000000001 19.650000000000002 0.9953013416090124 97.500000000000014 33.350000000000001 2.5000000000000004 2 98.500000000000014 24.950000000000003 7.4860120000000014 123.55000000000003
decision_type=1 1 2 2 2 2 2 2 2 1 2 2 2 2
left_child=8 2 3 -2 -4 6 -3 -7 9 10 -1 13 -13 -10
right_child=1 5 4 -5 -6 7 -8 -9 11 -11 -12 12 -14 -15
leaf_value=-0.010641249295216018 -0.01578942554240461 -0.016836527388719325 0.01363145911319439 0.01843568561726076 0.040002605477902832 0.016000562852905954 0.0011526156095469408 0.10979021362353439 -0.052324586351994197 -0.044759157637170144 0.064560666006269141 0.052931085717379478 -0.043203208213186059 -0.032951493172399378
leaf_weight=40.667840652167797 173.2145060300827 312.45139204710722 274.82410852611065 332.99034839868546 314.867376729846 17.161346718668941 522.90128569304943 7.9271252751350394 233.9269181266427 41.042480893433094 8.8569761216640455 6.8811816498637191 42.697408251464367 10.741590589284895
leaf_count=356 779 1838 1137 1441 1295 78 2734 33 3109 409 53 77 540 139
internal_value=4.80993e-05 0.00833569 0.0178897 0.00671641 0.0277563 -0.00390488 -0.00558804 0.0487074 -0.0411467 -0.0233315 0.00318836 -0.0479262 -0.0290777 -0.0516116
internal_weight=2341.15 1956.34 1095.9 506.205 589.691 860.441 835.353 25.0885 384.814 90.5673 49.5248 294.247 49.5786 244.669
internal_count=14018 9335 4652 2220 2432 4683 4572 111 4683 818 409 3865 617 3248
cat_boundaries=0 1 2 3
cat_threshold=48 5 32
is_linear=0
shrinkage=0.05


Tree=29
num_leaves=13
num_cat=3
split_feature=0 0 0 36 38 34 34 14 5 32 20 12
split_gain=297.303 59.9778 38.2715 31.9259 27.5987 26.0645 58.2135 25.7425 18.4635 23.9243 13.7777 10.4361
threshold=0 1 2 95.500000000000014 11.015178500000001 25.150000000000002 24.550000000000004 16.750000000000004 0.59003219687534991 26.939583500000001 37.95000000000001 63.500000000000007
decision_type=1 1 1 2 2 2 2 2 2 2 2 2
left_child=2 8 5 7 -5 6 -1 -4 10 -10 -2 -7
right_child=1 -3 3 4 -6 11 -8 -9 9 -11 -12 -13
leaf_value=0.025373616497311954 -0.025827745792069062 -0.051687175777644125 -0.046182876690649091 0.007273371601848053 0.037768403720884289 0.066290449628627499 -0.025810024852174009 -0.0027418444855768056 -0.025312420735192399 0.013131329140765478 0.030919112368573382 0.008800465247413668
leaf_weight=438.83025129139423 356.19044021517038 182.60601586103439 41.457183249294758 763.84010297060013 81.303241685032845 42.694346725940704 62.761851355433464 174.05772314965725 71.533890470862389 90.599315829575062 10.218776024878023 10.044081434607504
leaf_count=1853 3313 2365 232 3237 330 175 257 873 605 695 65 41
internal_value=-0.000335147 -0.0270286 0.0115245 0.00581403 0.0102482 0.0221253 0.0189306 -0.011273 -0.0176293 -0.00388141 -0.0241653 0.0557089
internal_weight=2326.14 711.148 1614.99 1060.66 845.143 554.331 501.592 215.515 528.542 162.133 366.409 52.7384
internal_count=14041 7043 6998 4672 3567 2326 2110 1105 4678 1300 3378 216
cat_boundaries=0 1 2 3
cat_threshold=7 40 1
is_linear=0
shrinkage=0.05


Tree=30
num_leaves=15
num_cat=3
split_feature=0 0 27 8 6 5 4 37 2 0 36 34 38 4
split_gain=274.323 78.8469 45.7237 50.427 40.6762 28.6717 22.7923 21.3313 14.9981 19.2886 19.8701 8.7701 22.8321 4.39753
threshold=0 1 17.750000000000004 33.250000000000007 27.000000000000004 0.9953013416090124 -0.031173458710879145 41.500000000000007 2.5000000000000004 2 97.500000000000014 24.950000000000003 7.434523500000001 -0.94139628442229051
decision_type=1 1 2 2 2 2 2 2 2 1 2 2 2 2
left_child=8 2 3 -2 -4 6 -3 -7 9 10 -1 13 -13 -10
right_child=1 5 4 -5 -6 7 -8 -9 11 -11 -12 12 -14 -15
leaf_value=-0.021282301114779856 -0.0083177945711523475 0.0025817149659084731 0.035138653736113301 0.020873935594884263 0.0028926846482323094 -0.0016451893553820558 -0.014081089285765786 0.089614811774496775 -0.031255752518192757 -0.043753129649806266 0.042390231665015848 0.05249889690287643 -0.040867456278726559 -0.053825977172365674
leaf_weight=32.452144078910351 294.90384085476398 385.89358286559582 375.64980158209801 295.03822046518326 132.35444636642933 11.867862716317177 436.70650693774223 12.816476866602898 29.834377989172935 38.918286025524139 18.337246783077717 6.9052615612745276 39.931350491940975 196.15394196659327
leaf_count=291 1300 1983 1557 1271 549 56 2561 53 427 419 127 76 538 2807
internal_value=-0.000657676 0.00684551 0.0156355 0.00629201 0.0267595 -0.00459934 -0.00627068 0.0473826 -0.0399157 -0.0228901 0.00174418 -0.0468675 -0.0262925 -0.0509971
internal_weight=2307.76 1945.23 1097.95 589.942 508.004 847.284 822.6 24.6843 362.533 89.7077 50.7894 272.825 46.8366 225.988
internal_count=14015 9330 4677 2571 2106 4653 4544 109 4685 837 418 3848 614 3234
cat_boundaries=0 1 2 3
cat_threshold=48 5 32
is_linear=0
shrinkage=0.05


Tree=31
num_leaves=15
num_cat=3
split_feature=0 0 39 40 38 2 26 34 2 0 43 34 38 4
split_gain=253.955 69.8737 41.9234 63.244 47.5097 20.9766 19.5136 19.0864 15.322 19.492 19.3056 9.61509 25.921 5.15166
threshold=0 1 19.550000000000004 66.450000000000017 6.9169645000000015 11.500000000000002 14.850000000000003 21.700000000000006 2.5000000000000004 2 3.7500000000000004 24.950000000000003 7.4860120000000014 -0.94139628442229051
decision_type=1 1 2 2 2 2 2 2 2 1 2 2 2 2
left_child=8 2 4 -4 -2 6 -3 -7 9 10 -1 13 -13 -10
right_child=1 5 3 -5 -6 7 -8 -9 11 -11 -12 12 -14 -15
leaf_value=0.019213358879573771 0.01864909176944694 -0.024213401215372979 0.011891594862657194 0.044748139252350452 -0.013987182807955453 -0.0013772769592293838 -0.0027353798406067578 0.056613694394166816 -0.029465896411617998 -0.043097539632196626 -0.053702219232575246 0.059669804210313551 -0.040289993333261429 -0.053601123449786507
leaf_weight=40.056844964623451 237.54079094529152 124.67391685396433 422.53697682917118 224.05276603996754 208.44004987180233 30.813898459076881 669.37626261264086 25.225125834345818 29.779688403010368 37.194220386445522 10.657783426344393 6.8335672169923773 38.7335140183568 187.4322031326592
leaf_count=330 995 682 1836 932 898 159 3717 123 438 415 90 73 540 2807
internal_value=-0.000376731 0.00675167 0.0150659 0.0233284 0.00339856 -0.00399011 -0.00613386 0.0252614 -0.038859 -0.0215306 0.0026378 -0.0460255 -0.0243398 -0.0504424
internal_weight=2293.35 1942.66 1092.57 646.59 445.981 850.089 794.05 56.039 350.688 87.9088 50.7146 262.779 45.5671 217.212
internal_count=14035 9342 4661 2768 1893 4681 4399 282 4693 835 420 3858 613 3245
cat_boundaries=0 1 2 3
cat_threshold=48 5 32
is_linear=0
shrinkage=0.05


Tree=32
num_leaves=15
num_cat=3
split_feature=0 0 44 39 5 37 4 2 0 36 34 25 4 17
split_gain=243.74 60.229 39.8696 39.4563 23.0123 21.3387 17.363 16.8031 20.1038 18.5791 8.28205 18.755 3.5642 0.0433801
threshold=0 1 52.750000000000007 20.000000000000004 0.9953013416090124 41.500000000000007 -0.013976118469459398 2.5000000000000004 2 98.500000000000014 24.950000000000003 7.3743055000000011 -0.94139628442229051 43.000000000000007
decision_type=1 1 2 2 2 2 2 2 1 2 2 2 2 2
left_child=7 2 3 -2 6 -6 -3 8 9 -1 12 -12 -9 -4
right_child=1 4 13 -5 5 -7 -8 10 -10 -11 11 -13 -14 -15
leaf_value=-0.010171483132379909 0.0048159754566252906 0.002556425817100741 -0.041304142846563821 0.024005623396120602 -0.0030877117293995394 0.085267594785623027 -0.011998862156226038 -0.032462359687060481 -0.042608449033577599 0.065676684359417134 0.029255305500297119 -0.043993525151901941 -0.05338783062288846 -0.074745434810069733
leaf_weight=40.290416434407234 489.4998659491539 386.71752850711346 5.0525618642568579 592.27279365062714 13.408827871084213 12.793939873576164 434.07431514561176 29.575211904942989 35.969992280006409 9.0421189069747907 10.8709554746747 33.962766900658607 180.73405400291085 9.1305328160524351
leaf_count=356 2082 1986 21 2539 63 52 2564 446 414 51 129 487 2835 39
internal_value=-0.000502617 0.00639698 0.0140899 0.0153348 -0.00361021 0.0416019 -0.00514635 -0.0388326 -0.0204139 0.00397047 -0.0464029 -0.0259819 -0.0506127 -0.0663374
internal_weight=2283.4 1942.95 1095.96 1081.77 846.995 26.2028 820.792 340.446 85.3025 49.3325 255.143 44.8337 210.309 14.1831
internal_count=14064 9346 4681 4621 4665 115 4550 4718 821 407 3897 616 3281 60
cat_boundaries=0 1 2 3
cat_threshold=48 5 32
is_linear=0
shrinkage=0.05


Tree=33
num_leaves=15
num_cat=3
split_feature=0 0 44 40 5 36 25 2 0 43 34 25 4 4
split_gain=223.688 53.464 38.0027 45.2435 24.5919 19.6233 19.1853 18.4071 20.76 17.1244 9.0988 18.6244 3.14221 0.623868
threshold=0 1 52.000000000000007 32.850000000000009 0.99445195900249039 97.500000000000014 6.5159725000000011 2.5000000000000004 2 3.8500000000000001 24.950000000000003 7.3743055000000011 -0.94139628442229051 -0.95244167294248061
decision_type=1 1 2 2 2 2 2 2 1 2 2 2 2 2
left_child=7 2 3 -2 5 -3 -6 8 9 -1 12 -12 -9 -4
right_child=1 4 13 -5 6 -7 -8 10 -10 -11 11 -13 -14 -15
leaf_value=0.019972622589209992 0.0036534186692165575 -0.014843819063402342 -0.03562786045291965 0.024235031116598915 0.082429159042183467 0.0011444961944884937 0.0021158973810514168 -0.032575136916355621 -0.041934714606629925 -0.052471172899218516 0.028123629596988477 -0.043502701937487842 -0.053179804968650546 -0.073173343765735879
leaf_weight=41.286492735147476 492.70841062068939 302.24790055304766 4.9025008827447882 582.99130395054817 13.60456755757332 522.37938990443945 15.259373322129248 27.544320650398731 34.272554069757462 9.1178379580378515 11.612719506025313 32.879425838589668 170.89961848407984 9.7630834579467756
leaf_count=333 2168 1834 20 2430 56 2751 71 427 409 81 135 489 2808 42
internal_value=-0.000211474 0.00628936 0.0135821 0.0148201 -0.0030817 -0.00472653 0.0414629 -0.0377285 -0.0184976 0.00510839 -0.0458749 -0.0246005 -0.0504975 -0.0636979
internal_weight=2271.47 1943.86 1090.37 1075.7 853.491 824.627 28.8639 327.613 84.6769 50.4043 242.936 44.4921 198.444 14.6656
internal_count=14054 9372 4660 4598 4712 4585 127 4682 823 414 3859 624 3235 62
cat_boundaries=0 1 2 3
cat_threshold=48 5 32
is_linear=0
shrinkage=0.05


Tree=34
num_leaves=13
num_cat=2
split_feature=0 0 34 8 15 5 31 4 37 25 39 20
split_gain=208.278 54.9628 33.3089 60.6304 55.5866 49.7902 61.3062 42.5975 39.7844 20.6883 22.0259 16.0611
threshold=0 1 24.450000000000003 33.150000000000013 12.050000000000002 -0.62587551141915865 27.550000000000001 0.59868201182722736 25.500000000000004 8.8416670000000028 20.450000000000003 37.95000000000001
decision_type=1 1 2 2 2 2 2 2 2 2 2 2
left_child=2 9 5 4 -4 6 -1 -5 -7 10 -2 -11
right_child=1 -3 3 7 -6 8 -8 -9 -10 11 -12 -13
leaf_value=-0.0472380817133152 -0.016369086323380324 -0.050136870538078138 -0.04342840111637411 0.070959248004923398 0.013950934913811565 -0.072888100644012382 0.037402047849171373 0.0059373463122292776 0.0090943831384515533 -0.031913642593598524 0.012249138997366101 0.031159528128185943
leaf_weight=22.306262075901031 212.65845838934183 148.24443755298853 121.32560965418816 29.54322737455368 63.840941354632378 14.043543875217436 281.16495743393898 144.99500584602356 942.01125708967447 177.43327771499753 97.246578220278025 9.92552652209997
leaf_count=93 1924 2336 542 126 274 76 1176 671 4106 1783 890 67
internal_value=-3.24173e-05 -0.0238108 0.00954377 -0.00380828 -0.0236767 0.0134327 0.031046 0.0172848 0.00781524 -0.0150473 -0.00737832 -0.0284246
internal_weight=2264.74 645.508 1619.23 359.705 185.167 1259.53 303.471 174.538 956.055 497.264 309.905 187.359
internal_count=14064 7000 7064 1613 816 5451 1269 797 4182 4664 2814 1850
cat_boundaries=0 1 2
cat_threshold=7 40
is_linear=0
shrinkage=0.05


Tree=35
num_leaves=15
num_cat=3
split_feature=0 0 35 34 38 6 6 27 2 0 36 34 38 4
split_gain=192.582 53.4457 31.3531 36.7528 33.8809 22.0297 23.7274 20.1497 13.3305 15.0775 16.8901 10.9643 22.4693 5.00332
threshold=0 1 85.080357500000005 24.550000000000004 11.053273500000001 27.000000000000004 2.5000000000000004 16.250000000000004 2.5000000000000004 2 98.500000000000014 24.950000000000003 8.3339285000000007 -0.94139628442229051
decision_type=1 1 2 2 2 2 2 2 2 1 2 2 2 2
left_child=8 5 4 -4 -3 6 -2 -7 9 10 -1 13 -13 -10
right_child=1 2 3 -5 -6 7 -8 -9 11 -11 -12 12 -14 -15
leaf_value=-0.012977056826194381 0.0038711779741033127 -0.011311577946791242 0.01316853413037769 -0.031484585125456911 0.013634700017607327 -0.078473212355439914 0.029309913515764383 0.0026572080173925842 -0.027432116848283533 -0.04075312629343035 0.057865607719163742 0.023231003206292435 -0.049671691337524283 -0.052874312496370306
leaf_weight=39.639071866869926 125.03177165985107 665.19657929986715 504.21235109865665 49.756892383098602 170.1534546688199 7.6251232624053946 345.96665567159653 67.417439982295036 25.981953281909227 31.735733442008495 9.6111715286970121 16.938015136867762 25.19171379506588 158.74321341514587
leaf_count=356 535 3525 2363 255 881 31 1484 286 425 410 53 217 401 2812
internal_value=-0.000762218 0.00514558 -0.000105163 0.00910834 -0.00622001 0.0182436 0.0225794 -0.00651006 -0.0367761 -0.020186 0.00143811 -0.0441981 -0.0205025 -0.0494628
internal_weight=2243.2 1935.36 1389.32 553.969 835.35 546.041 470.998 75.0426 307.841 80.986 49.2502 226.855 42.1297 184.725
internal_count=14034 9360 7024 2618 4406 2336 2019 317 4674 819 409 3855 618 3237
cat_boundaries=0 1 2 3
cat_threshold=48 1 32
is_linear=0
shrinkage=0.05


Tree=36
num_leaves=15
num_cat=3
split_feature=0 0 34 34 39 44 11 39 2 0 43 34 5 4
split_gain=185.64 44.8327 36.8039 30.9409 25.5042 22.6423 23.1976 20.9161 16.7381 18.3884 15.7927 9.5307 19.6792 4.95624
threshold=0 1 24.450000000000003 22.950000000000003 19.150000000000002 46.600000000000001 96.500000000000014 18.750000000000004 2.5000000000000004 2 3.8500000000000001 24.950000000000003 -0.75013812021657655 -0.94139628442229051
decision_type=1 1 2 2 2 2 2 2 2 1 2 2 2 2
left_child=8 5 3 -3 -4 7 -7 -2 9 10 -1 13 -13 -10
right_child=1 2 4 -5 -6 6 -8 -9 11 -11 -12 12 -14 -15
leaf_value=0.018893964527689655 0.0081013673906547255 -0.0067567977538011267 -0.040233697527295872 0.011222054992353465 -0.0061031438997310068 -0.034599495632340313 0.043252492391524039 0.02924098863076878 -0.027253620296691917 -0.040422663434385164 -0.052036312389161649 0.017716240292427524 -0.051248749654557127 -0.052694234425548693
leaf_weight=41.124456316232681 187.51378305256367 353.19308117777109 71.484143562614918 737.60890983790159 225.52611226588488 35.590120732784271 12.018800914287565 314.68989385664463 25.893879014998674 31.069195799529552 8.6540318951010686 17.62249506264925 22.752342808991671 151.21026496216655
leaf_count=332 780 1857 419 3556 1191 150 52 1376 434 413 80 230 374 2806
internal_value=0.000270075 0.00597964 0.00114145 0.00539979 -0.0144251 0.0179301 -0.0144604 0.0213796 -0.0357161 -0.0171906 0.00482963 -0.0441274 -0.0214468 -0.0491485
internal_weight=2235.95 1937.62 1387.81 1090.8 297.01 549.813 47.6089 502.204 298.327 80.8477 49.7785 217.479 40.3748 177.104
internal_count=14050 9381 7023 5413 1610 2358 202 2156 4669 825 412 3844 604 3240
cat_boundaries=0 1 2 3
cat_threshold=48 1 32
is_linear=0
shrinkage=0.05


Tree=37
num_leaves=15
num_cat=3
split_feature=0 0 40 31 8 2 2 0 38 40 43 34 38 4
split_gain=176.565 42.7956 34.3378 43.9288 42.969 24.7339 18.0844 18.1934 16.9606 15.4873 15.1333 7.45508 17.5222 3.49836
threshold=0 1 33.900000000000006 48.050000000000004 33.250000000000007 11.500000000000002 2.5000000000000004 2 5.6827385000000001 7.2000000000000002 0.35000000000000003 24.950000000000003 8.3339285000000007 -0.94139628442229051
decision_type=1 1 2 2 2 2 2 1 2 2 2 2 2 2
left_child=6 2 4 -4 -2 8 7 9 -3 -1 -7 13 -13 -8
right_child=1 5 3 -5 -6 10 11 -9 -10 -11 -12 12 -14 -15
leaf_value=0.019074436062812349 -0.014118027539340711 -0.042095826661043639 0.023151479192268967 -0.044625923125136621 0.015309468688103825 -0.022795863900193534 -0.029962645390936266 -0.040002289604271914 -0.0039925404665113245 -0.051919083633581914 0.041021783124646334 0.01534307867642715 -0.051136942090488996 -0.052523589680893393
leaf_weight=41.027399674057961 220.20247215777636 29.39839643239975 554.8260188549757 24.078581973910332 281.46625863015652 10.912261396646498 24.831264726817608 30.271017555147409 756.51935087889433 8.4115443080663663 45.565739139914513 16.090889744460583 23.348475262522697 145.25904657319188
leaf_count=330 992 154 2339 101 1220 58 426 417 4241 79 227 205 401 2826
internal_value=-0.000222182 0.00531813 0.0118641 0.0202603 0.00239017 -0.0031233 -0.0358941 -0.016577 -0.00546953 0.00517895 0.0285093 -0.0448341 -0.024305 -0.0494243
internal_weight=2212.21 1922.97 1080.57 578.905 501.669 842.396 289.24 79.71 785.918 49.4389 56.478 209.53 39.4394 170.09
internal_count=14016 9332 4652 2440 2212 4680 4684 826 4395 409 285 3858 606 3252
cat_boundaries=0 1 2 3
cat_threshold=48 5 32
is_linear=0
shrinkage=0.05


Tree=38
num_leaves=15
num_cat=3
split_feature=0 0 6 6 6 5 4 37 2 0 7 34 5 4
split_gain=170.7 37.5428 29.9461 50.5076 45.3391 21.0529 18.4423 13.699 11.9214 11.693 14.8689 7.78451 14.8473 4.34885
threshold=0 1 2.5000000000000004 1.5000000000000002 27.000000000000004 0.9953013416090124 -0.065535378769913832 41.500000000000007 2.5000000000000004 2 27.618750000000002 24.950000000000003 -0.73865259438682551 -0.94139628442229051
decision_type=1 1 2 2 2 2 2 2 2 1 2 2 2 2
left_child=8 2 3 -2 -4 6 -3 -7 9 10 -1 13 -13 -10
right_child=1 5 4 -5 -6 7 -8 -9 11 -11 -12 12 -14 -15
leaf_value=0.023637885100487699 0.004547141949589004 0.0032459297378272453 0.020823010942175323 -0.061408227310728751 -0.0090220813098112976 0.0033280398240545239 -0.01174772008916352 0.074108083420883278 -0.02756530354056283 -0.039567383145349667 -0.030285161350144141 0.009473869189795819 -0.050806382723737803 -0.052360185416580211
leaf_weight=26.973250441253185 207.62985480576754 388.35239759087563 689.84600085020065 32.724453195929527 155.3811142295599 13.4217239767313 432.78405333310366 13.143770933151245 24.462373893707991 29.455720394849777 22.545280680060387 18.437605805695057 21.182255733758211 138.84257623925805
leaf_count=213 907 1995 2970 150 653 63 2611 53 431 420 193 241 377 2831
internal_value=-0.000678266 0.00468878 0.0108084 -0.00464997 0.0153323 -0.0031862 -0.00466123 0.0397658 -0.0362565 -0.0206638 -0.000856666 -0.0439717 -0.0232116 -0.0488364
internal_weight=2215.18 1933.28 1085.58 240.354 845.227 847.702 821.136 26.5655 281.899 78.9743 49.5185 202.925 39.6199 163.305
internal_count=14108 9402 4680 1057 3623 4722 4606 116 4706 826 406 3880 618 3262
cat_boundaries=0 1 2 3
cat_threshold=48 5 32
is_linear=0
shrinkage=0.05


Tree=39
num_leaves=15
num_cat=0
split_feature=6 34 34 34 37 39 40 39 5 5 20 4 32 15
split_gain=31.0915 36.5027 34.3473 65.5706 30.1737 27.562 34.8035 24.2727 23.8787 14.3741 14.0294 13.6424 9.406 5.86708
threshold=27.000000000000004 20.950000000000003 24.450000000000003 24.950000000000003 25.500000000000004 18.850000000000005 41.550000000000004 19.250000000000004 -0.6523320455745395 -0.23537842981696172 33.150000000000013 -0.99054481509840819 25.882440500000005 7.3500000000000005
decision_type=2 2 2 2 2 2 2 2 2 2 2 2 2 2
left_child=1 7 4 -4 -3 9 13 -1 -8 10 -2 -11 -9 -7
right_child=5 2 3 -5 -6 6 8 12 -10 11 -12 -13 -14 -15
leaf_value=-0.00029522007201195663 -0.051336215930228905 -0.071782240486697679 -0.032923564471520922 0.0077689470446748003 0.0087927605014985252 -0.072613516020136923 0.026218133931742493 -0.013821356436796745 -0.012553407581754938 -0.050820214526836584 0.041862953119302881 0.005874861670694378 -0.052620775249626273 -0.0054912646123662784
leaf_weight=69.013411451131105 72.41838613525033 10.732743576169012 163.43822228908539 248.02438957244158 1314.7192782871425 17.435259304940704 74.464215375483036 23.252217717468739 82.923716381192207 14.25106881931424 3.5489895492792121 34.308229848742485 52.926281671971083 4.1629283465445033
leaf_count=442 472 74 1135 1622 8224 123 472 148 519 86 23 215 407 29
internal_value=-0.000244378 0.00215275 0.00417015 -0.00843527 0.00808669 -0.0150674 -0.00245573 -0.0218446 0.00584011 -0.0330306 -0.0464949 -0.0114536 -0.0411104 -0.0604916
internal_weight=2185.62 1882.11 1736.91 411.463 1325.45 303.513 178.986 145.192 157.388 124.527 75.9674 48.5593 76.1785 21.5982
internal_count=13991 12052 11055 2757 8298 1939 1143 997 991 796 495 301 555 152
is_linear=0
shrinkage=0.05


Tree=40
num_leaves=15
num_cat=3
split_feature=0 43 0 43 32 34 2 0 40 34 38 4 35 21
split_gain=147.921 36.6816 32.4023 31.1454 24.3855 21.7339 16.1073 15.5732 15.3819 9.94165 19.8391 3.6618 3.05858 2.46729
threshold=0 37.550000000000004 1 34.150000000000013 28.780059500000004 25.250000000000004 2.5000000000000004 2 0.35000000000000003 24.950000000000003 8.3339285000000007 -0.94139628442229051 82.318452500000021 24.850000000000005
decision_type=1 2 1 2 2 2 2 1 2 2 2 2 2 2
left_child=6 2 5 -4 13 -2 7 8 -1 11 -11 -8 -6 -3
right_child=1 4 3 -5 12 -7 9 -9 -10 10 -12 -13 -14 -15
leaf_value=-0.044965435076014991 0.013426384621657021 -0.073226609968419384 5.7231088144395789e-05 0.040444304607491287 -0.0095027419892145092 0.051560670564070835 -0.028640633394701444 -0.038814140979320337 0.01922968134077109 0.020150374122272628 -0.050696377778862517 -0.0522008499537066 0.029338714242178238 -0.025589785384863364
leaf_weight=11.133618898689745 486.19075860083103 24.002738326787952 1302.2174481377006 48.552910640835762 13.527370102703573 39.683473259210587 23.621371079236269 27.791447650641203 39.495502956211567 16.94378799572587 21.367731664329767 131.27262446284294 6.8113998547196379 4.6520683243870726
leaf_count=98 2115 126 6623 229 68 170 426 411 320 210 395 2808 34 22
internal_value=-0.000373757 0.00456111 0.005708 0.00152648 -0.0376923 0.0160911 -0.0341612 -0.0160227 0.00378266 -0.043162 -0.0196479 -0.0488147 0.00427047 -0.0666166
internal_weight=2197.26 1925.64 1876.64 1350.77 48.9936 525.874 271.626 78.4206 50.6291 193.206 38.3115 154.894 20.3388 28.6548
internal_count=14055 9387 9137 6852 250 2285 4668 829 418 3839 605 3234 102 148
cat_boundaries=0 1 2 3
cat_threshold=48 1 32
is_linear=0
shrinkage=0.05


Tree=41
num_leaves=13
num_cat=2
split_feature=0 0 36 39 5 39 8 44 40 5 7 9
split_gain=140.368 43.0537 32.4968 39.5501 81.3371 40.7822 35.0678 30.2756 15.0017 20.8629 13.3961 3.67744
threshold=0 1 95.500000000000014 18.850000000000005 0.11478523713130602 23.550000000000004 33.650000000000013 49.150000000000006 0.35000000000000003 0.60383265664488517 27.185416500000006 21.050000000000004
decision_type=1 1 2 2 2 2 2 2 2 2 2 2
left_child=2 8 6 4 -4 -5 10 -8 11 -10 -1 -2
right_child=1 -3 3 5 -6 -7 7 -9 9 -11 -12 -13
leaf_value=-0.060736259837091078 -0.010103964408817374 -0.048517852622714228 -0.021138863721178278 0.024939065156990195 0.017860873229192258 -0.001929184810901875 -0.00033980277288329621 0.10100262807439352 -0.019061836973345916 0.0050919426485568561 -0.019978851552998497 -0.054032336573903605
leaf_weight=28.872353687882423 6.3485981971025458 117.4455877430737 247.93026567995548 526.40938629209995 287.79275141656399 192.69607698917389 235.92898312211037 6.6071166247129431 313.33526691794395 124.43249362707138 67.461990177631378 27.593101527541876
leaf_count=178 57 2336 1086 2239 1220 817 1109 28 3305 1061 343 262
internal_value=-0.0013843 -0.0220013 0.00634456 0.0100933 -0.000193791 0.0177466 -0.00733897 0.00282434 -0.0144441 -0.0122003 -0.0326927 -0.0463401
internal_weight=2182.85 589.155 1593.7 1254.83 535.723 719.105 338.87 242.536 471.709 437.768 96.3343 33.9417
internal_count=14041 7021 7020 5362 2306 3056 1658 1137 4685 4366 521 319
cat_boundaries=0 1 2
cat_threshold=7 40
is_linear=0
shrinkage=0.05


Tree=42
num_leaves=13
num_cat=3
split_feature=0 0 35 34 5 33 36 0 33 4 40 22
split_gain=130.293 32.4763 25.3807 28.7187 26.8357 17.0398 29.7006 14.2373 17.6964 43.3137 8.36419 4.72875
threshold=0 1 85.080357500000005 24.550000000000004 0.99611390731392835 36.850000000000001 94.500000000000014 2 33.650000000000013 0.67802080537253961 4.0500000000000007 66.506944500000017
decision_type=1 1 2 2 2 2 2 1 2 2 2 2
left_child=7 5 4 -4 -3 6 -2 8 10 -10 -1 -7
right_child=1 2 3 -5 -6 11 -8 -9 9 -11 -12 -13
leaf_value=-0.00022483969983302156 -0.016610856127247494 -0.007738290244536275 0.011568554245112963 -0.029068017943220389 0.035627533060118434 0.032245304022221047 0.017059596130798698 -0.048246783289896816 0.043702765252674122 -0.037425800273655621 -0.042963023143096551 0.072644337623407149
leaf_weight=13.762135319411753 76.658173307776451 799.23151427507401 498.72136864811182 46.668248265981674 36.35868638753891 24.804918453097343 422.25942772626877 113.58016593009233 29.005660474300385 35.422323934733868 67.395216051489115 11.794318601489065
leaf_count=147 336 4292 2337 250 157 107 1846 2357 282 588 1333 51
internal_value=-0.000816841 0.00374901 -0.00033477 0.0080445 -0.005811 0.0140749 0.0118633 -0.0333284 -0.0191179 -0.000791776 -0.0358067 0.0468499
internal_weight=2175.66 1916.5 1380.98 545.39 835.59 535.517 498.918 259.166 145.585 64.428 81.1574 36.5992
internal_count=14083 9376 7036 2587 4449 2340 2182 4707 2350 870 1480 158
cat_boundaries=0 1 2 3
cat_threshold=48 1 32
is_linear=0
shrinkage=0.05


Tree=43
num_leaves=12
num_cat=2
split_feature=0 5 39 38 35 20 0 33 5 4 11
split_gain=122.049 36.7866 36.1157 46.6993 45.3549 15.1576 13.8117 16.4909 40.9574 8.44937 1.91385
threshold=0 0.99611390731392835 20.250000000000004 7.1764880000000009 85.122024000000025 33.350000000000001 1 33.650000000000013 -0.73865259438682551 -0.94139628442229051 90.500000000000014
decision_type=1 2 2 2 2 2 1 2 2 2 2
left_child=6 2 3 -2 -4 10 7 9 -9 -1 -3
right_child=1 5 4 -5 -6 -7 -8 8 -10 -11 -12
leaf_value=0.0043390310629963175 0.0050059066169655334 0.012411165644027085 0.0004745627111240463 -0.018813628898262297 0.022122621891933786 0.084203648459970526 -0.047884954262055059 0.1000378389262821 -0.016450666367733315 -0.042100177317930018 0.037454677248973604
leaf_weight=11.268990147858856 484.77033554762602 17.107384189963341 621.19172915071249 356.12903552502394 395.35814316570759 16.32540038228035 108.05787965282798 7.6958756744861594 56.060477390885353 65.864942997694016 15.374702379107474
leaf_count=214 2282 74 3156 1830 1850 67 2354 93 772 1244 69
internal_value=-0.00067626 0.00368938 0.0025702 -0.00509226 0.00890743 0.0461157 -0.0328205 -0.0186355 -0.00106192 -0.0353469 0.0250296
internal_weight=2155.2 1906.26 1857.45 840.899 1016.55 48.8075 248.948 140.89 63.7564 77.1339 32.4821
internal_count=14005 9328 9118 4112 5006 210 4677 2323 865 1458 143
cat_boundaries=0 1 2
cat_threshold=48 32
is_linear=0
shrinkage=0.05


Tree=44
num_leaves=15
num_cat=3
split_feature=0 0 35 38 34 6 27 44 2 0 43 34 38 4
split_gain=113.671 30.412 21.826 25.9757 23.8409 17.5298 17.1637 16.6457 16.2004 13.9479 15.1646 9.80744 20.7551 5.87817
threshold=0 1 85.080357500000005 11.053273500000001 24.550000000000004 27.000000000000004 16.250000000000004 46.600000000000001 2.5000000000000004 2 3.8500000000000001 24.950000000000003 7.4860120000000014 -0.94139628442229051
decision_type=1 1 2 2 2 2 2 2 2 1 2 2 2 2
left_child=8 5 3 -3 -4 7 -7 -2 9 10 -1 13 -13 -10
right_child=1 2 4 -5 -6 6 -8 -9 11 -11 -12 12 -14 -15
leaf_value=0.018524565874702508 0.021107588458909934 -0.009286793296785275 0.011201629030127306 0.01263493170173792 -0.026056371194245188 -0.074183737853419446 0.00073067347681244612 -0.013360764413629798 -0.021914501812535021 -0.036376144667574786 -0.050980320908705648 0.050390025347857442 -0.037289773762440186 -0.051748076730409424
leaf_weight=41.689336493611336 418.00628967583179 661.24871496111155 501.74827916175127 168.85040798783302 46.000875234603882 7.6250594407320014 67.1734639108181 37.554987162351608 21.773691110312939 23.388408161699772 8.6256712153553945 7.8906460627913466 27.664718717336655 113.25407993420959
leaf_count=332 1844 3555 2341 878 249 31 290 162 440 405 89 74 535 2821
internal_value=7.36618e-05 0.00424231 0.000290031 -0.00481786 0.00803086 0.0142956 -0.00778414 0.0182431 -0.0312717 -0.0127281 0.0048941 -0.0409854 -0.0169852 -0.0471338
internal_weight=2152.49 1908.21 1377.85 830.099 547.749 530.36 74.7985 455.561 244.287 73.7034 50.315 170.583 35.5554 135.028
internal_count=14046 9350 7023 4433 2590 2327 321 2006 4696 826 421 3870 609 3261
cat_boundaries=0 1 2 3
cat_threshold=48 1 32
is_linear=0
shrinkage=0.05


Tree=45
num_leaves=15
num_cat=3
split_feature=0 0 34 39 34 26 30 2 25 7 0 33 4 4
split_gain=110.624 30.5197 20.489 24.7335 21.2561 19.6895 18.1369 16.306 15.9027 11.4363 13.8296 7.63955 21.9202 5.12467
threshold=0 1 24.450000000000003 19.150000000000002 22.950000000000003 14.65 25.700000000000006 1.5000000000000002 6.8347225000000007 27.789583500000003 2 33.95000000000001 0.67802080537253961 -0.94139628442229051
decision_type=1 1 2 2 2 2 2 2 2 2 1 2 2 2
left_child=7 5 4 -4 -3 6 -2 9 -7 10 -1 13 -13 -9
right_child=1 2 3 -5 -6 8 -8 11 -10 -11 -12 12 -14 -15
leaf_value=0.028355025869769207 0.00093646936054317138 -0.006892358036918643 -0.037841522131647244 -0.003524221219839991 0.0080930252736884888 0.038829845538406925 -0.06961934488555073 -0.022765556222665392 0.014156369183545271 -0.050506704743661916 -0.025374172541916269 0.010626681178212707 -0.044009501644738408 -0.051801488395730816
leaf_weight=20.553136080503464 76.345597133040428 348.00420980155468 67.926456563174725 221.42751216888428 734.46149432659149 79.296080738306046 9.3383313566446287 20.797047756612301 365.77170753479004 8.6995038613677007 9.877722807228567 26.762047324329615 55.234373928979039 95.381597006693482
leaf_count=162 321 1851 426 1194 3545 351 38 429 1625 103 168 316 1148 2375
internal_value=1.09718e-05 0.00408514 0.000111714 -0.0116829 0.00327343 0.0141443 -0.00746754 -0.0313876 0.0186295 -0.00311373 0.0116107 -0.0385026 -0.0262641 -0.0468424
internal_weight=2139.88 1902.57 1371.82 289.354 1082.47 530.752 85.6839 237.305 445.068 39.1304 30.4309 198.175 81.9964 116.179
internal_count=14052 9351 7016 1620 5396 2335 359 4701 1976 433 330 4268 1464 2804
cat_boundaries=0 1 2 3
cat_threshold=48 1 32
is_linear=0
shrinkage=0.05


Tree=46
num_leaves=9
num_cat=2
split_feature=0 0 6 21 27 40 5 44
split_gain=101.034 43.5861 27.6583 29.2566 28.7173 17.3652 21.3639 2.30215
threshold=0 1 27.000000000000004 20.950000000000003 16.250000000000004 0.35000000000000003 0.59003219687534991 41.600000000000001
decision_type=1 1 2 2 2 2 2 2
left_child=-1 2 3 -2 -4 7 -7 -3
right_child=1 5 4 -5 -6 6 -8 -9
leaf_value=-0.047192622639229576 -0.023365029750883691 -0.053342442380625847 -0.066215421599654503 0.010528020402989198 -0.0043682085300742234 -0.015952707666674181 0.0084142434745902005 -0.01654997571133188
leaf_weight=97.720184708014131 66.018858052790165 25.176763463765386 19.729146912693977 1301.7023770138621 200.55457834899426 299.75894885882735 127.59508305042982 6.4605981372296801
leaf_count=2374 337 247 91 5761 859 3291 1099 68
internal_value=-0.000219287 0.00226447 0.00618882 0.00887615 -0.0101816 -0.01114 -0.00867481 -0.0465664
internal_weight=2144.72 2047 1588 1367.72 220.284 458.991 427.354 31.6374
internal_count=14127 11753 7048 6098 950 4705 4390 315
cat_boundaries=0 1 2
cat_threshold=16 7
is_linear=0
shrinkage=0.05


Tree=47
num_leaves=15
num_cat=0
split_feature=6 34 34 39 5 39 43 39 44 33 34 19 5 11
split_gain=28.4491 32.4493 32.5111 39.3526 33.7413 24.4692 27.8938 22.1454 16.1695 15.0376 16.6266 7.52609 6.89596 4.05676
threshold=27.000000000000004 20.850000000000005 23.850000000000005 15.450000000000001 -0.6523320455745395 19.250000000000004 11.65 18.650000000000002 40.500000000000007 31.650000000000002 24.450000000000003 25.111111500000003 -0.15950993297387567 96.500000000000014
decision_type=2 2 2 2 2 2 2 2 2 2 2 2 2 2
left_child=1 7 4 -4 -3 9 -7 13 -8 12 -11 -9 -2 -1
right_child=5 2 3 -5 -6 6 8 11 -10 10 -12 -13 -14 -15
leaf_value=-0.0086909691827902515 -0.081010738938472757 0.037559651648933559 -0.058123510343577545 -0.001605123473953267 0.0066608534799194007 -0.064030966581218235 0.020462590059998793 -0.00039043147437815904 -0.012537541790426189 -0.011746849905574097 -0.0628262516344507 -0.047018548567575098 -0.026160960788356388 0.017907549875068412
leaf_weight=43.596375536173582 17.985205398872498 97.760309133678675 31.167793992906809 725.47254240326583 846.70325574837625 15.277484575286506 77.734691444784403 10.066112279891966 69.308968720957637 83.680947188287973 18.894291203469038 61.430226512253284 10.090293530374764 20.126119006425142
leaf_count=279 113 624 237 4886 5375 115 509 66 457 540 145 504 62 130
internal_value=-0.000476144 0.00183478 0.00371308 -0.00400689 0.0098955 -0.0149178 -0.00191432 -0.0216488 0.00492837 -0.0309361 -0.0216714 -0.0405496 -0.0628756 -0.000143207
internal_weight=2129.29 1836.32 1701.1 756.64 944.464 292.972 162.321 135.219 147.044 130.651 102.575 71.4963 28.0755 63.7225
internal_count=14042 12101 11122 5123 5999 1941 1081 979 966 860 685 570 175 409
is_linear=0
shrinkage=0.05


Tree=48
num_leaves=13
num_cat=3
split_feature=0 0 44 20 11 5 5 20 0 33 38 4
split_gain=97.2572 29.6616 20.2067 20.2401 19.8468 19.1692 25.1461 16.3729 13.0303 16.3276 34.3122 9.0386
threshold=0 1 46.600000000000001 31.450000000000003 96.500000000000014 0.99611390731392835 0.78724360164103002 33.350000000000001 2 33.650000000000013 8.2910715000000028 -0.94139628442229051
decision_type=1 1 2 2 2 2 2 2 1 2 2 2
left_child=8 2 3 -2 -4 6 -3 -7 9 11 -11 -1
right_child=1 5 4 -5 -6 7 -8 -9 -10 10 -12 -13
leaf_value=0.0066926325754250978 -0.0026341966829865251 0.0011961980144649343 -0.034815010312691359 0.021867841914521131 0.038072990563616869 0.0098882054786109137 -0.017197349400339273 0.0804124957560403 -0.046813374535843041 0.042997974625743257 -0.031001430275068992 -0.042372066341690703
leaf_weight=10.814094454050062 108.72012309730053 1115.3691625595093 37.211864829063416 370.95670635998249 11.456564933061598 23.961257308721542 221.93264585733414 11.810722574591635 92.566284537315369 26.088737346231937 36.146222099661827 59.486055914312601
leaf_count=216 482 5691 158 1650 52 106 1185 48 2355 264 616 1257
internal_value=-0.000729334 0.0030157 0.0129579 0.0163205 -0.0172361 -0.000882531 -0.00186688 0.0347266 -0.0309992 -0.017213 0.000208347 -0.0348366
internal_weight=2126.52 1901.42 528.345 479.677 48.6684 1373.07 1337.3 35.772 225.101 132.535 62.235 70.3002
internal_count=14080 9372 2342 2132 210 7030 6876 154 4708 2353 880 1473
cat_boundaries=0 1 2 3
cat_threshold=48 1 32
is_linear=0
shrinkage=0.05


Tree=49
num_leaves=9
num_cat=2
split_feature=0 0 36 8 8 25 39 43
split_gain=89.1263 35.6638 25.2264 41.7284 28.4403 17.7552 16.4253 14.3241
threshold=0 1 95.500000000000014 33.150000000000013 34.45000000000001 8.4715280000000011 20.450000000000003 1.2500000000000002
decision_type=1 1 2 2 2 2 2 2
left_child=-1 2 4 -4 -2 6 -3 -7
right_child=1 5 3 -5 -6 7 -8 -9
leaf_value=-0.046547871835309201 -0.023431304876518615 -0.010590491502562735 0.0046808020986096018 0.029938247372741502 0.0058379652706747782 -0.0020834941611587543 0.016333269694217757 -0.031752422348786544
leaf_weight=89.224027499556541 144.77897122502327 183.29361969046295 1044.2533971071243 193.02139863371849 191.99462565779686 59.564919527620077 80.802712731063366 128.34230524115264
leaf_count=2363 770 1813 4509 835 901 614 769 1488
internal_value=-0.000520631 0.0017493 0.00530721 0.00864209 -0.00677701 -0.0104724 -0.00232238 -0.0224085
internal_weight=2115.28 2026.05 1574.05 1237.27 336.774 452.004 264.096 187.907
internal_count=14062 11699 7015 5344 1671 4684 2582 2102
cat_boundaries=0 1 2
cat_threshold=16 7
is_linear=0
shrinkage=0.05


Tree=50
num_leaves=9
num_cat=2
split_feature=0 0 44 28 39 2 40 34
split_gain=83.5474 32.4775 24.6964 43.3957 34.0431 14.9363 19.3997 12.9024
threshold=0 1 46.600000000000001 28.950000000000003 20.250000000000004 2.5000000000000004 0.35000000000000003 25.950000000000003
decision_type=1 1 2 2 2 2 2 2
left_child=-1 2 4 -4 -2 6 -3 -7
right_child=1 5 3 -5 -6 7 -8 -9
leaf_value=-0.046177046619857165 -0.0005837064614732443 -0.035956860909439801 -0.034806058843461364 0.022166189306443873 0.014787643093255502 -0.017769769218641703 0.017431060468150055 0.023255697175954798
leaf_weight=84.485527042299509 726.48480326682329 20.486936762928963 93.023703828454018 51.01696103811264 713.27858597040176 321.87606273777783 81.101795420050621 19.532135426998138
leaf_count=2332 3227 192 410 216 3205 3660 631 181
internal_value=-0.000469814 0.00167674 0.00502775 -0.0146137 0.00703645 -0.0101354 0.00641901 -0.0153616
internal_weight=2111.29 2026.8 1583.8 144.041 1439.76 442.997 101.589 341.408
internal_count=14054 11722 7058 626 6432 4664 823 3841
cat_boundaries=0 1 2
cat_threshold=16 7
is_linear=0
shrinkage=0.05


Tree=51
num_leaves=9
num_cat=2
split_feature=0 0 39 40 38 5 33 5
split_gain=79.7482 33.2868 26.9124 44.0798 42.0021 21.2927 37.2728 21.1357
threshold=0 1 19.550000000000004 66.450000000000017 6.9169645000000015 0.59003219687534991 35.250000000000007 0.23328369003117272
decision_type=1 1 2 2 2 2 2 2
left_child=-1 2 4 -4 -2 7 -7 -3
right_child=1 5 3 -5 -6 6 -8 -9
leaf_value=-0.045827873052964464 0.013009647135526638 -0.0057125601771901516 0.0053411635202678378 0.033519022257001582 -0.018112774590536812 0.00047734437052442119 0.06003871939115029 -0.029316001429705203
leaf_weight=80.484152121469378 230.92307172715664 561.46531090140343 421.01102063059807 206.40610127151012 202.56795811653137 258.7434199526906 28.236318625509739 113.32407116517425
leaf_count=2321 983 4249 1880 917 891 1775 187 870
internal_value=-0.000162407 0.00189351 0.0079635 0.0146496 -0.0015419 -0.0048165 0.0065258 -0.00971403
internal_weight=2103.16 2022.68 1060.91 627.417 433.491 961.769 286.98 674.789
internal_count=14073 11752 4671 2797 1874 7081 1962 5119
cat_boundaries=0 1 2
cat_threshold=16 5
is_linear=0
shrinkage=0.05


Tree=52
num_leaves=9
num_cat=2
split_feature=0 0 5 34 5 5 33 5
split_gain=78.7789 31.8784 29.8476 37.2797 36.2741 20.8041 31.4243 19.6258
threshold=0 1 0.77652048701313048 24.450000000000003 0.99445195900249039 0.59003219687534991 35.250000000000007 0.23328369003117272
decision_type=1 1 2 2 2 2 2 2
left_child=-1 2 3 -2 -4 7 -7 -3
right_child=1 5 4 -5 -6 6 -8 -9
leaf_value=-0.045635716174111315 0.018928857082227586 -0.0054001918505658083 -0.017446530095382672 -0.0041073971617205099 0.04256555102098785 0.0011739656529920837 0.055392102293222972 -0.028279700404086713
leaf_weight=78.82374769449234 610.16665171086788 553.80462070740759 175.70360539853573 246.00740285217762 28.394675254821777 255.7548213340342 28.849587116390467 112.02063196338713
leaf_count=2365 2667 4206 801 1086 122 1753 187 874
internal_value=0.000184597 0.00221847 0.00814215 0.0123127 -0.00893067 -0.00440738 0.00684462 -0.00928615
internal_weight=2089.53 2010.7 1060.27 856.174 204.098 950.43 284.604 665.825
internal_count=14061 11696 4676 3753 923 7020 1940 5080
cat_boundaries=0 1 2
cat_threshold=16 5
is_linear=0
shrinkage=0.05


Tree=53
num_leaves=9
num_cat=2
split_feature=0 0 39 34 34 25 43 39
split_gain=72.9042 27.17 25.7815 36.3604 30.0291 14.5865 18.5379 16.5542
threshold=0 1 14.850000000000003 23.850000000000005 20.950000000000003 9.8562500000000011 1.2500000000000002 20.450000000000003
decision_type=1 1 2 2 2 2 2 2
left_child=-1 2 3 -2 -4 7 -7 -3
right_child=1 5 4 -5 -6 6 -8 -9
leaf_value=-0.045313470805725384 0.0022402113499306736 -0.012754560088086626 -0.024159143085968005 -0.063842426547652736 0.0079128775823289078 0.00071241706660279871 -0.040156648120060312 0.01070849382354159
leaf_weight=75.469500571489334 58.555209517478943 199.86536200158298 76.023234285414219 31.242003828287125 1404.7393560856581 44.75682470947504 71.859568035230041 119.21281850710511
leaf_count=2362 258 2104 409 152 6204 472 889 1205
internal_value=-0.000359359 0.00157134 0.00463949 -0.021201 0.00625109 -0.00933042 -0.0245986 -0.00398231
internal_weight=2081.72 2006.25 1570.56 89.7972 1480.76 435.695 116.616 319.078
internal_count=14055 11693 7023 410 6613 4670 1361 3309
cat_boundaries=0 1 2
cat_threshold=16 7
is_linear=0
shrinkage=0.05


Tree=54
num_leaves=9
num_cat=1
split_feature=0 40 4 40 34 34 5 27
split_gain=67.2331 24.1053 28.2761 25.2493 28.1143 11.2257 2.49943 2.16849
threshold=0 130.55000000000004 -0.90163369914317004 115.65000000000002 23.850000000000005 23.550000000000004 -0.82413948779581736 52.850000000000001
decision_type=1 2 2 2 2 2 2 2
left_child=-1 3 7 4 -2 -5 -4 -3
right_child=1 2 6 5 -6 -7 -8 -9
leaf_value=-0.044937667820455572 0.0062051485748311486 -0.010879164247574923 -0.023229819571020206 -0.032842718469023667 -0.0060316636427607349 0.040656075454431978 -0.077545410184465702 0.025692746918867127
leaf_weight=71.673004293814301 1074.175359249115 5.4720550253987339 3.5516714379191425 4.9993380159139624 832.09947826527059 53.530052531510592 20.132703181356192 10.817650083452461
leaf_count=2340 6135 30 25 28 4984 308 118 59
internal_value=-0.000750825 0.00106923 -0.0368833 0.00186519 0.000863351 0.0339319 -0.0706714 0.0134888
internal_weight=2076.45 2004.78 39.9741 1964.8 1906.27 58.5294 23.6844 16.2897
internal_count=14027 11687 232 11455 11119 336 143 89
cat_boundaries=0 1
cat_threshold=16
is_linear=0
shrinkage=0.05


end of trees

feature_importances:
age_group=147
temperature_min_7d=89
day_of_year_cos=48
wind_speed_max_7d=43
day_of_year_sin=42
humidity_max_7d=40
month=39
rain_max_daily_7d=35
temperature_max_7d=28
wind_speed_mean_7d=23
precipitation_sum_7d=21
wind_gust_max_7d=17
temperature_mean_7d=15
temperature_max_3d=14
wind_speed_mean_3d=14
humidity_mean_7d=12
humidity_min_7d=12
weather_code_current=10
temperature_max_current=10
wind_speed_max_3d=9
temperature_min_3d=7
wind_gust_max_3d=6
temperature_mean_current=5
precipitation_sum_3d=5
humidity_max_current=4
temperature_mean_3d=4
temperature_min_current=2
precipitation_sum_current=2
gender=1
humidity_min_current=1
wind_speed_mean_current=1
wind_speed_max_current=1
wind_gust_max_current=1
humidity_mean_3d=1
humidity_max_3d=1
humidity_min_3d=1
rain_sum_3d=1
rain_max_daily_3d=1
rain_sum_7d=1

parameters:
[boosting: gbdt]
[objective: binary]
[metric: binary_logloss]
[tree_learner: serial]
[device_type: cpu]
[data_sample_strategy: bagging]
[data: ]
[valid: ]
[num_iterations: 55]
[learning_rate: 0.05]
[num_leaves: 15]
[num_threads: 8]
[seed: 42]
[deterministic: 0]
[force_col_wise: 0]
[force_row_wise: 0]
[histogram_pool_size: -1]
[max_depth: 4]
[min_data_in_leaf: 20]
[min_sum_hessian_in_leaf: 0.001]
[bagging_fraction: 0.9]
[pos_bagging_fraction: 1]
[neg_bagging_fraction: 1]
[bagging_freq: 1]
[bagging_seed: 400]
[bagging_by_query: 0]
[feature_fraction: 0.9]
[feature_fraction_bynode: 1]
[feature_fraction_seed: 30056]
[extra_trees: 0]
[extra_seed: 12879]
[early_stopping_round: 0]
[early_stopping_min_delta: 0]
[first_metric_only: 0]
[max_delta_step: 0]
[lambda_l1: 0]
[lambda_l2: 1]
[linear_lambda: 0]
[min_gain_to_split: 0]
[drop_rate: 0.1]
[max_drop: 50]
[skip_drop: 0.5]
[xgboost_dart_mode: 0]
[uniform_drop: 0]
[drop_seed: 17869]
[top_rate: 0.2]
[other_rate: 0.1]
[min_data_per_group: 100]
[max_cat_threshold: 32]
[cat_l2: 10]
[cat_smooth: 10]
[max_cat_to_onehot: 4]
[top_k: 20]
[monotone_constraints: ]
[monotone_constraints_method: basic]
[monotone_penalty: 0]
[feature_contri: ]
[forcedsplits_filename: ]
[refit_decay_rate: 0.9]
[cegb_tradeoff: 1]
[cegb_penalty_split: 0]
[cegb_penalty_feature_lazy: ]
[cegb_penalty_feature_coupled: ]
[path_smooth: 0]
[interaction_constraints: ]
[verbosity: -1]
[saved_feature_importance_type: 0]
[use_quantized_grad: 0]
[num_grad_quant_bins: 4]
[quant_train_renew_leaf: 0]
[stochastic_rounding: 1]
[linear_tree: 0]
[max_bin: 255]
[max_bin_by_feature: ]
[min_data_in_bin: 3]
[bin_construct_sample_cnt: 200000]
[data_random_seed: 175]
[is_enable_sparse: 1]
[enable_bundle: 1]
[use_missing: 1]
[zero_as_missing: 0]
[feature_pre_filter: 1]
[pre_partition: 0]
[two_round: 0]
[header: 0]
[label_column: ]
[weight_column: ]
[group_column: ]
[ignore_column: ]
[categorical_feature: 0,1,3]
[forcedbins_filename: ]
[precise_float_parser: 0]
[parser_config_file: ]
[objective_seed: 16083]
[num_class: 1]
[is_unbalance: 0]
[scale_pos_weight: 1]
[sigmoid: 1]
[boost_from_average: 1]
[reg_sqrt: 0]
[alpha: 0.9]
[fair_c: 1]
[poisson_max_delta_step: 0.7]
[tweedie_variance_power: 1.5]
[lambdarank_truncation_level: 30]
[lambdarank_norm: 1]
[label_gain: ]
[lambdarank_position_bias_regularization: 0]
[eval_at: ]
[multi_error_top_k: 1]
[auc_mu_weights: ]
[num_machines: 1]
[local_listen_port: 12400]
[time_out: 120]
[machine_list_filename: ]
[machines: ]
[gpu_platform_id: -1]
[gpu_device_id: -1]
[gpu_device_id_list: ]
[gpu_use_dp: 0]
[num_gpu: 1]

end of parameters

pandas_categorical:[]
