tree
version=v4
num_class=1
num_tree_per_iteration=1
label_index=0
max_feature_idx=44
objective=binary sigmoid:1
feature_names=age_group gender month season day_of_year_sin day_of_year_cos weather_code_current temperature_mean_current temperature_max_current temperature_min_current humidity_mean_current humidity_max_current humidity_min_current wind_speed_mean_current wind_speed_max_current precipitation_sum_current rain_sum_current wind_gust_max_current rain_day_current temperature_mean_3d temperature_max_3d temperature_min_3d humidity_mean_3d humidity_max_3d humidity_min_3d wind_speed_mean_3d wind_speed_max_3d precipitation_sum_3d rain_sum_3d rain_days_3d rain_max_daily_3d wind_gust_max_3d temperature_mean_7d temperature_max_7d temperature_min_7d humidity_mean_7d humidity_max_7d humidity_min_7d wind_speed_mean_7d wind_speed_max_7d precipitation_sum_7d rain_sum_7d rain_days_7d rain_max_daily_7d wind_gust_max_7d
feature_infos=-1:0:1:2:3:4:5 -1:0:1 [1:12] -1:1:0 [-0.99999942202469239:0.99998555065071859] [-0.99997919295908244:0.9999907524084426] [0:61] [23.658332999999999:32.533332999999999] [25.899999999999999:39.200000000000003] [17.899999999999999:29.300000000000001] [48.958333000000003:91.625] [63:100] [23:86] [2.8541669999999999:19.695833] [6.4000000000000004:30.100000000000001] [0:63.100000000000001] [0:63.100000000000001] [14:56.899999999999999] [0:1] [23.766667000000002:32.427778000000004] [27.699999999999999:39.200000000000003] [17.899999999999999:28.100000000000001] [52.569443999999997:90.694444000000004] [73:100] [23:79] [4.125:17.329167000000002] [9.6999999999999993:30.100000000000001] [0:93.900000000000006] [0:93.900000000000006] [0:3] [0:63.100000000000001] [17.300000000000001:56.899999999999999] [24.365476000000001:32.235118999999997] [28.699999999999999:39.200000000000003] [17.899999999999999:27.5] [55.767856999999999:89.523809999999997] [77:100] [23:72] [4.5327380000000002:15.469643] [11.6:30.100000000000001] [0:163.90000000000001] [0:163.90000000000001] [0:7] [0:63.100000000000001] [23:56.899999999999999]
tree_sizes=1374 1406 1408 1731 1202 1194 1731 1309 1099 1393 1527 1095 1091 1007 1005 1220 1117 1221 1298 1711 907 1078 904 1114 803 898 879 906 888 1407 1109 784 905 1109 1112 1108 997

Tree=0
num_leaves=12
num_cat=2
split_feature=0 34 4 32 22 5 37 4 2 0 33
split_gain=441.773 276.158 253.231 268.031 181.479 37.5614 42.194 16.8186 14.9246 32.522 47.4577
threshold=0 23.550000000000004 -0.52766804058324157 28.410119000000005 86.451388500000022 0.95936279103287792 37.500000000000007 -0.92274349529687905 9.5000000000000018 1 31.750000000000004
decision_type=1 2 2 2 2 2 2 2 2 1 2
left_child=1 5 4 -4 -3 7 -7 -1 -2 10 -10
right_child=8 2 3 -5 -6 6 -8 -9 9 -11 -12
leaf_value=-4.306075391541853 -4.4627856601212192 -3.435021530977501 -4.4430902815083364 -3.9819771167655174 -4.1799917146496259 -4.0825297097924587 -4.4405570566672781 -4.4582845216021187 -4.4355964422164194 -4.4464401195199947 -4.1690664343119144
leaf_weight=1.2307873591780651 109.80043383128941 1.4319737544283282 6.4734681295230949 4.923149436712265 2.5325816813856363 0.84024906251579468 1.230787359178066 9.2072362061589974 2.6390921259298921 22.130503477528695 2.9112854842096567
leaf_count=104 9278 121 547 416 214 71 104 778 223 1870 246
internal_value=-4.41244 -4.2624 -4.07509 -4.22523 -3.76819 -4.38917 -4.23511 -4.43259 -4.45175 -4.42138 -4.36012
internal_weight=165.352 27.8702 15.3612 11.3966 3.96456 12.5091 2.07104 10.438 137.481 27.6809 5.55038
internal_count=13972 2355 1298 963 335 1057 175 882 11617 2339 469
cat_boundaries=0 1 2
cat_threshold=8 1
is_linear=0
shrinkage=1


Tree=1
num_leaves=12
num_cat=2
split_feature=0 34 4 21 44 5 40 2 0 39 4
split_gain=332.677 146.509 106.997 199.993 40.5191 24.6351 25.4405 20.3304 39.0253 57.6717 15.693
threshold=0 23.550000000000004 -0.48314718476766416 25.250000000000004 31.500000000000004 0.96407344085605595 2.8500000000000001 9.5000000000000018 1 16.550000000000004 -0.92923668111203817
decision_type=1 2 2 2 2 2 2 2 1 2 2
left_child=1 5 4 -4 -3 10 -7 -2 9 -9 -1
right_child=7 2 3 -5 -6 6 -8 8 -10 -11 -12
leaf_value=0.099234961175603875 -0.05009498294225815 -0.017143304811995334 -0.0063195645666196667 0.37729631764861421 0.41284926640376052 -0.027104970724577328 0.24722345198818729 -0.036498108953106997 -0.03344230771006889 0.24536066448613425 -0.045448212416529243
leaf_weight=1.3392435517162073 104.03390666842461 0.50684406608343202 9.1521129710599762 4.3733603060245523 6.5450030909851193 1.1495820377022021 1.0161249004304407 2.5718523943796754 21.457757469266657 3.731105949729681 8.853853206150232
leaf_count=102 9232 30 690 252 331 89 72 195 1874 278 780
internal_value=-0.000240752 0.120101 0.234149 0.135155 0.383653 0.0168027 0.139043 -0.037233 -0.00191236 0.0595541 -0.0192713
internal_weight=164.731 32.9361 20.5773 13.5255 7.05185 12.3588 2.16571 131.795 27.7607 6.30296 10.1931
internal_count=13925 2346 1303 942 361 1043 161 11579 2347 473 882
cat_boundaries=0 1 2
cat_threshold=8 1
is_linear=0
shrinkage=0.05


Tree=2
num_leaves=12
num_cat=2
split_feature=0 44 40 7 5 2 0 34 34 5 23
split_gain=291.386 76.4646 68.2333 53.3855 42.8634 18.1193 32.8335 47.6518 6.79593 12.5116 1.63453
threshold=0 34.000000000000007 2.8500000000000001 27.368750000000002 -0.36648370705903521 9.5000000000000018 1 23.050000000000004 23.550000000000004 0.097680735332368721 86.500000000000014
decision_type=1 2 2 2 2 2 1 2 2 2 2
left_child=1 8 4 -4 -3 -2 7 -7 10 -10 -1
right_child=5 2 3 -5 -6 6 -8 -9 9 -11 -12
leaf_value=0.027628183558499504 -0.050049105793194951 0.2569562386632705 0.11369263035770028 0.27973415676854047 -0.042952370475935024 -0.018325538800042226 -0.033238740610355137 0.21862499708532887 -0.012436638551626659 0.15425371830314819 -0.041880720332985011
leaf_weight=0.28555002622306158 100.25208004936576 0.46395171806216229 11.451707801781597 11.839259576052426 5.4562363317236331 3.6455144211649895 21.100310832262043 3.6416811058297753 2.922309268265963 0.70676564518362273 4.7933958526700735
leaf_count=22 9343 18 722 575 391 249 1904 226 189 24 408
internal_value=-0.000545515 0.104529 0.169014 0.206136 0.0142859 -0.0372738 -0.00467266 0.0508364 0.00076024 0.0463364 -0.0340707
internal_weight=166.559 37.9192 29.2112 23.291 5.92019 128.64 28.3875 7.2872 8.70802 3.62907 5.07895
internal_count=14071 2349 1706 1297 409 11722 2379 475 643 213 430
cat_boundaries=0 1 2
cat_threshold=8 1
is_linear=0
shrinkage=0.05


Tree=3
num_leaves=15
num_cat=1
split_feature=0 34 4 34 37 38 2 41 34 4 2 8 2 38
split_gain=247.117 68.7324 62.875 89.6134 35.3373 20.3485 17.6184 20.1225 15.3372 12.9555 7.15438 6.97538 3.746 2.56112
threshold=0 23.550000000000004 -0.49813634056773481 24.850000000000005 60.500000000000007 5.5770835000000014 1.5000000000000002 2.8500000000000001 23.750000000000004 -0.92274349529687905 9.5000000000000018 27.350000000000005 9.5000000000000018 8.4187500000000011
decision_type=1 2 2 2 2 2 2 2 2 2 2 2 2 2
left_child=1 6 4 -4 -3 8 7 -1 10 -8 -2 13 -13 -7
right_child=5 2 3 -5 -6 11 9 -9 -10 -11 -12 12 -14 -15
leaf_value=-0.029387995398316481 -0.014129375527592395 -0.025983062591254793 -0.018547776793394751 0.19779691562766055 0.26142615848915679 0.093940298877684403 0.079463334162403684 0.1905625298514447 -0.031380726135368207 -0.045317073334328543 0.18773255032617633 -0.049987345066152516 -0.026792241474936047 -0.015912378423242401
leaf_weight=1.3876300603151315 0.38825285807251875 0.98771586082875984 9.8537628417834657 8.031139185652135 10.80312912724912 0.38732397463172574 1.6930050924420346 1.4877627696841953 1.6369530716910956 8.5936025790870172 1.0996270552277563 93.568938795477152 26.27133524697274 0.45977312140166759
leaf_count=127 38 29 635 305 318 29 110 85 154 757 84 9158 2206 45
internal_value=-0.00153202 0.089197 0.150576 0.0839304 0.237201 -0.0375263 0.0129323 0.104223 0.0707432 -0.0195594 0.150551 -0.0439718 -0.0451663 0.0579813
internal_weight=166.65 42.8377 29.6757 17.8849 11.7908 123.812 13.162 2.87539 3.12483 10.2866 1.48788 120.687 119.84 0.847097
internal_count=14080 2366 1287 940 347 11714 1079 212 276 867 122 11438 11364 74
cat_boundaries=0 1
cat_threshold=8
is_linear=0
shrinkage=0.05


Tree=4
num_leaves=10
num_cat=2
split_feature=0 44 4 32 2 0 33 39 44
split_gain=239.916 57.6987 39.7512 50.7797 16.4738 27.1198 34.145 5.16357 14.0796
threshold=0 34.000000000000007 0.98372640911059162 29.308928500000004 9.5000000000000018 1 31.750000000000004 17.250000000000004 31.500000000000004
decision_type=1 2 2 2 2 1 2 2 2
left_child=1 7 3 -3 -2 6 -6 8 -1
right_child=4 2 -4 -5 5 -7 -8 -9 -10
leaf_value=-0.028726701523876137 -0.049946433598371844 0.11314638396687143 -0.037905779847749822 0.28511046090742787 -0.027856243149452616 -0.032551754611901233 0.16467712447977956 -0.041670027538918603 0.12471883961489837
leaf_weight=3.5779061466455442 90.816065907478333 29.932158441282809 2.8469702824950209 4.9391300007700911 3.4006327195093036 19.905764350667596 4.7990485019981861 4.4802376069128513 1.2743226513266561
leaf_count=287 9330 1414 143 145 242 1887 248 310 60
internal_value=0.00126723 0.0856342 0.130361 0.144772 -0.0366339 -0.00596628 0.0433541 -0.00737664 0.0259974
internal_weight=165.972 47.0507 37.7183 34.8713 118.922 28.1054 8.19968 9.33247 4.85223
internal_count=14066 2359 1702 1559 11707 2377 490 657 347
cat_boundaries=0 1 2
cat_threshold=8 1
is_linear=0
shrinkage=0.05


Tree=5
num_leaves=10
num_cat=2
split_feature=0 34 4 7 20 2 0 30 36
split_gain=201.816 40.4947 46.2144 35.3254 33.3639 12.4921 19.6824 27.1072 9.69841
threshold=0 26.050000000000004 -0.48314718476766416 26.872916500000006 32.750000000000007 9.5000000000000018 1 11.250000000000002 90.500000000000014
decision_type=1 2 2 2 2 2 1 2 2
left_child=1 2 3 -1 -4 -2 7 -7 -3
right_child=5 8 4 -5 -6 6 -8 -9 -10
leaf_value=0.049388483209115243 -0.049895247767414122 0.049259157675116821 -0.04580733484228916 0.18624417094356674 0.065890735341482293 -0.022480640795087114 -0.032160207677033564 0.1407444526836745 0.29796426791971237
leaf_weight=9.4049767563119548 86.475872258655727 0.99048644676804487 9.1830778578296322 10.908333718776701 19.035124257206917 4.304506522603333 19.265710266306996 4.4772071884945035 1.8584322184324262
leaf_count=413 9330 23 659 271 942 260 1886 221 36
internal_value=-0.000905735 0.0727019 0.0723865 0.128171 0.029217 -0.0373345 -0.0110755 0.0329414 0.24676
internal_weight=165.904 51.3804 48.5315 20.3133 28.2182 114.523 28.0474 8.78171 2.84892
internal_count=14041 2344 2285 684 1601 11697 2367 481 59
cat_boundaries=0 1 2
cat_threshold=8 1
is_linear=0
shrinkage=0.05


Tree=6
num_leaves=15
num_cat=0
split_feature=4 21 19 30 34 17 37 39 5 37 22 38 43 38
split_gain=40.6208 44.8005 35.7807 21.0562 20.0879 24.7851 15.7088 29.2543 10.7671 18.3402 10.5974 9.81399 8.51419 1.46909
threshold=-0.51297808981038739 25.250000000000004 27.075000000000003 27.050000000000004 24.850000000000005 30.400000000000002 32.500000000000007 20.250000000000004 0.95936279103287792 37.500000000000007 88.062500000000014 5.6827385000000001 38.900000000000006 10.545833500000002
decision_type=2 2 2 2 2 2 2 2 2 2 2 2 2 2
left_child=2 8 3 11 5 -4 13 -8 12 -10 -5 -1 -2 -3
right_child=1 6 4 10 -6 -7 7 -9 9 -11 -12 -13 -14 -15
leaf_value=0.068683639196900417 -0.045739494211631523 0.023913394471269035 0.03468196440109847 0.0076478569996856205 -0.027037195006373478 0.16126818728352343 -0.0073142825422950466 0.11801827421557812 0.072537365166563728 -0.04393856148693473 0.12866365938282448 -0.021731228526676631 0.039200407434594874 -0.041693515911748226
leaf_weight=2.3508422998711458 71.719908386468887 0.34560507442802446 7.6398645285517039 3.2716473005712023 2.9073661593720308 8.5844105090945941 8.1013183407485503 9.6076261438429338 5.0829945141449553 6.6289565833285451 3.4556268472224474 29.806086860597134 2.3451738478615871 4.3543269149959087
leaf_count=164 7235 23 448 254 142 442 572 615 411 639 238 2354 220 326
internal_value=-0.00112699 -0.0191851 0.0323016 0.0041781 0.0864144 0.107134 0.0424737 0.063356 -0.035597 0.00834168 0.0784166 -0.0132493 -0.0425636 -0.0335202
internal_weight=166.202 108.186 58.0158 38.8842 19.1316 16.2243 22.4089 17.7089 85.777 11.712 6.72727 32.1569 74.0651 4.69993
internal_count=14083 10041 4042 3010 1032 890 1536 1187 8505 1050 492 2518 7455 349
is_linear=0
shrinkage=0.05


Tree=7
num_leaves=11
num_cat=2
split_feature=0 44 35 4 4 0 5 4 20 23
split_gain=160.45 31.9015 27.1726 26.727 13.0199 26.2648 33.3079 2.10711 3.45211 1.80645
threshold=0 33.300000000000004 62.752976000000011 0.98372640911059162 -0.58482361983252518 1 0.097680735332368721 -0.76141707087277943 31.850000000000005 85.500000000000014
decision_type=1 2 2 2 2 1 2 2 2 2
left_child=1 7 -3 -4 5 6 -2 8 -1 -9
right_child=4 2 3 -5 -6 -7 -8 9 -10 -11
leaf_value=-0.028150134486956854 -0.03931481697456133 -0.039582055040141728 0.10716634667798744 -0.038236106743169511 -0.049809234305691251 -0.034211227882752548 0.14244591581642199 0.030891148747502251 0.068112653459247788 -0.042832429648447141
leaf_weight=1.2327622249722479 3.4672555727884173 3.4239985579624763 41.869535596109927 2.9256640803068867 76.709813967347145 23.112312104552984 5.7150178011506796 0.23305702023208041 0.67221385519951571 5.3486033482477069
leaf_count=81 333 204 1472 141 8679 2414 260 13 16 433
internal_value=-0.00102965 0.0612565 0.0867336 0.0970423 -0.035472 -0.0115973 0.0386922 -0.0215385 0.017572 -0.0355284
internal_weight=164.71 55.7058 48.2192 44.7952 109.004 32.2946 9.18227 7.48664 1.90498 5.58166
internal_count=14046 2360 1817 1613 11686 3007 593 543 97 446
cat_boundaries=0 1 2
cat_threshold=8 1
is_linear=0
shrinkage=0.05


Tree=8
num_leaves=9
num_cat=2
split_feature=0 32 43 5 43 2 0 39
split_gain=148.605 26.3022 29.2554 29.4472 29.1697 18.4399 24.4688 24.3008
threshold=0 26.350297500000003 24.200000000000006 -0.87810534180523914 18.050000000000004 9.5000000000000018 1 16.550000000000004
decision_type=1 2 2 2 2 2 1 2
left_child=1 -1 4 -4 -3 -2 7 -7
right_child=5 2 3 -5 -6 6 -8 -9
leaf_value=-0.041713919179690716 -0.049783192690038204 0.072288922565799385 -0.032264695044296812 0.17359569573874989 -0.038155071552398695 -0.037823517074222462 -0.031279989369474674 0.12039832583449889
leaf_weight=4.490582861006259 77.770044148899615 36.534166635014117 1.718864919617771 10.281061938963829 6.4594173934310666 2.8949986957013607 17.910763023421168 7.1512782564386725
leaf_count=289 9374 1320 104 324 311 188 1876 285
internal_value=0.000472902 0.0577474 0.0767823 0.143895 0.0552055 -0.0341966 -0.00242603 0.0396307
internal_weight=165.211 59.4841 54.9935 11.9999 42.9936 105.727 27.957 10.0463
internal_count=14071 2348 2059 428 1631 11723 2349 473
cat_boundaries=0 1 2
cat_threshold=8 1
is_linear=0
shrinkage=0.05


Tree=9
num_leaves=12
num_cat=3
split_feature=0 34 5 1 25 5 2 0 33 37 14
split_gain=145.408 23.7236 23.2429 27.878 21.8904 19.0671 15.1192 19.9189 18.3789 11.7757 4.42399
threshold=0 23.550000000000004 0.95936279103287792 1 12.508333500000001 -0.98212955754013376 9.5000000000000018 2 31.750000000000004 67.500000000000014 19.650000000000002
decision_type=1 2 2 1 2 2 2 1 2 2 2
left_child=1 2 9 -4 5 -3 -2 8 -8 -1 -6
right_child=6 4 3 -5 10 -7 7 -9 -10 -11 -12
leaf_value=-0.042294566342068567 -0.049729512027254327 -0.035368492159177853 -0.03237946738631009 0.21083448089197218 0.047995475115088289 0.1002525113738328 -0.028353774644839139 -0.031210931587213372 0.10250407156269691 0.084100105868817887 -0.041782852157696872
leaf_weight=10.924068994820116 73.841979408171028 2.2858025450259438 1.6937231132760635 1.6743383845314384 1.0019157212227572 40.606325657106936 3.4707656847313046 17.82122131343931 7.11196119338274 1.2270619589835394 3.7125782538205385
leaf_count=824 9343 153 86 87 23 992 215 1925 246 62 107
internal_value=0.0011844 0.0554961 0.00966114 0.109115 0.0813491 0.0923839 -0.0345853 -0.00662466 0.0326532 -0.0241065 -0.0176432
internal_weight=165.372 63.1258 15.5192 3.36806 47.6066 42.8921 102.246 28.4039 10.5827 12.1511 4.71449
internal_count=14063 2334 1059 173 1275 1145 11729 2386 461 886 130
cat_boundaries=0 1 2 3
cat_threshold=8 1 1
is_linear=0
shrinkage=0.05


Tree=10
num_leaves=13
num_cat=1
split_feature=0 7 4 5 44 38 43 36 5 32 2 32
split_gain=111.794 21.9305 34.4046 33.086 30.4213 19.266 15.7021 15.0743 12.5451 8.2574 6.4318 5.83635
threshold=0 27.339583500000003 0.42179998225932674 -0.16799793862756093 46.250000000000007 5.5770835000000014 24.200000000000006 98.500000000000014 0.19969739736768835 27.141369000000001 9.5000000000000018 26.854762000000004
decision_type=1 2 2 2 2 2 2 2 2 2 2 2
left_child=1 6 4 -4 -3 8 9 -8 -2 -1 -7 -12
right_child=5 2 3 -5 -6 10 7 -9 -10 -11 11 -13
leaf_value=-0.039100983881251827 -0.02995527334199645 0.15388129953994431 0.075321222395542023 -0.045610547897242573 -0.015803384152452495 -0.049667596026199384 -0.019679775631627996 0.098210398588481296 0.13614195913398244 0.0339570664199541 -0.034920214433165654 0.014207846085255715
leaf_weight=11.081304903142156 1.4606202403083437 14.315745489671828 14.164319603703918 8.1814750554040057 2.9799882248044005 69.405131783802062 3.6702193217352015 6.972373983822763 1.669533031992614 4.7916257549077264 17.919595383107666 8.2168562067672593
leaf_count=584 174 350 313 441 60 9227 134 239 89 201 1588 644
internal_value=-0.00183431 0.0444894 0.0742426 0.0309873 0.125379 -0.0340731 0.0150946 0.0593563 0.0701492 -0.0163412 -0.0417082 -0.0195208
internal_weight=164.829 66.1571 39.6415 22.3458 17.2957 98.6717 26.5155 10.6426 3.13015 15.8729 95.5416 26.1365
internal_count=14044 2322 1164 754 410 11722 1158 373 263 785 11459 2232
cat_boundaries=0 1
cat_threshold=8
is_linear=0
shrinkage=0.05


Tree=11
num_leaves=9
num_cat=1
split_feature=0 29 44 37 7 40 2 23
split_gain=106.215 25.8915 19.9822 22.0706 14.4232 10.2799 9.4388 0.152805
threshold=0 2.5000000000000004 33.300000000000004 63.500000000000007 31.435416500000006 111.2 1.5000000000000002 89.500000000000014
decision_type=1 2 2 2 2 2 2 2
left_child=1 4 5 -4 6 -3 -1 -6
right_child=-2 2 3 -5 7 -7 -8 -9
leaf_value=0.035713903856927548 -0.043580242723245684 -0.032021323481340049 0.083279988602063981 0.020070104378268224 0.025700240917488439 0.088605345918870454 -0.042307912335642156 0.10499124671858179
leaf_weight=4.1895943940617206 70.420080475509167 9.377622470725326 39.179739810526371 22.251794449985027 0.93116998672485296 1.142531944438814 16.001543358433992 1.2157444544136522
leaf_count=326 9367 662 1509 907 25 37 1177 24
internal_value=-0.000782283 0.0324692 0.0503123 0.0610722 -0.0107847 -0.0123666 -0.0251973 0.0896959
internal_weight=164.71 94.2897 71.9517 61.4315 22.3381 10.5202 20.1911 2.14691
internal_count=14034 4667 3115 2416 1552 699 1503 49
cat_boundaries=0 1
cat_threshold=9
is_linear=0
shrinkage=0.05


Tree=12
num_leaves=9
num_cat=2
split_feature=0 4 34 1 43 19 37 30
split_gain=100.776 26.5893 37.6658 58.5231 23.4214 20.8861 19.5718 16.7165
threshold=0 -0.48314718476766416 26.050000000000004 1 38.900000000000006 27.075000000000003 60.500000000000007 27.050000000000004
decision_type=1 2 2 1 2 2 2 2
left_child=1 5 4 -4 -3 7 -7 -1
right_child=-2 2 3 -5 -6 6 -8 -9
leaf_value=0.0075880710895680908 -0.043280400076343969 -0.014006393904636231 0.24369290212186662 -0.040993041116281076 0.12043923221163742 -0.023547904443163035 0.12113877049504528 0.10303771391833001
leaf_weight=19.165225617121909 67.145977212581784 45.58649216638878 3.030127194710075 2.821503674145788 2.4828523555770508 2.3661822993308332 16.138498276937753 5.1084568714722982
leaf_count=858 9333 3053 65 60 101 72 289 158
internal_value=-6.35799e-05 0.0313067 0.0107868 0.120476 -0.00474913 0.0634854 0.102379 0.0309578
internal_weight=163.845 96.6993 53.921 5.85163 48.0693 42.7784 18.5047 24.2737
internal_count=13989 4656 3279 125 3154 1377 361 1016
cat_boundaries=0 1 2
cat_threshold=9 1
is_linear=0
shrinkage=0.05


Tree=13
num_leaves=8
num_cat=1
split_feature=0 29 32 37 39 7 5
split_gain=94.2403 20.836 19.4373 19.5695 14.8212 12.4364 11.5645
threshold=0 2.5000000000000004 28.962202500000004 60.500000000000007 20.250000000000004 31.435416500000006 0.95936279103287792
decision_type=1 2 2 2 2 2 2
left_child=1 5 3 -3 -4 6 -1
right_child=-2 2 4 -5 -6 -7 -8
leaf_value=-0.044842475634105379 -0.043028084781273568 -0.007388260917959107 0.0015499798106197991 0.050747591928428419 0.13562659785559303 0.079263513500206773 0.039998658460250941
leaf_weight=15.165368499234324 64.600477755069733 20.387851949315518 2.7093631876632553 47.03984742006287 7.9370802990160882 2.3717565517872563 4.4859765274450174
leaf_count=1255 9373 1188 94 1680 179 48 269
internal_value=3.97884e-05 0.0293395 0.0442337 0.0333182 0.104569 -0.0103464 -0.0244761
internal_weight=164.698 100.097 78.0741 67.4277 10.6464 22.0231 19.6513
internal_count=14086 4713 3141 2868 273 1572 1524
cat_boundaries=0 1
cat_threshold=9
is_linear=0
shrinkage=0.05


Tree=14
num_leaves=8
num_cat=1
split_feature=0 4 20 4 32 37 22
split_gain=84.1289 21.059 30.4559 19.38 17.6285 11.0746 7.18122
threshold=0 -0.49813634056773481 32.750000000000007 0.42179998225932674 26.419940500000006 64.500000000000014 89.020833500000023
decision_type=1 2 2 2 2 2 2
left_child=1 4 -3 -4 6 -6 -1
right_child=-2 2 3 -5 5 -7 -8
leaf_value=-0.037609769132482582 -0.042746411046353149 -0.047922857016613474 0.095354356882387956 0.011725995696785764 0.086951556137194616 0.030703307082758563 0.067760551834133917
leaf_weight=6.377769084647297 61.92094924999401 16.395954374689609 8.1623768606223148 29.90603260230273 23.881179121788591 15.955069232732056 1.1043631434440611
leaf_count=348 9367 1335 434 1544 581 397 46
internal_value=-0.00100511 0.0261703 0.00725534 0.0316388 0.0527574 0.0657268 -0.0159021
internal_weight=163.704 101.783 54.4644 38.0684 47.3184 39.8362 7.48213
internal_count=14052 4685 3313 1978 1372 978 394
cat_boundaries=0 1
cat_threshold=9
is_linear=0
shrinkage=0.05


Tree=15
num_leaves=10
num_cat=1
split_feature=0 34 40 5 2 24 33 5 21
split_gain=82.3192 14.4939 19.9303 18.6336 13.8506 15.0472 11.6382 4.84448 4.47013
threshold=0 26.400000000000002 2.8500000000000001 0.95936279103287792 9.5000000000000018 68.500000000000014 31.350000000000005 -0.36648370705903521 23.350000000000005
decision_type=1 2 2 2 2 2 2 2 2
left_child=1 2 7 -4 -2 8 -7 -1 -6
right_child=4 -3 3 -5 5 6 -8 -9 -10
leaf_value=0.060751962935052119 -0.049496864107784769 0.11841831703740234 0.034575254296230699 0.15270127081726709 -0.046229711256393122 -0.031733179926752203 0.10857226069627793 -0.045674315313712757 -0.0016328081140360902
leaf_weight=0.33836857974529166 59.490926290862262 4.4319584891200057 61.64467256097123 2.6638268716633311 10.575374946463858 1.6761254020966578 3.3621183484792709 8.396932711824773 11.066966439597307
leaf_count=4 9362 39 1689 80 1179 173 178 552 838
internal_value=-0.000847129 0.0341425 0.0321099 0.0417316 -0.0325225 -0.00600226 0.0643702 -0.0357349 -0.0245041
internal_weight=163.647 77.4758 73.0438 64.3085 86.1715 26.6806 5.03824 8.7353 21.6423
internal_count=14094 2364 2325 1769 11730 2368 351 556 2017
cat_boundaries=0 1
cat_threshold=8
is_linear=0
shrinkage=0.05


Tree=16
num_leaves=9
num_cat=1
split_feature=0 4 32 5 2 4 38 5
split_gain=78.0909 15.3166 28.7321 23.3054 16.9787 12.6513 16.1587 14.5435
threshold=0 -0.48314718476766416 28.962202500000004 -0.16799793862756093 1.5000000000000002 -0.76141707087277943 13.423214500000002 -0.39036009226888668
decision_type=1 2 2 2 2 2 2 2
left_child=1 5 4 -4 -3 7 -7 -1
right_child=-2 2 3 -5 -6 6 -8 -9
leaf_value=-0.045133929329551507 -0.042217240151669638 0.050700443460746994 0.081195781284726126 -0.041550516110527846 -0.034506701703138007 0.090176618255237664 -0.039099377256725659 0.040691288435567428
leaf_weight=5.2537859724834588 57.346139277797192 6.3283411427400997 16.191526629030708 4.3093576780520371 29.043250810354948 19.025292045436803 2.1816379823721936 24.309837311971933
leaf_count=190 9419 424 350 300 2248 472 39 689
internal_value=0.000326016 0.0249838 0.00896971 0.0546616 -0.0182874 0.0469194 0.0757157 0.0244615
internal_weight=163.989 106.643 55.8725 20.5009 35.3716 50.7706 21.2069 29.5636
internal_count=14131 4712 3322 650 2672 1390 511 879
cat_boundaries=0 1
cat_threshold=9
is_linear=0
shrinkage=0.05


Tree=17
num_leaves=10
num_cat=1
split_feature=0 44 2 43 39 35 32 26 23
split_gain=68.537 13.3804 12.6264 13.3638 11.9146 11.3469 11.6358 9.44074 1.51493
threshold=0 31.500000000000004 9.5000000000000018 31.200000000000006 23.150000000000002 62.752976000000011 26.350297500000003 16.450000000000003 85.500000000000014
decision_type=1 2 2 2 2 2 2 2 2
left_child=1 8 -2 7 -5 -3 -7 -4 -1
right_child=2 5 3 4 -6 6 -8 -9 -10
leaf_value=0.023253180511430618 -0.049406816787844629 -0.040315645876127584 -0.047390288798340452 0.11007336073312049 -0.032731570019950619 -0.039559091565612013 0.047378677689404951 0.01949800840552891 -0.043181574798827962
leaf_weight=0.3539331816136827 54.930993231013417 3.5912748337723306 13.903402387164538 3.0045088008046141 1.7164212767966089 3.3460667096078387 67.773135071620345 7.4694742090068749 5.4022117909044027
leaf_count=12 9362 205 1490 142 115 167 1585 615 359
internal_value=-0.0018232 0.0290421 -0.0320852 -0.00698542 0.061507 0.0383217 0.0427966 -0.0241873 -0.0362595
internal_weight=161.491 80.4666 81.0248 26.0938 4.72093 74.7105 71.1192 21.3729 5.75614
internal_count=14052 2328 11724 2362 257 1957 1752 2105 371
cat_boundaries=0 1
cat_threshold=8
is_linear=0
shrinkage=0.05


Tree=18
num_leaves=11
num_cat=2
split_feature=0 7 36 44 2 0 33 40 4 23
split_gain=65.857 14.4535 15.1351 13.814 13.2058 11.2058 14.0103 8.92254 9.05129 6.12386
threshold=0 27.285416500000004 89.500000000000014 45.900000000000013 9.5000000000000018 1 31.750000000000004 125.2 -0.96689237009891416 99.500000000000014
decision_type=1 2 2 2 2 1 2 2 2 2
left_child=1 7 -3 -4 -2 6 -6 9 -9 -1
right_child=4 2 3 -5 5 -7 -8 8 -10 -11
leaf_value=-0.016452788704278614 -0.049344809838336362 -0.041827614620147467 0.063216400781309148 -0.031942869345574519 -0.040055928023951595 -0.027528220909194136 0.065702176299533899 0.12452012419205592 -0.026828721831279115 0.038536812357571996
leaf_weight=22.470028015319265 52.12731894524768 3.6149140507914117 44.688114488497376 3.5638774186372748 3.6701390128582725 13.257758697029203 9.552653596736489 1.8111002966761591 1.0604231636971224 5.4671900011599055
leaf_count=894 9329 125 976 103 231 1900 249 24 36 167
internal_value=-0.000467104 0.0289004 0.0482234 0.0556821 -0.0310583 -0.00587715 0.0209004 0.00496208 0.0761354 -0.00473171
internal_weight=161.284 82.6756 51.8669 48.252 78.6079 26.4806 13.2228 30.8087 2.87152 27.9372
internal_count=14034 2325 1204 1079 11709 2380 480 1121 60 1061
cat_boundaries=0 1 2
cat_threshold=8 1
is_linear=0
shrinkage=0.05


Tree=19
num_leaves=15
num_cat=3
split_feature=44 39 34 1 1 41 20 1 25 26 23 23 4 33
split_gain=14.4906 13.2945 13.422 34.9921 16.5775 7.14201 6.16454 5.61237 4.95557 2.21237 1.02027 0.585614 0.406019 0.287654
threshold=33.300000000000004 17.350000000000005 26.050000000000004 0 1 111.2 31.750000000000004 2 6.9458335000000009 16.950000000000003 85.500000000000014 84.500000000000014 -0.75015329512557205 31.950000000000003
decision_type=2 2 2 1 1 2 2 1 2 2 2 2 2 2
left_child=5 6 4 -4 -3 10 9 13 -8 -2 11 -1 -12 -7
right_child=1 2 3 -5 -6 7 8 -9 -10 -11 12 -13 -14 -15
leaf_value=-0.016403503300198203 -0.034149753738615382 -0.023425040896408959 0.13405331176351962 -0.045996173940697799 0.014723651960465973 0.10522589455597629 0.090816650320915404 -0.028760475204608529 0.0094366359362958643 0.037873186791535278 -0.02503872671582837 0.031044580527693034 -0.047945836935270512 0.015263020852753701
leaf_weight=0.47046949760988965 2.025121024344116 56.236208797432482 4.9991548634134215 4.1975185121409595 55.730172232259065 0.59414369054138572 6.8366641816683096 1.1666545872576535 2.7880674446932971 0.68773480597883452 6.4392413510941067 0.22856470104306936 17.990158915519707 0.51286043785512447
leaf_count=50 221 4908 184 178 4853 18 253 56 158 43 563 21 2465 37
internal_value=-0.001152 0.00570789 0.000488326 0.055424 -0.00447465 -0.0335971 0.0530875 0.0392594 0.0703497 -0.0106083 -0.0414395 0.00825141 -0.0431299 0.0905722
internal_weight=160.903 133.501 121.163 9.19667 111.966 27.4021 12.3376 2.27366 9.62473 2.71286 25.1284 0.699034 24.4294 1.107
internal_count=14008 10798 10123 362 9761 3210 675 111 411 264 3099 71 3028 55
cat_boundaries=0 1 2 3
cat_threshold=1 1 1
is_linear=0
shrinkage=0.05


Tree=20
num_leaves=7
num_cat=1
split_feature=0 44 4 20 32 23
split_gain=60.2836 13.6625 11.5486 24.5409 9.24505 1.40852
threshold=0 31.150000000000002 -0.49813634056773481 33.150000000000013 26.378273500000002 85.500000000000014
decision_type=1 2 2 2 2 2
left_child=1 5 4 -4 -3 -1
right_child=-2 2 3 -5 -6 -7
leaf_value=0.01845179397256386 -0.041201879653919596 -0.014344600670865917 -0.03955540384544156 0.032630082866492716 0.050785734185828671 -0.044722082396678436
leaf_weight=0.44635073747485776 49.932262984104455 5.7480863709934047 16.375624996609986 35.691445971373469 44.764777838252485 7.2260050401091576
leaf_count=21 9394 278 1275 1553 911 618
internal_value=-0.000709595 0.0197617 0.0264274 0.00960944 0.0432397 -0.039343
internal_weight=160.185 110.252 102.58 52.0671 50.5129 7.67236
internal_count=14050 4656 4017 2828 1189 639
cat_boundaries=0 1
cat_threshold=9
is_linear=0
shrinkage=0.05


Tree=21
num_leaves=9
num_cat=3
split_feature=0 44 44 3 5 43 1 32
split_gain=56.6141 12.9018 12.6664 23.9342 17.1666 7.23377 4.16913 1.37822
threshold=0 33.650000000000006 36.20000000000001 1 0.95936279103287792 31.200000000000006 2 27.211012000000004
decision_type=1 2 2 1 2 2 1 2
left_child=1 5 4 -4 -3 7 -7 -1
right_child=-2 2 3 -5 -6 6 -8 -9
leaf_value=-0.045525268464367934 -0.040918680938955232 0.04035433056598782 0.032147940549861476 -0.035057193970295483 0.16998784216727242 0.08122398763764134 -0.01412274843780951 -0.012749013228295251
leaf_weight=8.2341907438822108 48.140006622299552 21.369391620624814 55.54397665290162 16.404169020242989 2.1355484072118989 1.6085339887067667 1.595103579107672 6.5268059028312555
leaf_count=657 9409 718 1692 1066 48 41 41 467
internal_value=-0.000724148 0.0185039 0.0274054 0.0165547 0.0585885 -0.0179873 0.0416843 -0.0327611
internal_weight=161.558 113.418 95.4531 71.9481 23.5049 17.9646 3.20364 14.761
internal_count=14139 4730 3524 2758 766 1206 82 1124
cat_boundaries=0 1 2 3
cat_threshold=9 2 1
is_linear=0
shrinkage=0.05


Tree=22
num_leaves=7
num_cat=1
split_feature=0 44 4 32 20 23
split_gain=49.5475 10.9502 11.5482 17.8309 17.3676 1.36177
threshold=0 31.150000000000002 0.42179998225932674 28.981547500000005 33.150000000000013 85.500000000000014
decision_type=1 2 2 2 2 2
left_child=1 5 4 -4 -3 -1
right_child=-2 2 3 -5 -6 -7
leaf_value=0.01769400694469472 -0.040559495071599998 0.023906706357990734 -0.041986845525901324 0.027287758924302331 0.10499924604175646 -0.044353819267202214
leaf_weight=0.4626797791570415 46.007865665480494 64.463122057262808 15.017094243783502 21.117228726856411 6.5426298258826128 6.8336285990662873
leaf_count=23 9386 2060 1163 586 199 629
internal_value=-0.0021418 0.0156767 0.0211577 -0.00185752 0.0327332 -0.0387607
internal_weight=160.444 114.436 107.14 36.1343 71.0058 7.29631
internal_count=14046 4660 4008 1749 2259 652
cat_boundaries=0 1
cat_threshold=9
is_linear=0
shrinkage=0.05


Tree=23
num_leaves=9
num_cat=1
split_feature=0 43 5 32 4 31 37 33
split_gain=45.6108 11.3004 22.8211 20.2962 11.968 10.2929 6.29164 5.64626
threshold=0 28.600000000000005 -0.39036009226888668 26.873511500000003 0.42179998225932674 38.70000000000001 54.500000000000007 31.050000000000004
decision_type=1 2 2 2 2 2 2 2
left_child=1 3 6 7 -5 -4 -3 -1
right_child=-2 2 5 4 -6 -7 -8 -9
leaf_value=0.020599488325173269 -0.040224534882989008 0.051758059094134105 0.10533815516853012 0.036412282778259662 -0.0036304827034132343 -0.016431802182464827 -0.044247837085459131 -0.046605139945340129
leaf_weight=3.1882145963609245 44.148199015296996 1.3822519546374703 10.551564294844864 44.677821485325694 31.264933953993022 1.7511157044209529 5.5854094424284995 16.799389294348657
leaf_count=220 9370 45 225 1316 1516 40 334 983
internal_value=-0.00256913 0.0143133 0.0495071 0.00828253 0.0200941 0.0880736 -0.0210965 -0.0354146
internal_weight=159.349 115.201 19.2703 95.9304 75.9428 12.3027 6.96766 19.9876
internal_count=14049 4679 644 4035 2832 265 379 1203
cat_boundaries=0 1
cat_threshold=9
is_linear=0
shrinkage=0.05


Tree=24
num_leaves=6
num_cat=1
split_feature=0 44 35 5 23
split_gain=44.4851 9.74767 9.17485 8.38463 1.32494
threshold=0 31.150000000000002 62.752976000000011 -0.97874870457683605 85.500000000000014
decision_type=1 2 2 2 2
left_child=1 4 -3 -4 -1
right_child=-2 2 3 -5 -6
leaf_value=0.017193327523434675 -0.039931500379076751 -0.042459583065594081 -0.041032716730696146 0.025517522849202723 -0.044027414414295252
leaf_weight=0.47218805784359474 42.621829041745514 4.8181850574910632 4.0895422925241283 100.55022581107914 6.4887176575139165
leaf_count=22 9413 422 331 3298 622
internal_value=-0.00193802 0.0143702 0.0193326 0.0225528 -0.0382365
internal_weight=159.041 116.419 109.458 104.64 6.96091
internal_count=14108 4695 4051 3629 644
cat_boundaries=0 1
cat_threshold=9
is_linear=0
shrinkage=0.05


Tree=25
num_leaves=7
num_cat=1
split_feature=0 44 44 44 44 23
split_gain=42.201 8.95793 8.90883 12.3778 12.1376 1.4059
threshold=0 31.150000000000002 45.900000000000013 52.000000000000007 44.800000000000004 85.500000000000014
decision_type=1 2 2 2 2 2
left_child=1 5 4 -4 -3 -1
right_child=-2 2 3 -5 -6 -7
leaf_value=0.019572431450417954 -0.039550023044560782 0.017764290014083622 -0.04848863560032491 0.062163463575904701 0.080656727724371116 -0.043750357330887946
leaf_weight=0.42400643508881231 40.74391157226637 93.405643820296973 9.049962022341786 2.4414186272770158 7.5097134681418529 6.2418210320174694
leaf_count=21 9365 3383 438 64 145 632
internal_value=-0.00152595 0.0138467 0.0184296 -0.0218854 0.02319 -0.0376947
internal_weight=159.816 119.073 112.407 11.4914 100.915 6.66583
internal_count=14048 4683 4030 502 3528 653
cat_boundaries=0 1
cat_threshold=9
is_linear=0
shrinkage=0.05


Tree=26
num_leaves=7
num_cat=3
split_feature=0 34 1 4 1 19
split_gain=41.6465 10.3714 28.0577 15.1004 15.4205 9.14795
threshold=0 26.050000000000004 1 -0.48314718476766416 2 27.075000000000003
decision_type=1 2 1 2 1 2
left_child=1 3 -3 5 -5 -1
right_child=-2 2 -4 4 -6 -7
leaf_value=0.0098032995522120206 -0.039239680599229138 0.13161259030560885 -0.043856928973638111 -0.036650472913367531 0.017364049120257772 0.049402964777095972
leaf_weight=32.066069016698748 39.312917404342443 4.9564209124073368 3.0496606170199811 24.300352648366243 26.766453492455184 26.749950782861561
leaf_count=1019 9392 61 58 1574 1600 362
internal_value=-0.000745718 0.0144022 0.067325 0.0112728 -0.00854924 0.0283383
internal_weight=157.202 117.889 8.00608 109.883 51.0668 58.816
internal_count=14066 4674 119 4555 3174 1381
cat_boundaries=0 1 2 3
cat_threshold=9 1 1
is_linear=0
shrinkage=0.05


Tree=27
num_leaves=7
num_cat=1
split_feature=0 44 39 39 20 23
split_gain=37.0197 8.16465 11.0337 12.5881 9.36947 1.31878
threshold=0 31.150000000000002 17.250000000000004 20.250000000000004 31.750000000000004 85.500000000000014
decision_type=1 2 2 2 2 2
left_child=1 5 4 -4 -3 -1
right_child=-2 2 3 -5 -6 -7
leaf_value=0.017638282209426887 -0.038848138709293351 -0.02310265156906479 -0.017698787538856491 0.021474522843644976 0.075252156050807914 -0.043561209795508135
leaf_weight=0.46166737284511228 37.609330913517624 2.5201157927513114 27.769707691390067 71.271111644804478 11.265534229576586 6.0606049299240112
leaf_count=20 9348 130 1133 2533 220 632
internal_value=-0.00180862 0.0122954 0.0165558 0.0104237 0.0569257 -0.0374604
internal_weight=156.958 119.349 112.826 99.0408 13.7857 6.52227
internal_count=14016 4668 4016 3666 350 652
cat_boundaries=0 1
cat_threshold=9
is_linear=0
shrinkage=0.05


Tree=28
num_leaves=7
num_cat=2
split_feature=0 34 1 40 8 5
split_gain=33.385 10.3011 21.3973 14.009 7.40659 1.83241
threshold=0 26.400000000000002 1 2.8500000000000001 30.550000000000004 -0.38243420677835344
decision_type=1 2 1 2 2 2
left_child=1 3 -3 5 -5 -1
right_child=-2 2 -4 4 -6 -7
leaf_value=0.027326423934125599 -0.038521276707870873 0.12457898073158979 -0.041749524083328576 -0.012571237943098799 0.020123816835059434 -0.046823971433055139
leaf_weight=0.26442026998847801 36.274384332355112 4.3159593176096669 2.4125693156383932 21.139382036169991 82.233197200810537 11.066308198962357
leaf_count=3 9368 41 36 924 2608 1038
internal_value=-0.00274139 0.0104657 0.0672552 0.00748647 0.0133814 -0.0430178
internal_weight=157.706 121.432 6.72853 114.703 103.373 11.3307
internal_count=14018 4650 77 4573 3532 1041
cat_boundaries=0 1 2
cat_threshold=9 1
is_linear=0
shrinkage=0.05


Tree=29
num_leaves=12
num_cat=2
split_feature=0 2 26 32 33 20 4 44 1 9 10
split_gain=30.8619 11.1553 9.226 7.99585 7.40286 9.25718 9.10338 7.1674 6.15896 5.3139 4.18516
threshold=0 9.5000000000000018 16.450000000000003 26.854762000000004 31.050000000000004 31.450000000000003 -0.92274349529687905 45.900000000000013 1 25.250000000000004 91.562500000000014
decision_type=1 2 2 2 2 2 2 2 1 2 2
left_child=4 -2 10 -4 6 9 8 -7 -1 -6 -3
right_child=1 2 3 -5 5 7 -8 -9 -10 -11 -12
leaf_value=0.014511816835059796 -0.049006152915792404 -0.040088434951602192 -0.010545367345474834 0.070096797556797902 -0.036813999960783154 0.022590677811908613 -0.02685040617991101 -0.032312478524671416 0.16781713767494888 0.057671151704884127 0.054845119891960038
leaf_weight=1.2140893908217554 39.210915545234457 12.278441579546779 6.2273425483144802 4.6697229240089655 11.525443468708541 72.581475933548063 1.107264129910617 5.5968924327753475 1.2603288171812892 0.7864617910236128 0.41062445659190494
leaf_count=23 9359 1550 548 244 405 1627 79 150 23 16 17
internal_value=-0.00417076 -0.0285149 -0.00543931 0.0269995 0.0137609 0.0119249 0.0774544 0.0183016 0.118423 -0.0268996 -0.0332343
internal_weight=156.869 62.797 23.5861 10.8971 94.072 90.4903 3.58168 78.1784 2.47442 12.3119 12.6891
internal_count=14041 11718 2359 792 2323 2198 125 1777 46 421 1567
cat_boundaries=0 1 2
cat_threshold=8 1
is_linear=0
shrinkage=0.05


Tree=30
num_leaves=9
num_cat=1
split_feature=0 4 20 5 31 38 24 35
split_gain=31.5481 10.1456 19.0158 14.2955 8.30104 7.96246 5.40052 2.21009
threshold=0 -0.48314718476766416 33.150000000000013 -0.16799793862756093 30.400000000000002 13.1619045 70.500000000000014 67.279762000000019
decision_type=1 2 2 2 2 2 2 2
left_child=1 4 7 -4 6 -6 -1 -3
right_child=-2 2 3 -5 5 -7 -8 -9
leaf_value=-0.023179987638779303 -0.037769351970003501 0.010176010263764189 0.037524109722533276 -0.021541435435060482 0.039530325348298388 -0.04132749125654931 0.063031538956330124 -0.048265224655124742
leaf_weight=10.879332860466091 33.451941092964262 1.4309827079996491 26.672740699723363 15.443711093161253 47.146814686246216 2.4578950107097617 1.1642538271844376 17.211761795682833
leaf_count=367 9336 114 563 1166 944 43 34 1448
internal_value=-0.00145097 0.0108789 -0.00275397 0.015868 0.0258811 0.0347863 -0.0106525 -0.0434897
internal_weight=155.859 122.407 60.7592 42.1165 61.6483 49.6047 12.0436 18.6427
internal_count=14015 4679 3291 1729 1388 987 401 1562
cat_boundaries=0 1
cat_threshold=9
is_linear=0
shrinkage=0.05


Tree=31
num_leaves=6
num_cat=2
split_feature=0 35 34 1 4
split_gain=31.1193 9.04298 8.22348 23.6768 14.4421
threshold=0 63.630952500000006 26.050000000000004 1 0.42179998225932674
decision_type=1 2 2 1 2
left_child=1 -1 4 -4 -3
right_child=-2 2 3 -5 -6
leaf_value=-0.044164343503827877 -0.037441221605219531 0.021711953569971507 0.11683931628481281 -0.044320581049623685 -0.019725637562815729
leaf_weight=5.8063780339434734 32.325814617797732 82.755775786470622 5.2664636094123107 2.9102357188239694 27.208967703860253
leaf_count=512 9369 2678 48 39 1389
internal_value=-0.000647557 0.011266 0.0152837 0.0609005 0.0113735
internal_weight=156.274 123.948 118.141 8.1767 109.965
internal_count=14035 4666 4154 87 4067
cat_boundaries=0 1 2
cat_threshold=9 1
is_linear=0
shrinkage=0.05


Tree=32
num_leaves=7
num_cat=1
split_feature=0 44 36 32 32 23
split_gain=31.0381 7.32206 7.31157 8.22563 1.63361 1.1968
threshold=0 31.150000000000002 89.500000000000014 29.308928500000004 27.125298000000004 85.500000000000014
decision_type=1 2 2 2 2 2
left_child=1 5 4 -4 -3 -1
right_child=-2 2 3 -5 -6 -7
leaf_value=0.015171847477930636 -0.037097307803572718 0.024988423361324577 0.012613390464982397 0.049658144225884146 -0.044796261146420553 -0.043019787273110198
leaf_weight=0.51472884230315585 31.203349859453738 0.32500699954107304 96.000045252963901 17.073259361553937 4.9534209948033094 5.5907445496413857
leaf_count=24 9390 22 3400 336 260 632
internal_value=0.000390787 0.0120101 0.0158138 0.0185932 -0.0372038 -0.0366691
internal_weight=155.661 124.457 118.352 113.073 5.27843 6.10547
internal_count=14064 4674 4018 3736 282 656
cat_boundaries=0 1
cat_threshold=9
is_linear=0
shrinkage=0.05


Tree=33
num_leaves=9
num_cat=1
split_feature=0 29 8 8 4 35 5 11
split_gain=24.7969 7.26609 7.68572 7.17077 14.6305 7.70016 4.56827 0.924344
threshold=0 2.5000000000000004 37.600000000000009 33.250000000000007 -0.48314718476766416 65.642857000000006 0.96849880583763492 85.500000000000014
decision_type=1 2 2 2 2 2 2 2
left_child=1 2 6 4 -3 -5 -1 -4
right_child=-2 3 7 5 -6 -7 -8 -9
leaf_value=-0.04224728292012532 -0.036721277873829249 0.020049282655667414 0.0043636222017887569 -0.027641134784286814 -0.026594371745204751 0.055596600731474349 0.013237359327713447 0.05523845430940038
leaf_weight=14.791630027582874 30.037477433681488 62.089415641501546 1.4600902250967913 2.7221254752948907 21.969077402260154 15.025158273521809 4.3246713804546735 2.403281485196203
leaf_count=1279 9371 1295 34 95 1412 320 224 24
internal_value=-0.00296991 0.00768984 -0.016595 0.0140275 0.00768941 0.042036 -0.029661 0.040862
internal_weight=154.823 124.785 22.9797 101.806 84.0585 17.7473 19.1163 3.86337
internal_count=14054 4683 1561 3122 2707 415 1503 58
cat_boundaries=0 1
cat_threshold=9
is_linear=0
shrinkage=0.05


Tree=34
num_leaves=9
num_cat=1
split_feature=0 43 5 32 4 41 30 14
split_gain=24.5906 7.58959 18.5095 12.9153 13.8412 8.80127 4.68119 4.5752
threshold=0 29.550000000000004 -0.39036009226888668 26.956547500000003 0.42179998225932674 113.15000000000002 49.000000000000007 21.150000000000002
decision_type=1 2 2 2 2 2 2 2
left_child=1 3 6 7 -5 -4 -3 -1
right_child=-2 2 5 4 -6 -7 -8 -9
leaf_value=-0.034162663106525423 -0.036331723579680918 -0.045036254323845462 0.10062913406825869 0.030322571430404024 -0.011764551421536972 0.019242501881706821 0.043792857386044527 0.02655149356506574
leaf_weight=22.946917263092477 28.895720987115055 5.9597700140439001 7.6139516392722708 47.162119970656931 32.147019784897566 6.3452134788967669 1.0307812197133897 2.8147042670752844
leaf_count=1247 9365 355 146 1220 1483 91 22 135
internal_value=-0.00200235 0.00830009 0.0357019 0.00333395 0.013329 0.0673938 -0.0280967 -0.0267848
internal_weight=154.916 126.02 20.9497 105.071 79.3091 13.9592 6.99055 25.7616
internal_count=14064 4699 614 4085 2703 237 377 1382
cat_boundaries=0 1
cat_threshold=9
is_linear=0
shrinkage=0.05


Tree=35
num_leaves=9
num_cat=1
split_feature=0 30 14 32 4 43 27 36
split_gain=25.8303 7.34888 9.31631 7.1459 10.1253 7.5228 3.05416 2.94134
threshold=0 27.050000000000004 17.150000000000002 26.854762000000004 0.42179998225932674 29.550000000000004 56.95000000000001 98.500000000000014
decision_type=1 2 2 2 2 2 2 2
left_child=1 3 7 5 -5 -1 -4 -3
right_child=-2 2 6 4 -6 -7 -8 -9
leaf_value=-0.032082729225371739 -0.035968970477467242 0.010180343902049485 0.032789094043221924 0.026381485581898304 -0.0079117603034007649 0.030663223307829904 -0.040387089538755055 0.081684716963559681
leaf_weight=18.566550377756361 27.887225582730025 2.0978257902897877 1.3361885305494059 54.177253235597163 34.678558012004942 5.4468216258101156 2.920219985768199 7.6854362236335874
leaf_count=1124 9364 75 48 1414 1618 131 93 167
internal_value=2.4749e-05 0.0101704 0.043836 0.00652775 0.0130585 -0.0171935 -0.0155476 0.068718
internal_weight=154.796 126.909 14.0397 112.869 88.8558 24.0134 4.25641 9.78326
internal_count=14034 4670 383 4287 3032 1255 141 242
cat_boundaries=0 1
cat_threshold=9
is_linear=0
shrinkage=0.05


Tree=36
num_leaves=8
num_cat=2
split_feature=0 44 39 30 44 30 1
split_gain=20.9508 6.18471 9.38643 10.9907 8.41439 8.3239 7.32389
threshold=0 45.900000000000013 20.250000000000004 12.850000000000001 52.750000000000007 27.050000000000004 1
decision_type=1 2 2 2 2 2 1
left_child=1 2 5 -4 -3 -1 -6
right_child=-2 4 3 -5 6 -7 -8
leaf_value=-0.013889352709767372 -0.035568513465249259 -0.048857589997105155 0.036431707896673791 -0.0073627730643495764 -0.032466276422429816 0.042342247174641856 0.098627847790230025
leaf_weight=43.525256795110181 26.830011325422674 8.8580707251094264 44.999552725581452 20.377466661855578 1.2999282018281511 6.7364494369830927 1.2827419699169695
leaf_count=1945 9343 429 1411 647 30 215 30
internal_value=-0.00289931 0.00649211 0.0105248 0.0228761 -0.0266198 -0.00567379 0.0419999
internal_weight=153.909 127.079 115.639 65.377 11.4407 50.2617 2.58267
internal_count=14050 4707 4218 2058 489 2160 60
cat_boundaries=0 1 2
cat_threshold=9 1
is_linear=0
shrinkage=0.05


end of trees

feature_importances:
age_group=44
day_of_year_sin=30
wind_gust_max_7d=24
day_of_year_cos=23
temperature_mean_7d=18
month=17
temperature_min_7d=16
humidity_max_3d=13
gender=12
humidity_min_7d=10
wind_speed_max_7d=10
rain_max_daily_7d=10
temperature_max_3d=9
temperature_max_7d=8
rain_max_daily_3d=7
wind_speed_mean_7d=7
temperature_mean_current=6
humidity_mean_7d=6
precipitation_sum_7d=6
humidity_max_7d=5
temperature_max_current=4
wind_speed_max_current=3
temperature_mean_3d=3
temperature_min_3d=3
humidity_mean_3d=3
wind_speed_max_3d=3
rain_days_3d=3
rain_sum_7d=3
humidity_min_3d=2
wind_speed_mean_3d=2
wind_gust_max_3d=2
season=1
temperature_min_current=1
humidity_mean_current=1
humidity_max_current=1
wind_gust_max_current=1
precipitation_sum_3d=1

parameters:
[boosting: gbdt]
[objective: binary]
[metric: binary_logloss]
[tree_learner: serial]
[device_type: cpu]
[data_sample_strategy: bagging]
[data: ]
[valid: ]
[num_iterations: 37]
[learning_rate: 0.05]
[num_leaves: 15]
[num_threads: 8]
[seed: 42]
[deterministic: 0]
[force_col_wise: 0]
[force_row_wise: 0]
[histogram_pool_size: -1]
[max_depth: 4]
[min_data_in_leaf: 20]
[min_sum_hessian_in_leaf: 0.001]
[bagging_fraction: 0.9]
[pos_bagging_fraction: 1]
[neg_bagging_fraction: 1]
[bagging_freq: 1]
[bagging_seed: 400]
[bagging_by_query: 0]
[feature_fraction: 0.9]
[feature_fraction_bynode: 1]
[feature_fraction_seed: 30056]
[extra_trees: 0]
[extra_seed: 12879]
[early_stopping_round: 0]
[early_stopping_min_delta: 0]
[first_metric_only: 0]
[max_delta_step: 0]
[lambda_l1: 0]
[lambda_l2: 1]
[linear_lambda: 0]
[min_gain_to_split: 0]
[drop_rate: 0.1]
[max_drop: 50]
[skip_drop: 0.5]
[xgboost_dart_mode: 0]
[uniform_drop: 0]
[drop_seed: 17869]
[top_rate: 0.2]
[other_rate: 0.1]
[min_data_per_group: 100]
[max_cat_threshold: 32]
[cat_l2: 10]
[cat_smooth: 10]
[max_cat_to_onehot: 4]
[top_k: 20]
[monotone_constraints: ]
[monotone_constraints_method: basic]
[monotone_penalty: 0]
[feature_contri: ]
[forcedsplits_filename: ]
[refit_decay_rate: 0.9]
[cegb_tradeoff: 1]
[cegb_penalty_split: 0]
[cegb_penalty_feature_lazy: ]
[cegb_penalty_feature_coupled: ]
[path_smooth: 0]
[interaction_constraints: ]
[verbosity: -1]
[saved_feature_importance_type: 0]
[use_quantized_grad: 0]
[num_grad_quant_bins: 4]
[quant_train_renew_leaf: 0]
[stochastic_rounding: 1]
[linear_tree: 0]
[max_bin: 255]
[max_bin_by_feature: ]
[min_data_in_bin: 3]
[bin_construct_sample_cnt: 200000]
[data_random_seed: 175]
[is_enable_sparse: 1]
[enable_bundle: 1]
[use_missing: 1]
[zero_as_missing: 0]
[feature_pre_filter: 1]
[pre_partition: 0]
[two_round: 0]
[header: 0]
[label_column: ]
[weight_column: ]
[group_column: ]
[ignore_column: ]
[categorical_feature: 0,1,3]
[forcedbins_filename: ]
[precise_float_parser: 0]
[parser_config_file: ]
[objective_seed: 16083]
[num_class: 1]
[is_unbalance: 0]
[scale_pos_weight: 1]
[sigmoid: 1]
[boost_from_average: 1]
[reg_sqrt: 0]
[alpha: 0.9]
[fair_c: 1]
[poisson_max_delta_step: 0.7]
[tweedie_variance_power: 1.5]
[lambdarank_truncation_level: 30]
[lambdarank_norm: 1]
[label_gain: ]
[lambdarank_position_bias_regularization: 0]
[eval_at: ]
[multi_error_top_k: 1]
[auc_mu_weights: ]
[num_machines: 1]
[local_listen_port: 12400]
[time_out: 120]
[machine_list_filename: ]
[machines: ]
[gpu_platform_id: -1]
[gpu_device_id: -1]
[gpu_device_id_list: ]
[gpu_use_dp: 0]
[num_gpu: 1]

end of parameters

pandas_categorical:[]
