tree
version=v4
num_class=1
num_tree_per_iteration=1
label_index=0
max_feature_idx=44
objective=binary sigmoid:1
feature_names=age_group gender month season day_of_year_sin day_of_year_cos weather_code_current temperature_mean_current temperature_max_current temperature_min_current humidity_mean_current humidity_max_current humidity_min_current wind_speed_mean_current wind_speed_max_current precipitation_sum_current rain_sum_current wind_gust_max_current rain_day_current temperature_mean_3d temperature_max_3d temperature_min_3d humidity_mean_3d humidity_max_3d humidity_min_3d wind_speed_mean_3d wind_speed_max_3d precipitation_sum_3d rain_sum_3d rain_days_3d rain_max_daily_3d wind_gust_max_3d temperature_mean_7d temperature_max_7d temperature_min_7d humidity_mean_7d humidity_max_7d humidity_min_7d wind_speed_mean_7d wind_speed_max_7d precipitation_sum_7d rain_sum_7d rain_days_7d rain_max_daily_7d wind_gust_max_7d
feature_infos=-1:0:1:2:3:4:5 -1:0:1 [1:12] -1:1:0 [-0.99999942202469239:0.99998555065071859] [-0.99997919295908244:0.9999907524084426] [0:61] [23.658332999999999:32.533332999999999] [25.899999999999999:39.200000000000003] [17.899999999999999:29.300000000000001] [48.958333000000003:91.625] [63:100] [23:86] [2.8541669999999999:19.695833] [6.4000000000000004:30.100000000000001] [0:63.100000000000001] [0:63.100000000000001] [14:56.899999999999999] [0:1] [23.766667000000002:32.427778000000004] [27.699999999999999:39.200000000000003] [17.899999999999999:28.100000000000001] [52.569443999999997:90.694444000000004] [73:100] [23:79] [4.125:17.329167000000002] [9.6999999999999993:30.100000000000001] [0:93.900000000000006] [0:93.900000000000006] [0:3] [0:63.100000000000001] [17.300000000000001:56.899999999999999] [24.365476000000001:32.235118999999997] [28.699999999999999:39.200000000000003] [17.899999999999999:27.5] [55.767856999999999:89.523809999999997] [77:100] [23:72] [4.5327380000000002:15.469643] [11.6:30.100000000000001] [0:163.90000000000001] [0:163.90000000000001] [0:7] [0:63.100000000000001] [23:56.899999999999999]
tree_sizes=1701 1744 1751 1749 1753 1755 1756 1652 1652 1745 1754 1637 1733

Tree=0
num_leaves=15
num_cat=1
split_feature=0 5 44 44 34 36 4 5 44 4 43 4 10 40
split_gain=362.451 195.705 105.149 86.7412 68.8346 45.042 30.7743 41.7504 28.6978 28.1371 27.6426 13.0547 21.8144 9.81129
threshold=0 -0.55656394595157355 38.70000000000001 45.900000000000013 22.450000000000003 99.500000000000014 -0.94705910369513513 0.08054732823231521 40.850000000000009 0.86548282553247169 18.450000000000003 0.74443451080969758 83.854166500000005 130.55000000000004
decision_type=1 2 2 2 2 2 2 2 2 2 2 2 2 2
left_child=1 2 10 -4 9 -6 7 13 -9 -3 -1 -8 -13 -2
right_child=6 4 3 -5 5 -7 11 8 -10 -11 -12 12 -14 -15
leaf_value=-3.0598002153258612 -3.112379255602435 -3.0182253225014648 -2.8734383162436523 -3.0138341073421038 -3.0858053019458209 -3.0195946797217337 -3.1146347740630316 -2.9236651022660745 -3.1014792492173315 -2.8988948274124571 -2.984765434857704 -3.0978847502846643 -3.0072176562787747 -3.0089932179089227
leaf_weight=24.09835459664464 14.88553230836988 48.793836563825607 34.718691401183605 17.188737880438566 111.23629873991013 32.330181919038296 193.72517978399992 6.8243128061294538 2.6870731674134731 4.777018964290618 24.226310461759567 72.209759879857302 6.3977932557463637 1.8340340666472901
leaf_count=565 349 1144 814 403 2608 758 4542 160 63 112 568 1693 150 43
internal_value=-3.06315 -3.02479 -2.96698 -2.91811 -3.05257 -3.0707 -3.10138 -3.05132 -2.97275 -3.00477 -3.02135 -3.10762 -3.08989 -3.09861
internal_weight=595.933 297.369 100.232 51.9074 197.137 143.566 298.564 26.231 9.51139 53.5709 48.3247 272.333 78.6076 16.7196
internal_count=13972 6972 2350 1217 4622 3366 7000 615 223 1256 1133 6385 1843 392
cat_boundaries=0 1
cat_threshold=7
is_linear=0
shrinkage=1


Tree=1
num_leaves=15
num_cat=1
split_feature=0 5 39 23 2 33 21 44 4 5 44 4 10 4
split_gain=334.25 122.85 104.535 67.4871 64.7218 77.3261 53.1587 48.2037 25.7817 30.6078 23.3726 12.0857 18.3584 2.26912
threshold=0 -0.55656394595157355 20.350000000000005 97.500000000000014 10.500000000000002 31.850000000000005 23.050000000000004 45.20000000000001 -0.92923668111203817 0.029024409397335454 38.350000000000009 0.74443451080969758 83.854166500000005 -0.99985146406598202
decision_type=1 2 2 2 2 2 2 2 2 2 2 2 2 2
left_child=1 2 7 -4 6 -6 -3 -1 9 13 -11 -10 -13 -2
right_child=8 4 3 -5 5 -7 -8 -9 11 10 -12 12 -14 -15
leaf_value=0.0059954627774401019 0.01089013606813961 0.044204435332097031 0.16040030410506412 0.054353446683966057 -0.0034894025872391149 0.13387211490167178 -0.020237111579641552 0.21258217285010639 -0.051933575674049909 0.098376928519018442 -0.027652725621565968 -0.035167517435759875 0.047751914721702975 -0.0488304260227298
leaf_weight=43.523204863071442 1.4108354002237309 43.517193399369717 38.437704145908356 26.588763576000929 19.491443730890751 20.483798786997795 112.85193204134703 2.0248788595199576 181.48445511981845 9.2872415892779809 5.1633553281426421 69.349755942821503 6.5079444833099833 14.318413950502874
leaf_count=977 34 982 805 555 445 464 2669 40 4459 203 120 1678 145 349
internal_value=-0.000451759 0.0352409 0.0782915 0.118519 0.0125081 0.0684457 -0.00213623 0.0195491 -0.0384318 0.00384361 0.05447 -0.044873 -0.027525 -0.043143
internal_weight=594.441 306.919 110.575 65.0265 196.344 39.9752 156.369 45.5481 287.522 30.1798 14.4506 257.342 75.8577 15.7292
internal_count=13925 6937 2377 1360 4560 909 3651 1017 6988 706 323 6282 1823 383
cat_boundaries=0 1
cat_threshold=7
is_linear=0
shrinkage=0.05


Tree=2
num_leaves=15
num_cat=1
split_feature=0 5 39 39 38 2 5 21 2 5 44 33 33 43
split_gain=292.354 115.79 67.0415 60.7071 53.4994 43.2159 50.6851 36.886 11.3227 64.3517 26.4195 5.61595 7.99472 0.527283
threshold=0 -0.54219087765047058 20.350000000000005 24.650000000000002 6.9169645000000015 10.500000000000002 0.78724360164103002 23.050000000000004 9.5000000000000018 0.36447543099728857 40.850000000000009 35.250000000000007 35.750000000000007 43.800000000000004
decision_type=1 2 2 2 2 2 2 2 2 2 2 2 2 2
left_child=1 2 4 -4 -1 7 -7 -3 11 10 -10 13 -13 -2
right_child=8 5 3 -5 -6 6 -8 -9 9 -11 -12 12 -14 -15
leaf_value=0.08155107472422149 -0.048398997422736983 0.03493660279238843 0.13104882583751684 0.030752349655548735 -0.023003210965241567 0.1183870361121441 0.009094465679586097 -0.018069790579075162 0.095404338963819085 -0.050895315901048066 -0.041844737206466739 0.0058213307357040502 -0.038599743953020453 -0.020722533418431666
leaf_weight=21.380691677331924 160.41000358387828 45.321239445358515 50.901602610945702 22.326809760183096 26.255893658846617 16.851494498550892 26.597674392163754 111.63661032542586 12.855295743793251 41.98994491994381 4.0476413033902636 12.815691966563461 43.359662298113108 3.8367328047752371
leaf_count=459 4098 983 958 424 592 359 569 2689 262 1082 101 313 1086 96
internal_value=7.15554e-05 0.0320959 0.0715316 0.101295 0.0246357 0.00966877 0.0531927 -0.00264003 -0.0365861 -0.0179879 0.0620366 -0.0431039 -0.0285411 -0.0478818
internal_weight=600.587 321.272 120.865 73.2284 47.6366 200.407 43.4492 156.958 279.315 58.8929 16.9029 220.422 56.1754 164.247
internal_count=14071 7033 2433 1382 1051 4600 928 3672 7038 1445 363 5593 1399 4194
cat_boundaries=0 1
cat_threshold=7
is_linear=0
shrinkage=0.05


Tree=3
num_leaves=15
num_cat=1
split_feature=0 43 4 4 34 4 33 2 27 34 4 22 2 4
split_gain=268.038 68.7399 91.2876 56.5666 30.8847 28.7409 26.676 20.1403 15.8485 12.9077 11.8703 15.6181 9.15105 1.8787
threshold=0 8.5500000000000025 -0.85227431625818906 -0.67803021058859214 22.050000000000004 -0.95244167294248061 32.45000000000001 2.5000000000000004 12.350000000000003 23.750000000000004 0.74443451080969758 84.298611500000007 9.5000000000000018 -0.9354548908432756
decision_type=1 2 2 2 2 2 2 2 2 2 2 2 2 2
left_child=1 4 12 -4 7 6 9 -1 -6 -2 13 -12 -3 -7
right_child=5 2 3 -5 8 10 -8 -9 -10 -11 11 -13 -14 -15
leaf_value=0.0050163659121637361 0.024728641886490516 -0.040655517015786714 0.1314604666733877 0.050775996169502249 -0.022540810957731833 -0.013963942951904319 0.14473652563542844 0.073335661982677741 0.084293226594153947 -0.047450931887475969 -0.031831110180442074 0.061964029409188028 0.0050052759753141923 -0.051705434048875822
leaf_weight=25.942783150821924 13.255380060523754 20.79800222069025 25.582488425076008 139.31696286797523 77.970048598945141 4.2615280337631694 2.299335151910781 17.663038015365601 2.661822620779275 9.9805568531155568 68.083998180925846 3.829936120659112 21.703812401741743 168.09361805021763
leaf_count=551 292 510 489 2730 1849 99 40 362 49 251 1743 88 507 4520
internal_value=-0.000876609 0.0288325 0.0472488 0.0640103 0.00025902 -0.0370623 0.0116454 0.0337136 -0.0180246 -0.00695337 -0.0436919 -0.0260545 -0.0177595 -0.0508582
internal_weight=601.443 331.639 207.401 164.899 124.238 269.804 25.5353 43.6058 80.6319 23.2359 244.269 71.9139 42.5018 172.355
internal_count=14080 7047 4236 3219 2811 7033 583 913 1898 543 6450 1831 1017 4619
cat_boundaries=0 1
cat_threshold=7
is_linear=0
shrinkage=0.05


Tree=4
num_leaves=15
num_cat=1
split_feature=0 5 34 43 34 43 4 5 2 44 4 4 44 4
split_gain=237.844 73.1439 65.7745 70.7591 46.5435 42.9807 34.7738 33.1321 26.6817 22.0634 14.468 12.3502 9.86267 1.30654
threshold=0 -0.52765736634565841 23.950000000000003 18.650000000000002 22.850000000000005 9.3500000000000032 -0.94139628442229051 -0.022575793296316444 9.5000000000000018 40.850000000000009 0.74443451080969758 0.88220160189607266 40.850000000000009 -0.92923668111203817
decision_type=1 2 2 2 2 2 2 2 2 2 2 2 2 2
left_child=1 2 12 -4 5 -3 7 -2 -6 -9 13 -12 -1 -8
right_child=6 4 3 -5 8 -7 10 9 -10 -11 11 -13 -14 -15
leaf_value=-0.021059039087465502 -0.047833208535845245 0.016077985640834108 0.037394806332213364 0.12155164826640551 -0.02803691092756283 0.09695286859900569 -0.011539140243040138 0.087143499444608252 0.021072989092303415 -0.041055040506869797 0.0067782805853305334 -0.037582432710978594 0.037899185085845069 -0.051583157164145903
leaf_weight=24.218297615647316 11.482207518070938 63.782391771674156 55.876864828169346 46.189227774739265 77.813398018479347 21.387933734804392 2.7331817410886279 13.276354607194664 41.726108144968748 3.728831496089696 22.81418863683939 47.403344165533781 8.880625341087578 158.54427728801966
leaf_count=473 311 1345 1021 802 1952 429 65 241 877 98 594 1237 144 4477
internal_value=0.000218627 0.027386 0.0565947 0.0762892 0.00925006 0.0372767 -0.0349753 0.0153586 -0.0108621 0.0583137 -0.0427131 -0.0232765 -0.00459268 -0.0509798
internal_weight=599.857 339.875 135.165 102.066 204.71 85.1703 259.982 28.4874 119.54 17.0052 231.495 70.2175 33.0989 161.277
internal_count=14066 7043 2440 1823 4603 1774 7023 650 2829 339 6373 1831 617 4542
cat_boundaries=0 1
cat_threshold=7
is_linear=0
shrinkage=0.05


Tree=5
num_leaves=15
num_cat=1
split_feature=0 5 39 43 34 36 4 5 33 35 25 4 10 26
split_gain=218.042 61.8571 40.9808 45.2878 35.2331 28.3538 25.9013 25.5464 22.3494 19.9998 16.0667 14.3762 13.2695 4.25995
threshold=0 -0.55656394595157355 18.450000000000003 18.450000000000003 22.450000000000003 99.500000000000014 -0.92923668111203817 0.046214085385334856 33.150000000000013 87.645833500000023 8.593055500000002 0.74443451080969758 84.437500000000014 23.150000000000002
decision_type=1 2 2 2 2 2 2 2 2 2 2 2 2 2
left_child=1 2 8 -4 10 -6 7 13 -1 -9 -3 -8 -13 -2
right_child=6 4 3 -5 5 -7 11 9 -10 -11 -12 12 -14 -15
leaf_value=-0.049097588982473225 -0.048476756648671238 0.022783533520604311 0.033040856245359726 0.096714397425664539 -0.019187900302899449 0.030380270631243756 -0.051469186169384111 0.091753805437651992 0.039823504422793761 -0.015342784121539896 0.07923988257133327 -0.03008743135443976 0.044252970892211946 0.025686405298609768
leaf_weight=13.241986595094206 13.777701843529941 47.957203447818756 59.802045077085495 54.165972471237183 105.04605143144727 38.657047837972641 149.91293926164508 9.3466420434415358 13.037871416658161 7.1012677550315848 16.808008525520563 62.977425258606672 5.7426009513437739 1.593360848724841
leaf_count=265 378 946 1043 840 2608 765 4441 153 249 155 329 1704 126 39
internal_value=-0.000529879 0.0247434 0.0510031 0.0638812 0.00809914 -0.00573595 -0.0352593 0.00534102 -0.00513969 0.0472863 0.0384173 -0.0427709 -0.0233295 -0.0396896
internal_weight=599.168 348.716 140.248 113.968 208.468 143.703 250.452 31.819 26.2799 16.4479 64.7652 218.633 68.72 15.3711
internal_count=14041 7045 2397 1883 4648 3373 6996 725 514 308 1275 6271 1830 417
cat_boundaries=0 1
cat_threshold=7
is_linear=0
shrinkage=0.05


Tree=6
num_leaves=15
num_cat=1
split_feature=43 43 1 32 34 4 5 4 32 4 5 40 40 43
split_gain=52.9098 37.2127 47.524 50.3897 25.4728 40.1247 33.169 21.592 15.2691 10.6636 10.6403 5.5149 16.2503 4.097
threshold=9.6000000000000032 13.250000000000002 0 28.335714500000005 23.950000000000003 -0.11692013674435768 -0.031174269516803247 -0.63921128368950708 26.939583500000001 0.92602006027323125 0.99138911339924218 26.450000000000003 31.300000000000001 3.6500000000000008
decision_type=2 2 1 2 2 2 2 2 2 2 2 2 2 2
left_child=8 2 3 -2 6 -6 -3 -4 9 10 -1 13 -13 -10
right_child=1 4 7 -5 5 -7 -8 -9 11 -11 -12 12 -14 -15
leaf_value=-0.011138483539288861 0.046554622551550323 -0.030243889961314208 0.061553777223160348 0.19182900040967166 0.050305417314161299 -0.0018578406612497914 0.014676323012898111 -0.028006216705576476 -0.022598303214458975 0.096730243763527596 0.051593811336140744 0.10524341011718358 -0.035366388950798522 -0.040166907400584956
leaf_weight=37.834164749830961 20.654787961393598 87.078709166496992 9.056215703487398 8.0024044290184957 60.438102409243584 92.004509788006544 76.189832843840122 19.348635897040367 124.33016598597169 2.0263619609177104 7.1840090937912455 2.1762013956904402 4.90762048214674 48.852921184152365
leaf_count=913 449 2142 186 176 1279 1977 1677 436 3251 42 165 44 109 1237
internal_value=-0.000425644 0.0111593 0.0479515 0.0922222 0.00437908 0.0190161 -0.00931998 0.00167012 -0.0193898 0.00587853 -0.000224031 -0.0259802 0.0155054 -0.0277564
internal_weight=600.085 372.773 57.062 28.6572 315.711 152.443 163.269 28.4049 227.311 47.0445 45.0182 180.267 7.08382 173.183
internal_count=14083 8322 1247 625 7075 3256 3819 622 5761 1120 1078 4641 153 4488
cat_boundaries=0 1
cat_threshold=1
is_linear=0
shrinkage=0.05


Tree=7
num_leaves=14
num_cat=1
split_feature=0 5 34 34 34 4 4 33 4 4 10 34 5
split_gain=201.871 51.9786 35.9266 31.5987 28.8541 26.5855 26.3024 22.9495 15.5223 14.1537 16.1828 13.1693 11.7133
threshold=0 -0.58481178939031186 24.050000000000004 24.250000000000004 22.450000000000003 -0.9354548908432756 -0.59869031648930193 32.45000000000001 0.86548282553247169 0.74443451080969758 83.854166500000005 23.450000000000003 -0.022575793296316444
decision_type=1 2 2 2 2 2 2 2 2 2 2 2 2
left_child=1 2 11 -4 8 7 -6 12 -3 -7 -11 -1 -2
right_child=5 4 3 -5 6 9 -8 -9 -10 10 -12 -13 -14
leaf_value=0.071541773398682396 -0.047245592119168754 0.026323079331304119 0.11869092080869346 0.048083249501185477 0.019940192098432816 -0.051382984031839551 -0.022766130972073272 0.12563398917889404 0.10673819763841659 -0.031346235957203268 0.04658032661126401 -0.0018845705195532692 0.017808824905796973
leaf_weight=6.2338610850274554 10.414505943655973 59.607149187475443 20.131904285401106 77.527504473924637 61.662799023091793 146.78003351762891 83.970806498080492 2.6316656395792952 5.8918269239366046 59.893791422247887 6.5895833335816851 38.884419862180948 16.664901975542307
leaf_count=110 314 1153 285 1226 1337 4544 2099 34 101 1698 142 683 320
internal_value=-0.000910974 0.0229438 0.0467832 0.0636941 0.00775949 -0.0351101 -0.00467115 0.00754017 0.035053 -0.0426981 -0.0230467 0.00959182 -0.00800209
internal_weight=596.885 353.91 142.778 97.6594 211.133 242.974 145.634 29.7111 65.499 213.263 66.4834 45.1183 27.0794
internal_count=14046 6994 2304 1511 4690 7052 3436 668 1254 6384 1840 793 634
cat_boundaries=0 1
cat_threshold=7
is_linear=0
shrinkage=0.05


Tree=8
num_leaves=14
num_cat=1
split_feature=0 5 34 4 34 4 2 5 4 44 4 34 10
split_gain=189.239 41.8462 41.9101 44.6313 28.032 27.6529 23.1094 21.1979 13.8418 13.3058 13.257 13.0486 11.9593
threshold=0 -0.52765736634565841 23.950000000000003 -0.70291267844185523 22.450000000000003 -0.92923668111203817 9.5000000000000018 -0.022575793296316444 0.86548282553247169 40.850000000000009 0.74443451080969758 23.450000000000003 83.854166500000005
decision_type=1 2 2 2 2 2 2 2 2 2 2 2 2
left_child=1 2 11 -4 8 7 -6 -2 -3 -9 -7 -1 -12
right_child=5 4 3 -5 6 10 -8 9 -10 -11 12 -13 -14
leaf_value=0.045423035735010719 -0.047202997709062389 0.025336799735907189 0.16672383548431569 0.047012188685175524 -0.020264134110585388 -0.051269277227155963 0.021969816610099821 0.055319180159321996 0.096262123817721534 -0.040977393335660757 -0.030858832238484509 -0.023668824795855102 0.034685333771786751
leaf_weight=8.1342462375760061 10.490124549716713 60.950118094682693 7.5915125012397757 115.31419763714075 88.637517563998699 137.74937929026783 49.749469459056854 16.899688642472032 7.025417696684598 3.7079560644924632 58.645623400807381 26.268068008124828 7.0403901785612097
leaf_count=138 330 1152 94 1750 2328 4482 974 267 110 99 1711 491 145
internal_value=-0.000182901 0.0221816 0.0421337 0.0556923 0.00791219 -0.0342943 -0.00503254 0.00794161 0.0339564 0.0368979 -0.0424354 -0.00651082 -0.0234189
internal_weight=598.204 363.671 157.308 122.906 206.363 234.533 138.387 31.0978 67.9755 20.6076 203.435 34.4023 65.686
internal_count=14071 7037 2473 1844 4564 7034 3302 696 1262 366 6338 629 1856
cat_boundaries=0 1
cat_threshold=7
is_linear=0
shrinkage=0.05


Tree=9
num_leaves=15
num_cat=2
split_feature=0 4 34 39 27 4 37 0 4 10 5 43 2 19
split_gain=174.142 36.7898 53.1451 47.4568 35.7709 22.5705 20.0195 18.9638 14.6249 13.4885 12.1497 9.16541 7.33454 1.10137
threshold=0 0.73283908552571664 24.050000000000004 24.650000000000002 28.050000000000004 -0.92923668111203817 61.500000000000007 1 0.74443451080969758 83.854166500000005 0.53312596302726967 31.200000000000006 9.5000000000000018 26.361805500000006
decision_type=1 2 2 2 2 2 2 1 2 2 2 2 2 2
left_child=1 2 4 -4 -1 6 12 10 -7 -10 -3 -8 -2 -9
right_child=5 7 3 -5 -6 8 11 13 9 -11 -12 -13 -14 -15
leaf_value=0.028213565057683933 -0.028381933466914429 0.021567802303089259 0.075744595862669073 0.00075178654081130487 -0.018290349294045147 -0.051169666790855717 -0.040404624275942214 0.0041437896312506517 -0.029724300075043727 0.039501776242867485 -0.045885421163092771 0.023669620714506637 0.085214150197640573 -0.05048907955833988
leaf_weight=123.37164898216724 1.2209445815533415 44.310195669531822 81.877064440399408 28.326553337275982 61.117329556494951 131.16010662727058 16.062667533755306 0.80470660328865307 55.727153431624174 7.1554005183279505 6.8706663921475402 7.5000466331839553 6.8972049988806248 25.73890271410346
leaf_count=2396 40 1076 1122 437 1238 4477 431 16 1673 143 153 152 91 618
internal_value=-9.84817e-05 0.0207239 0.029329 0.0566487 0.0127922 -0.0338154 0.00372393 -0.00922778 -0.0416658 -0.021352 0.00990807 -0.0198764 0.0668906 -0.0357596
internal_weight=598.141 372.417 294.693 110.204 184.489 225.724 31.6809 77.7245 194.043 62.8826 51.1809 23.5627 8.11815 26.5436
internal_count=14063 7056 5193 1559 3634 7007 714 1863 6293 1816 1229 583 131 634
cat_boundaries=0 1 2
cat_threshold=7 3
is_linear=0
shrinkage=0.05


Tree=10
num_leaves=15
num_cat=1
split_feature=0 43 4 40 4 5 32 33 4 4 44 32 21 4
split_gain=159.091 43.9594 47.3004 30.8657 24.2998 20.2637 17.8222 15.1066 13.825 12.0422 11.6119 11.1266 9.64426 1.76511
threshold=0 9.6000000000000032 -0.86976336936302323 41.45000000000001 -0.94705910369513513 0.011826144619637501 26.930357000000004 32.150000000000013 0.74443451080969758 0.88220160189607266 40.850000000000009 29.217262000000002 23.250000000000004 -0.92923668111203817
decision_type=1 2 2 2 2 2 2 2 2 2 2 2 2 2
left_child=1 6 12 -4 5 -2 7 -1 13 -10 -7 -8 -3 -6
right_child=4 2 3 -5 8 10 11 -9 9 -11 -12 -13 -14 -15
leaf_value=-0.010211490337816499 -0.046830950637552882 0.044538214740946658 0.07957198480230443 0.031978306494419843 -0.01423098828284303 0.056749002006938491 -0.021919247917607736 0.059539274155162247 0.0099558527772243884 -0.036200946768698339 -0.039386024100803226 0.017151815344743759 -0.025976760632985426 -0.051070970831864529
leaf_weight=13.092406854033472 9.6401436291635054 4.6728020235896102 43.228613819926977 163.36761277914047 4.2907935716211787 15.224453806877138 78.881702926009893 17.198551762849092 20.829505369067192 40.697909554466605 3.1403471939265719 22.79326706379652 35.214080031961203 124.3788055498153
leaf_count=247 314 91 683 2522 104 211 1765 303 591 1222 88 587 860 4456
internal_value=0.00028937 0.0197311 0.032679 0.0422722 -0.0327716 0.00894198 -0.00303254 0.0300286 -0.0406423 -0.0206657 0.0391251 -0.0130786 -0.0168286 -0.0499617
internal_weight=596.651 378.449 246.483 206.596 218.202 28.0049 131.966 30.291 190.197 61.5274 18.3648 101.675 39.8869 128.67
internal_count=14044 7058 4156 3205 6986 613 2902 550 6373 1813 299 2352 951 4560
cat_boundaries=0 1
cat_threshold=7
is_linear=0
shrinkage=0.05


Tree=11
num_leaves=14
num_cat=2
split_feature=0 43 20 39 4 4 5 0 4 40 34 32 20
split_gain=150.437 31.1429 39.0375 44.6336 25.3991 23.1281 16.8827 14.7007 13.9319 14.7106 13.8072 17.0162 11.9055
threshold=0 9.6000000000000032 31.650000000000002 24.650000000000002 -0.92923668111203817 -0.40614700388750385 -0.022575793296316444 1 0.74443451080969758 66.450000000000017 21.700000000000006 29.443452500000003 34.650000000000013
decision_type=1 2 2 2 2 2 2 1 2 2 2 2 2
left_child=1 10 5 -4 6 -3 -2 -8 -6 -10 12 -12 -1
right_child=4 2 3 -5 8 -7 7 -9 9 -11 11 -13 -14
leaf_value=0.012743345898615406 -0.04667818114933181 -0.011099279403113699 0.055590055209312143 -0.042320915245259293 -0.050980097685560936 0.035287325253927609 0.041932754280191581 -0.022476379754856987 -0.02934152459548536 0.048121035649488476 -0.022398892056994368 0.030564007934888223 0.092436296049456482
leaf_weight=35.453890163451433 9.6583397425711137 66.629284162074327 130.28128072246909 12.0488303899765 119.14858740754426 43.657988052815199 16.033967312425375 7.8298308774828937 54.818097850307822 5.9769462496042243 70.654418554157019 18.309318743646145 4.4922678954899302
leaf_count=639 340 1287 2060 178 4479 624 266 130 1691 135 1682 454 69
internal_value=0.000526807 0.0191792 0.0298517 0.047064 -0.0321402 0.00741527 0.0061662 0.0285709 -0.0410472 -0.0210705 -0.000327766 -0.0112802 0.0237441
internal_weight=594.993 381.527 252.617 142.33 213.466 110.287 33.5221 23.8638 179.944 60.795 128.91 88.9637 39.9462
internal_count=14034 6993 4149 2238 7041 1911 736 396 6305 1826 2844 2136 708
cat_boundaries=0 1 2
cat_threshold=7 40
is_linear=0
shrinkage=0.05


Tree=12
num_leaves=15
num_cat=2
split_feature=0 39 39 34 27 37 4 43 0 33 21 4 40 4
split_gain=140.599 30.6595 42.2891 52.3745 39.0351 25.9961 21.4492 16.3619 13.461 46.0259 16.992 12.9025 8.74479 3.21724
threshold=0 20.350000000000005 24.650000000000002 24.050000000000004 42.000000000000007 62.500000000000007 -0.94705910369513513 9.3500000000000032 1 31.750000000000004 23.350000000000005 0.74443451080969758 55.750000000000007 0.63920241694561786
decision_type=1 2 2 2 2 2 2 2 1 2 2 2 2 2
left_child=1 5 3 -3 -4 7 8 -1 9 -2 -10 -8 -13 -7
right_child=6 2 4 -5 -6 13 11 -9 10 -11 -12 12 -14 -15
leaf_value=-0.010631575340927384 -0.043129960217452475 0.015607565160300591 -0.029212780918774408 0.07253913591122961 0.073134340720618349 -0.042595853848444581 -0.050094460970341585 0.024253950373012013 0.063405493280838679 0.16548612788630726 -0.049793803114588135 -0.02904239522352775 0.022554899213706806 0.0180991497304577
leaf_weight=52.47552228718996 4.3024870846420527 84.00465014949441 43.003502625972033 78.098598625510931 10.82737600430846 28.92842393741012 117.09491523168981 90.261457484215498 3.2752848193049457 4.7172035221010447 14.911472804844378 49.84790912270546 9.0234941169619542 1.8167502619326104
leaf_count=1100 100 1630 869 1083 172 621 4562 1525 43 95 359 1593 211 26
internal_value=0.000159532 0.0176443 0.0306267 0.0433128 -0.00766862 0.00241329 -0.0325455 0.011444 0.00695606 0.0358358 -0.017858 -0.0404968 -0.0208892 -0.0385522
internal_weight=592.589 389.416 215.934 162.103 53.8309 173.482 203.173 142.737 27.2064 9.01969 18.1868 175.966 58.8714 30.7452
internal_count=13989 7026 3754 2713 1041 3272 6963 2625 597 195 402 6366 1804 647
cat_boundaries=0 1 2
cat_threshold=7 32
is_linear=0
shrinkage=0.05


end of trees

feature_importances:
day_of_year_sin=42
day_of_year_cos=20
temperature_min_7d=17
age_group=15
rain_max_daily_7d=13
wind_gust_max_7d=10
month=8
temperature_max_7d=8
wind_speed_max_7d=8
humidity_mean_current=6
precipitation_sum_7d=6
temperature_mean_7d=5
temperature_min_3d=4
precipitation_sum_3d=3
temperature_max_3d=2
humidity_max_7d=2
humidity_min_7d=2
gender=1
temperature_mean_3d=1
humidity_mean_3d=1
humidity_max_3d=1
wind_speed_mean_3d=1
wind_speed_max_3d=1
humidity_mean_7d=1
wind_speed_mean_7d=1

parameters:
[boosting: gbdt]
[objective: binary]
[metric: binary_logloss]
[tree_learner: serial]
[device_type: cpu]
[data_sample_strategy: bagging]
[data: ]
[valid: ]
[num_iterations: 13]
[learning_rate: 0.05]
[num_leaves: 15]
[num_threads: 8]
[seed: 42]
[deterministic: 0]
[force_col_wise: 0]
[force_row_wise: 0]
[histogram_pool_size: -1]
[max_depth: 4]
[min_data_in_leaf: 20]
[min_sum_hessian_in_leaf: 0.001]
[bagging_fraction: 0.9]
[pos_bagging_fraction: 1]
[neg_bagging_fraction: 1]
[bagging_freq: 1]
[bagging_seed: 400]
[bagging_by_query: 0]
[feature_fraction: 0.9]
[feature_fraction_bynode: 1]
[feature_fraction_seed: 30056]
[extra_trees: 0]
[extra_seed: 12879]
[early_stopping_round: 0]
[early_stopping_min_delta: 0]
[first_metric_only: 0]
[max_delta_step: 0]
[lambda_l1: 0]
[lambda_l2: 1]
[linear_lambda: 0]
[min_gain_to_split: 0]
[drop_rate: 0.1]
[max_drop: 50]
[skip_drop: 0.5]
[xgboost_dart_mode: 0]
[uniform_drop: 0]
[drop_seed: 17869]
[top_rate: 0.2]
[other_rate: 0.1]
[min_data_per_group: 100]
[max_cat_threshold: 32]
[cat_l2: 10]
[cat_smooth: 10]
[max_cat_to_onehot: 4]
[top_k: 20]
[monotone_constraints: ]
[monotone_constraints_method: basic]
[monotone_penalty: 0]
[feature_contri: ]
[forcedsplits_filename: ]
[refit_decay_rate: 0.9]
[cegb_tradeoff: 1]
[cegb_penalty_split: 0]
[cegb_penalty_feature_lazy: ]
[cegb_penalty_feature_coupled: ]
[path_smooth: 0]
[interaction_constraints: ]
[verbosity: -1]
[saved_feature_importance_type: 0]
[use_quantized_grad: 0]
[num_grad_quant_bins: 4]
[quant_train_renew_leaf: 0]
[stochastic_rounding: 1]
[linear_tree: 0]
[max_bin: 255]
[max_bin_by_feature: ]
[min_data_in_bin: 3]
[bin_construct_sample_cnt: 200000]
[data_random_seed: 175]
[is_enable_sparse: 1]
[enable_bundle: 1]
[use_missing: 1]
[zero_as_missing: 0]
[feature_pre_filter: 1]
[pre_partition: 0]
[two_round: 0]
[header: 0]
[label_column: ]
[weight_column: ]
[group_column: ]
[ignore_column: ]
[categorical_feature: 0,1,3]
[forcedbins_filename: ]
[precise_float_parser: 0]
[parser_config_file: ]
[objective_seed: 16083]
[num_class: 1]
[is_unbalance: 0]
[scale_pos_weight: 1]
[sigmoid: 1]
[boost_from_average: 1]
[reg_sqrt: 0]
[alpha: 0.9]
[fair_c: 1]
[poisson_max_delta_step: 0.7]
[tweedie_variance_power: 1.5]
[lambdarank_truncation_level: 30]
[lambdarank_norm: 1]
[label_gain: ]
[lambdarank_position_bias_regularization: 0]
[eval_at: ]
[multi_error_top_k: 1]
[auc_mu_weights: ]
[num_machines: 1]
[local_listen_port: 12400]
[time_out: 120]
[machine_list_filename: ]
[machines: ]
[gpu_platform_id: -1]
[gpu_device_id: -1]
[gpu_device_id_list: ]
[gpu_use_dp: 0]
[num_gpu: 1]

end of parameters

pandas_categorical:[]
